client,round,loss,accuracy
l_curve_2,1,0.5495333671569824,0.7678571343421936
l_curve_2,2,0.5437256693840027,0.7678571343421936
l_curve_2,3,0.5383549928665161,0.7678571343421936
l_curve_2,4,0.5334177613258362,0.75
l_curve_2,5,0.5287417769432068,0.75
l_curve_2,6,0.5244591236114502,0.7678571343421936
l_curve_2,7,0.5202054381370544,0.75
l_curve_2,8,0.516294538974762,0.75
l_curve_2,9,0.5126250386238098,0.7678571343421936
l_curve_2,10,0.5089302659034729,0.7678571343421936
l_curve_2,11,0.505540668964386,0.7678571343421936
l_curve_2,12,0.5023874640464783,0.7678571343421936
l_curve_2,13,0.4992223381996155,0.7678571343421936
l_curve_2,14,0.4962647259235382,0.7678571343421936
l_curve_2,15,0.49343863129615784,0.7678571343421936
l_curve_2,16,0.49059340357780457,0.7678571343421936
l_curve_2,17,0.4878469407558441,0.7678571343421936
l_curve_2,18,0.4852314591407776,0.7678571343421936
l_curve_2,19,0.4828793704509735,0.7678571343421936
l_curve_2,20,0.48046037554740906,0.7678571343421936
l_curve_2,21,0.4781956076622009,0.75
l_curve_2,22,0.4759809672832489,0.75
l_curve_2,23,0.47375255823135376,0.75
l_curve_2,24,0.47169730067253113,0.75
l_curve_2,25,0.4696541428565979,0.75
l_curve_2,26,0.46777763962745667,0.75
l_curve_2,27,0.465923547744751,0.75
l_curve_2,28,0.4642454981803894,0.75
l_curve_2,29,0.4625399112701416,0.75
l_curve_2,30,0.460816890001297,0.75
l_curve_2,31,0.4592497646808624,0.75
l_curve_2,32,0.4577513039112091,0.75
l_curve_2,33,0.4562400281429291,0.75
l_curve_2,34,0.4549177587032318,0.75
l_curve_2,35,0.45355933904647827,0.75
l_curve_2,36,0.45235881209373474,0.75
l_curve_2,37,0.45123863220214844,0.75
l_curve_2,38,0.45002636313438416,0.75
l_curve_2,39,0.4487757086753845,0.75
l_curve_2,40,0.44768190383911133,0.75
l_curve_2,41,0.4466293752193451,0.75
l_curve_2,42,0.4456803500652313,0.75
l_curve_2,43,0.44469767808914185,0.75
l_curve_2,44,0.4438188076019287,0.75
l_curve_2,45,0.4428280293941498,0.75
l_curve_2,46,0.44197365641593933,0.75
l_curve_2,47,0.44111019372940063,0.75
l_curve_2,48,0.4403614401817322,0.75
l_curve_2,49,0.43950536847114563,0.75
l_curve_2,50,0.4387463927268982,0.75
l_curve_2,51,0.43801620602607727,0.75
l_curve_2,52,0.4372865855693817,0.75
l_curve_2,53,0.43652650713920593,0.75
l_curve_2,54,0.4358404576778412,0.75
l_curve_2,55,0.4350636303424835,0.75
l_curve_2,56,0.43449512124061584,0.75
l_curve_2,57,0.43375593423843384,0.75
l_curve_2,58,0.4330753684043884,0.75
l_curve_2,59,0.43242329359054565,0.75
l_curve_2,60,0.43184247612953186,0.75
l_curve_2,61,0.4312262535095215,0.75
l_curve_2,62,0.43064334988594055,0.75
l_curve_2,63,0.43003255128860474,0.7678571343421936
l_curve_2,64,0.4294634461402893,0.7857142686843872
l_curve_2,65,0.428782194852829,0.7857142686843872
l_curve_2,66,0.4280907213687897,0.7857142686843872
l_curve_2,67,0.42762356996536255,0.7857142686843872
l_curve_2,68,0.4269680380821228,0.7857142686843872
l_curve_2,69,0.42642149329185486,0.7857142686843872
l_curve_2,70,0.425747811794281,0.7857142686843872
l_curve_2,71,0.4250776767730713,0.7857142686843872
l_curve_2,72,0.42447853088378906,0.7857142686843872
l_curve_2,73,0.4239310622215271,0.7857142686843872
l_curve_2,74,0.4232538342475891,0.7857142686843872
l_curve_2,75,0.4227040112018585,0.7857142686843872
l_curve_2,76,0.42200616002082825,0.7857142686843872
l_curve_2,77,0.42138317227363586,0.7857142686843872
l_curve_2,78,0.4207455813884735,0.7857142686843872
l_curve_2,79,0.4200670123100281,0.7857142686843872
l_curve_2,80,0.4194013774394989,0.7857142686843872
l_curve_2,81,0.4187019169330597,0.7857142686843872
l_curve_2,82,0.4179811477661133,0.7857142686843872
l_curve_2,83,0.41719695925712585,0.7857142686843872
l_curve_2,84,0.4164558947086334,0.7857142686843872
l_curve_2,85,0.41563883423805237,0.7857142686843872
l_curve_2,86,0.414973646402359,0.7857142686843872
l_curve_2,87,0.4141203463077545,0.7857142686843872
l_curve_2,88,0.41323524713516235,0.7857142686843872
l_curve_2,89,0.4124383330345154,0.7857142686843872
l_curve_2,90,0.41158396005630493,0.7857142686843872
l_curve_2,91,0.4105656147003174,0.7857142686843872
l_curve_2,92,0.4096970558166504,0.7857142686843872
l_curve_2,93,0.408672958612442,0.7857142686843872
l_curve_2,94,0.4076484739780426,0.7857142686843872
l_curve_2,95,0.4065250754356384,0.7857142686843872
l_curve_2,96,0.40543875098228455,0.7857142686843872
l_curve_2,97,0.4043963849544525,0.7857142686843872
l_curve_2,98,0.4031992554664612,0.7857142686843872
l_curve_2,99,0.4020836651325226,0.7857142686843872
l_curve_2,100,0.40085798501968384,0.7857142686843872
l_curve_2,101,0.3996700644493103,0.7857142686843872
l_curve_2,102,0.39826256036758423,0.7857142686843872
l_curve_2,103,0.39702433347702026,0.7857142686843872
l_curve_2,104,0.3958076536655426,0.7857142686843872
l_curve_2,105,0.3944258689880371,0.7857142686843872
l_curve_2,106,0.3929961323738098,0.7857142686843872
l_curve_2,107,0.3915697932243347,0.8035714030265808
l_curve_2,108,0.3901633620262146,0.8035714030265808
l_curve_2,109,0.38889312744140625,0.8035714030265808
l_curve_2,110,0.38748598098754883,0.8035714030265808
l_curve_2,111,0.3860793709754944,0.8035714030265808
l_curve_2,112,0.3846025764942169,0.8035714030265808
l_curve_2,113,0.38322994112968445,0.8035714030265808
l_curve_2,114,0.38185691833496094,0.8035714030265808
l_curve_2,115,0.3803465664386749,0.8035714030265808
l_curve_2,116,0.3789713680744171,0.8035714030265808
l_curve_2,117,0.3776565194129944,0.8035714030265808
l_curve_2,118,0.37618908286094666,0.8035714030265808
l_curve_2,119,0.37481969594955444,0.8035714030265808
l_curve_2,120,0.3735295236110687,0.8035714030265808
l_curve_2,121,0.3721453845500946,0.8035714030265808
l_curve_2,122,0.3708774149417877,0.8035714030265808
l_curve_2,123,0.36948442459106445,0.8035714030265808
l_curve_2,124,0.36807963252067566,0.8035714030265808
l_curve_2,125,0.3666277527809143,0.8035714030265808
l_curve_2,126,0.3653015196323395,0.8035714030265808
l_curve_2,127,0.3639346659183502,0.8035714030265808
l_curve_2,128,0.3625810146331787,0.8035714030265808
l_curve_2,129,0.36133068799972534,0.8035714030265808
l_curve_2,130,0.3600226938724518,0.8035714030265808
l_curve_2,131,0.35871443152427673,0.8035714030265808
l_curve_2,132,0.3574374318122864,0.8035714030265808
l_curve_2,133,0.35614925622940063,0.8214285969734192
l_curve_2,134,0.35483577847480774,0.8214285969734192
l_curve_2,135,0.3535490930080414,0.8214285969734192
l_curve_2,136,0.3523186147212982,0.8214285969734192
l_curve_2,137,0.3511267602443695,0.8214285969734192
l_curve_2,138,0.3497808873653412,0.8214285969734192
l_curve_2,139,0.34853309392929077,0.8214285969734192
l_curve_2,140,0.34736067056655884,0.8214285969734192
l_curve_2,141,0.34608355164527893,0.8214285969734192
l_curve_2,142,0.3448122441768646,0.8214285969734192
l_curve_2,143,0.34358516335487366,0.8214285969734192
l_curve_2,144,0.34246549010276794,0.8214285969734192
l_curve_2,145,0.34123530983924866,0.8214285969734192
l_curve_2,146,0.34005609154701233,0.8214285969734192
l_curve_2,147,0.33894601464271545,0.8214285969734192
l_curve_2,148,0.3376672565937042,0.8214285969734192
l_curve_2,149,0.33646923303604126,0.8214285969734192
l_curve_2,150,0.33531931042671204,0.8214285969734192
l_curve_2,151,0.33422043919563293,0.8214285969734192
l_curve_2,152,0.33314672112464905,0.8214285969734192
l_curve_2,153,0.33198103308677673,0.8214285969734192
l_curve_2,154,0.33070582151412964,0.8214285969734192
l_curve_2,155,0.32962602376937866,0.8214285969734192
l_curve_2,156,0.3285330832004547,0.8214285969734192
l_curve_2,157,0.32744699716567993,0.8214285969734192
l_curve_2,158,0.32639938592910767,0.8214285969734192
l_curve_2,159,0.32530641555786133,0.8214285969734192
l_curve_2,160,0.32414597272872925,0.8214285969734192
l_curve_2,161,0.3231170177459717,0.8214285969734192
l_curve_2,162,0.32200542092323303,0.8214285969734192
l_curve_2,163,0.32093358039855957,0.8214285969734192
l_curve_2,164,0.3198238015174866,0.8214285969734192
l_curve_2,165,0.3188877999782562,0.8392857313156128
l_curve_2,166,0.3177207410335541,0.8392857313156128
l_curve_2,167,0.3167512118816376,0.8392857313156128
l_curve_2,168,0.3156408667564392,0.8392857313156128
l_curve_2,169,0.31455209851264954,0.8392857313156128
l_curve_2,170,0.3136129379272461,0.8392857313156128
l_curve_2,171,0.31259918212890625,0.8571428656578064
l_curve_2,172,0.3115009367465973,0.8571428656578064
l_curve_2,173,0.3105315566062927,0.8571428656578064
l_curve_2,174,0.3095610439777374,0.8571428656578064
l_curve_2,175,0.3084879517555237,0.8571428656578064
l_curve_2,176,0.3075031638145447,0.8571428656578064
l_curve_2,177,0.3065299987792969,0.8571428656578064
l_curve_2,178,0.3055024743080139,0.8571428656578064
l_curve_2,179,0.30450063943862915,0.8571428656578064
l_curve_2,180,0.3034617602825165,0.8571428656578064
l_curve_2,181,0.30251428484916687,0.8571428656578064
l_curve_2,182,0.301509827375412,0.8571428656578064
l_curve_2,183,0.30053868889808655,0.8571428656578064
l_curve_2,184,0.2994987666606903,0.8571428656578064
l_curve_2,185,0.2985857427120209,0.8571428656578064
l_curve_2,186,0.29756832122802734,0.8571428656578064
l_curve_2,187,0.2966558635234833,0.8571428656578064
l_curve_2,188,0.29565638303756714,0.8571428656578064
l_curve_2,189,0.2947376072406769,0.8571428656578064
l_curve_2,190,0.2938251197338104,0.8571428656578064
l_curve_2,191,0.29290881752967834,0.8571428656578064
l_curve_2,192,0.29176419973373413,0.8571428656578064
l_curve_2,193,0.2910141348838806,0.8571428656578064
l_curve_2,194,0.2901099622249603,0.8571428656578064
l_curve_2,195,0.2891428768634796,0.8571428656578064
l_curve_2,196,0.2882430851459503,0.8571428656578064
l_curve_2,197,0.28734108805656433,0.8571428656578064
l_curve_2,198,0.28637126088142395,0.8571428656578064
l_curve_2,199,0.2854293882846832,0.8571428656578064
l_curve_2,200,0.2845713496208191,0.8571428656578064
l_curve_2,201,0.2836414575576782,0.8571428656578064
l_curve_2,202,0.2827165722846985,0.8571428656578064
l_curve_2,203,0.2818153202533722,0.8571428656578064
l_curve_2,204,0.2808166742324829,0.8571428656578064
l_curve_2,205,0.2801319360733032,0.8571428656578064
l_curve_2,206,0.2791523039340973,0.8571428656578064
l_curve_2,207,0.2782219648361206,0.8571428656578064
l_curve_2,208,0.27731937170028687,0.8571428656578064
l_curve_2,209,0.27641114592552185,0.8571428656578064
l_curve_2,210,0.2755495011806488,0.8571428656578064
l_curve_2,211,0.2747165262699127,0.8571428656578064
l_curve_2,212,0.2739042341709137,0.8571428656578064
l_curve_2,213,0.272947758436203,0.8571428656578064
l_curve_2,214,0.2721361815929413,0.8571428656578064
l_curve_2,215,0.2712245583534241,0.8571428656578064
l_curve_2,216,0.27038872241973877,0.8571428656578064
l_curve_2,217,0.2696126699447632,0.8571428656578064
l_curve_2,218,0.26873645186424255,0.8571428656578064
l_curve_2,219,0.2679855227470398,0.8571428656578064
l_curve_2,220,0.2671144902706146,0.8571428656578064
l_curve_2,221,0.2662983536720276,0.8571428656578064
l_curve_2,222,0.2653319835662842,0.8571428656578064
l_curve_2,223,0.26449793577194214,0.8571428656578064
l_curve_2,224,0.2636634409427643,0.8571428656578064
l_curve_2,225,0.26279598474502563,0.8571428656578064
l_curve_2,226,0.26199278235435486,0.8571428656578064
l_curve_2,227,0.26119327545166016,0.8571428656578064
l_curve_2,228,0.260337769985199,0.8571428656578064
l_curve_2,229,0.2595609426498413,0.8571428656578064
l_curve_2,230,0.25873732566833496,0.8571428656578064
l_curve_2,231,0.25796088576316833,0.8571428656578064
l_curve_2,232,0.2571635842323303,0.8571428656578064
l_curve_2,233,0.2563759684562683,0.8571428656578064
l_curve_2,234,0.2555275857448578,0.8571428656578064
l_curve_2,235,0.25484248995780945,0.8571428656578064
l_curve_2,236,0.2540346086025238,0.8571428656578064
l_curve_2,237,0.2532099783420563,0.8571428656578064
l_curve_2,238,0.25236937403678894,0.8571428656578064
l_curve_2,239,0.2515071928501129,0.8571428656578064
l_curve_2,240,0.2506740689277649,0.8571428656578064
l_curve_2,241,0.2498745620250702,0.8571428656578064
l_curve_2,242,0.2491762936115265,0.8571428656578064
l_curve_2,243,0.24843446910381317,0.8571428656578064
l_curve_2,244,0.2477855235338211,0.8571428656578064
l_curve_2,245,0.24690522253513336,0.8571428656578064
l_curve_2,246,0.24604399502277374,0.8571428656578064
l_curve_2,247,0.24544009566307068,0.8571428656578064
l_curve_2,248,0.24467727541923523,0.8571428656578064
l_curve_2,249,0.24383914470672607,0.8571428656578064
l_curve_2,250,0.24307994544506073,0.8571428656578064
l_curve_2,251,0.24230162799358368,0.8571428656578064
l_curve_2,252,0.24157537519931793,0.8571428656578064
l_curve_2,253,0.24089732766151428,0.8571428656578064
l_curve_2,254,0.24016961455345154,0.8571428656578064
l_curve_2,255,0.23944158852100372,0.875
l_curve_2,256,0.23860576748847961,0.875
l_curve_2,257,0.23777420818805695,0.875
l_curve_2,258,0.23719188570976257,0.875
l_curve_2,259,0.23648981750011444,0.875
l_curve_2,260,0.2357092797756195,0.875
l_curve_2,261,0.2350078672170639,0.875
l_curve_2,262,0.23429618775844574,0.875
l_curve_2,263,0.2335672676563263,0.875
l_curve_2,264,0.23284612596035004,0.875
l_curve_2,265,0.23207725584506989,0.875
l_curve_2,266,0.231404647231102,0.875
l_curve_2,267,0.23068740963935852,0.875
l_curve_2,268,0.23009037971496582,0.875
l_curve_2,269,0.22926652431488037,0.875
l_curve_2,270,0.22855058312416077,0.875
l_curve_2,271,0.22782114148139954,0.875
l_curve_2,272,0.22723700106143951,0.875
l_curve_2,273,0.22651948034763336,0.875
l_curve_2,274,0.2257610410451889,0.875
l_curve_2,275,0.22513239085674286,0.875
l_curve_2,276,0.22447356581687927,0.875
l_curve_2,277,0.22378909587860107,0.875
l_curve_2,278,0.22304530441761017,0.875
l_curve_2,279,0.22240130603313446,0.875
l_curve_2,280,0.22180485725402832,0.875
l_curve_2,281,0.22106464207172394,0.875
l_curve_2,282,0.22043558955192566,0.875
l_curve_2,283,0.2196657359600067,0.875
l_curve_2,284,0.21895329654216766,0.875
l_curve_2,285,0.2183338850736618,0.875
l_curve_2,286,0.21777261793613434,0.875
l_curve_2,287,0.2170989215373993,0.875
l_curve_2,288,0.21640384197235107,0.875
l_curve_2,289,0.2157066911458969,0.875
l_curve_2,290,0.21519602835178375,0.875
l_curve_2,291,0.214487686753273,0.875
l_curve_2,292,0.21380886435508728,0.875
l_curve_2,293,0.21313251554965973,0.875
l_curve_2,294,0.21250544488430023,0.875
l_curve_2,295,0.21192069351673126,0.875
l_curve_2,296,0.21128346025943756,0.875
l_curve_2,297,0.21059131622314453,0.875
l_curve_2,298,0.21005699038505554,0.875
l_curve_2,299,0.20940327644348145,0.875
l_curve_2,300,0.20868270099163055,0.875
l_curve_2,301,0.20806515216827393,0.875
l_curve_2,302,0.2074449211359024,0.875
l_curve_2,303,0.2067943960428238,0.875
l_curve_2,304,0.20626865327358246,0.875
l_curve_2,305,0.20569713413715363,0.875
l_curve_2,306,0.20505383610725403,0.875
l_curve_2,307,0.20448443293571472,0.875
l_curve_2,308,0.2037980854511261,0.875
l_curve_2,309,0.20320327579975128,0.875
l_curve_2,310,0.20254765450954437,0.875
l_curve_2,311,0.20199020206928253,0.8928571343421936
l_curve_2,312,0.2013820856809616,0.8928571343421936
l_curve_2,313,0.20069679617881775,0.8928571343421936
l_curve_2,314,0.20004229247570038,0.8928571343421936
l_curve_2,315,0.1994738131761551,0.8928571343421936
l_curve_2,316,0.19890478253364563,0.8928571343421936
l_curve_2,317,0.19834426045417786,0.8928571343421936
l_curve_2,318,0.19769035279750824,0.8928571343421936
l_curve_2,319,0.19719870388507843,0.8928571343421936
l_curve_2,320,0.19652652740478516,0.9107142686843872
l_curve_2,321,0.19596204161643982,0.9107142686843872
l_curve_2,322,0.19539174437522888,0.9107142686843872
l_curve_2,323,0.19487731158733368,0.9107142686843872
l_curve_2,324,0.19421768188476562,0.9107142686843872
l_curve_2,325,0.19374951720237732,0.9107142686843872
l_curve_2,326,0.19315458834171295,0.9107142686843872
l_curve_2,327,0.19263958930969238,0.9107142686843872
l_curve_2,328,0.19202850759029388,0.9107142686843872
l_curve_2,329,0.19145897030830383,0.9107142686843872
l_curve_2,330,0.19092988967895508,0.9107142686843872
l_curve_2,331,0.19044165313243866,0.9107142686843872
l_curve_2,332,0.189918652176857,0.9107142686843872
l_curve_2,333,0.18925820291042328,0.9107142686843872
l_curve_2,334,0.18868617713451385,0.9107142686843872
l_curve_2,335,0.18815816938877106,0.9107142686843872
l_curve_2,336,0.1875666379928589,0.9107142686843872
l_curve_2,337,0.18703730404376984,0.9107142686843872
l_curve_2,338,0.1864566057920456,0.9107142686843872
l_curve_2,339,0.18596120178699493,0.9107142686843872
l_curve_2,340,0.18546994030475616,0.9107142686843872
l_curve_2,341,0.1848626434803009,0.9107142686843872
l_curve_2,342,0.18429431319236755,0.9107142686843872
l_curve_2,343,0.18379832804203033,0.9107142686843872
l_curve_2,344,0.18316248059272766,0.9107142686843872
l_curve_2,345,0.18258681893348694,0.9107142686843872
l_curve_2,346,0.18217197060585022,0.9107142686843872
l_curve_2,347,0.1816214770078659,0.9107142686843872
l_curve_2,348,0.1810758411884308,0.9107142686843872
l_curve_2,349,0.1805526167154312,0.9107142686843872
l_curve_2,350,0.1799437254667282,0.9107142686843872
l_curve_2,351,0.17939315736293793,0.9107142686843872
l_curve_2,352,0.17892445623874664,0.9107142686843872
l_curve_2,353,0.17840132117271423,0.9107142686843872
l_curve_2,354,0.17796190083026886,0.9107142686843872
l_curve_2,355,0.1773868352174759,0.9107142686843872
l_curve_2,356,0.17690648138523102,0.9107142686843872
l_curve_2,357,0.17633652687072754,0.9107142686843872
l_curve_2,358,0.17590554058551788,0.9107142686843872
l_curve_2,359,0.17539547383785248,0.9107142686843872
l_curve_2,360,0.17491112649440765,0.9107142686843872
l_curve_2,361,0.1743859201669693,0.9285714030265808
l_curve_2,362,0.17391623556613922,0.9285714030265808
l_curve_2,363,0.173512801527977,0.9285714030265808
l_curve_2,364,0.17298592627048492,0.9285714030265808
l_curve_2,365,0.17233936488628387,0.9285714030265808
l_curve_2,366,0.17186470329761505,0.9285714030265808
l_curve_2,367,0.17134544253349304,0.9285714030265808
l_curve_2,368,0.17093582451343536,0.9285714030265808
l_curve_2,369,0.17041346430778503,0.9285714030265808
l_curve_2,370,0.169866681098938,0.9285714030265808
l_curve_2,371,0.1693578064441681,0.9285714030265808
l_curve_2,372,0.16893073916435242,0.9285714030265808
l_curve_2,373,0.16847407817840576,0.9285714030265808
l_curve_2,374,0.16800716519355774,0.9285714030265808
l_curve_2,375,0.16738490760326385,0.9285714030265808
l_curve_2,376,0.16700366139411926,0.9285714030265808
l_curve_2,377,0.1665995866060257,0.9285714030265808
l_curve_2,378,0.1661921739578247,0.9285714030265808
l_curve_2,379,0.16561391949653625,0.9285714030265808
l_curve_2,380,0.16516312956809998,0.9285714030265808
l_curve_2,381,0.16470053791999817,0.9464285969734192
l_curve_2,382,0.16433309018611908,0.9464285969734192
l_curve_2,383,0.1637638807296753,0.9464285969734192
l_curve_2,384,0.16330361366271973,0.9464285969734192
l_curve_2,385,0.16281475126743317,0.9464285969734192
l_curve_2,386,0.16235049068927765,0.9464285969734192
l_curve_2,387,0.16185744106769562,0.9464285969734192
l_curve_2,388,0.1612998992204666,0.9464285969734192
l_curve_2,389,0.16087974607944489,0.9464285969734192
l_curve_2,390,0.16044402122497559,0.9464285969734192
l_curve_2,391,0.16002345085144043,0.9464285969734192
l_curve_2,392,0.15953610837459564,0.9464285969734192
l_curve_2,393,0.15910962224006653,0.9464285969734192
l_curve_2,394,0.15866486728191376,0.9464285969734192
l_curve_2,395,0.1583028882741928,0.9464285969734192
l_curve_2,396,0.1579086035490036,0.9464285969734192
l_curve_2,397,0.15754754841327667,0.9464285969734192
l_curve_2,398,0.1570720374584198,0.9464285969734192
l_curve_2,399,0.156553715467453,0.9464285969734192
l_curve_2,400,0.15615765750408173,0.9464285969734192
l_curve_2,401,0.15568314492702484,0.9464285969734192
l_curve_2,402,0.15523579716682434,0.9464285969734192
l_curve_2,403,0.15474744141101837,0.9464285969734192
l_curve_2,404,0.15425120294094086,0.9464285969734192
l_curve_2,405,0.15381386876106262,0.9464285969734192
l_curve_2,406,0.1535191535949707,0.9464285969734192
l_curve_2,407,0.15303628146648407,0.9464285969734192
l_curve_2,408,0.15264646708965302,0.9464285969734192
l_curve_2,409,0.15220670402050018,0.9464285969734192
l_curve_2,410,0.1518215835094452,0.9464285969734192
l_curve_2,411,0.15130744874477386,0.9464285969734192
l_curve_2,412,0.1508939117193222,0.9464285969734192
l_curve_2,413,0.15036582946777344,0.9464285969734192
l_curve_2,414,0.14998671412467957,0.9464285969734192
l_curve_2,415,0.14963530004024506,0.9464285969734192
l_curve_2,416,0.14919574558734894,0.9464285969734192
l_curve_2,417,0.14877064526081085,0.9464285969734192
l_curve_2,418,0.14837943017482758,0.9464285969734192
l_curve_2,419,0.14791473746299744,0.9464285969734192
l_curve_2,420,0.14750756323337555,0.9464285969734192
l_curve_2,421,0.1471954882144928,0.9464285969734192
l_curve_2,422,0.14675410091876984,0.9464285969734192
l_curve_2,423,0.14638778567314148,0.9464285969734192
l_curve_2,424,0.14595036208629608,0.9464285969734192
l_curve_2,425,0.14558710157871246,0.9464285969734192
l_curve_2,426,0.1451968103647232,0.9464285969734192
l_curve_2,427,0.14481277763843536,0.9464285969734192
l_curve_2,428,0.14437632262706757,0.9464285969734192
l_curve_2,429,0.14394831657409668,0.9464285969734192
l_curve_2,430,0.14343217015266418,0.9464285969734192
l_curve_2,431,0.14307986199855804,0.9464285969734192
l_curve_2,432,0.14274339377880096,0.9464285969734192
l_curve_2,433,0.14226998388767242,0.9464285969734192
l_curve_2,434,0.1417945921421051,0.9464285969734192
l_curve_2,435,0.1415461003780365,0.9464285969734192
l_curve_2,436,0.14110025763511658,0.9464285969734192
l_curve_2,437,0.1408798098564148,0.9464285969734192
l_curve_2,438,0.14039500057697296,0.9464285969734192
l_curve_2,439,0.14008107781410217,0.9464285969734192
l_curve_2,440,0.13977408409118652,0.9464285969734192
l_curve_2,441,0.13932527601718903,0.9464285969734192
l_curve_2,442,0.13891789317131042,0.9464285969734192
l_curve_2,443,0.13856062293052673,0.9464285969734192
l_curve_2,444,0.13812938332557678,0.9464285969734192
l_curve_2,445,0.13785399496555328,0.9464285969734192
l_curve_2,446,0.13736297190189362,0.9464285969734192
l_curve_2,447,0.13702501356601715,0.9464285969734192
l_curve_2,448,0.13658520579338074,0.9464285969734192
l_curve_2,449,0.13625793159008026,0.9464285969734192
l_curve_2,450,0.1357908844947815,0.9464285969734192
l_curve_2,451,0.13551494479179382,0.9464285969734192
l_curve_2,452,0.1351512223482132,0.9464285969734192
l_curve_2,453,0.1346798986196518,0.9464285969734192
l_curve_2,454,0.1343170553445816,0.9464285969734192
l_curve_2,455,0.13398800790309906,0.9464285969734192
l_curve_2,456,0.1336967796087265,0.9464285969734192
l_curve_2,457,0.13325688242912292,0.9464285969734192
l_curve_2,458,0.13286197185516357,0.9464285969734192
l_curve_2,459,0.13253428041934967,0.9464285969734192
l_curve_2,460,0.13215425610542297,0.9464285969734192
l_curve_2,461,0.1318655014038086,0.9464285969734192
l_curve_2,462,0.1315457820892334,0.9464285969734192
l_curve_2,463,0.13112059235572815,0.9464285969734192
l_curve_2,464,0.13080929219722748,0.9464285969734192
l_curve_2,465,0.13040782511234283,0.9464285969734192
l_curve_2,466,0.13013866543769836,0.9464285969734192
l_curve_2,467,0.12961629033088684,0.9464285969734192
l_curve_2,468,0.12923972308635712,0.9464285969734192
l_curve_2,469,0.12894774973392487,0.9464285969734192
l_curve_2,470,0.12861868739128113,0.9464285969734192
l_curve_2,471,0.12823542952537537,0.9464285969734192
l_curve_2,472,0.12792770564556122,0.9464285969734192
l_curve_2,473,0.12759952247142792,0.9464285969734192
l_curve_2,474,0.12731517851352692,0.9464285969734192
l_curve_2,475,0.12698516249656677,0.9464285969734192
l_curve_2,476,0.1266336590051651,0.9464285969734192
l_curve_2,477,0.12629356980323792,0.9464285969734192
l_curve_2,478,0.12588000297546387,0.9464285969734192
l_curve_2,479,0.12557347118854523,0.9642857313156128
l_curve_2,480,0.12521377205848694,0.9642857313156128
l_curve_2,481,0.12480521202087402,0.9642857313156128
l_curve_2,482,0.12453826516866684,0.9642857313156128
l_curve_2,483,0.12421900779008865,0.9642857313156128
l_curve_2,484,0.12396030128002167,0.9642857313156128
l_curve_2,485,0.1236288920044899,0.9642857313156128
l_curve_2,486,0.12319375574588776,0.9642857313156128
l_curve_2,487,0.12297482043504715,0.9642857313156128
l_curve_2,488,0.12254830449819565,0.9642857313156128
l_curve_2,489,0.12223295122385025,0.9642857313156128
l_curve_2,490,0.1217888742685318,0.9642857313156128
l_curve_2,491,0.12147601693868637,0.9642857313156128
l_curve_2,492,0.12127391248941422,0.9642857313156128
l_curve_2,493,0.12087362259626389,0.9642857313156128
l_curve_2,494,0.12051316350698471,0.9642857313156128
l_curve_2,495,0.12017787247896194,0.9642857313156128
l_curve_2,496,0.1200772076845169,0.9642857313156128
l_curve_2,497,0.11975196748971939,0.9642857313156128
l_curve_2,498,0.11937476694583893,0.9642857313156128
l_curve_2,499,0.11912061274051666,0.9642857313156128
l_curve_2,500,0.11871560662984848,0.9642857313156128
l_curve_2,501,0.11829079687595367,0.9642857313156128
l_curve_2,502,0.11792627722024918,0.9642857313156128
l_curve_2,503,0.11758005619049072,0.9821428656578064
l_curve_2,504,0.11743465811014175,0.9642857313156128
l_curve_2,505,0.11712721735239029,0.9821428656578064
l_curve_2,506,0.11676491796970367,0.9821428656578064
l_curve_2,507,0.11661338806152344,0.9821428656578064
l_curve_2,508,0.11619152128696442,0.9821428656578064
l_curve_2,509,0.11597675830125809,0.9821428656578064
l_curve_2,510,0.11555707454681396,0.9821428656578064
l_curve_2,511,0.11525647342205048,0.9821428656578064
l_curve_2,512,0.11499924212694168,0.9821428656578064
l_curve_2,513,0.11459308862686157,0.9821428656578064
l_curve_2,514,0.11423112452030182,0.9821428656578064
l_curve_2,515,0.11396034806966782,0.9821428656578064
l_curve_2,516,0.11353795975446701,0.9821428656578064
l_curve_2,517,0.11338158696889877,0.9821428656578064
l_curve_2,518,0.11312942951917648,0.9821428656578064
l_curve_2,519,0.11284519731998444,0.9821428656578064
l_curve_2,520,0.11260753870010376,0.9821428656578064
l_curve_2,521,0.1122441440820694,0.9821428656578064
l_curve_2,522,0.11198253184556961,0.9821428656578064
l_curve_2,523,0.11165563017129898,0.9821428656578064
l_curve_2,524,0.11143574863672256,0.9821428656578064
l_curve_2,525,0.11099713295698166,0.9821428656578064
l_curve_2,526,0.11079944670200348,0.9821428656578064
l_curve_2,527,0.11047756671905518,0.9821428656578064
l_curve_2,528,0.11018645763397217,0.9821428656578064
l_curve_2,529,0.10981375724077225,0.9821428656578064
l_curve_2,530,0.10961048305034637,0.9821428656578064
l_curve_2,531,0.10931866616010666,0.9821428656578064
l_curve_2,532,0.10907789319753647,0.9821428656578064
l_curve_2,533,0.10871744155883789,0.9821428656578064
l_curve_2,534,0.10849744826555252,0.9821428656578064
l_curve_2,535,0.10806504637002945,0.9821428656578064
l_curve_2,536,0.10774891823530197,0.9821428656578064
l_curve_2,537,0.10762816667556763,0.9821428656578064
l_curve_2,538,0.10734499990940094,0.9821428656578064
l_curve_2,539,0.10697179287672043,0.9821428656578064
l_curve_2,540,0.10679120570421219,0.9821428656578064
l_curve_2,541,0.1064300537109375,0.9821428656578064
l_curve_2,542,0.10624955594539642,0.9821428656578064
l_curve_2,543,0.10593726485967636,0.9821428656578064
l_curve_2,544,0.10566984117031097,0.9821428656578064
l_curve_2,545,0.10539914667606354,0.9821428656578064
l_curve_2,546,0.10512299090623856,0.9821428656578064
l_curve_2,547,0.10478217154741287,0.9821428656578064
l_curve_2,548,0.10458032041788101,0.9821428656578064
l_curve_2,549,0.10423875600099564,0.9821428656578064
l_curve_2,550,0.1039358377456665,0.9821428656578064
l_curve_2,551,0.10370493680238724,0.9821428656578064
l_curve_2,552,0.10346778482198715,0.9821428656578064
l_curve_2,553,0.10323191434144974,0.9821428656578064
l_curve_2,554,0.10303594172000885,0.9821428656578064
l_curve_2,555,0.10267337411642075,0.9821428656578064
l_curve_2,556,0.1024603396654129,0.9821428656578064
l_curve_2,557,0.10212630033493042,0.9821428656578064
l_curve_2,558,0.10181068629026413,0.9821428656578064
l_curve_2,559,0.10160676389932632,0.9821428656578064
l_curve_2,560,0.10140758007764816,0.9821428656578064
l_curve_2,561,0.10104676336050034,0.9821428656578064
l_curve_2,562,0.10076391696929932,0.9821428656578064
l_curve_2,563,0.10052871704101562,0.9821428656578064
l_curve_2,564,0.10033680498600006,0.9821428656578064
l_curve_2,565,0.10004404932260513,0.9821428656578064
l_curve_2,566,0.09975094348192215,0.9821428656578064
l_curve_2,567,0.0994613841176033,0.9821428656578064
l_curve_2,568,0.09922342747449875,0.9821428656578064
l_curve_2,569,0.09903335571289062,0.9821428656578064
l_curve_2,570,0.09875869750976562,0.9821428656578064
l_curve_2,571,0.09850072115659714,0.9821428656578064
l_curve_2,572,0.09816193580627441,0.9821428656578064
l_curve_2,573,0.09792517125606537,0.9821428656578064
l_curve_2,574,0.09781988710165024,0.9821428656578064
l_curve_2,575,0.09752959758043289,0.9821428656578064
l_curve_2,576,0.09716250002384186,0.9821428656578064
l_curve_2,577,0.09710025042295456,0.9821428656578064
l_curve_2,578,0.09679369628429413,0.9821428656578064
l_curve_2,579,0.096608467400074,0.9821428656578064
l_curve_2,580,0.0962277501821518,0.9821428656578064
l_curve_2,581,0.09593287855386734,0.9821428656578064
l_curve_2,582,0.09567639976739883,0.9821428656578064
l_curve_2,583,0.09560297429561615,0.9821428656578064
l_curve_2,584,0.09530629217624664,0.9821428656578064
l_curve_2,585,0.09495996683835983,0.9821428656578064
l_curve_2,586,0.09472061693668365,0.9821428656578064
l_curve_2,587,0.09447521716356277,0.9821428656578064
l_curve_2,588,0.09433747082948685,0.9821428656578064
l_curve_2,589,0.09404178708791733,0.9821428656578064
l_curve_2,590,0.09382127225399017,0.9821428656578064
l_curve_2,591,0.09357749670743942,0.9821428656578064
l_curve_2,592,0.09340013563632965,0.9821428656578064
l_curve_2,593,0.09313934296369553,0.9821428656578064
l_curve_2,594,0.09290113300085068,0.9821428656578064
l_curve_2,595,0.09267978370189667,0.9821428656578064
l_curve_2,596,0.09254644066095352,0.9821428656578064
l_curve_2,597,0.09223859757184982,0.9821428656578064
l_curve_2,598,0.09195289760828018,0.9821428656578064
l_curve_2,599,0.09171639382839203,0.9821428656578064
l_curve_2,600,0.09148721396923065,0.9821428656578064
l_curve_2,601,0.09117848426103592,0.9821428656578064
l_curve_2,602,0.09097806364297867,0.9821428656578064
l_curve_2,603,0.09074006229639053,0.9821428656578064
l_curve_2,604,0.09049491584300995,0.9821428656578064
l_curve_2,605,0.09029466658830643,0.9821428656578064
l_curve_2,606,0.09012944996356964,0.9821428656578064
l_curve_2,607,0.0899076983332634,0.9821428656578064
l_curve_2,608,0.08963550627231598,0.9821428656578064
l_curve_2,609,0.08931957185268402,0.9821428656578064
l_curve_2,610,0.08920413255691528,0.9821428656578064
l_curve_2,611,0.0889211893081665,0.9821428656578064
l_curve_2,612,0.08869630843400955,0.9821428656578064
l_curve_2,613,0.08842208236455917,0.9821428656578064
l_curve_2,614,0.08818091452121735,0.9821428656578064
l_curve_2,615,0.08809269219636917,0.9821428656578064
l_curve_2,616,0.08791349083185196,0.9821428656578064
l_curve_2,617,0.08770741522312164,0.9821428656578064
l_curve_2,618,0.08747030794620514,0.9821428656578064
l_curve_2,619,0.08716189116239548,0.9821428656578064
l_curve_2,620,0.08693434298038483,0.9821428656578064
l_curve_2,621,0.0867893248796463,0.9821428656578064
l_curve_2,622,0.08653969317674637,0.9821428656578064
l_curve_2,623,0.0864076241850853,0.9821428656578064
l_curve_2,624,0.08607735484838486,0.9821428656578064
l_curve_2,625,0.08590192347764969,0.9821428656578064
l_curve_2,626,0.0856548324227333,0.9821428656578064
l_curve_2,627,0.08543933928012848,0.9821428656578064
l_curve_2,628,0.08513859659433365,0.9821428656578064
l_curve_2,629,0.08493990451097488,0.9821428656578064
l_curve_2,630,0.08469395339488983,0.9821428656578064
l_curve_2,631,0.084494948387146,0.9821428656578064
l_curve_2,632,0.08433765172958374,0.9821428656578064
l_curve_2,633,0.08405826985836029,0.9821428656578064
l_curve_2,634,0.08401001989841461,0.9821428656578064
l_curve_2,635,0.08381810039281845,0.9821428656578064
l_curve_2,636,0.08353263884782791,0.9821428656578064
l_curve_2,637,0.0834503024816513,0.9821428656578064
l_curve_2,638,0.08316326141357422,0.9821428656578064
l_curve_2,639,0.0830153226852417,0.9821428656578064
l_curve_2,640,0.08279574662446976,0.9821428656578064
l_curve_2,641,0.08259209245443344,0.9821428656578064
l_curve_2,642,0.08239471912384033,0.9821428656578064
l_curve_2,643,0.0821191594004631,0.9821428656578064
l_curve_2,644,0.08191423863172531,0.9821428656578064
l_curve_2,645,0.08165155351161957,0.9821428656578064
l_curve_2,646,0.08147577196359634,0.9821428656578064
l_curve_2,647,0.08134812116622925,0.9821428656578064
l_curve_2,648,0.08115857094526291,0.9821428656578064
l_curve_2,649,0.08096887171268463,0.9821428656578064
l_curve_2,650,0.08084215223789215,0.9821428656578064
l_curve_2,651,0.08061676472425461,0.9821428656578064
l_curve_2,652,0.08029009401798248,0.9821428656578064
l_curve_2,653,0.08000820130109787,0.9821428656578064
l_curve_2,654,0.07991455495357513,0.9821428656578064
l_curve_2,655,0.0797361508011818,0.9821428656578064
l_curve_2,656,0.07956212759017944,0.9821428656578064
l_curve_2,657,0.07933425903320312,0.9821428656578064
l_curve_2,658,0.07911564409732819,0.9821428656578064
l_curve_2,659,0.07887949049472809,0.9821428656578064
l_curve_2,660,0.07866483181715012,0.9821428656578064
l_curve_2,661,0.07857159525156021,0.9821428656578064
l_curve_2,662,0.07833565771579742,0.9821428656578064
l_curve_2,663,0.07814835011959076,0.9821428656578064
l_curve_2,664,0.0779896005988121,0.9821428656578064
l_curve_2,665,0.0777142196893692,0.9821428656578064
l_curve_2,666,0.0775606706738472,0.9821428656578064
l_curve_2,667,0.0773589238524437,0.9821428656578064
l_curve_2,668,0.0771976038813591,0.9821428656578064
l_curve_2,669,0.0769764855504036,0.9821428656578064
l_curve_2,670,0.07694816589355469,0.9821428656578064
l_curve_2,671,0.07681252062320709,0.9821428656578064
l_curve_2,672,0.07654114812612534,0.9821428656578064
l_curve_2,673,0.0763089507818222,0.9821428656578064
l_curve_2,674,0.07617878913879395,0.9821428656578064
l_curve_2,675,0.0759430080652237,0.9821428656578064
l_curve_2,676,0.07580690085887909,0.9821428656578064
l_curve_2,677,0.07564151287078857,0.9821428656578064
l_curve_2,678,0.07534849643707275,0.9821428656578064
l_curve_2,679,0.07520996034145355,0.9821428656578064
l_curve_2,680,0.07508794218301773,0.9821428656578064
l_curve_2,681,0.07484609633684158,0.9821428656578064
l_curve_2,682,0.07462681084871292,0.9821428656578064
l_curve_2,683,0.07448386400938034,0.9821428656578064
l_curve_2,684,0.07419710606336594,0.9821428656578064
l_curve_2,685,0.07416234910488129,0.9821428656578064
l_curve_2,686,0.07395560294389725,0.9821428656578064
l_curve_2,687,0.07384295761585236,0.9821428656578064
l_curve_2,688,0.0735597014427185,0.9821428656578064
l_curve_2,689,0.073247030377388,0.9821428656578064
l_curve_2,690,0.07320662587881088,0.9821428656578064
l_curve_2,691,0.07300041615962982,0.9821428656578064
l_curve_2,692,0.07288160175085068,0.9821428656578064
l_curve_2,693,0.07272989302873611,0.9821428656578064
l_curve_2,694,0.07243643701076508,0.9821428656578064
l_curve_2,695,0.07234211266040802,0.9821428656578064
l_curve_2,696,0.07213325053453445,0.9821428656578064
l_curve_2,697,0.07204515486955643,0.9821428656578064
l_curve_2,698,0.07191773504018784,0.9821428656578064
l_curve_2,699,0.07177739590406418,0.9821428656578064
l_curve_2,700,0.07165088504552841,0.9821428656578064
l_curve_2,701,0.07148898392915726,0.9821428656578064
l_curve_2,702,0.07112990319728851,0.9821428656578064
l_curve_2,703,0.07097619026899338,0.9821428656578064
l_curve_2,704,0.07078419625759125,0.9821428656578064
l_curve_2,705,0.0706639289855957,0.9821428656578064
l_curve_2,706,0.07042557001113892,0.9821428656578064
l_curve_2,707,0.07018335908651352,0.9821428656578064
l_curve_2,708,0.07002627104520798,0.9821428656578064
l_curve_2,709,0.06993620842695236,0.9821428656578064
l_curve_2,710,0.06980694830417633,0.9821428656578064
l_curve_2,711,0.0696663036942482,0.9821428656578064
l_curve_2,712,0.06942366808652878,0.9821428656578064
l_curve_2,713,0.06929291039705276,0.9821428656578064
l_curve_2,714,0.06914279609918594,0.9821428656578064
l_curve_2,715,0.06899667531251907,0.9821428656578064
l_curve_2,716,0.06887289136648178,0.9821428656578064
l_curve_2,717,0.06873511523008347,0.9821428656578064
l_curve_2,718,0.06856902688741684,0.9821428656578064
l_curve_2,719,0.06838119775056839,0.9821428656578064
l_curve_2,720,0.06811589747667313,0.9821428656578064
l_curve_2,721,0.06800618022680283,0.9821428656578064
l_curve_2,722,0.06782639771699905,0.9821428656578064
l_curve_2,723,0.06773190945386887,0.9821428656578064
l_curve_2,724,0.06762667000293732,0.9821428656578064
l_curve_2,725,0.06741230189800262,0.9821428656578064
l_curve_2,726,0.06714551150798798,0.9821428656578064
l_curve_2,727,0.06703618913888931,0.9821428656578064
l_curve_2,728,0.06681863218545914,0.9821428656578064
l_curve_2,729,0.06669674068689346,0.9821428656578064
l_curve_2,730,0.06654452532529831,0.9821428656578064
l_curve_2,731,0.06638451665639877,0.9821428656578064
l_curve_2,732,0.06619123369455338,0.9821428656578064
l_curve_2,733,0.06610000133514404,0.9821428656578064
l_curve_2,734,0.06595510989427567,0.9821428656578064
l_curve_2,735,0.06580640375614166,0.9821428656578064
l_curve_2,736,0.06561935693025589,0.9821428656578064
l_curve_2,737,0.06544166803359985,0.9821428656578064
l_curve_2,738,0.0653572678565979,0.9821428656578064
l_curve_2,739,0.06519389897584915,0.9821428656578064
l_curve_2,740,0.06495727598667145,0.9821428656578064
l_curve_2,741,0.06488875299692154,0.9821428656578064
l_curve_2,742,0.06476142257452011,0.9821428656578064
l_curve_2,743,0.0646514818072319,0.9821428656578064
l_curve_2,744,0.06440893560647964,0.9821428656578064
l_curve_2,745,0.06431667506694794,0.9821428656578064
l_curve_2,746,0.06409309804439545,0.9821428656578064
l_curve_2,747,0.06387429684400558,0.9821428656578064
l_curve_2,748,0.06385563313961029,0.9821428656578064
l_curve_2,749,0.06365595757961273,0.9821428656578064
l_curve_2,750,0.06347933411598206,0.9821428656578064
l_curve_2,751,0.06343145668506622,0.9821428656578064
l_curve_2,752,0.06320852786302567,0.9821428656578064
l_curve_2,753,0.06310004740953445,0.9821428656578064
l_curve_2,754,0.06309185177087784,0.9821428656578064
l_curve_2,755,0.06287471950054169,0.9821428656578064
l_curve_2,756,0.06266207247972488,0.9821428656578064
l_curve_2,757,0.06245722994208336,0.9821428656578064
l_curve_2,758,0.06232134625315666,0.9821428656578064
l_curve_2,759,0.062253449112176895,0.9821428656578064
l_curve_2,760,0.06211182847619057,0.9821428656578064
l_curve_2,761,0.061965037137269974,0.9821428656578064
l_curve_2,762,0.061796750873327255,0.9821428656578064
l_curve_2,763,0.06160910800099373,0.9821428656578064
l_curve_2,764,0.0614231713116169,0.9821428656578064
l_curve_2,765,0.061337947845458984,0.9821428656578064
l_curve_2,766,0.06116945296525955,0.9821428656578064
l_curve_2,767,0.06105790659785271,0.9821428656578064
l_curve_2,768,0.06081318482756615,0.9821428656578064
l_curve_2,769,0.060691799968481064,0.9821428656578064
l_curve_2,770,0.06062239408493042,0.9821428656578064
l_curve_2,771,0.060574863106012344,0.9821428656578064
l_curve_2,772,0.06034370884299278,0.9821428656578064
l_curve_2,773,0.06023562327027321,0.9821428656578064
l_curve_2,774,0.06014551594853401,0.9821428656578064
l_curve_2,775,0.05990777537226677,0.9821428656578064
l_curve_2,776,0.059778403490781784,0.9821428656578064
l_curve_2,777,0.059761274605989456,0.9821428656578064
l_curve_2,778,0.05968289449810982,0.9821428656578064
l_curve_2,779,0.05941251292824745,0.9821428656578064
l_curve_2,780,0.0592653825879097,0.9821428656578064
l_curve_2,781,0.059123892337083817,0.9821428656578064
l_curve_2,782,0.05904565006494522,0.9821428656578064
l_curve_2,783,0.05894843861460686,0.9821428656578064
l_curve_2,784,0.058806903660297394,0.9821428656578064
l_curve_2,785,0.05855848267674446,0.9821428656578064
l_curve_2,786,0.05845878645777702,0.9821428656578064
l_curve_2,787,0.05828142166137695,0.9821428656578064
l_curve_2,788,0.058244042098522186,0.9821428656578064
l_curve_2,789,0.058081481605768204,0.9821428656578064
l_curve_2,790,0.05794068053364754,0.9821428656578064
l_curve_2,791,0.057847168296575546,0.9821428656578064
l_curve_2,792,0.057732123881578445,0.9821428656578064
l_curve_2,793,0.05751265957951546,0.9821428656578064
l_curve_2,794,0.05735599994659424,0.9821428656578064
l_curve_2,795,0.05729639530181885,0.9821428656578064
l_curve_2,796,0.057163555175065994,0.9821428656578064
l_curve_2,797,0.057064417749643326,0.9821428656578064
l_curve_2,798,0.05689532309770584,0.9821428656578064
l_curve_2,799,0.05688413605093956,0.9821428656578064
l_curve_2,800,0.05671283230185509,0.9821428656578064
l_curve_2,801,0.05661709979176521,0.9821428656578064
l_curve_2,802,0.0564163401722908,0.9821428656578064
l_curve_2,803,0.05628742650151253,0.9821428656578064
l_curve_2,804,0.05605006217956543,0.9821428656578064
l_curve_2,805,0.05596688389778137,0.9821428656578064
l_curve_2,806,0.05585259199142456,0.9821428656578064
l_curve_2,807,0.05578073114156723,0.9821428656578064
l_curve_2,808,0.05563102290034294,0.9821428656578064
l_curve_2,809,0.05552145466208458,0.9821428656578064
l_curve_2,810,0.05540815368294716,0.9821428656578064
l_curve_2,811,0.055259328335523605,0.9821428656578064
l_curve_2,812,0.05512329563498497,0.9821428656578064
l_curve_2,813,0.055007629096508026,0.9821428656578064
l_curve_2,814,0.054995398968458176,0.9821428656578064
l_curve_2,815,0.05480103939771652,0.9821428656578064
l_curve_2,816,0.05465799942612648,0.9821428656578064
l_curve_2,817,0.05446390435099602,0.9821428656578064
l_curve_2,818,0.05435090512037277,0.9821428656578064
l_curve_2,819,0.054339710623025894,0.9821428656578064
l_curve_2,820,0.0541505292057991,0.9821428656578064
l_curve_2,821,0.0540318563580513,0.9821428656578064
l_curve_2,822,0.05398249626159668,0.9821428656578064
l_curve_2,823,0.05380002036690712,0.9821428656578064
l_curve_2,824,0.05371730774641037,0.9821428656578064
l_curve_2,825,0.053573258221149445,0.9821428656578064
l_curve_2,826,0.05339232459664345,0.9821428656578064
l_curve_2,827,0.05330803617835045,0.9821428656578064
l_curve_2,828,0.053190331906080246,0.9821428656578064
l_curve_2,829,0.05300293490290642,0.9821428656578064
l_curve_2,830,0.05290050059556961,0.9821428656578064
l_curve_2,831,0.05284282937645912,0.9821428656578064
l_curve_2,832,0.052686724811792374,0.9821428656578064
l_curve_2,833,0.05256820097565651,0.9821428656578064
l_curve_2,834,0.05252700299024582,0.9821428656578064
l_curve_2,835,0.052394550293684006,0.9821428656578064
l_curve_2,836,0.05226380005478859,0.9821428656578064
l_curve_2,837,0.05218783766031265,0.9821428656578064
l_curve_2,838,0.0520550012588501,0.9821428656578064
l_curve_2,839,0.0520135797560215,0.9821428656578064
l_curve_2,840,0.051848895847797394,0.9821428656578064
l_curve_2,841,0.05179841071367264,0.9821428656578064
l_curve_2,842,0.05162210017442703,0.9821428656578064
l_curve_2,843,0.05152742192149162,0.9821428656578064
l_curve_2,844,0.05141584947705269,0.9821428656578064
l_curve_2,845,0.051199205219745636,0.9821428656578064
l_curve_2,846,0.05116471275687218,0.9821428656578064
l_curve_2,847,0.051026247441768646,0.9821428656578064
l_curve_2,848,0.050915054976940155,0.9821428656578064
l_curve_2,849,0.05079424008727074,0.9821428656578064
l_curve_2,850,0.05068337172269821,0.9821428656578064
l_curve_2,851,0.050519805401563644,0.9821428656578064
l_curve_2,852,0.05047415941953659,0.9821428656578064
l_curve_2,853,0.05040131136775017,0.9821428656578064
l_curve_2,854,0.05033426731824875,0.9821428656578064
l_curve_2,855,0.05013741925358772,0.9821428656578064
l_curve_2,856,0.050008468329906464,0.9821428656578064
l_curve_2,857,0.049879398196935654,0.9821428656578064
l_curve_2,858,0.04971054196357727,0.9821428656578064
l_curve_2,859,0.049640852957963943,0.9821428656578064
l_curve_2,860,0.049530278891325,0.9821428656578064
l_curve_2,861,0.04939946159720421,0.9821428656578064
l_curve_2,862,0.0493762269616127,0.9821428656578064
l_curve_2,863,0.049281470477581024,0.9821428656578064
l_curve_2,864,0.049228735268116,0.9821428656578064
l_curve_2,865,0.049195170402526855,0.9821428656578064
l_curve_2,866,0.049101416021585464,0.9821428656578064
l_curve_2,867,0.04897177964448929,0.9821428656578064
l_curve_2,868,0.04881025478243828,0.9821428656578064
l_curve_2,869,0.048613112419843674,0.9821428656578064
l_curve_2,870,0.04849328473210335,0.9821428656578064
l_curve_2,871,0.04840671271085739,0.9821428656578064
l_curve_2,872,0.04837045446038246,0.9821428656578064
l_curve_2,873,0.04821598157286644,0.9821428656578064
l_curve_2,874,0.04806547239422798,0.9821428656578064
l_curve_2,875,0.04798860102891922,0.9821428656578064
l_curve_2,876,0.04789038375020027,0.9821428656578064
l_curve_2,877,0.04780632257461548,0.9821428656578064
l_curve_2,878,0.04767924174666405,0.9821428656578064
l_curve_2,879,0.04761619120836258,0.9821428656578064
l_curve_2,880,0.04747952148318291,0.9821428656578064
l_curve_2,881,0.0473940335214138,0.9821428656578064
l_curve_2,882,0.04729606583714485,0.9821428656578064
l_curve_2,883,0.04720563441514969,0.9821428656578064
l_curve_2,884,0.04709823057055473,0.9821428656578064
l_curve_2,885,0.04696906358003616,0.9821428656578064
l_curve_2,886,0.0469047836959362,0.9821428656578064
l_curve_2,887,0.04682890698313713,0.9821428656578064
l_curve_2,888,0.04671367630362511,0.9821428656578064
l_curve_2,889,0.046641867607831955,0.9821428656578064
l_curve_2,890,0.04654904454946518,0.9821428656578064
l_curve_2,891,0.04635920748114586,0.9821428656578064
l_curve_2,892,0.046274036169052124,0.9821428656578064
l_curve_2,893,0.04614708945155144,0.9821428656578064
l_curve_2,894,0.04612581059336662,0.9821428656578064
l_curve_2,895,0.04603185877203941,0.9821428656578064
l_curve_2,896,0.04583950713276863,0.9821428656578064
l_curve_2,897,0.045703284442424774,0.9821428656578064
l_curve_2,898,0.04568391293287277,0.9821428656578064
l_curve_2,899,0.045598942786455154,0.9821428656578064
l_curve_2,900,0.04555197432637215,0.9821428656578064
l_curve_2,901,0.04544897750020027,0.9821428656578064
l_curve_2,902,0.04533307999372482,0.9821428656578064
l_curve_2,903,0.045287828892469406,0.9821428656578064
l_curve_2,904,0.04519214853644371,0.9821428656578064
l_curve_2,905,0.04515621438622475,0.9821428656578064
l_curve_2,906,0.04488364979624748,0.9821428656578064
l_curve_2,907,0.044841017574071884,0.9821428656578064
l_curve_2,908,0.04479152709245682,0.9821428656578064
l_curve_2,909,0.0446661040186882,0.9821428656578064
l_curve_2,910,0.04458613321185112,0.9821428656578064
l_curve_2,911,0.044519297778606415,0.9821428656578064
l_curve_2,912,0.044397421181201935,0.9821428656578064
l_curve_2,913,0.04422994330525398,0.9821428656578064
l_curve_2,914,0.044116340577602386,0.9821428656578064
l_curve_2,915,0.044167470186948776,0.9821428656578064
l_curve_2,916,0.044182974845170975,0.9821428656578064
l_curve_2,917,0.04397955164313316,0.9821428656578064
l_curve_2,918,0.04386776685714722,0.9821428656578064
l_curve_2,919,0.04379042983055115,0.9821428656578064
l_curve_2,920,0.04356760159134865,0.9821428656578064
l_curve_2,921,0.0434880331158638,0.9821428656578064
l_curve_2,922,0.043457236140966415,0.9821428656578064
l_curve_2,923,0.04348954185843468,0.9821428656578064
l_curve_2,924,0.04334606975317001,0.9821428656578064
l_curve_2,925,0.043218400329351425,0.9821428656578064
l_curve_2,926,0.043064434081315994,0.9821428656578064
l_curve_2,927,0.042985446751117706,0.9821428656578064
l_curve_2,928,0.042897336184978485,0.9821428656578064
l_curve_2,929,0.04279863089323044,0.9821428656578064
l_curve_2,930,0.042916685342788696,0.9821428656578064
l_curve_2,931,0.042636070400476456,0.9821428656578064
l_curve_2,932,0.04261235147714615,0.9821428656578064
l_curve_2,933,0.042420804500579834,0.9821428656578064
l_curve_2,934,0.04245716333389282,0.9821428656578064
l_curve_2,935,0.042334575206041336,0.9821428656578064
l_curve_2,936,0.04220626503229141,0.9821428656578064
l_curve_2,937,0.04215272143483162,0.9821428656578064
l_curve_2,938,0.0419430211186409,0.9821428656578064
l_curve_2,939,0.04202299192547798,0.9821428656578064
l_curve_2,940,0.04195205494761467,0.9821428656578064
l_curve_2,941,0.04179712012410164,0.9821428656578064
l_curve_2,942,0.04168490692973137,0.9821428656578064
l_curve_2,943,0.04160315915942192,0.9821428656578064
l_curve_2,944,0.04154682159423828,0.9821428656578064
l_curve_2,945,0.04135773703455925,0.9821428656578064
l_curve_2,946,0.04134814813733101,0.9821428656578064
l_curve_2,947,0.041252501308918,0.9821428656578064
l_curve_2,948,0.041291721165180206,0.9821428656578064
l_curve_2,949,0.04119925573468208,0.9821428656578064
l_curve_2,950,0.04104212671518326,0.9821428656578064
l_curve_2,951,0.04087868705391884,0.9821428656578064
l_curve_2,952,0.040787141770124435,0.9821428656578064
l_curve_2,953,0.04084283486008644,0.9821428656578064
l_curve_2,954,0.04080227389931679,0.9821428656578064
l_curve_2,955,0.040706817060709,0.9821428656578064
l_curve_2,956,0.04053318873047829,0.9821428656578064
l_curve_2,957,0.04043792933225632,0.9821428656578064
l_curve_2,958,0.04036414995789528,0.9821428656578064
l_curve_2,959,0.04028897359967232,0.9821428656578064
l_curve_2,960,0.040228717029094696,0.9821428656578064
l_curve_2,961,0.04012327268719673,0.9821428656578064
l_curve_2,962,0.04012482613325119,0.9821428656578064
l_curve_2,963,0.04005734995007515,0.9821428656578064
l_curve_2,964,0.03999028727412224,0.9821428656578064
l_curve_2,965,0.039853744208812714,0.9821428656578064
l_curve_2,966,0.039764437824487686,0.9821428656578064
l_curve_2,967,0.03957853466272354,0.9821428656578064
l_curve_2,968,0.03958182781934738,0.9821428656578064
l_curve_2,969,0.03944546729326248,0.9821428656578064
l_curve_2,970,0.03933904692530632,0.9821428656578064
l_curve_2,971,0.0393427349627018,0.9821428656578064
l_curve_2,972,0.03922415152192116,0.9821428656578064
l_curve_2,973,0.03912511095404625,0.9821428656578064
l_curve_2,974,0.03905540332198143,0.9821428656578064
l_curve_2,975,0.038955897092819214,0.9821428656578064
l_curve_2,976,0.03891650214791298,0.9821428656578064
l_curve_2,977,0.03887014463543892,0.9821428656578064
l_curve_2,978,0.03885096311569214,0.9821428656578064
l_curve_2,979,0.03875087946653366,0.9821428656578064
l_curve_2,980,0.0387403629720211,0.9821428656578064
l_curve_2,981,0.038635410368442535,0.9821428656578064
l_curve_2,982,0.038454215973615646,0.9821428656578064
l_curve_2,983,0.038363806903362274,0.9821428656578064
l_curve_2,984,0.038329217582941055,0.9821428656578064
l_curve_2,985,0.03831421583890915,0.9821428656578064
l_curve_2,986,0.03821152448654175,0.9821428656578064
l_curve_2,987,0.03808397427201271,0.9821428656578064
l_curve_2,988,0.037922319024801254,0.9821428656578064
l_curve_2,989,0.03792223706841469,0.9821428656578064
l_curve_2,990,0.037875883281230927,0.9821428656578064
l_curve_2,991,0.03779741749167442,0.9821428656578064
l_curve_2,992,0.03782385587692261,0.9821428656578064
l_curve_2,993,0.03766149654984474,0.9821428656578064
l_curve_2,994,0.037534959614276886,0.9821428656578064
l_curve_2,995,0.037562012672424316,0.9821428656578064
l_curve_2,996,0.03740721568465233,0.9821428656578064
l_curve_2,997,0.0373704619705677,0.9821428656578064
l_curve_2,998,0.03732693940401077,0.9821428656578064
l_curve_2,999,0.037249352782964706,0.9821428656578064
l_curve_2,1000,0.03715486079454422,0.9821428656578064
l_curve_2,1000,0.03715486079454422,0.9821428656578064
