client,round,loss,accuracy
l_curve_2,1,0.6480283737182617,0.8571428656578064
l_curve_2,2,0.6385726928710938,0.8571428656578064
l_curve_2,3,0.629196286201477,0.9047619104385376
l_curve_2,4,0.619859516620636,0.9523809552192688
l_curve_2,5,0.6100703477859497,0.9523809552192688
l_curve_2,6,0.6003044247627258,0.9523809552192688
l_curve_2,7,0.5903704166412354,0.9523809552192688
l_curve_2,8,0.580607533454895,0.9523809552192688
l_curve_2,9,0.5703325867652893,0.9523809552192688
l_curve_2,10,0.5598568916320801,0.9523809552192688
l_curve_2,11,0.5493861436843872,0.9523809552192688
l_curve_2,12,0.538385272026062,0.9523809552192688
l_curve_2,13,0.5274077653884888,0.9523809552192688
l_curve_2,14,0.5163882970809937,0.9523809552192688
l_curve_2,15,0.5054580569267273,0.9523809552192688
l_curve_2,16,0.49455124139785767,0.9523809552192688
l_curve_2,17,0.4836294949054718,0.9523809552192688
l_curve_2,18,0.47285783290863037,0.9523809552192688
l_curve_2,19,0.4624459445476532,0.9523809552192688
l_curve_2,20,0.45187532901763916,0.9523809552192688
l_curve_2,21,0.4415755569934845,0.9523809552192688
l_curve_2,22,0.4317540228366852,0.9523809552192688
l_curve_2,23,0.422208696603775,0.9523809552192688
l_curve_2,24,0.4129081964492798,0.9523809552192688
l_curve_2,25,0.4037127196788788,0.9523809552192688
l_curve_2,26,0.3947855532169342,0.9523809552192688
l_curve_2,27,0.3864400088787079,0.9523809552192688
l_curve_2,28,0.3787084221839905,0.9523809552192688
l_curve_2,29,0.37119320034980774,0.9523809552192688
l_curve_2,30,0.3640840947628021,0.9523809552192688
l_curve_2,31,0.35718780755996704,0.9523809552192688
l_curve_2,32,0.35087016224861145,0.9523809552192688
l_curve_2,33,0.3449331820011139,0.9523809552192688
l_curve_2,34,0.3392393887042999,0.9523809552192688
l_curve_2,35,0.3339475095272064,0.9523809552192688
l_curve_2,36,0.3289342224597931,0.9523809552192688
l_curve_2,37,0.3239724934101105,0.9523809552192688
l_curve_2,38,0.31910908222198486,0.9523809552192688
l_curve_2,39,0.3144083023071289,0.9523809552192688
l_curve_2,40,0.3103777766227722,0.9523809552192688
l_curve_2,41,0.3065667748451233,0.9523809552192688
l_curve_2,42,0.3026948571205139,0.9523809552192688
l_curve_2,43,0.29917463660240173,0.9523809552192688
l_curve_2,44,0.2956637144088745,0.9523809552192688
l_curve_2,45,0.29250699281692505,0.9523809552192688
l_curve_2,46,0.2892996370792389,0.9523809552192688
l_curve_2,47,0.2863480746746063,0.9523809552192688
l_curve_2,48,0.2833302915096283,0.9523809552192688
l_curve_2,49,0.28041520714759827,0.9523809552192688
l_curve_2,50,0.27778634428977966,0.9523809552192688
l_curve_2,51,0.2753615081310272,0.9523809552192688
l_curve_2,52,0.27310097217559814,0.9523809552192688
l_curve_2,53,0.27082541584968567,0.9523809552192688
l_curve_2,54,0.2686504125595093,0.9523809552192688
l_curve_2,55,0.26647743582725525,0.9523809552192688
l_curve_2,56,0.2646692991256714,0.9523809552192688
l_curve_2,57,0.2628501355648041,0.9523809552192688
l_curve_2,58,0.2612111568450928,0.9523809552192688
l_curve_2,59,0.25952470302581787,0.9523809552192688
l_curve_2,60,0.25776875019073486,0.9523809552192688
l_curve_2,61,0.2559479773044586,0.9523809552192688
l_curve_2,62,0.2543761134147644,0.9523809552192688
l_curve_2,63,0.2528998553752899,0.9523809552192688
l_curve_2,64,0.2515306770801544,0.9523809552192688
l_curve_2,65,0.2502567172050476,0.9523809552192688
l_curve_2,66,0.2492465227842331,0.9523809552192688
l_curve_2,67,0.2480005919933319,0.9523809552192688
l_curve_2,68,0.24697117507457733,0.9523809552192688
l_curve_2,69,0.2455424964427948,0.9523809552192688
l_curve_2,70,0.24406389892101288,0.9523809552192688
l_curve_2,71,0.24260608851909637,0.9523809552192688
l_curve_2,72,0.24138791859149933,0.9523809552192688
l_curve_2,73,0.24017351865768433,0.9523809552192688
l_curve_2,74,0.23930944502353668,0.9523809552192688
l_curve_2,75,0.23826324939727783,0.9523809552192688
l_curve_2,76,0.23742243647575378,0.9523809552192688
l_curve_2,77,0.23633362352848053,0.9523809552192688
l_curve_2,78,0.2350752204656601,0.9523809552192688
l_curve_2,79,0.23416323959827423,0.9523809552192688
l_curve_2,80,0.2334417998790741,0.9523809552192688
l_curve_2,81,0.2327544391155243,0.9523809552192688
l_curve_2,82,0.23178841173648834,0.9523809552192688
l_curve_2,83,0.23066407442092896,0.9523809552192688
l_curve_2,84,0.2296907752752304,0.9523809552192688
l_curve_2,85,0.22865238785743713,0.9523809552192688
l_curve_2,86,0.22780367732048035,0.9523809552192688
l_curve_2,87,0.2271541804075241,0.9523809552192688
l_curve_2,88,0.2265632003545761,0.9523809552192688
l_curve_2,89,0.22603997588157654,0.9523809552192688
l_curve_2,90,0.22528783977031708,0.9523809552192688
l_curve_2,91,0.22469641268253326,0.9523809552192688
l_curve_2,92,0.2242201417684555,0.9523809552192688
l_curve_2,93,0.22328299283981323,0.9523809552192688
l_curve_2,94,0.22234705090522766,0.9523809552192688
l_curve_2,95,0.2216242402791977,0.9523809552192688
l_curve_2,96,0.22086212038993835,0.9523809552192688
l_curve_2,97,0.22032001614570618,0.9523809552192688
l_curve_2,98,0.21951648592948914,0.9523809552192688
l_curve_2,99,0.21868519484996796,0.9523809552192688
l_curve_2,100,0.21813851594924927,0.9523809552192688
l_curve_2,101,0.2177858054637909,0.9523809552192688
l_curve_2,102,0.21732056140899658,0.9523809552192688
l_curve_2,103,0.2163686454296112,0.9523809552192688
l_curve_2,104,0.2153927981853485,0.9523809552192688
l_curve_2,105,0.21466688811779022,0.9523809552192688
l_curve_2,106,0.21389411389827728,0.9523809552192688
l_curve_2,107,0.213342547416687,0.9523809552192688
l_curve_2,108,0.21281416714191437,0.9523809552192688
l_curve_2,109,0.21222560107707977,0.9523809552192688
l_curve_2,110,0.21163684129714966,0.9523809552192688
l_curve_2,111,0.21114122867584229,0.9523809552192688
l_curve_2,112,0.2104429304599762,0.9523809552192688
l_curve_2,113,0.2100643813610077,0.9523809552192688
l_curve_2,114,0.20962488651275635,0.9523809552192688
l_curve_2,115,0.20920519530773163,0.9523809552192688
l_curve_2,116,0.2083735167980194,0.9523809552192688
l_curve_2,117,0.2074275016784668,0.9523809552192688
l_curve_2,118,0.20673343539237976,0.9523809552192688
l_curve_2,119,0.20625440776348114,0.9523809552192688
l_curve_2,120,0.20563241839408875,0.9523809552192688
l_curve_2,121,0.20537203550338745,0.9523809552192688
l_curve_2,122,0.2047986537218094,0.9523809552192688
l_curve_2,123,0.20425762236118317,0.9523809552192688
l_curve_2,124,0.20350977778434753,0.9523809552192688
l_curve_2,125,0.2028026580810547,0.9523809552192688
l_curve_2,126,0.20240367949008942,0.9523809552192688
l_curve_2,127,0.2019818127155304,0.9523809552192688
l_curve_2,128,0.2014942616224289,0.9523809552192688
l_curve_2,129,0.2008630633354187,0.9523809552192688
l_curve_2,130,0.20037546753883362,0.9523809552192688
l_curve_2,131,0.1998380869626999,0.9523809552192688
l_curve_2,132,0.19956624507904053,0.9523809552192688
l_curve_2,133,0.19921588897705078,0.9523809552192688
l_curve_2,134,0.19862131774425507,0.9523809552192688
l_curve_2,135,0.19824089109897614,0.9523809552192688
l_curve_2,136,0.197850301861763,0.9523809552192688
l_curve_2,137,0.19709768891334534,0.9523809552192688
l_curve_2,138,0.1963919699192047,0.9523809552192688
l_curve_2,139,0.196124866604805,0.9523809552192688
l_curve_2,140,0.1961069107055664,0.9523809552192688
l_curve_2,141,0.19568583369255066,0.9523809552192688
l_curve_2,142,0.195220947265625,0.9523809552192688
l_curve_2,143,0.19459927082061768,0.9523809552192688
l_curve_2,144,0.19370801746845245,0.9523809552192688
l_curve_2,145,0.19289042055606842,0.9523809552192688
l_curve_2,146,0.19233505427837372,0.9523809552192688
l_curve_2,147,0.1918047070503235,0.9523809552192688
l_curve_2,148,0.1915687620639801,0.9523809552192688
l_curve_2,149,0.19131195545196533,0.9523809552192688
l_curve_2,150,0.1911793053150177,0.9523809552192688
l_curve_2,151,0.19097700715065002,0.9523809552192688
l_curve_2,152,0.19064947962760925,0.9523809552192688
l_curve_2,153,0.19022075831890106,0.9523809552192688
l_curve_2,154,0.18979986011981964,0.9523809552192688
l_curve_2,155,0.18947812914848328,0.9523809552192688
l_curve_2,156,0.189068004488945,0.9523809552192688
l_curve_2,157,0.1884618103504181,0.9523809552192688
l_curve_2,158,0.18791189789772034,0.9523809552192688
l_curve_2,159,0.1875123232603073,0.9523809552192688
l_curve_2,160,0.18721744418144226,0.9523809552192688
l_curve_2,161,0.18714605271816254,0.9523809552192688
l_curve_2,162,0.1867898553609848,0.9523809552192688
l_curve_2,163,0.1862577497959137,0.9523809552192688
l_curve_2,164,0.18583926558494568,0.9523809552192688
l_curve_2,165,0.18551470339298248,0.9523809552192688
l_curve_2,166,0.18529418110847473,0.9523809552192688
l_curve_2,167,0.18507742881774902,0.9523809552192688
l_curve_2,168,0.18460634350776672,0.9523809552192688
l_curve_2,169,0.18427561223506927,0.9523809552192688
l_curve_2,170,0.1840154379606247,0.9523809552192688
l_curve_2,171,0.18339593708515167,0.9523809552192688
l_curve_2,172,0.18295474350452423,0.9523809552192688
l_curve_2,173,0.18253634870052338,0.9523809552192688
l_curve_2,174,0.18213766813278198,0.9523809552192688
l_curve_2,175,0.1818491369485855,1.0
l_curve_2,176,0.1815466284751892,1.0
l_curve_2,177,0.18099632859230042,1.0
l_curve_2,178,0.18076030910015106,1.0
l_curve_2,179,0.18044719099998474,1.0
l_curve_2,180,0.18022719025611877,1.0
l_curve_2,181,0.1801118105649948,1.0
l_curve_2,182,0.1800539195537567,1.0
l_curve_2,183,0.17973482608795166,1.0
l_curve_2,184,0.17933389544487,1.0
l_curve_2,185,0.17904289066791534,1.0
l_curve_2,186,0.1790093630552292,1.0
l_curve_2,187,0.17897164821624756,1.0
l_curve_2,188,0.17850454151630402,1.0
l_curve_2,189,0.1780315786600113,1.0
l_curve_2,190,0.1774202138185501,1.0
l_curve_2,191,0.1769917756319046,1.0
l_curve_2,192,0.17652453482151031,1.0
l_curve_2,193,0.17598998546600342,1.0
l_curve_2,194,0.17607447504997253,1.0
l_curve_2,195,0.17605967819690704,1.0
l_curve_2,196,0.17604486644268036,1.0
l_curve_2,197,0.17559663951396942,1.0
l_curve_2,198,0.17486143112182617,1.0
l_curve_2,199,0.1744513362646103,1.0
l_curve_2,200,0.1741659939289093,1.0
l_curve_2,201,0.1737866997718811,1.0
l_curve_2,202,0.17364990711212158,1.0
l_curve_2,203,0.173161119222641,1.0
l_curve_2,204,0.1726003885269165,1.0
l_curve_2,205,0.17219708859920502,1.0
l_curve_2,206,0.17153403162956238,1.0
l_curve_2,207,0.1710798591375351,1.0
l_curve_2,208,0.17087043821811676,1.0
l_curve_2,209,0.17036983370780945,1.0
l_curve_2,210,0.17030175030231476,1.0
l_curve_2,211,0.17039670050144196,1.0
l_curve_2,212,0.17025475203990936,1.0
l_curve_2,213,0.17020633816719055,1.0
l_curve_2,214,0.16984620690345764,1.0
l_curve_2,215,0.16944992542266846,1.0
l_curve_2,216,0.16910365223884583,1.0
l_curve_2,217,0.1686537116765976,1.0
l_curve_2,218,0.16819311678409576,1.0
l_curve_2,219,0.16790813207626343,1.0
l_curve_2,220,0.16747529804706573,1.0
l_curve_2,221,0.16728109121322632,1.0
l_curve_2,222,0.16717472672462463,1.0
l_curve_2,223,0.16687996685504913,1.0
l_curve_2,224,0.1666751354932785,1.0
l_curve_2,225,0.1665033996105194,1.0
l_curve_2,226,0.16629894077777863,1.0
l_curve_2,227,0.16615933179855347,1.0
l_curve_2,228,0.16608679294586182,1.0
l_curve_2,229,0.1656523048877716,1.0
l_curve_2,230,0.16544581949710846,1.0
l_curve_2,231,0.16520704329013824,1.0
l_curve_2,232,0.16458068788051605,1.0
l_curve_2,233,0.16416753828525543,1.0
l_curve_2,234,0.16395819187164307,1.0
l_curve_2,235,0.16330817341804504,1.0
l_curve_2,236,0.16288574039936066,1.0
l_curve_2,237,0.16263097524642944,1.0
l_curve_2,238,0.16231253743171692,1.0
l_curve_2,239,0.1620766818523407,1.0
l_curve_2,240,0.1617642194032669,1.0
l_curve_2,241,0.16123397648334503,1.0
l_curve_2,242,0.16111575067043304,1.0
l_curve_2,243,0.16109682619571686,1.0
l_curve_2,244,0.16090171039104462,1.0
l_curve_2,245,0.16051343083381653,1.0
l_curve_2,246,0.15988975763320923,1.0
l_curve_2,247,0.15947964787483215,1.0
l_curve_2,248,0.1592872589826584,1.0
l_curve_2,249,0.1588175892829895,1.0
l_curve_2,250,0.15829402208328247,1.0
l_curve_2,251,0.15804794430732727,1.0
l_curve_2,252,0.15777242183685303,1.0
l_curve_2,253,0.1574302613735199,1.0
l_curve_2,254,0.15692929923534393,1.0
l_curve_2,255,0.15678873658180237,1.0
l_curve_2,256,0.15657870471477509,1.0
l_curve_2,257,0.15613120794296265,1.0
l_curve_2,258,0.15602293610572815,1.0
l_curve_2,259,0.1556476205587387,1.0
l_curve_2,260,0.15518639981746674,1.0
l_curve_2,261,0.15459232032299042,1.0
l_curve_2,262,0.15414664149284363,1.0
l_curve_2,263,0.15382598340511322,1.0
l_curve_2,264,0.15338802337646484,1.0
l_curve_2,265,0.15316703915596008,1.0
l_curve_2,266,0.1525486260652542,1.0
l_curve_2,267,0.15197493135929108,1.0
l_curve_2,268,0.15149572491645813,1.0
l_curve_2,269,0.15107110142707825,1.0
l_curve_2,270,0.15052913129329681,1.0
l_curve_2,271,0.15020114183425903,1.0
l_curve_2,272,0.14971676468849182,1.0
l_curve_2,273,0.149576336145401,1.0
l_curve_2,274,0.1493738889694214,1.0
l_curve_2,275,0.14944195747375488,1.0
l_curve_2,276,0.14914365112781525,1.0
l_curve_2,277,0.14891576766967773,1.0
l_curve_2,278,0.14859716594219208,1.0
l_curve_2,279,0.14804144203662872,1.0
l_curve_2,280,0.1476190686225891,1.0
l_curve_2,281,0.1472954899072647,1.0
l_curve_2,282,0.14696195721626282,1.0
l_curve_2,283,0.14655199646949768,1.0
l_curve_2,284,0.14595487713813782,1.0
l_curve_2,285,0.14545349776744843,1.0
l_curve_2,286,0.1453252136707306,1.0
l_curve_2,287,0.14491890370845795,1.0
l_curve_2,288,0.14438660442829132,1.0
l_curve_2,289,0.1440144032239914,1.0
l_curve_2,290,0.1438072770833969,1.0
l_curve_2,291,0.1435304433107376,1.0
l_curve_2,292,0.1431017965078354,1.0
l_curve_2,293,0.1426832675933838,1.0
l_curve_2,294,0.14212825894355774,1.0
l_curve_2,295,0.14176097512245178,1.0
l_curve_2,296,0.14121763408184052,1.0
l_curve_2,297,0.1408277153968811,1.0
l_curve_2,298,0.14054284989833832,1.0
l_curve_2,299,0.13988664746284485,1.0
l_curve_2,300,0.13949427008628845,1.0
l_curve_2,301,0.13908535242080688,1.0
l_curve_2,302,0.1384584903717041,1.0
l_curve_2,303,0.13777415454387665,1.0
l_curve_2,304,0.13742241263389587,1.0
l_curve_2,305,0.13700330257415771,1.0
l_curve_2,306,0.13675664365291595,1.0
l_curve_2,307,0.1366068720817566,1.0
l_curve_2,308,0.1365378051996231,1.0
l_curve_2,309,0.13650767505168915,1.0
l_curve_2,310,0.13604693114757538,1.0
l_curve_2,311,0.1354070007801056,1.0
l_curve_2,312,0.13517692685127258,1.0
l_curve_2,313,0.13478003442287445,1.0
l_curve_2,314,0.13423681259155273,1.0
l_curve_2,315,0.13350585103034973,1.0
l_curve_2,316,0.13295981287956238,1.0
l_curve_2,317,0.13255272805690765,1.0
l_curve_2,318,0.13198573887348175,1.0
l_curve_2,319,0.13169075548648834,1.0
l_curve_2,320,0.13129928708076477,1.0
l_curve_2,321,0.130968376994133,1.0
l_curve_2,322,0.1307298094034195,1.0
l_curve_2,323,0.1302516758441925,1.0
l_curve_2,324,0.12988440692424774,1.0
l_curve_2,325,0.12934736907482147,1.0
l_curve_2,326,0.12916620075702667,1.0
l_curve_2,327,0.1288195103406906,1.0
l_curve_2,328,0.12837497889995575,1.0
l_curve_2,329,0.12809917330741882,1.0
l_curve_2,330,0.12752337753772736,1.0
l_curve_2,331,0.1271948516368866,1.0
l_curve_2,332,0.12672460079193115,1.0
l_curve_2,333,0.12626077234745026,1.0
l_curve_2,334,0.1259293556213379,1.0
l_curve_2,335,0.12540271878242493,1.0
l_curve_2,336,0.12475685775279999,1.0
l_curve_2,337,0.12416316568851471,1.0
l_curve_2,338,0.12381508201360703,1.0
l_curve_2,339,0.12357507646083832,1.0
l_curve_2,340,0.12328334152698517,1.0
l_curve_2,341,0.12304588407278061,1.0
l_curve_2,342,0.12260688096284866,1.0
l_curve_2,343,0.12192078679800034,1.0
l_curve_2,344,0.12145695090293884,1.0
l_curve_2,345,0.12106984108686447,1.0
l_curve_2,346,0.12039388716220856,1.0
l_curve_2,347,0.12002582848072052,1.0
l_curve_2,348,0.11946576833724976,1.0
l_curve_2,349,0.11925546079874039,1.0
l_curve_2,350,0.11876870691776276,1.0
l_curve_2,351,0.11817844957113266,1.0
l_curve_2,352,0.1178513839840889,1.0
l_curve_2,353,0.11771609634160995,1.0
l_curve_2,354,0.11755457520484924,1.0
l_curve_2,355,0.11702150106430054,1.0
l_curve_2,356,0.11626701056957245,1.0
l_curve_2,357,0.11567995697259903,1.0
l_curve_2,358,0.11482666432857513,1.0
l_curve_2,359,0.11435851454734802,1.0
l_curve_2,360,0.11397723108530045,1.0
l_curve_2,361,0.11368308961391449,1.0
l_curve_2,362,0.1132839173078537,1.0
l_curve_2,363,0.1130426824092865,1.0
l_curve_2,364,0.11259676516056061,1.0
l_curve_2,365,0.11207645386457443,1.0
l_curve_2,366,0.11161161959171295,1.0
l_curve_2,367,0.11120601743459702,1.0
l_curve_2,368,0.11081988364458084,1.0
l_curve_2,369,0.1105813980102539,1.0
l_curve_2,370,0.11012012511491776,1.0
l_curve_2,371,0.1096259281039238,1.0
l_curve_2,372,0.10910313576459885,1.0
l_curve_2,373,0.10855299979448318,1.0
l_curve_2,374,0.10821845382452011,1.0
l_curve_2,375,0.107811339199543,1.0
l_curve_2,376,0.10740461945533752,1.0
l_curve_2,377,0.10697156190872192,1.0
l_curve_2,378,0.10655112564563751,1.0
l_curve_2,379,0.10623294115066528,1.0
l_curve_2,380,0.10570856183767319,1.0
l_curve_2,381,0.10526932030916214,1.0
l_curve_2,382,0.1051374152302742,1.0
l_curve_2,383,0.1045183539390564,1.0
l_curve_2,384,0.10390685498714447,1.0
l_curve_2,385,0.103488989174366,1.0
l_curve_2,386,0.10293370485305786,1.0
l_curve_2,387,0.10238944739103317,1.0
l_curve_2,388,0.10207825899124146,1.0
l_curve_2,389,0.10199548304080963,1.0
l_curve_2,390,0.10153850167989731,1.0
l_curve_2,391,0.10110954195261002,1.0
l_curve_2,392,0.10066032409667969,1.0
l_curve_2,393,0.10017015784978867,1.0
l_curve_2,394,0.09974505007266998,1.0
l_curve_2,395,0.099253349006176,1.0
l_curve_2,396,0.09902799874544144,1.0
l_curve_2,397,0.09870251268148422,1.0
l_curve_2,398,0.09850430488586426,1.0
l_curve_2,399,0.09796885401010513,1.0
l_curve_2,400,0.09756894409656525,1.0
l_curve_2,401,0.09715662896633148,1.0
l_curve_2,402,0.09680773317813873,1.0
l_curve_2,403,0.09636739641427994,1.0
l_curve_2,404,0.09595825523138046,1.0
l_curve_2,405,0.09543739259243011,1.0
l_curve_2,406,0.09498868882656097,1.0
l_curve_2,407,0.09449239820241928,1.0
l_curve_2,408,0.0940471813082695,1.0
l_curve_2,409,0.09354330599308014,1.0
l_curve_2,410,0.09323384612798691,1.0
l_curve_2,411,0.09296192228794098,1.0
l_curve_2,412,0.09246991574764252,1.0
l_curve_2,413,0.09192224591970444,1.0
l_curve_2,414,0.09153398126363754,1.0
l_curve_2,415,0.09142670035362244,1.0
l_curve_2,416,0.09122221916913986,1.0
l_curve_2,417,0.09072790294885635,1.0
l_curve_2,418,0.09006070345640182,1.0
l_curve_2,419,0.08967040479183197,1.0
l_curve_2,420,0.08918151259422302,1.0
l_curve_2,421,0.08884695917367935,1.0
l_curve_2,422,0.0884632021188736,1.0
l_curve_2,423,0.0882130041718483,1.0
l_curve_2,424,0.08782096952199936,1.0
l_curve_2,425,0.08741165697574615,1.0
l_curve_2,426,0.08717868477106094,1.0
l_curve_2,427,0.0870533213019371,1.0
l_curve_2,428,0.08687995374202728,1.0
l_curve_2,429,0.08654613047838211,1.0
l_curve_2,430,0.0859885886311531,1.0
l_curve_2,431,0.08531640470027924,1.0
l_curve_2,432,0.08482462912797928,1.0
l_curve_2,433,0.08430659770965576,1.0
l_curve_2,434,0.08373409509658813,1.0
l_curve_2,435,0.08308258652687073,1.0
l_curve_2,436,0.08273564279079437,1.0
l_curve_2,437,0.08249855041503906,1.0
l_curve_2,438,0.08203805238008499,1.0
l_curve_2,439,0.08165277540683746,1.0
l_curve_2,440,0.08139035105705261,1.0
l_curve_2,441,0.08113447576761246,1.0
l_curve_2,442,0.08073358237743378,1.0
l_curve_2,443,0.08045059442520142,1.0
l_curve_2,444,0.08034595102071762,1.0
l_curve_2,445,0.08015605807304382,1.0
l_curve_2,446,0.0798591673374176,1.0
l_curve_2,447,0.07926257699728012,1.0
l_curve_2,448,0.07893973588943481,1.0
l_curve_2,449,0.07845769822597504,1.0
l_curve_2,450,0.07803492248058319,1.0
l_curve_2,451,0.07763423025608063,1.0
l_curve_2,452,0.07744196802377701,1.0
l_curve_2,453,0.07700194418430328,1.0
l_curve_2,454,0.07679545134305954,1.0
l_curve_2,455,0.07638705521821976,1.0
l_curve_2,456,0.07595478743314743,1.0
l_curve_2,457,0.07566343992948532,1.0
l_curve_2,458,0.07544802129268646,1.0
l_curve_2,459,0.07517605274915695,1.0
l_curve_2,460,0.07479216158390045,1.0
l_curve_2,461,0.07443217188119888,1.0
l_curve_2,462,0.07413595914840698,1.0
l_curve_2,463,0.0739481970667839,1.0
l_curve_2,464,0.07370384782552719,1.0
l_curve_2,465,0.07338327169418335,1.0
l_curve_2,466,0.07318323105573654,1.0
l_curve_2,467,0.07276571542024612,1.0
l_curve_2,468,0.07244249433279037,1.0
l_curve_2,469,0.07196048647165298,1.0
l_curve_2,470,0.07146098464727402,1.0
l_curve_2,471,0.07114697992801666,1.0
l_curve_2,472,0.07111410051584244,1.0
l_curve_2,473,0.07106305658817291,1.0
l_curve_2,474,0.07071452587842941,1.0
l_curve_2,475,0.07029138505458832,1.0
l_curve_2,476,0.06993996351957321,1.0
l_curve_2,477,0.06978563964366913,1.0
l_curve_2,478,0.06944352388381958,1.0
l_curve_2,479,0.06897372007369995,1.0
l_curve_2,480,0.06858066469430923,1.0
l_curve_2,481,0.06815820187330246,1.0
l_curve_2,482,0.06787411868572235,1.0
l_curve_2,483,0.0675402358174324,1.0
l_curve_2,484,0.06741634011268616,1.0
l_curve_2,485,0.06722089648246765,1.0
l_curve_2,486,0.06687061488628387,1.0
l_curve_2,487,0.06654360145330429,1.0
l_curve_2,488,0.06622546911239624,1.0
l_curve_2,489,0.06594054400920868,1.0
l_curve_2,490,0.0658249780535698,1.0
l_curve_2,491,0.06559228897094727,1.0
l_curve_2,492,0.06514418870210648,1.0
l_curve_2,493,0.06479950994253159,1.0
l_curve_2,494,0.06457412987947464,1.0
l_curve_2,495,0.0642198696732521,1.0
l_curve_2,496,0.06408175826072693,1.0
l_curve_2,497,0.0638311356306076,1.0
l_curve_2,498,0.06355530768632889,1.0
l_curve_2,499,0.06332442909479141,1.0
l_curve_2,500,0.06302306056022644,1.0
l_curve_2,501,0.06288090348243713,1.0
l_curve_2,502,0.06268821656703949,1.0
l_curve_2,503,0.062396470457315445,1.0
l_curve_2,504,0.06194203346967697,1.0
l_curve_2,505,0.0616665780544281,1.0
l_curve_2,506,0.06143433600664139,1.0
l_curve_2,507,0.061257731169462204,1.0
l_curve_2,508,0.06111109256744385,1.0
l_curve_2,509,0.060819972306489944,1.0
l_curve_2,510,0.06063311547040939,1.0
l_curve_2,511,0.06041327491402626,1.0
l_curve_2,512,0.060048989951610565,1.0
l_curve_2,513,0.05985327437520027,1.0
l_curve_2,514,0.05945625156164169,1.0
l_curve_2,515,0.05906137824058533,1.0
l_curve_2,516,0.058812566101551056,1.0
l_curve_2,517,0.05860799178481102,1.0
l_curve_2,518,0.058454956859350204,1.0
l_curve_2,519,0.05817786976695061,1.0
l_curve_2,520,0.05789085105061531,1.0
l_curve_2,521,0.05753297358751297,1.0
l_curve_2,522,0.05721922591328621,1.0
l_curve_2,523,0.05698644369840622,1.0
l_curve_2,524,0.05695701763033867,1.0
l_curve_2,525,0.05657642334699631,1.0
l_curve_2,526,0.0561569407582283,1.0
l_curve_2,527,0.05593009293079376,1.0
l_curve_2,528,0.055802684277296066,1.0
l_curve_2,529,0.055645767599344254,1.0
l_curve_2,530,0.05558731034398079,1.0
l_curve_2,531,0.05523752421140671,1.0
l_curve_2,532,0.05493022873997688,1.0
l_curve_2,533,0.054760269820690155,1.0
l_curve_2,534,0.05463496968150139,1.0
l_curve_2,535,0.05442926287651062,1.0
l_curve_2,536,0.05411484092473984,1.0
l_curve_2,537,0.05383516103029251,1.0
l_curve_2,538,0.05370107293128967,1.0
l_curve_2,539,0.05345708504319191,1.0
l_curve_2,540,0.053062863647937775,1.0
l_curve_2,541,0.052883993834257126,1.0
l_curve_2,542,0.05271495133638382,1.0
l_curve_2,543,0.05233900249004364,1.0
l_curve_2,544,0.0520642027258873,1.0
l_curve_2,545,0.05192440375685692,1.0
l_curve_2,546,0.05196359008550644,1.0
l_curve_2,547,0.051853567361831665,1.0
l_curve_2,548,0.05168667808175087,1.0
l_curve_2,549,0.051468998193740845,1.0
l_curve_2,550,0.05129687115550041,1.0
l_curve_2,551,0.051092322915792465,1.0
l_curve_2,552,0.05077606812119484,1.0
l_curve_2,553,0.05062682926654816,1.0
l_curve_2,554,0.05034748837351799,1.0
l_curve_2,555,0.05001664161682129,1.0
l_curve_2,556,0.04981737956404686,1.0
l_curve_2,557,0.04946284741163254,1.0
l_curve_2,558,0.04919448867440224,1.0
l_curve_2,559,0.04898887127637863,1.0
l_curve_2,560,0.04877590388059616,1.0
l_curve_2,561,0.048674922436475754,1.0
l_curve_2,562,0.0486236996948719,1.0
l_curve_2,563,0.04849694296717644,1.0
l_curve_2,564,0.048153702169656754,1.0
l_curve_2,565,0.04799330234527588,1.0
l_curve_2,566,0.04781986400485039,1.0
l_curve_2,567,0.047621987760066986,1.0
l_curve_2,568,0.047342367470264435,1.0
l_curve_2,569,0.047173600643873215,1.0
l_curve_2,570,0.047077395021915436,1.0
l_curve_2,571,0.046923790127038956,1.0
l_curve_2,572,0.046794481575489044,1.0
l_curve_2,573,0.046607811003923416,1.0
l_curve_2,574,0.046417832374572754,1.0
l_curve_2,575,0.04620121791958809,1.0
l_curve_2,576,0.04615040123462677,1.0
l_curve_2,577,0.0461103729903698,1.0
l_curve_2,578,0.04582337662577629,1.0
l_curve_2,579,0.045598048716783524,1.0
l_curve_2,580,0.04546600952744484,1.0
l_curve_2,581,0.0452982597053051,1.0
l_curve_2,582,0.04516761004924774,1.0
l_curve_2,583,0.044996727257966995,1.0
l_curve_2,584,0.044843778014183044,1.0
l_curve_2,585,0.04459095746278763,1.0
l_curve_2,586,0.044328171759843826,1.0
l_curve_2,587,0.04409404098987579,1.0
l_curve_2,588,0.04394178465008736,1.0
l_curve_2,589,0.04382234439253807,1.0
l_curve_2,590,0.04372818395495415,1.0
l_curve_2,591,0.04356341063976288,1.0
l_curve_2,592,0.043456755578517914,1.0
l_curve_2,593,0.04329777508974075,1.0
l_curve_2,594,0.0431821271777153,1.0
l_curve_2,595,0.04298932105302811,1.0
l_curve_2,596,0.04286962375044823,1.0
l_curve_2,597,0.04280448704957962,1.0
l_curve_2,598,0.04258161038160324,1.0
l_curve_2,599,0.04225137084722519,1.0
l_curve_2,600,0.04199542850255966,1.0
l_curve_2,601,0.04173481464385986,1.0
l_curve_2,602,0.04162808135151863,1.0
l_curve_2,603,0.04144793003797531,1.0
l_curve_2,604,0.041423000395298004,1.0
l_curve_2,605,0.04135190695524216,1.0
l_curve_2,606,0.041165392845869064,1.0
l_curve_2,607,0.0409708209335804,1.0
l_curve_2,608,0.040903523564338684,1.0
l_curve_2,609,0.040703803300857544,1.0
l_curve_2,610,0.04061499610543251,1.0
l_curve_2,611,0.04046595096588135,1.0
l_curve_2,612,0.040413759648799896,1.0
l_curve_2,613,0.04030049219727516,1.0
l_curve_2,614,0.040205568075180054,1.0
l_curve_2,615,0.04001375660300255,1.0
l_curve_2,616,0.03988644480705261,1.0
l_curve_2,617,0.03968798369169235,1.0
l_curve_2,618,0.039446841925382614,1.0
l_curve_2,619,0.03915943577885628,1.0
l_curve_2,620,0.03894440457224846,1.0
l_curve_2,621,0.03873076289892197,1.0
l_curve_2,622,0.03868141770362854,1.0
l_curve_2,623,0.038596730679273605,1.0
l_curve_2,624,0.03856275603175163,1.0
l_curve_2,625,0.0384301133453846,1.0
l_curve_2,626,0.038247376680374146,1.0
l_curve_2,627,0.03805026039481163,1.0
l_curve_2,628,0.037910472601652145,1.0
l_curve_2,629,0.03783413767814636,1.0
l_curve_2,630,0.037765633314847946,1.0
l_curve_2,631,0.037602752447128296,1.0
l_curve_2,632,0.037452276796102524,1.0
l_curve_2,633,0.037205714732408524,1.0
l_curve_2,634,0.037006963044404984,1.0
l_curve_2,635,0.03677685931324959,1.0
l_curve_2,636,0.03672955185174942,1.0
l_curve_2,637,0.036707647144794464,1.0
l_curve_2,638,0.03660134598612785,1.0
l_curve_2,639,0.03639458864927292,1.0
l_curve_2,640,0.036194074898958206,1.0
l_curve_2,641,0.0359838530421257,1.0
l_curve_2,642,0.03594205528497696,1.0
l_curve_2,643,0.035984106361866,1.0
l_curve_2,644,0.03586237132549286,1.0
l_curve_2,645,0.03572005406022072,1.0
l_curve_2,646,0.03557264804840088,1.0
l_curve_2,647,0.03537899628281593,1.0
l_curve_2,648,0.035097140818834305,1.0
l_curve_2,649,0.03500662371516228,1.0
l_curve_2,650,0.034764572978019714,1.0
l_curve_2,651,0.03456449508666992,1.0
l_curve_2,652,0.03437815234065056,1.0
l_curve_2,653,0.03431443125009537,1.0
l_curve_2,654,0.034140683710575104,1.0
l_curve_2,655,0.034014780074357986,1.0
l_curve_2,656,0.03391674533486366,1.0
l_curve_2,657,0.03387785702943802,1.0
l_curve_2,658,0.03378111869096756,1.0
l_curve_2,659,0.03372101113200188,1.0
l_curve_2,660,0.03358478844165802,1.0
l_curve_2,661,0.03339913487434387,1.0
l_curve_2,662,0.03326151892542839,1.0
l_curve_2,663,0.033265598118305206,1.0
l_curve_2,664,0.033161912113428116,1.0
l_curve_2,665,0.033092331141233444,1.0
l_curve_2,666,0.03299394249916077,1.0
l_curve_2,667,0.032940786331892014,1.0
l_curve_2,668,0.032981026917696,1.0
l_curve_2,669,0.0329282246530056,1.0
l_curve_2,670,0.03284083679318428,1.0
l_curve_2,671,0.03257734328508377,1.0
l_curve_2,672,0.032481901347637177,1.0
l_curve_2,673,0.03236432746052742,1.0
l_curve_2,674,0.03222079947590828,1.0
l_curve_2,675,0.031993553042411804,1.0
l_curve_2,676,0.031877774745225906,1.0
l_curve_2,677,0.03173331916332245,1.0
l_curve_2,678,0.03160656616091728,1.0
l_curve_2,679,0.03150049224495888,1.0
l_curve_2,680,0.031353238970041275,1.0
l_curve_2,681,0.0312986746430397,1.0
l_curve_2,682,0.03124360740184784,1.0
l_curve_2,683,0.0310516394674778,1.0
l_curve_2,684,0.03089863620698452,1.0
l_curve_2,685,0.030867621302604675,1.0
l_curve_2,686,0.03079882077872753,1.0
l_curve_2,687,0.030600830912590027,1.0
l_curve_2,688,0.03027995675802231,1.0
l_curve_2,689,0.03017597272992134,1.0
l_curve_2,690,0.030147628858685493,1.0
l_curve_2,691,0.030085811391472816,1.0
l_curve_2,692,0.030000079423189163,1.0
l_curve_2,693,0.029907910153269768,1.0
l_curve_2,694,0.029876675456762314,1.0
l_curve_2,695,0.029717227444052696,1.0
l_curve_2,696,0.029694637283682823,1.0
l_curve_2,697,0.02957340143620968,1.0
l_curve_2,698,0.02946939878165722,1.0
l_curve_2,699,0.02936614118516445,1.0
l_curve_2,700,0.02930455282330513,1.0
l_curve_2,701,0.0292197298258543,1.0
l_curve_2,702,0.029118185862898827,1.0
l_curve_2,703,0.02902487851679325,1.0
l_curve_2,704,0.029027637094259262,1.0
l_curve_2,705,0.02894558757543564,1.0
l_curve_2,706,0.02876010164618492,1.0
l_curve_2,707,0.028602078557014465,1.0
l_curve_2,708,0.028497440740466118,1.0
l_curve_2,709,0.028393343091011047,1.0
l_curve_2,710,0.028298519551753998,1.0
l_curve_2,711,0.02820107713341713,1.0
l_curve_2,712,0.028168315067887306,1.0
l_curve_2,713,0.028023838996887207,1.0
l_curve_2,714,0.02778254821896553,1.0
l_curve_2,715,0.02759416401386261,1.0
l_curve_2,716,0.02749834954738617,1.0
l_curve_2,717,0.027547070756554604,1.0
l_curve_2,718,0.027525613084435463,1.0
l_curve_2,719,0.027434218674898148,1.0
l_curve_2,720,0.027395715937018394,1.0
l_curve_2,721,0.027189167216420174,1.0
l_curve_2,722,0.02707134187221527,1.0
l_curve_2,723,0.026988733559846878,1.0
l_curve_2,724,0.026882192119956017,1.0
l_curve_2,725,0.026764852926135063,1.0
l_curve_2,726,0.026687439531087875,1.0
l_curve_2,727,0.026624377816915512,1.0
l_curve_2,728,0.026680197566747665,1.0
l_curve_2,729,0.026705589145421982,1.0
l_curve_2,730,0.026635130867362022,1.0
l_curve_2,731,0.026518546044826508,1.0
l_curve_2,732,0.026341963559389114,1.0
l_curve_2,733,0.026156041771173477,1.0
l_curve_2,734,0.025931958109140396,1.0
l_curve_2,735,0.02580755390226841,1.0
l_curve_2,736,0.025779707357287407,1.0
l_curve_2,737,0.025781171396374702,1.0
l_curve_2,738,0.02570638433098793,1.0
l_curve_2,739,0.025671936571598053,1.0
l_curve_2,740,0.025624439120292664,1.0
l_curve_2,741,0.025612469762563705,1.0
l_curve_2,742,0.02557559870183468,1.0
l_curve_2,743,0.02549063041806221,1.0
l_curve_2,744,0.025363808497786522,1.0
l_curve_2,745,0.025188235566020012,1.0
l_curve_2,746,0.025102589279413223,1.0
l_curve_2,747,0.02494659274816513,1.0
l_curve_2,748,0.024859830737113953,1.0
l_curve_2,749,0.02477182075381279,1.0
l_curve_2,750,0.02470806986093521,1.0
l_curve_2,751,0.024701334536075592,1.0
l_curve_2,752,0.024642711505293846,1.0
l_curve_2,753,0.0245729461312294,1.0
l_curve_2,754,0.02442510612308979,1.0
l_curve_2,755,0.02428092621266842,1.0
l_curve_2,756,0.024163512513041496,1.0
l_curve_2,757,0.024142758920788765,1.0
l_curve_2,758,0.024074994027614594,1.0
l_curve_2,759,0.024029893800616264,1.0
l_curve_2,760,0.0241031926125288,1.0
l_curve_2,761,0.024081707000732422,1.0
l_curve_2,762,0.02417314611375332,1.0
l_curve_2,763,0.024189693853259087,1.0
l_curve_2,764,0.023987682536244392,1.0
l_curve_2,765,0.023789653554558754,1.0
l_curve_2,766,0.02364140748977661,1.0
l_curve_2,767,0.023515984416007996,1.0
l_curve_2,768,0.02340724878013134,1.0
l_curve_2,769,0.02342015504837036,1.0
l_curve_2,770,0.023404093459248543,1.0
l_curve_2,771,0.023245135322213173,1.0
l_curve_2,772,0.023155584931373596,1.0
l_curve_2,773,0.023099854588508606,1.0
l_curve_2,774,0.023075029253959656,1.0
l_curve_2,775,0.022933151572942734,1.0
l_curve_2,776,0.02277408167719841,1.0
l_curve_2,777,0.022720912471413612,1.0
l_curve_2,778,0.022593626752495766,1.0
l_curve_2,779,0.02259988710284233,1.0
l_curve_2,780,0.02264091558754444,1.0
l_curve_2,781,0.022522304207086563,1.0
l_curve_2,782,0.022393837571144104,1.0
l_curve_2,783,0.022279592230916023,1.0
l_curve_2,784,0.0222027525305748,1.0
l_curve_2,785,0.022146977484226227,1.0
l_curve_2,786,0.022159984335303307,1.0
l_curve_2,787,0.02205229550600052,1.0
l_curve_2,788,0.021917805075645447,1.0
l_curve_2,789,0.021881701424717903,1.0
l_curve_2,790,0.021846238523721695,1.0
l_curve_2,791,0.02180914580821991,1.0
l_curve_2,792,0.021707475185394287,1.0
l_curve_2,793,0.021674664691090584,1.0
l_curve_2,794,0.021674759685993195,1.0
l_curve_2,795,0.02166849561035633,1.0
l_curve_2,796,0.021558111533522606,1.0
l_curve_2,797,0.021463127806782722,1.0
l_curve_2,798,0.021400533616542816,1.0
l_curve_2,799,0.02122250385582447,1.0
l_curve_2,800,0.021100779995322227,1.0
l_curve_2,801,0.02105386182665825,1.0
l_curve_2,802,0.021060815081000328,1.0
l_curve_2,803,0.021018879488110542,1.0
l_curve_2,804,0.0209086574614048,1.0
l_curve_2,805,0.020866284146904945,1.0
l_curve_2,806,0.02081344835460186,1.0
l_curve_2,807,0.02072349190711975,1.0
l_curve_2,808,0.020669937133789062,1.0
l_curve_2,809,0.020596057176589966,1.0
l_curve_2,810,0.020575249567627907,1.0
l_curve_2,811,0.020486099645495415,1.0
l_curve_2,812,0.020427195355296135,1.0
l_curve_2,813,0.020268384367227554,1.0
l_curve_2,814,0.02004065364599228,1.0
l_curve_2,815,0.019998077303171158,1.0
l_curve_2,816,0.019964102655649185,1.0
l_curve_2,817,0.02005195803940296,1.0
l_curve_2,818,0.020070990547537804,1.0
l_curve_2,819,0.020010406151413918,1.0
l_curve_2,820,0.019924970343708992,1.0
l_curve_2,821,0.019814079627394676,1.0
l_curve_2,822,0.019854631274938583,1.0
l_curve_2,823,0.019872330129146576,1.0
l_curve_2,824,0.019821995869278908,1.0
l_curve_2,825,0.019620239734649658,1.0
l_curve_2,826,0.019552165642380714,1.0
l_curve_2,827,0.019555769860744476,1.0
l_curve_2,828,0.01964716985821724,1.0
l_curve_2,829,0.019622066989541054,1.0
l_curve_2,830,0.019630031660199165,1.0
l_curve_2,831,0.019529160112142563,1.0
l_curve_2,832,0.01934990845620632,1.0
l_curve_2,833,0.019117645919322968,1.0
l_curve_2,834,0.0189520251005888,1.0
l_curve_2,835,0.01891612634062767,1.0
l_curve_2,836,0.018921667709946632,1.0
l_curve_2,837,0.018837377429008484,1.0
l_curve_2,838,0.018833469599485397,1.0
l_curve_2,839,0.018775438889861107,1.0
l_curve_2,840,0.01882798969745636,1.0
l_curve_2,841,0.01877661608159542,1.0
l_curve_2,842,0.01870296150445938,1.0
l_curve_2,843,0.01861243136227131,1.0
l_curve_2,844,0.018530378118157387,1.0
l_curve_2,845,0.018453139811754227,1.0
l_curve_2,846,0.01841943897306919,1.0
l_curve_2,847,0.018358973786234856,1.0
l_curve_2,848,0.018382791429758072,1.0
l_curve_2,849,0.01838194951415062,1.0
l_curve_2,850,0.018307438120245934,1.0
l_curve_2,851,0.018226955085992813,1.0
l_curve_2,852,0.01812056452035904,1.0
l_curve_2,853,0.018060311675071716,1.0
l_curve_2,854,0.018008451908826828,1.0
l_curve_2,855,0.01790829561650753,1.0
l_curve_2,856,0.017863508313894272,1.0
l_curve_2,857,0.017768699675798416,1.0
l_curve_2,858,0.0176932904869318,1.0
l_curve_2,859,0.017605308443307877,1.0
l_curve_2,860,0.017568234354257584,1.0
l_curve_2,861,0.01747211627662182,1.0
l_curve_2,862,0.017300233244895935,1.0
l_curve_2,863,0.017246777191758156,1.0
l_curve_2,864,0.017173700034618378,1.0
l_curve_2,865,0.01719597727060318,1.0
l_curve_2,866,0.017218247056007385,1.0
l_curve_2,867,0.01717541366815567,1.0
l_curve_2,868,0.01716037094593048,1.0
l_curve_2,869,0.017105374485254288,1.0
l_curve_2,870,0.017082026228308678,1.0
l_curve_2,871,0.017076952382922173,1.0
l_curve_2,872,0.01707412861287594,1.0
l_curve_2,873,0.01700463332235813,1.0
l_curve_2,874,0.0169475469738245,1.0
l_curve_2,875,0.016904165968298912,1.0
l_curve_2,876,0.01688101515173912,1.0
l_curve_2,877,0.016845719888806343,1.0
l_curve_2,878,0.01674499735236168,1.0
l_curve_2,879,0.016673455014824867,1.0
l_curve_2,880,0.016630269587039948,1.0
l_curve_2,881,0.016578638926148415,1.0
l_curve_2,882,0.0165572427213192,1.0
l_curve_2,883,0.01653590425848961,1.0
l_curve_2,884,0.016486773267388344,1.0
l_curve_2,885,0.016395743936300278,1.0
l_curve_2,886,0.016237296164035797,1.0
l_curve_2,887,0.01619105227291584,1.0
l_curve_2,888,0.01613076590001583,1.0
l_curve_2,889,0.016105812042951584,1.0
l_curve_2,890,0.0161045640707016,1.0
l_curve_2,891,0.016078781336545944,1.0
l_curve_2,892,0.0160041656345129,1.0
l_curve_2,893,0.015866030007600784,1.0
l_curve_2,894,0.015775788575410843,1.0
l_curve_2,895,0.015780139714479446,1.0
l_curve_2,896,0.01578451693058014,1.0
l_curve_2,897,0.015839386731386185,1.0
l_curve_2,898,0.01582506112754345,1.0
l_curve_2,899,0.015776360407471657,1.0
l_curve_2,900,0.015738509595394135,1.0
l_curve_2,901,0.015775930136442184,1.0
l_curve_2,902,0.0156980212777853,1.0
l_curve_2,903,0.0155556071549654,1.0
l_curve_2,904,0.01539743784815073,1.0
l_curve_2,905,0.015286754816770554,1.0
l_curve_2,906,0.015235344879329205,1.0
l_curve_2,907,0.015238330699503422,1.0
l_curve_2,908,0.015177878551185131,1.0
l_curve_2,909,0.015097756870090961,1.0
l_curve_2,910,0.015031741000711918,1.0
l_curve_2,911,0.015038542449474335,1.0
l_curve_2,912,0.0150303915143013,1.0
l_curve_2,913,0.015001808293163776,1.0
l_curve_2,914,0.015028335154056549,1.0
l_curve_2,915,0.01495593786239624,1.0
l_curve_2,916,0.014901683665812016,1.0
l_curve_2,917,0.014852301217615604,1.0
l_curve_2,918,0.014772258698940277,1.0
l_curve_2,919,0.014746861532330513,1.0
l_curve_2,920,0.014704360626637936,1.0
l_curve_2,921,0.01462556328624487,1.0
l_curve_2,922,0.014537133276462555,1.0
l_curve_2,923,0.014473380520939827,1.0
l_curve_2,924,0.01447218656539917,1.0
l_curve_2,925,0.014450697228312492,1.0
l_curve_2,926,0.014484242536127567,1.0
l_curve_2,927,0.014486380852758884,1.0
l_curve_2,928,0.014526120387017727,1.0
l_curve_2,929,0.014480278827250004,1.0
l_curve_2,930,0.01446519885212183,1.0
l_curve_2,931,0.014443960972130299,1.0
l_curve_2,932,0.014360005035996437,1.0
l_curve_2,933,0.014343691989779472,1.0
l_curve_2,934,0.01432963740080595,1.0
l_curve_2,935,0.01428077183663845,1.0
l_curve_2,936,0.014206026680767536,1.0
l_curve_2,937,0.01410598587244749,1.0
l_curve_2,938,0.01401119027286768,1.0
l_curve_2,939,0.013995823450386524,1.0
l_curve_2,940,0.014020837843418121,1.0
l_curve_2,941,0.013985994271934032,1.0
l_curve_2,942,0.01395967323333025,1.0
l_curve_2,943,0.013901786878705025,1.0
l_curve_2,944,0.013715808279812336,1.0
l_curve_2,945,0.013613224029541016,1.0
l_curve_2,946,0.013668190687894821,1.0
l_curve_2,947,0.013721940107643604,1.0
l_curve_2,948,0.013703666627407074,1.0
l_curve_2,949,0.013607862405478954,1.0
l_curve_2,950,0.013637510128319263,1.0
l_curve_2,951,0.013627510517835617,1.0
l_curve_2,952,0.013574709184467793,1.0
l_curve_2,953,0.013523695059120655,1.0
l_curve_2,954,0.013484232127666473,1.0
l_curve_2,955,0.01345728151500225,1.0
l_curve_2,956,0.0134409349411726,1.0
l_curve_2,957,0.01333987433463335,1.0
l_curve_2,958,0.013256232254207134,1.0
l_curve_2,959,0.013189014978706837,1.0
l_curve_2,960,0.013218631036579609,1.0
l_curve_2,961,0.013165108859539032,1.0
l_curve_2,962,0.013109052553772926,1.0
l_curve_2,963,0.01307748630642891,1.0
l_curve_2,964,0.012942652218043804,1.0
l_curve_2,965,0.012829885818064213,1.0
l_curve_2,966,0.012743527069687843,1.0
l_curve_2,967,0.01273806020617485,1.0
l_curve_2,968,0.01273997500538826,1.0
l_curve_2,969,0.01271317433565855,1.0
l_curve_2,970,0.012662647292017937,1.0
l_curve_2,971,0.012613708153367043,1.0
l_curve_2,972,0.012633442878723145,1.0
l_curve_2,973,0.012591887265443802,1.0
l_curve_2,974,0.012541098520159721,1.0
l_curve_2,975,0.01249718852341175,1.0
l_curve_2,976,0.012450017035007477,1.0
l_curve_2,977,0.012408430688083172,1.0
l_curve_2,978,0.01241881214082241,1.0
l_curve_2,979,0.012457703240215778,1.0
l_curve_2,980,0.012471454218029976,1.0
l_curve_2,981,0.012519406154751778,1.0
l_curve_2,982,0.012528782710433006,1.0
l_curve_2,983,0.012442309409379959,1.0
l_curve_2,984,0.012413243763148785,1.0
l_curve_2,985,0.012354598380625248,1.0
l_curve_2,986,0.012294759042561054,1.0
l_curve_2,987,0.012191279791295528,1.0
l_curve_2,988,0.012129610404372215,1.0
l_curve_2,989,0.012112649157643318,1.0
l_curve_2,990,0.012084776535630226,1.0
l_curve_2,991,0.01202564686536789,1.0
l_curve_2,992,0.011969983577728271,1.0
l_curve_2,993,0.011945000849664211,1.0
l_curve_2,994,0.011896677315235138,1.0
l_curve_2,995,0.011862126179039478,1.0
l_curve_2,996,0.011872634291648865,1.0
l_curve_2,997,0.011832973919808865,1.0
l_curve_2,998,0.011788994073867798,1.0
l_curve_2,999,0.011742223985493183,1.0
l_curve_2,1000,0.011729742400348186,1.0
l_curve_2,1000,0.011729742400348186,1.0
