client,round,loss,accuracy
l_curve_3,1,0.6521406769752502,0.8095238208770752
l_curve_3,2,0.6473234295845032,0.8571428656578064
l_curve_3,3,0.6421403884887695,0.8571428656578064
l_curve_3,4,0.636512041091919,0.8571428656578064
l_curve_3,5,0.630586564540863,0.8571428656578064
l_curve_3,6,0.62408846616745,0.8571428656578064
l_curve_3,7,0.6170746088027954,0.9047619104385376
l_curve_3,8,0.6094301342964172,0.9047619104385376
l_curve_3,9,0.6015157103538513,0.9047619104385376
l_curve_3,10,0.593174159526825,0.9047619104385376
l_curve_3,11,0.5844791531562805,0.9047619104385376
l_curve_3,12,0.5756195783615112,0.8571428656578064
l_curve_3,13,0.5664471387863159,0.8571428656578064
l_curve_3,14,0.5572145581245422,0.8571428656578064
l_curve_3,15,0.547776460647583,0.8571428656578064
l_curve_3,16,0.5383084416389465,0.8571428656578064
l_curve_3,17,0.5289884805679321,0.8571428656578064
l_curve_3,18,0.5196821093559265,0.8571428656578064
l_curve_3,19,0.5105158686637878,0.8095238208770752
l_curve_3,20,0.5016317367553711,0.8095238208770752
l_curve_3,21,0.4928929805755615,0.8095238208770752
l_curve_3,22,0.4843720495700836,0.8095238208770752
l_curve_3,23,0.47618746757507324,0.8095238208770752
l_curve_3,24,0.4683964252471924,0.8095238208770752
l_curve_3,25,0.4609554409980774,0.8095238208770752
l_curve_3,26,0.4538392424583435,0.8095238208770752
l_curve_3,27,0.4470005929470062,0.8095238208770752
l_curve_3,28,0.44043049216270447,0.8095238208770752
l_curve_3,29,0.4342454671859741,0.8095238208770752
l_curve_3,30,0.42835918068885803,0.8095238208770752
l_curve_3,31,0.422861248254776,0.8095238208770752
l_curve_3,32,0.4176136553287506,0.8095238208770752
l_curve_3,33,0.4127383530139923,0.8095238208770752
l_curve_3,34,0.4081519544124603,0.8095238208770752
l_curve_3,35,0.40377259254455566,0.8095238208770752
l_curve_3,36,0.399670273065567,0.8095238208770752
l_curve_3,37,0.3958476483821869,0.8095238208770752
l_curve_3,38,0.3922825753688812,0.8095238208770752
l_curve_3,39,0.38895145058631897,0.8095238208770752
l_curve_3,40,0.3857482671737671,0.8095238208770752
l_curve_3,41,0.3827243447303772,0.8095238208770752
l_curve_3,42,0.37992212176322937,0.8095238208770752
l_curve_3,43,0.3772667348384857,0.8571428656578064
l_curve_3,44,0.3747653067111969,0.8571428656578064
l_curve_3,45,0.37236034870147705,0.8571428656578064
l_curve_3,46,0.3701198101043701,0.8571428656578064
l_curve_3,47,0.3680124580860138,0.8571428656578064
l_curve_3,48,0.3660704791545868,0.8571428656578064
l_curve_3,49,0.36423221230506897,0.8571428656578064
l_curve_3,50,0.3624562621116638,0.8571428656578064
l_curve_3,51,0.36072126030921936,0.8571428656578064
l_curve_3,52,0.3590991497039795,0.8571428656578064
l_curve_3,53,0.3575666546821594,0.8571428656578064
l_curve_3,54,0.3561108410358429,0.8571428656578064
l_curve_3,55,0.35478854179382324,0.8571428656578064
l_curve_3,56,0.3535144329071045,0.8571428656578064
l_curve_3,57,0.35228896141052246,0.8571428656578064
l_curve_3,58,0.351114422082901,0.8571428656578064
l_curve_3,59,0.34999406337738037,0.8571428656578064
l_curve_3,60,0.3489394783973694,0.8571428656578064
l_curve_3,61,0.347944974899292,0.8571428656578064
l_curve_3,62,0.34697696566581726,0.8571428656578064
l_curve_3,63,0.34603285789489746,0.8571428656578064
l_curve_3,64,0.34512701630592346,0.8571428656578064
l_curve_3,65,0.3442557752132416,0.8571428656578064
l_curve_3,66,0.3434160649776459,0.8571428656578064
l_curve_3,67,0.3426471948623657,0.8571428656578064
l_curve_3,68,0.34187930822372437,0.8571428656578064
l_curve_3,69,0.34117698669433594,0.8571428656578064
l_curve_3,70,0.34053176641464233,0.8571428656578064
l_curve_3,71,0.33988115191459656,0.8571428656578064
l_curve_3,72,0.33924776315689087,0.8571428656578064
l_curve_3,73,0.33864399790763855,0.8571428656578064
l_curve_3,74,0.3380555510520935,0.8571428656578064
l_curve_3,75,0.33747389912605286,0.8571428656578064
l_curve_3,76,0.3369258642196655,0.8571428656578064
l_curve_3,77,0.33642101287841797,0.8571428656578064
l_curve_3,78,0.3359324038028717,0.8571428656578064
l_curve_3,79,0.33543452620506287,0.8571428656578064
l_curve_3,80,0.33492520451545715,0.8571428656578064
l_curve_3,81,0.3344423770904541,0.8571428656578064
l_curve_3,82,0.3339872658252716,0.8571428656578064
l_curve_3,83,0.33356356620788574,0.8571428656578064
l_curve_3,84,0.33316007256507874,0.8571428656578064
l_curve_3,85,0.3327725827693939,0.8571428656578064
l_curve_3,86,0.33237940073013306,0.8571428656578064
l_curve_3,87,0.3319821357727051,0.8571428656578064
l_curve_3,88,0.3315872251987457,0.8571428656578064
l_curve_3,89,0.3311985433101654,0.8571428656578064
l_curve_3,90,0.33082112669944763,0.8571428656578064
l_curve_3,91,0.33046039938926697,0.8571428656578064
l_curve_3,92,0.3300970196723938,0.8571428656578064
l_curve_3,93,0.32974305748939514,0.8571428656578064
l_curve_3,94,0.32940661907196045,0.8571428656578064
l_curve_3,95,0.3290729224681854,0.8571428656578064
l_curve_3,96,0.32875075936317444,0.8571428656578064
l_curve_3,97,0.32844120264053345,0.8571428656578064
l_curve_3,98,0.3281261920928955,0.8571428656578064
l_curve_3,99,0.32782813906669617,0.8571428656578064
l_curve_3,100,0.32750383019447327,0.8571428656578064
l_curve_3,101,0.32717186212539673,0.8571428656578064
l_curve_3,102,0.3268514573574066,0.8571428656578064
l_curve_3,103,0.3265479803085327,0.8571428656578064
l_curve_3,104,0.3262469470500946,0.8571428656578064
l_curve_3,105,0.3259301781654358,0.8571428656578064
l_curve_3,106,0.32561951875686646,0.8571428656578064
l_curve_3,107,0.325314462184906,0.8571428656578064
l_curve_3,108,0.3250083327293396,0.8571428656578064
l_curve_3,109,0.3247016668319702,0.8571428656578064
l_curve_3,110,0.3243883550167084,0.8571428656578064
l_curve_3,111,0.3240603804588318,0.8571428656578064
l_curve_3,112,0.3237450122833252,0.8571428656578064
l_curve_3,113,0.32341963052749634,0.8571428656578064
l_curve_3,114,0.32309645414352417,0.8571428656578064
l_curve_3,115,0.32279613614082336,0.8571428656578064
l_curve_3,116,0.3224979341030121,0.8571428656578064
l_curve_3,117,0.3222079873085022,0.8571428656578064
l_curve_3,118,0.3219015598297119,0.8571428656578064
l_curve_3,119,0.32157063484191895,0.8571428656578064
l_curve_3,120,0.3212433159351349,0.8571428656578064
l_curve_3,121,0.32091259956359863,0.8571428656578064
l_curve_3,122,0.3205936849117279,0.8571428656578064
l_curve_3,123,0.32027095556259155,0.8571428656578064
l_curve_3,124,0.31994596123695374,0.8571428656578064
l_curve_3,125,0.3196398913860321,0.8571428656578064
l_curve_3,126,0.3193187117576599,0.8571428656578064
l_curve_3,127,0.3189747631549835,0.8571428656578064
l_curve_3,128,0.318648099899292,0.8571428656578064
l_curve_3,129,0.3183543086051941,0.8571428656578064
l_curve_3,130,0.3180350065231323,0.8571428656578064
l_curve_3,131,0.31772154569625854,0.8571428656578064
l_curve_3,132,0.31738463044166565,0.8571428656578064
l_curve_3,133,0.31705915927886963,0.8571428656578064
l_curve_3,134,0.31671079993247986,0.8571428656578064
l_curve_3,135,0.31634876132011414,0.8571428656578064
l_curve_3,136,0.3159966766834259,0.8571428656578064
l_curve_3,137,0.31566929817199707,0.8571428656578064
l_curve_3,138,0.31534886360168457,0.8571428656578064
l_curve_3,139,0.31502845883369446,0.8571428656578064
l_curve_3,140,0.3147079348564148,0.8571428656578064
l_curve_3,141,0.31437385082244873,0.8571428656578064
l_curve_3,142,0.3140430748462677,0.8571428656578064
l_curve_3,143,0.313715398311615,0.8571428656578064
l_curve_3,144,0.31339824199676514,0.8571428656578064
l_curve_3,145,0.31307923793792725,0.8571428656578064
l_curve_3,146,0.31275591254234314,0.8571428656578064
l_curve_3,147,0.31240639090538025,0.8571428656578064
l_curve_3,148,0.3120437264442444,0.8571428656578064
l_curve_3,149,0.3116935193538666,0.8571428656578064
l_curve_3,150,0.31136077642440796,0.8571428656578064
l_curve_3,151,0.3110122084617615,0.8571428656578064
l_curve_3,152,0.31068921089172363,0.8571428656578064
l_curve_3,153,0.3103659152984619,0.8571428656578064
l_curve_3,154,0.3100336492061615,0.8571428656578064
l_curve_3,155,0.30968835949897766,0.8571428656578064
l_curve_3,156,0.30936160683631897,0.8571428656578064
l_curve_3,157,0.3090469539165497,0.8571428656578064
l_curve_3,158,0.3087320923805237,0.8571428656578064
l_curve_3,159,0.30838096141815186,0.8571428656578064
l_curve_3,160,0.3080187737941742,0.8571428656578064
l_curve_3,161,0.3076678514480591,0.8571428656578064
l_curve_3,162,0.3073313534259796,0.8571428656578064
l_curve_3,163,0.30699700117111206,0.8571428656578064
l_curve_3,164,0.30666983127593994,0.8571428656578064
l_curve_3,165,0.30633148550987244,0.8571428656578064
l_curve_3,166,0.3060023784637451,0.8571428656578064
l_curve_3,167,0.30566996335983276,0.8571428656578064
l_curve_3,168,0.305342435836792,0.8571428656578064
l_curve_3,169,0.3050149083137512,0.8571428656578064
l_curve_3,170,0.30469661951065063,0.8571428656578064
l_curve_3,171,0.30436185002326965,0.8571428656578064
l_curve_3,172,0.3040122091770172,0.8571428656578064
l_curve_3,173,0.30369457602500916,0.8571428656578064
l_curve_3,174,0.3033754229545593,0.8571428656578064
l_curve_3,175,0.303039014339447,0.8571428656578064
l_curve_3,176,0.3027137219905853,0.8571428656578064
l_curve_3,177,0.3023914396762848,0.8571428656578064
l_curve_3,178,0.30206912755966187,0.8571428656578064
l_curve_3,179,0.301736056804657,0.8571428656578064
l_curve_3,180,0.30139175057411194,0.8571428656578064
l_curve_3,181,0.3010571599006653,0.8571428656578064
l_curve_3,182,0.3007207214832306,0.8571428656578064
l_curve_3,183,0.3003841042518616,0.8571428656578064
l_curve_3,184,0.3000425696372986,0.8571428656578064
l_curve_3,185,0.2997283339500427,0.8571428656578064
l_curve_3,186,0.29939618706703186,0.8571428656578064
l_curve_3,187,0.29903361201286316,0.8571428656578064
l_curve_3,188,0.2987419664859772,0.8571428656578064
l_curve_3,189,0.29842641949653625,0.8571428656578064
l_curve_3,190,0.2981133460998535,0.8571428656578064
l_curve_3,191,0.29777026176452637,0.8571428656578064
l_curve_3,192,0.2974255084991455,0.8571428656578064
l_curve_3,193,0.29710108041763306,0.8571428656578064
l_curve_3,194,0.2967417240142822,0.8571428656578064
l_curve_3,195,0.2963801324367523,0.8571428656578064
l_curve_3,196,0.2960566282272339,0.8571428656578064
l_curve_3,197,0.29577308893203735,0.8571428656578064
l_curve_3,198,0.2954978942871094,0.8571428656578064
l_curve_3,199,0.2951612174510956,0.8571428656578064
l_curve_3,200,0.2948225438594818,0.8571428656578064
l_curve_3,201,0.2945145070552826,0.8571428656578064
l_curve_3,202,0.2941496670246124,0.8571428656578064
l_curve_3,203,0.2938244044780731,0.8571428656578064
l_curve_3,204,0.29349222779273987,0.8571428656578064
l_curve_3,205,0.29314306378364563,0.8571428656578064
l_curve_3,206,0.29279038310050964,0.8571428656578064
l_curve_3,207,0.29242223501205444,0.8571428656578064
l_curve_3,208,0.2920718789100647,0.8571428656578064
l_curve_3,209,0.2917560935020447,0.8571428656578064
l_curve_3,210,0.2913978099822998,0.8571428656578064
l_curve_3,211,0.2910248041152954,0.8571428656578064
l_curve_3,212,0.290688693523407,0.8571428656578064
l_curve_3,213,0.29035404324531555,0.8571428656578064
l_curve_3,214,0.2900550961494446,0.8571428656578064
l_curve_3,215,0.2897217869758606,0.8571428656578064
l_curve_3,216,0.28939956426620483,0.8571428656578064
l_curve_3,217,0.2890862226486206,0.8571428656578064
l_curve_3,218,0.2887301743030548,0.8571428656578064
l_curve_3,219,0.2883665859699249,0.8571428656578064
l_curve_3,220,0.2880260944366455,0.8571428656578064
l_curve_3,221,0.287660151720047,0.8571428656578064
l_curve_3,222,0.2873097360134125,0.8571428656578064
l_curve_3,223,0.28696209192276,0.8571428656578064
l_curve_3,224,0.28658565878868103,0.8571428656578064
l_curve_3,225,0.2862081229686737,0.8571428656578064
l_curve_3,226,0.2858492434024811,0.8571428656578064
l_curve_3,227,0.2854919731616974,0.8571428656578064
l_curve_3,228,0.2850978374481201,0.8571428656578064
l_curve_3,229,0.2847437262535095,0.8571428656578064
l_curve_3,230,0.2843284010887146,0.8571428656578064
l_curve_3,231,0.283955454826355,0.8571428656578064
l_curve_3,232,0.2836119830608368,0.8571428656578064
l_curve_3,233,0.28325963020324707,0.8571428656578064
l_curve_3,234,0.2829171121120453,0.8571428656578064
l_curve_3,235,0.2825815677642822,0.8571428656578064
l_curve_3,236,0.2822008728981018,0.8571428656578064
l_curve_3,237,0.2817908823490143,0.8571428656578064
l_curve_3,238,0.28138458728790283,0.8571428656578064
l_curve_3,239,0.28098803758621216,0.8571428656578064
l_curve_3,240,0.2806069254875183,0.8571428656578064
l_curve_3,241,0.28025221824645996,0.8571428656578064
l_curve_3,242,0.2798241674900055,0.8571428656578064
l_curve_3,243,0.27940133213996887,0.8571428656578064
l_curve_3,244,0.27899953722953796,0.8571428656578064
l_curve_3,245,0.2785734236240387,0.8571428656578064
l_curve_3,246,0.278217077255249,0.8571428656578064
l_curve_3,247,0.2778462767601013,0.8571428656578064
l_curve_3,248,0.27742379903793335,0.8571428656578064
l_curve_3,249,0.27699223160743713,0.8571428656578064
l_curve_3,250,0.2766014039516449,0.8571428656578064
l_curve_3,251,0.27618131041526794,0.8571428656578064
l_curve_3,252,0.2757623493671417,0.8571428656578064
l_curve_3,253,0.2753210961818695,0.9047619104385376
l_curve_3,254,0.2748679518699646,0.9047619104385376
l_curve_3,255,0.27438902854919434,0.9047619104385376
l_curve_3,256,0.27397283911705017,0.9047619104385376
l_curve_3,257,0.2735480070114136,0.9047619104385376
l_curve_3,258,0.273070365190506,0.9047619104385376
l_curve_3,259,0.2726377844810486,0.9047619104385376
l_curve_3,260,0.2721685767173767,0.9047619104385376
l_curve_3,261,0.27172669768333435,0.9047619104385376
l_curve_3,262,0.27126628160476685,0.9047619104385376
l_curve_3,263,0.27080100774765015,0.9047619104385376
l_curve_3,264,0.27034223079681396,0.9047619104385376
l_curve_3,265,0.26985740661621094,0.9047619104385376
l_curve_3,266,0.26938480138778687,0.9047619104385376
l_curve_3,267,0.2689012587070465,0.9047619104385376
l_curve_3,268,0.2684211730957031,0.9047619104385376
l_curve_3,269,0.2679346203804016,0.9047619104385376
l_curve_3,270,0.26747584342956543,0.9047619104385376
l_curve_3,271,0.26693934202194214,0.9047619104385376
l_curve_3,272,0.26644426584243774,0.9047619104385376
l_curve_3,273,0.26589664816856384,0.9047619104385376
l_curve_3,274,0.26535844802856445,0.9047619104385376
l_curve_3,275,0.26478609442710876,0.9047619104385376
l_curve_3,276,0.26427778601646423,0.9047619104385376
l_curve_3,277,0.26376503705978394,0.9047619104385376
l_curve_3,278,0.2632313370704651,0.9047619104385376
l_curve_3,279,0.26273760199546814,0.9047619104385376
l_curve_3,280,0.26219913363456726,0.9047619104385376
l_curve_3,281,0.26165351271629333,0.9047619104385376
l_curve_3,282,0.2611464560031891,0.9047619104385376
l_curve_3,283,0.2606111168861389,0.9047619104385376
l_curve_3,284,0.2601155638694763,0.9047619104385376
l_curve_3,285,0.25958120822906494,0.9047619104385376
l_curve_3,286,0.2590213119983673,0.9047619104385376
l_curve_3,287,0.2584877610206604,0.9047619104385376
l_curve_3,288,0.2579617202281952,0.9047619104385376
l_curve_3,289,0.2574377655982971,0.9047619104385376
l_curve_3,290,0.2568765878677368,0.9047619104385376
l_curve_3,291,0.2563151717185974,0.9047619104385376
l_curve_3,292,0.2557893395423889,0.9047619104385376
l_curve_3,293,0.2552447021007538,0.9047619104385376
l_curve_3,294,0.2546941041946411,0.9047619104385376
l_curve_3,295,0.25412988662719727,0.9047619104385376
l_curve_3,296,0.2535417079925537,0.9047619104385376
l_curve_3,297,0.2529747188091278,0.9047619104385376
l_curve_3,298,0.25240272283554077,0.9047619104385376
l_curve_3,299,0.2518446743488312,0.9047619104385376
l_curve_3,300,0.25123801827430725,0.9047619104385376
l_curve_3,301,0.25061649084091187,0.9047619104385376
l_curve_3,302,0.2500460147857666,0.9047619104385376
l_curve_3,303,0.24947583675384521,0.9047619104385376
l_curve_3,304,0.2488616555929184,0.9047619104385376
l_curve_3,305,0.2482641339302063,0.9047619104385376
l_curve_3,306,0.24764831364154816,0.9047619104385376
l_curve_3,307,0.24701014161109924,0.9047619104385376
l_curve_3,308,0.24637481570243835,0.9047619104385376
l_curve_3,309,0.24575494229793549,0.9047619104385376
l_curve_3,310,0.24516300857067108,0.9047619104385376
l_curve_3,311,0.24459779262542725,0.9047619104385376
l_curve_3,312,0.2439732849597931,0.9047619104385376
l_curve_3,313,0.24336612224578857,0.9047619104385376
l_curve_3,314,0.24275653064250946,0.9047619104385376
l_curve_3,315,0.242150217294693,0.9047619104385376
l_curve_3,316,0.24155139923095703,0.9047619104385376
l_curve_3,317,0.24090991914272308,0.9047619104385376
l_curve_3,318,0.24029406905174255,0.9047619104385376
l_curve_3,319,0.2396443486213684,0.9047619104385376
l_curve_3,320,0.23901987075805664,0.9047619104385376
l_curve_3,321,0.23834379017353058,0.9047619104385376
l_curve_3,322,0.23768047988414764,0.9047619104385376
l_curve_3,323,0.2370307296514511,0.9047619104385376
l_curve_3,324,0.236366868019104,0.9047619104385376
l_curve_3,325,0.23572905361652374,0.9047619104385376
l_curve_3,326,0.2350488156080246,0.9047619104385376
l_curve_3,327,0.2344057410955429,0.9047619104385376
l_curve_3,328,0.23375138640403748,0.9047619104385376
l_curve_3,329,0.23309171199798584,0.9047619104385376
l_curve_3,330,0.2324611097574234,0.9047619104385376
l_curve_3,331,0.2317781150341034,0.9047619104385376
l_curve_3,332,0.23113055527210236,0.9047619104385376
l_curve_3,333,0.23046086728572845,0.9047619104385376
l_curve_3,334,0.22979840636253357,0.9047619104385376
l_curve_3,335,0.2291666865348816,0.9047619104385376
l_curve_3,336,0.2285510003566742,0.9047619104385376
l_curve_3,337,0.22792699933052063,0.9047619104385376
l_curve_3,338,0.22725284099578857,0.9047619104385376
l_curve_3,339,0.22658821940422058,0.9047619104385376
l_curve_3,340,0.225913867354393,0.9047619104385376
l_curve_3,341,0.22525158524513245,0.9047619104385376
l_curve_3,342,0.22458669543266296,0.9047619104385376
l_curve_3,343,0.22393949329853058,0.9047619104385376
l_curve_3,344,0.22328849136829376,0.9047619104385376
l_curve_3,345,0.22262026369571686,0.9047619104385376
l_curve_3,346,0.22198927402496338,0.9047619104385376
l_curve_3,347,0.22130464017391205,0.9047619104385376
l_curve_3,348,0.22064676880836487,0.9047619104385376
l_curve_3,349,0.21992023289203644,0.9047619104385376
l_curve_3,350,0.21923424303531647,0.9047619104385376
l_curve_3,351,0.21855533123016357,0.9047619104385376
l_curve_3,352,0.2178468406200409,0.9047619104385376
l_curve_3,353,0.2171194851398468,0.9047619104385376
l_curve_3,354,0.21640153229236603,0.9047619104385376
l_curve_3,355,0.2156991958618164,0.9047619104385376
l_curve_3,356,0.21503067016601562,0.9047619104385376
l_curve_3,357,0.21435591578483582,0.9047619104385376
l_curve_3,358,0.21371182799339294,0.9047619104385376
l_curve_3,359,0.213032066822052,0.9047619104385376
l_curve_3,360,0.21235565841197968,0.9047619104385376
l_curve_3,361,0.21163100004196167,0.9047619104385376
l_curve_3,362,0.21095548570156097,0.9047619104385376
l_curve_3,363,0.21024172008037567,0.9047619104385376
l_curve_3,364,0.20954851806163788,0.9047619104385376
l_curve_3,365,0.20888178050518036,0.9047619104385376
l_curve_3,366,0.20820236206054688,0.9047619104385376
l_curve_3,367,0.20750831067562103,0.9047619104385376
l_curve_3,368,0.20682162046432495,0.9047619104385376
l_curve_3,369,0.206105574965477,0.9047619104385376
l_curve_3,370,0.20542694628238678,0.9047619104385376
l_curve_3,371,0.2047579437494278,0.9047619104385376
l_curve_3,372,0.2041034996509552,0.9047619104385376
l_curve_3,373,0.20345626771450043,0.9047619104385376
l_curve_3,374,0.20273755490779877,0.9047619104385376
l_curve_3,375,0.20203351974487305,0.9047619104385376
l_curve_3,376,0.2013304978609085,0.9047619104385376
l_curve_3,377,0.20060959458351135,0.9047619104385376
l_curve_3,378,0.19990557432174683,0.9047619104385376
l_curve_3,379,0.19920140504837036,0.9047619104385376
l_curve_3,380,0.19854718446731567,0.9047619104385376
l_curve_3,381,0.19785088300704956,0.9047619104385376
l_curve_3,382,0.19711928069591522,0.9047619104385376
l_curve_3,383,0.19648252427577972,0.9047619104385376
l_curve_3,384,0.1958521008491516,0.9047619104385376
l_curve_3,385,0.19519229233264923,0.9047619104385376
l_curve_3,386,0.19455598294734955,0.9047619104385376
l_curve_3,387,0.19390490651130676,0.9047619104385376
l_curve_3,388,0.19320467114448547,0.9047619104385376
l_curve_3,389,0.19245056807994843,0.9047619104385376
l_curve_3,390,0.19177353382110596,0.9047619104385376
l_curve_3,391,0.19108715653419495,0.9047619104385376
l_curve_3,392,0.19039079546928406,0.9047619104385376
l_curve_3,393,0.18972353637218475,0.9047619104385376
l_curve_3,394,0.18906548619270325,0.9047619104385376
l_curve_3,395,0.18840567767620087,0.9047619104385376
l_curve_3,396,0.18768766522407532,0.9047619104385376
l_curve_3,397,0.18699410557746887,0.9047619104385376
l_curve_3,398,0.18630602955818176,0.9047619104385376
l_curve_3,399,0.18566060066223145,0.9047619104385376
l_curve_3,400,0.18499331176280975,0.9047619104385376
l_curve_3,401,0.18433350324630737,0.9047619104385376
l_curve_3,402,0.183664932847023,0.9047619104385376
l_curve_3,403,0.18298985064029694,0.9047619104385376
l_curve_3,404,0.1823282539844513,0.9047619104385376
l_curve_3,405,0.18166771531105042,0.9047619104385376
l_curve_3,406,0.1809927374124527,0.9047619104385376
l_curve_3,407,0.18034487962722778,0.9047619104385376
l_curve_3,408,0.17971184849739075,0.9047619104385376
l_curve_3,409,0.1790786236524582,0.9047619104385376
l_curve_3,410,0.17839817702770233,0.9047619104385376
l_curve_3,411,0.17770370841026306,0.9047619104385376
l_curve_3,412,0.17704890668392181,0.9047619104385376
l_curve_3,413,0.17641600966453552,0.9047619104385376
l_curve_3,414,0.17576023936271667,0.9047619104385376
l_curve_3,415,0.17504332959651947,0.9047619104385376
l_curve_3,416,0.17435404658317566,0.9047619104385376
l_curve_3,417,0.17373602092266083,0.9047619104385376
l_curve_3,418,0.17311955988407135,0.9047619104385376
l_curve_3,419,0.17247772216796875,0.9047619104385376
l_curve_3,420,0.1718774437904358,0.9047619104385376
l_curve_3,421,0.1712602823972702,0.9047619104385376
l_curve_3,422,0.17061297595500946,0.9047619104385376
l_curve_3,423,0.16994960606098175,0.9047619104385376
l_curve_3,424,0.1693112552165985,0.9047619104385376
l_curve_3,425,0.1686926782131195,0.9047619104385376
l_curve_3,426,0.16797660291194916,0.9047619104385376
l_curve_3,427,0.16726958751678467,0.9047619104385376
l_curve_3,428,0.16659729182720184,0.9047619104385376
l_curve_3,429,0.16593977808952332,0.9047619104385376
l_curve_3,430,0.16535383462905884,0.9047619104385376
l_curve_3,431,0.1647798717021942,0.9047619104385376
l_curve_3,432,0.16418308019638062,0.9047619104385376
l_curve_3,433,0.1636110544204712,0.9047619104385376
l_curve_3,434,0.1630319356918335,0.9047619104385376
l_curve_3,435,0.16249129176139832,0.9047619104385376
l_curve_3,436,0.16191570460796356,0.9047619104385376
l_curve_3,437,0.16129671037197113,0.9047619104385376
l_curve_3,438,0.1607021540403366,0.9047619104385376
l_curve_3,439,0.16011913120746613,0.9047619104385376
l_curve_3,440,0.15951648354530334,0.9047619104385376
l_curve_3,441,0.15892985463142395,0.9047619104385376
l_curve_3,442,0.1583145409822464,0.9047619104385376
l_curve_3,443,0.15770761668682098,0.9047619104385376
l_curve_3,444,0.15707962214946747,0.9047619104385376
l_curve_3,445,0.15643811225891113,0.9047619104385376
l_curve_3,446,0.1558261215686798,0.9047619104385376
l_curve_3,447,0.15526849031448364,0.9047619104385376
l_curve_3,448,0.1547064334154129,0.9047619104385376
l_curve_3,449,0.154156893491745,0.9047619104385376
l_curve_3,450,0.1535729020833969,0.9047619104385376
l_curve_3,451,0.15301665663719177,0.9047619104385376
l_curve_3,452,0.1524171531200409,0.9047619104385376
l_curve_3,453,0.15191520750522614,0.9047619104385376
l_curve_3,454,0.1513368785381317,0.9047619104385376
l_curve_3,455,0.15081088244915009,0.9047619104385376
l_curve_3,456,0.15027469396591187,0.9047619104385376
l_curve_3,457,0.14968329668045044,0.9047619104385376
l_curve_3,458,0.14907225966453552,0.9047619104385376
l_curve_3,459,0.14844071865081787,0.9047619104385376
l_curve_3,460,0.14788445830345154,0.9047619104385376
l_curve_3,461,0.147317573428154,0.9047619104385376
l_curve_3,462,0.14674817025661469,0.9047619104385376
l_curve_3,463,0.14615345001220703,0.9047619104385376
l_curve_3,464,0.14559797942638397,0.9047619104385376
l_curve_3,465,0.14505493640899658,0.9047619104385376
l_curve_3,466,0.14450451731681824,0.9047619104385376
l_curve_3,467,0.1439615935087204,0.9047619104385376
l_curve_3,468,0.14340269565582275,0.9047619104385376
l_curve_3,469,0.14288252592086792,0.9047619104385376
l_curve_3,470,0.14237439632415771,0.9047619104385376
l_curve_3,471,0.14183232188224792,0.9047619104385376
l_curve_3,472,0.14124834537506104,0.9047619104385376
l_curve_3,473,0.140668585896492,0.9047619104385376
l_curve_3,474,0.14017002284526825,0.9047619104385376
l_curve_3,475,0.13967207074165344,0.9047619104385376
l_curve_3,476,0.13913843035697937,0.9047619104385376
l_curve_3,477,0.13861514627933502,0.9047619104385376
l_curve_3,478,0.1381143480539322,0.9047619104385376
l_curve_3,479,0.13767583668231964,0.9047619104385376
l_curve_3,480,0.13719502091407776,0.9047619104385376
l_curve_3,481,0.13671086728572845,0.9047619104385376
l_curve_3,482,0.13622237741947174,0.9047619104385376
l_curve_3,483,0.13571903109550476,0.9047619104385376
l_curve_3,484,0.1352098435163498,0.9047619104385376
l_curve_3,485,0.13472910225391388,0.9047619104385376
l_curve_3,486,0.13424719870090485,0.9047619104385376
l_curve_3,487,0.13378150761127472,0.9047619104385376
l_curve_3,488,0.13331003487110138,0.9047619104385376
l_curve_3,489,0.13280503451824188,0.9047619104385376
l_curve_3,490,0.1322651505470276,0.9047619104385376
l_curve_3,491,0.13177475333213806,0.9047619104385376
l_curve_3,492,0.13136951625347137,0.9047619104385376
l_curve_3,493,0.13093793392181396,0.9047619104385376
l_curve_3,494,0.13043621182441711,0.9047619104385376
l_curve_3,495,0.1299576461315155,0.9047619104385376
l_curve_3,496,0.12942296266555786,0.9047619104385376
l_curve_3,497,0.12889370322227478,0.9047619104385376
l_curve_3,498,0.12840129435062408,0.9047619104385376
l_curve_3,499,0.1279265433549881,0.9047619104385376
l_curve_3,500,0.1274753212928772,0.9047619104385376
l_curve_3,501,0.12701646983623505,0.9047619104385376
l_curve_3,502,0.12654578685760498,0.9047619104385376
l_curve_3,503,0.126068577170372,0.9047619104385376
l_curve_3,504,0.12566328048706055,0.9047619104385376
l_curve_3,505,0.1252232789993286,0.9047619104385376
l_curve_3,506,0.12477713823318481,0.9047619104385376
l_curve_3,507,0.12432342767715454,0.9047619104385376
l_curve_3,508,0.12386391311883926,0.9047619104385376
l_curve_3,509,0.12339414656162262,0.9047619104385376
l_curve_3,510,0.12288731336593628,0.9047619104385376
l_curve_3,511,0.12240689992904663,0.9047619104385376
l_curve_3,512,0.12198179215192795,0.9047619104385376
l_curve_3,513,0.12152563780546188,0.9047619104385376
l_curve_3,514,0.12113694101572037,0.9047619104385376
l_curve_3,515,0.12075778096914291,0.9047619104385376
l_curve_3,516,0.12032274156808853,0.9047619104385376
l_curve_3,517,0.11988113075494766,0.9047619104385376
l_curve_3,518,0.1194363534450531,0.9047619104385376
l_curve_3,519,0.11903192102909088,0.9047619104385376
l_curve_3,520,0.11860854178667068,0.9047619104385376
l_curve_3,521,0.11822886765003204,0.9047619104385376
l_curve_3,522,0.1178114041686058,0.9047619104385376
l_curve_3,523,0.11733432114124298,0.9047619104385376
l_curve_3,524,0.11683867126703262,0.9047619104385376
l_curve_3,525,0.11646899580955505,0.9047619104385376
l_curve_3,526,0.11613945662975311,0.9047619104385376
l_curve_3,527,0.11576680839061737,0.9047619104385376
l_curve_3,528,0.11532805114984512,0.9047619104385376
l_curve_3,529,0.11488328874111176,0.9047619104385376
l_curve_3,530,0.11443649977445602,0.9047619104385376
l_curve_3,531,0.11408576369285583,0.9047619104385376
l_curve_3,532,0.11371298879384995,0.9047619104385376
l_curve_3,533,0.11328794062137604,0.9047619104385376
l_curve_3,534,0.11288157105445862,0.9047619104385376
l_curve_3,535,0.1125011295080185,0.9047619104385376
l_curve_3,536,0.11211869865655899,0.9047619104385376
l_curve_3,537,0.11174043267965317,0.9047619104385376
l_curve_3,538,0.11132127046585083,0.9047619104385376
l_curve_3,539,0.11094135046005249,0.9047619104385376
l_curve_3,540,0.1106020137667656,0.9047619104385376
l_curve_3,541,0.11019537597894669,0.9047619104385376
l_curve_3,542,0.10978512465953827,0.9047619104385376
l_curve_3,543,0.10945621132850647,0.9047619104385376
l_curve_3,544,0.10909076035022736,0.9047619104385376
l_curve_3,545,0.1087205559015274,0.9047619104385376
l_curve_3,546,0.10830956697463989,0.9047619104385376
l_curve_3,547,0.10791660845279694,0.9047619104385376
l_curve_3,548,0.10752265900373459,0.9047619104385376
l_curve_3,549,0.10714751482009888,0.9047619104385376
l_curve_3,550,0.10677944123744965,0.9047619104385376
l_curve_3,551,0.10637621581554413,0.9047619104385376
l_curve_3,552,0.10608206689357758,0.9047619104385376
l_curve_3,553,0.10571082681417465,0.9047619104385376
l_curve_3,554,0.1053859293460846,0.9047619104385376
l_curve_3,555,0.10503338277339935,0.9047619104385376
l_curve_3,556,0.1046908050775528,0.9047619104385376
l_curve_3,557,0.10442105680704117,0.9047619104385376
l_curve_3,558,0.10412434488534927,0.9047619104385376
l_curve_3,559,0.10381720960140228,0.9047619104385376
l_curve_3,560,0.10346957296133041,0.9047619104385376
l_curve_3,561,0.10312251001596451,0.9047619104385376
l_curve_3,562,0.1027478277683258,0.9047619104385376
l_curve_3,563,0.10236989706754684,0.9047619104385376
l_curve_3,564,0.10211203992366791,0.9047619104385376
l_curve_3,565,0.10178253799676895,0.9047619104385376
l_curve_3,566,0.10143110901117325,0.9047619104385376
l_curve_3,567,0.10106538236141205,0.9047619104385376
l_curve_3,568,0.10075410455465317,0.9047619104385376
l_curve_3,569,0.10039741545915604,0.9047619104385376
l_curve_3,570,0.10003002732992172,0.9047619104385376
l_curve_3,571,0.09968271851539612,0.9047619104385376
l_curve_3,572,0.09931688010692596,0.9047619104385376
l_curve_3,573,0.09902680665254593,0.9047619104385376
l_curve_3,574,0.09870511293411255,0.9047619104385376
l_curve_3,575,0.09837833046913147,0.9047619104385376
l_curve_3,576,0.09801537543535233,0.9047619104385376
l_curve_3,577,0.0976354256272316,0.9047619104385376
l_curve_3,578,0.09731725603342056,0.9047619104385376
l_curve_3,579,0.09702428430318832,0.9047619104385376
l_curve_3,580,0.096690833568573,0.9047619104385376
l_curve_3,581,0.09635210037231445,0.9047619104385376
l_curve_3,582,0.09599602967500687,0.9047619104385376
l_curve_3,583,0.09568775445222855,0.9047619104385376
l_curve_3,584,0.09535613656044006,0.9047619104385376
l_curve_3,585,0.095035620033741,0.9047619104385376
l_curve_3,586,0.09474653750658035,0.9047619104385376
l_curve_3,587,0.09447000920772552,0.9047619104385376
l_curve_3,588,0.0941401869058609,0.9047619104385376
l_curve_3,589,0.09382089227437973,0.9047619104385376
l_curve_3,590,0.09346817433834076,0.9047619104385376
l_curve_3,591,0.09316448867321014,0.9047619104385376
l_curve_3,592,0.09282142668962479,0.9047619104385376
l_curve_3,593,0.09249995648860931,0.9047619104385376
l_curve_3,594,0.09220125526189804,0.9047619104385376
l_curve_3,595,0.09193580597639084,0.9047619104385376
l_curve_3,596,0.091618113219738,0.9047619104385376
l_curve_3,597,0.09127708524465561,0.9047619104385376
l_curve_3,598,0.09099039435386658,0.9047619104385376
l_curve_3,599,0.09073493629693985,0.9523809552192688
l_curve_3,600,0.09048508107662201,0.9523809552192688
l_curve_3,601,0.09025195986032486,0.9523809552192688
l_curve_3,602,0.08993498235940933,0.9523809552192688
l_curve_3,603,0.08959933370351791,0.9523809552192688
l_curve_3,604,0.08925732225179672,0.9523809552192688
l_curve_3,605,0.08896452188491821,0.9523809552192688
l_curve_3,606,0.08869627863168716,0.9523809552192688
l_curve_3,607,0.08837363123893738,0.9523809552192688
l_curve_3,608,0.08807986974716187,0.9523809552192688
l_curve_3,609,0.08784982562065125,0.9523809552192688
l_curve_3,610,0.08758391439914703,0.9523809552192688
l_curve_3,611,0.08729154616594315,0.9523809552192688
l_curve_3,612,0.08693496137857437,0.9523809552192688
l_curve_3,613,0.08660301566123962,0.9523809552192688
l_curve_3,614,0.08628102391958237,0.9523809552192688
l_curve_3,615,0.08601289987564087,0.9523809552192688
l_curve_3,616,0.08572355657815933,0.9523809552192688
l_curve_3,617,0.08545666188001633,0.9523809552192688
l_curve_3,618,0.08516105264425278,0.9523809552192688
l_curve_3,619,0.0849253460764885,0.9523809552192688
l_curve_3,620,0.08468722552061081,0.9523809552192688
l_curve_3,621,0.08444410562515259,0.9523809552192688
l_curve_3,622,0.08416036516427994,0.9523809552192688
l_curve_3,623,0.08388622105121613,1.0
l_curve_3,624,0.08359593898057938,1.0
l_curve_3,625,0.08331293612718582,1.0
l_curve_3,626,0.08301855623722076,1.0
l_curve_3,627,0.08277633041143417,1.0
l_curve_3,628,0.08253004401922226,1.0
l_curve_3,629,0.08227494359016418,1.0
l_curve_3,630,0.08200456202030182,1.0
l_curve_3,631,0.08174429833889008,1.0
l_curve_3,632,0.08147261291742325,1.0
l_curve_3,633,0.08119899034500122,1.0
l_curve_3,634,0.08096324652433395,1.0
l_curve_3,635,0.08075281232595444,1.0
l_curve_3,636,0.08048269897699356,1.0
l_curve_3,637,0.08017559349536896,1.0
l_curve_3,638,0.07989613711833954,1.0
l_curve_3,639,0.0796523466706276,1.0
l_curve_3,640,0.07943768054246902,1.0
l_curve_3,641,0.07921407371759415,1.0
l_curve_3,642,0.0789247378706932,1.0
l_curve_3,643,0.07862867414951324,1.0
l_curve_3,644,0.07837431877851486,1.0
l_curve_3,645,0.07809481769800186,1.0
l_curve_3,646,0.07787834852933884,1.0
l_curve_3,647,0.07770591974258423,1.0
l_curve_3,648,0.0775090679526329,1.0
l_curve_3,649,0.07725293934345245,1.0
l_curve_3,650,0.07701865583658218,1.0
l_curve_3,651,0.07680793106555939,1.0
l_curve_3,652,0.07658563554286957,1.0
l_curve_3,653,0.07630021125078201,1.0
l_curve_3,654,0.07605893909931183,1.0
l_curve_3,655,0.07583211362361908,1.0
l_curve_3,656,0.07558280974626541,1.0
l_curve_3,657,0.07531823962926865,1.0
l_curve_3,658,0.07504768669605255,1.0
l_curve_3,659,0.07480215281248093,1.0
l_curve_3,660,0.07459013164043427,1.0
l_curve_3,661,0.07441037893295288,1.0
l_curve_3,662,0.07418344169855118,1.0
l_curve_3,663,0.07389446347951889,1.0
l_curve_3,664,0.07368183881044388,1.0
l_curve_3,665,0.07340642809867859,1.0
l_curve_3,666,0.07312377542257309,1.0
l_curve_3,667,0.07286624610424042,1.0
l_curve_3,668,0.07256942987442017,1.0
l_curve_3,669,0.07229683548212051,1.0
l_curve_3,670,0.07209857553243637,1.0
l_curve_3,671,0.07191506028175354,1.0
l_curve_3,672,0.07166042178869247,1.0
l_curve_3,673,0.07146073877811432,1.0
l_curve_3,674,0.07128499448299408,1.0
l_curve_3,675,0.07109606266021729,1.0
l_curve_3,676,0.07086387276649475,1.0
l_curve_3,677,0.07064136862754822,1.0
l_curve_3,678,0.07042666524648666,1.0
l_curve_3,679,0.07022417336702347,1.0
l_curve_3,680,0.07002250850200653,1.0
l_curve_3,681,0.06977246701717377,1.0
l_curve_3,682,0.06955347955226898,1.0
l_curve_3,683,0.0693744644522667,1.0
l_curve_3,684,0.06916855275630951,1.0
l_curve_3,685,0.06893114000558853,1.0
l_curve_3,686,0.06873141974210739,1.0
l_curve_3,687,0.06856586039066315,1.0
l_curve_3,688,0.06843243539333344,1.0
l_curve_3,689,0.0681958794593811,1.0
l_curve_3,690,0.06794677674770355,1.0
l_curve_3,691,0.06773785501718521,1.0
l_curve_3,692,0.06754055619239807,1.0
l_curve_3,693,0.06734762340784073,1.0
l_curve_3,694,0.06711264699697495,1.0
l_curve_3,695,0.06688915938138962,1.0
l_curve_3,696,0.06665325909852982,1.0
l_curve_3,697,0.0664963349699974,1.0
l_curve_3,698,0.06630963087081909,1.0
l_curve_3,699,0.06612717360258102,1.0
l_curve_3,700,0.06595150381326675,1.0
l_curve_3,701,0.06574318557977676,1.0
l_curve_3,702,0.06556916981935501,1.0
l_curve_3,703,0.06536660343408585,1.0
l_curve_3,704,0.0651208758354187,1.0
l_curve_3,705,0.0649324506521225,1.0
l_curve_3,706,0.06478040665388107,1.0
l_curve_3,707,0.06458340585231781,1.0
l_curve_3,708,0.06440725177526474,1.0
l_curve_3,709,0.06423617899417877,1.0
l_curve_3,710,0.06403220444917679,1.0
l_curve_3,711,0.06381098181009293,1.0
l_curve_3,712,0.06357777118682861,1.0
l_curve_3,713,0.06339501589536667,1.0
l_curve_3,714,0.06327150762081146,1.0
l_curve_3,715,0.06314069777727127,1.0
l_curve_3,716,0.06296531111001968,1.0
l_curve_3,717,0.06271828711032867,1.0
l_curve_3,718,0.06251335144042969,1.0
l_curve_3,719,0.06231512874364853,1.0
l_curve_3,720,0.06209299713373184,1.0
l_curve_3,721,0.061936650425195694,1.0
l_curve_3,722,0.061729639768600464,1.0
l_curve_3,723,0.06153188273310661,1.0
l_curve_3,724,0.061353184282779694,1.0
l_curve_3,725,0.06118656322360039,1.0
l_curve_3,726,0.06101008132100105,1.0
l_curve_3,727,0.06081337481737137,1.0
l_curve_3,728,0.06055673584342003,1.0
l_curve_3,729,0.0603528767824173,1.0
l_curve_3,730,0.06015869975090027,1.0
l_curve_3,731,0.05997733771800995,1.0
l_curve_3,732,0.0598200224339962,1.0
l_curve_3,733,0.05965258553624153,1.0
l_curve_3,734,0.05955132842063904,1.0
l_curve_3,735,0.0594303272664547,1.0
l_curve_3,736,0.05928115174174309,1.0
l_curve_3,737,0.05908748134970665,1.0
l_curve_3,738,0.05889527127146721,1.0
l_curve_3,739,0.058703500777482986,1.0
l_curve_3,740,0.05852784588932991,1.0
l_curve_3,741,0.05831653252243996,1.0
l_curve_3,742,0.058115024119615555,1.0
l_curve_3,743,0.057948481291532516,1.0
l_curve_3,744,0.05777508392930031,1.0
l_curve_3,745,0.057669445872306824,1.0
l_curve_3,746,0.057504620403051376,1.0
l_curve_3,747,0.057362426072359085,1.0
l_curve_3,748,0.0571991503238678,1.0
l_curve_3,749,0.057060763239860535,1.0
l_curve_3,750,0.05689869448542595,1.0
l_curve_3,751,0.056696489453315735,1.0
l_curve_3,752,0.05651560425758362,1.0
l_curve_3,753,0.056312158703804016,1.0
l_curve_3,754,0.05617178604006767,1.0
l_curve_3,755,0.056009691208601,1.0
l_curve_3,756,0.055889759212732315,1.0
l_curve_3,757,0.055729202926158905,1.0
l_curve_3,758,0.0555596649646759,1.0
l_curve_3,759,0.05541158467531204,1.0
l_curve_3,760,0.05521365627646446,1.0
l_curve_3,761,0.055011749267578125,1.0
l_curve_3,762,0.05478494614362717,1.0
l_curve_3,763,0.054632022976875305,1.0
l_curve_3,764,0.054555874317884445,1.0
l_curve_3,765,0.05450063198804855,1.0
l_curve_3,766,0.05439487472176552,1.0
l_curve_3,767,0.054241593927145004,1.0
l_curve_3,768,0.05407397449016571,1.0
l_curve_3,769,0.053875263780355453,1.0
l_curve_3,770,0.05364725738763809,1.0
l_curve_3,771,0.05344945564866066,1.0
l_curve_3,772,0.053339794278144836,1.0
l_curve_3,773,0.05316833779215813,1.0
l_curve_3,774,0.05299915000796318,1.0
l_curve_3,775,0.0528988279402256,1.0
l_curve_3,776,0.052822601050138474,1.0
l_curve_3,777,0.052670661360025406,1.0
l_curve_3,778,0.052540723234415054,1.0
l_curve_3,779,0.05241396278142929,1.0
l_curve_3,780,0.05230351909995079,1.0
l_curve_3,781,0.05216777324676514,1.0
l_curve_3,782,0.05204719677567482,1.0
l_curve_3,783,0.051914624869823456,1.0
l_curve_3,784,0.051780473440885544,1.0
l_curve_3,785,0.0516698881983757,1.0
l_curve_3,786,0.051525961607694626,1.0
l_curve_3,787,0.051388077437877655,1.0
l_curve_3,788,0.05129736289381981,1.0
l_curve_3,789,0.05115280672907829,1.0
l_curve_3,790,0.05097838118672371,1.0
l_curve_3,791,0.050809092819690704,1.0
l_curve_3,792,0.05067367106676102,1.0
l_curve_3,793,0.05047500133514404,1.0
l_curve_3,794,0.05030597373843193,1.0
l_curve_3,795,0.05014314502477646,1.0
l_curve_3,796,0.05002511292695999,1.0
l_curve_3,797,0.04989307373762131,1.0
l_curve_3,798,0.049779146909713745,1.0
l_curve_3,799,0.04965056851506233,1.0
l_curve_3,800,0.0495472252368927,1.0
l_curve_3,801,0.04940645024180412,1.0
l_curve_3,802,0.04924694076180458,1.0
l_curve_3,803,0.04905827343463898,1.0
l_curve_3,804,0.048971157521009445,1.0
l_curve_3,805,0.048828642815351486,1.0
l_curve_3,806,0.048653773963451385,1.0
l_curve_3,807,0.04855213314294815,1.0
l_curve_3,808,0.04840731620788574,1.0
l_curve_3,809,0.048299796879291534,1.0
l_curve_3,810,0.048182614147663116,1.0
l_curve_3,811,0.04806866496801376,1.0
l_curve_3,812,0.047996412962675095,1.0
l_curve_3,813,0.04790651053190231,1.0
l_curve_3,814,0.04784160479903221,1.0
l_curve_3,815,0.04770941287279129,1.0
l_curve_3,816,0.04757063835859299,1.0
l_curve_3,817,0.04735427722334862,1.0
l_curve_3,818,0.04724544286727905,1.0
l_curve_3,819,0.04715212807059288,1.0
l_curve_3,820,0.047023337334394455,1.0
l_curve_3,821,0.04690678417682648,1.0
l_curve_3,822,0.04673084616661072,1.0
l_curve_3,823,0.046557243913412094,1.0
l_curve_3,824,0.04637667536735535,1.0
l_curve_3,825,0.04627098888158798,1.0
l_curve_3,826,0.04616781324148178,1.0
l_curve_3,827,0.04606026038527489,1.0
l_curve_3,828,0.04591464623808861,1.0
l_curve_3,829,0.04577845707535744,1.0
l_curve_3,830,0.04565193131566048,1.0
l_curve_3,831,0.045570988208055496,1.0
l_curve_3,832,0.045535992830991745,1.0
l_curve_3,833,0.045471202582120895,1.0
l_curve_3,834,0.04537779465317726,1.0
l_curve_3,835,0.0451846569776535,1.0
l_curve_3,836,0.04505014419555664,1.0
l_curve_3,837,0.044919032603502274,1.0
l_curve_3,838,0.0448017418384552,1.0
l_curve_3,839,0.0446733795106411,1.0
l_curve_3,840,0.044532742351293564,1.0
l_curve_3,841,0.04441218078136444,1.0
l_curve_3,842,0.04425046965479851,1.0
l_curve_3,843,0.04412993788719177,1.0
l_curve_3,844,0.0440131314098835,1.0
l_curve_3,845,0.04387954995036125,1.0
l_curve_3,846,0.04375642165541649,1.0
l_curve_3,847,0.04367498680949211,1.0
l_curve_3,848,0.043573640286922455,1.0
l_curve_3,849,0.043441347777843475,1.0
l_curve_3,850,0.04335009306669235,1.0
l_curve_3,851,0.04327700659632683,1.0
l_curve_3,852,0.04322069138288498,1.0
l_curve_3,853,0.04311425983905792,1.0
l_curve_3,854,0.04301467165350914,1.0
l_curve_3,855,0.04294592887163162,1.0
l_curve_3,856,0.04288122057914734,1.0
l_curve_3,857,0.042788855731487274,1.0
l_curve_3,858,0.042692530900239944,1.0
l_curve_3,859,0.04262794926762581,1.0
l_curve_3,860,0.04251447319984436,1.0
l_curve_3,861,0.04240759089589119,1.0
l_curve_3,862,0.042348600924015045,1.0
l_curve_3,863,0.04227738827466965,1.0
l_curve_3,864,0.042214374989271164,1.0
l_curve_3,865,0.04212655872106552,1.0
l_curve_3,866,0.04197130724787712,1.0
l_curve_3,867,0.041873980313539505,1.0
l_curve_3,868,0.041750021278858185,1.0
l_curve_3,869,0.04163061082363129,1.0
l_curve_3,870,0.04150162637233734,1.0
l_curve_3,871,0.04136490821838379,1.0
l_curve_3,872,0.041286319494247437,1.0
l_curve_3,873,0.041211050003767014,1.0
l_curve_3,874,0.041086431592702866,1.0
l_curve_3,875,0.04095424711704254,1.0
l_curve_3,876,0.04087478667497635,1.0
l_curve_3,877,0.04080812260508537,1.0
l_curve_3,878,0.04072556272149086,1.0
l_curve_3,879,0.040639955550432205,1.0
l_curve_3,880,0.04054933413863182,1.0
l_curve_3,881,0.040469102561473846,1.0
l_curve_3,882,0.04034889116883278,1.0
l_curve_3,883,0.040253572165966034,1.0
l_curve_3,884,0.0401499941945076,1.0
l_curve_3,885,0.040030259639024734,1.0
l_curve_3,886,0.039994265884160995,1.0
l_curve_3,887,0.039894163608551025,1.0
l_curve_3,888,0.03975139558315277,1.0
l_curve_3,889,0.03964658081531525,1.0
l_curve_3,890,0.03957933932542801,1.0
l_curve_3,891,0.03951403126120567,1.0
l_curve_3,892,0.03944233059883118,1.0
l_curve_3,893,0.039401520043611526,1.0
l_curve_3,894,0.039316289126873016,1.0
l_curve_3,895,0.03916136547923088,1.0
l_curve_3,896,0.03905410319566727,1.0
l_curve_3,897,0.0389045774936676,1.0
l_curve_3,898,0.03877506032586098,1.0
l_curve_3,899,0.038701362907886505,1.0
l_curve_3,900,0.03864019736647606,1.0
l_curve_3,901,0.038563646376132965,1.0
l_curve_3,902,0.03848951682448387,1.0
l_curve_3,903,0.03847595304250717,1.0
l_curve_3,904,0.03847985714673996,1.0
l_curve_3,905,0.03842051699757576,1.0
l_curve_3,906,0.038326848298311234,1.0
l_curve_3,907,0.038164589554071426,1.0
l_curve_3,908,0.03806477040052414,1.0
l_curve_3,909,0.03800690546631813,1.0
l_curve_3,910,0.03792944550514221,1.0
l_curve_3,911,0.03784766420722008,1.0
l_curve_3,912,0.03775201365351677,1.0
l_curve_3,913,0.03768366575241089,1.0
l_curve_3,914,0.03760219365358353,1.0
l_curve_3,915,0.03751664608716965,1.0
l_curve_3,916,0.0374281108379364,1.0
l_curve_3,917,0.037325795739889145,1.0
l_curve_3,918,0.03729081153869629,1.0
l_curve_3,919,0.037182848900556564,1.0
l_curve_3,920,0.03709815442562103,1.0
l_curve_3,921,0.037010230123996735,1.0
l_curve_3,922,0.036927565932273865,1.0
l_curve_3,923,0.03682467341423035,1.0
l_curve_3,924,0.03671426326036453,1.0
l_curve_3,925,0.03662226349115372,1.0
l_curve_3,926,0.03653320297598839,1.0
l_curve_3,927,0.036461129784584045,1.0
l_curve_3,928,0.0363769456744194,1.0
l_curve_3,929,0.03634558245539665,1.0
l_curve_3,930,0.03626926615834236,1.0
l_curve_3,931,0.03618820384144783,1.0
l_curve_3,932,0.03609482944011688,1.0
l_curve_3,933,0.03596200421452522,1.0
l_curve_3,934,0.03583400696516037,1.0
l_curve_3,935,0.03574298322200775,1.0
l_curve_3,936,0.03567582741379738,1.0
l_curve_3,937,0.0355958491563797,1.0
l_curve_3,938,0.03553561493754387,1.0
l_curve_3,939,0.035484522581100464,1.0
l_curve_3,940,0.03540042042732239,1.0
l_curve_3,941,0.03532133623957634,1.0
l_curve_3,942,0.03522922471165657,1.0
l_curve_3,943,0.035159070044755936,1.0
l_curve_3,944,0.03512018173933029,1.0
l_curve_3,945,0.03507889062166214,1.0
l_curve_3,946,0.03496463596820831,1.0
l_curve_3,947,0.03486829251050949,1.0
l_curve_3,948,0.03479908034205437,1.0
l_curve_3,949,0.03476737439632416,1.0
l_curve_3,950,0.034677375108003616,1.0
l_curve_3,951,0.03460223227739334,1.0
l_curve_3,952,0.034582216292619705,1.0
l_curve_3,953,0.034530363976955414,1.0
l_curve_3,954,0.034474264830350876,1.0
l_curve_3,955,0.034368015825748444,1.0
l_curve_3,956,0.03426152840256691,1.0
l_curve_3,957,0.034209370613098145,1.0
l_curve_3,958,0.0341675840318203,1.0
l_curve_3,959,0.03409697487950325,1.0
l_curve_3,960,0.033995453268289566,1.0
l_curve_3,961,0.03390366584062576,1.0
l_curve_3,962,0.033866722136735916,1.0
l_curve_3,963,0.033844031393527985,1.0
l_curve_3,964,0.033820103853940964,1.0
l_curve_3,965,0.033792201429605484,1.0
l_curve_3,966,0.03374795615673065,1.0
l_curve_3,967,0.033711500465869904,1.0
l_curve_3,968,0.03361434116959572,1.0
l_curve_3,969,0.033559400588274,1.0
l_curve_3,970,0.033505070954561234,1.0
l_curve_3,971,0.03342742845416069,1.0
l_curve_3,972,0.03335222601890564,1.0
l_curve_3,973,0.033296890556812286,1.0
l_curve_3,974,0.03323889523744583,1.0
l_curve_3,975,0.03313962742686272,1.0
l_curve_3,976,0.03307533636689186,1.0
l_curve_3,977,0.03303312137722969,1.0
l_curve_3,978,0.03295762091875076,1.0
l_curve_3,979,0.032886337488889694,1.0
l_curve_3,980,0.03281334415078163,1.0
l_curve_3,981,0.032690078020095825,1.0
l_curve_3,982,0.032604772597551346,1.0
l_curve_3,983,0.0325758121907711,1.0
l_curve_3,984,0.03254760056734085,1.0
l_curve_3,985,0.03251951187849045,1.0
l_curve_3,986,0.032517582178115845,1.0
l_curve_3,987,0.0324583575129509,1.0
l_curve_3,988,0.0323825366795063,1.0
l_curve_3,989,0.03227580711245537,1.0
l_curve_3,990,0.03223279118537903,1.0
l_curve_3,991,0.03215860202908516,1.0
l_curve_3,992,0.03210204839706421,1.0
l_curve_3,993,0.032039087265729904,1.0
l_curve_3,994,0.03202931582927704,1.0
l_curve_3,995,0.03199877589941025,1.0
l_curve_3,996,0.031895123422145844,1.0
l_curve_3,997,0.031825751066207886,1.0
l_curve_3,998,0.03173333406448364,1.0
l_curve_3,999,0.031625259667634964,1.0
l_curve_3,1000,0.03158791735768318,1.0
l_curve_3,1000,0.03158791735768318,1.0
