client,round,loss,accuracy
l_curve_0,1,0.9085372090339661,0.261904776096344
l_curve_0,2,0.8914347887039185,0.2857142984867096
l_curve_0,3,0.8754390478134155,0.2857142984867096
l_curve_0,4,0.8606448173522949,0.2857142984867096
l_curve_0,5,0.8464882969856262,0.2857142984867096
l_curve_0,6,0.8332786560058594,0.2857142984867096
l_curve_0,7,0.8211584687232971,0.2857142984867096
l_curve_0,8,0.8094733357429504,0.2738095223903656
l_curve_0,9,0.7983707189559937,0.261904776096344
l_curve_0,10,0.7876403331756592,0.261904776096344
l_curve_0,11,0.7774630188941956,0.2380952388048172
l_curve_0,12,0.7674303650856018,0.2380952388048172
l_curve_0,13,0.757296085357666,0.2261904776096344
l_curve_0,14,0.7474701404571533,0.2142857164144516
l_curve_0,15,0.7379127740859985,0.2023809552192688
l_curve_0,16,0.7285147905349731,0.1785714328289032
l_curve_0,17,0.7190901637077332,0.1190476194024086
l_curve_0,18,0.7098739147186279,0.2857142984867096
l_curve_0,19,0.7006264328956604,0.369047611951828
l_curve_0,20,0.691521167755127,0.4285714328289032
l_curve_0,21,0.682409405708313,0.5
l_curve_0,22,0.6732918620109558,0.5714285969734192
l_curve_0,23,0.6643675565719604,0.5714285969734192
l_curve_0,24,0.6556175351142883,0.6071428656578064
l_curve_0,25,0.6467359662055969,0.6309523582458496
l_curve_0,26,0.6379687786102295,0.6547619104385376
l_curve_0,27,0.6293789744377136,0.6547619104385376
l_curve_0,28,0.620685875415802,0.6666666865348816
l_curve_0,29,0.6123459935188293,0.6785714030265808
l_curve_0,30,0.6041728854179382,0.6904761791229248
l_curve_0,31,0.5960213541984558,0.6904761791229248
l_curve_0,32,0.5881984829902649,0.6904761791229248
l_curve_0,33,0.5803861021995544,0.7023809552192688
l_curve_0,34,0.572702944278717,0.7142857313156128
l_curve_0,35,0.5653667449951172,0.7142857313156128
l_curve_0,36,0.5581919550895691,0.726190447807312
l_curve_0,37,0.5512794256210327,0.726190447807312
l_curve_0,38,0.5445542335510254,0.726190447807312
l_curve_0,39,0.5380493402481079,0.726190447807312
l_curve_0,40,0.5318405032157898,0.738095223903656
l_curve_0,41,0.5258615016937256,0.738095223903656
l_curve_0,42,0.5199881196022034,0.738095223903656
l_curve_0,43,0.5144364237785339,0.75
l_curve_0,44,0.5090954899787903,0.761904776096344
l_curve_0,45,0.5039347410202026,0.761904776096344
l_curve_0,46,0.4988391399383545,0.761904776096344
l_curve_0,47,0.49407491087913513,0.761904776096344
l_curve_0,48,0.4894179701805115,0.761904776096344
l_curve_0,49,0.4849341809749603,0.761904776096344
l_curve_0,50,0.4805712103843689,0.761904776096344
l_curve_0,51,0.4764319360256195,0.761904776096344
l_curve_0,52,0.47251570224761963,0.773809552192688
l_curve_0,53,0.4686380922794342,0.773809552192688
l_curve_0,54,0.4649065136909485,0.773809552192688
l_curve_0,55,0.46123868227005005,0.773809552192688
l_curve_0,56,0.45769891142845154,0.773809552192688
l_curve_0,57,0.454306960105896,0.773809552192688
l_curve_0,58,0.45100247859954834,0.773809552192688
l_curve_0,59,0.4478517770767212,0.773809552192688
l_curve_0,60,0.44474655389785767,0.773809552192688
l_curve_0,61,0.44173189997673035,0.7857142686843872
l_curve_0,62,0.43872347474098206,0.7976190447807312
l_curve_0,63,0.4358976483345032,0.7976190447807312
l_curve_0,64,0.43304237723350525,0.8095238208770752
l_curve_0,65,0.43038278818130493,0.8095238208770752
l_curve_0,66,0.4278022348880768,0.8095238208770752
l_curve_0,67,0.4251697063446045,0.8095238208770752
l_curve_0,68,0.4226607382297516,0.8095238208770752
l_curve_0,69,0.42018839716911316,0.8095238208770752
l_curve_0,70,0.41777002811431885,0.8095238208770752
l_curve_0,71,0.41542479395866394,0.8095238208770752
l_curve_0,72,0.4131259024143219,0.8095238208770752
l_curve_0,73,0.4109029173851013,0.8095238208770752
l_curve_0,74,0.4087771773338318,0.8095238208770752
l_curve_0,75,0.4064761996269226,0.8095238208770752
l_curve_0,76,0.40441280603408813,0.8095238208770752
l_curve_0,77,0.40241023898124695,0.8095238208770752
l_curve_0,78,0.4003203809261322,0.8095238208770752
l_curve_0,79,0.3983093500137329,0.8095238208770752
l_curve_0,80,0.39636775851249695,0.8095238208770752
l_curve_0,81,0.39449772238731384,0.8095238208770752
l_curve_0,82,0.39253339171409607,0.8095238208770752
l_curve_0,83,0.39077427983283997,0.8095238208770752
l_curve_0,84,0.38896283507347107,0.8095238208770752
l_curve_0,85,0.38731980323791504,0.8095238208770752
l_curve_0,86,0.3856436014175415,0.8095238208770752
l_curve_0,87,0.38411375880241394,0.8095238208770752
l_curve_0,88,0.3824816346168518,0.8095238208770752
l_curve_0,89,0.3807814121246338,0.8095238208770752
l_curve_0,90,0.37919923663139343,0.8095238208770752
l_curve_0,91,0.37769439816474915,0.8095238208770752
l_curve_0,92,0.3763306140899658,0.8095238208770752
l_curve_0,93,0.37490707635879517,0.8095238208770752
l_curve_0,94,0.3733040392398834,0.8214285969734192
l_curve_0,95,0.3719657063484192,0.8214285969734192
l_curve_0,96,0.37065818905830383,0.8214285969734192
l_curve_0,97,0.3694179952144623,0.8214285969734192
l_curve_0,98,0.3682171404361725,0.8214285969734192
l_curve_0,99,0.3669850826263428,0.8214285969734192
l_curve_0,100,0.36560457944869995,0.8214285969734192
l_curve_0,101,0.36448371410369873,0.8214285969734192
l_curve_0,102,0.3632935583591461,0.8214285969734192
l_curve_0,103,0.36215853691101074,0.8214285969734192
l_curve_0,104,0.36101436614990234,0.8214285969734192
l_curve_0,105,0.3599241077899933,0.8214285969734192
l_curve_0,106,0.3588556945323944,0.8214285969734192
l_curve_0,107,0.3576701581478119,0.8214285969734192
l_curve_0,108,0.3566606044769287,0.8214285969734192
l_curve_0,109,0.3556409180164337,0.8214285969734192
l_curve_0,110,0.3546634316444397,0.8214285969734192
l_curve_0,111,0.3537444472312927,0.8214285969734192
l_curve_0,112,0.35266968607902527,0.8214285969734192
l_curve_0,113,0.3517202138900757,0.8214285969734192
l_curve_0,114,0.35080868005752563,0.8214285969734192
l_curve_0,115,0.3497929275035858,0.8214285969734192
l_curve_0,116,0.34882044792175293,0.8214285969734192
l_curve_0,117,0.3479825556278229,0.8214285969734192
l_curve_0,118,0.3471643328666687,0.8214285969734192
l_curve_0,119,0.3461754024028778,0.8214285969734192
l_curve_0,120,0.34533387422561646,0.8214285969734192
l_curve_0,121,0.34443041682243347,0.8214285969734192
l_curve_0,122,0.3436744809150696,0.8333333134651184
l_curve_0,123,0.34298965334892273,0.8333333134651184
l_curve_0,124,0.3423372209072113,0.8333333134651184
l_curve_0,125,0.3415142595767975,0.8333333134651184
l_curve_0,126,0.340801864862442,0.8333333134651184
l_curve_0,127,0.3401317000389099,0.8333333134651184
l_curve_0,128,0.3394794464111328,0.8333333134651184
l_curve_0,129,0.3387637138366699,0.8333333134651184
l_curve_0,130,0.3380826711654663,0.8333333134651184
l_curve_0,131,0.3372924029827118,0.8333333134651184
l_curve_0,132,0.3368662893772125,0.8333333134651184
l_curve_0,133,0.33623290061950684,0.8333333134651184
l_curve_0,134,0.3356017470359802,0.8333333134651184
l_curve_0,135,0.33514803647994995,0.8333333134651184
l_curve_0,136,0.3344282805919647,0.8333333134651184
l_curve_0,137,0.3336542546749115,0.8333333134651184
l_curve_0,138,0.3330751061439514,0.8333333134651184
l_curve_0,139,0.33257344365119934,0.8333333134651184
l_curve_0,140,0.33212512731552124,0.8333333134651184
l_curve_0,141,0.3315267562866211,0.8333333134651184
l_curve_0,142,0.3307279050350189,0.8333333134651184
l_curve_0,143,0.3302970230579376,0.8333333134651184
l_curve_0,144,0.3298093378543854,0.8333333134651184
l_curve_0,145,0.32928311824798584,0.8333333134651184
l_curve_0,146,0.3288084864616394,0.8333333134651184
l_curve_0,147,0.328374445438385,0.8333333134651184
l_curve_0,148,0.32795023918151855,0.8452380895614624
l_curve_0,149,0.3272218108177185,0.8452380895614624
l_curve_0,150,0.32667115330696106,0.8452380895614624
l_curve_0,151,0.3262779712677002,0.8452380895614624
l_curve_0,152,0.3257085978984833,0.8452380895614624
l_curve_0,153,0.3248315751552582,0.8452380895614624
l_curve_0,154,0.324434369802475,0.8452380895614624
l_curve_0,155,0.324135422706604,0.8452380895614624
l_curve_0,156,0.3236500322818756,0.8452380895614624
l_curve_0,157,0.32304123044013977,0.8452380895614624
l_curve_0,158,0.3227728009223938,0.8452380895614624
l_curve_0,159,0.322371244430542,0.8452380895614624
l_curve_0,160,0.32179397344589233,0.8452380895614624
l_curve_0,161,0.32119232416152954,0.8452380895614624
l_curve_0,162,0.3207184672355652,0.8452380895614624
l_curve_0,163,0.320467472076416,0.8452380895614624
l_curve_0,164,0.31959268450737,0.8452380895614624
l_curve_0,165,0.31908997893333435,0.8452380895614624
l_curve_0,166,0.31877854466438293,0.8452380895614624
l_curve_0,167,0.31803467869758606,0.8452380895614624
l_curve_0,168,0.3174547851085663,0.8452380895614624
l_curve_0,169,0.31721633672714233,0.8452380895614624
l_curve_0,170,0.316815584897995,0.8452380895614624
l_curve_0,171,0.3165384829044342,0.8571428656578064
l_curve_0,172,0.315974622964859,0.8452380895614624
l_curve_0,173,0.31537654995918274,0.8452380895614624
l_curve_0,174,0.31479036808013916,0.8452380895614624
l_curve_0,175,0.3143232464790344,0.8452380895614624
l_curve_0,176,0.31384971737861633,0.8452380895614624
l_curve_0,177,0.31356367468833923,0.8571428656578064
l_curve_0,178,0.31339478492736816,0.8571428656578064
l_curve_0,179,0.31302475929260254,0.8571428656578064
l_curve_0,180,0.31241902709007263,0.8571428656578064
l_curve_0,181,0.3118170201778412,0.8571428656578064
l_curve_0,182,0.31162938475608826,0.8690476417541504
l_curve_0,183,0.31103572249412537,0.8690476417541504
l_curve_0,184,0.31073856353759766,0.8690476417541504
l_curve_0,185,0.3102356493473053,0.8690476417541504
l_curve_0,186,0.30978184938430786,0.8690476417541504
l_curve_0,187,0.3089391589164734,0.8690476417541504
l_curve_0,188,0.3083718419075012,0.8690476417541504
l_curve_0,189,0.3076823055744171,0.8690476417541504
l_curve_0,190,0.307303249835968,0.8690476417541504
l_curve_0,191,0.3067684769630432,0.8690476417541504
l_curve_0,192,0.30629104375839233,0.8690476417541504
l_curve_0,193,0.3057052195072174,0.8690476417541504
l_curve_0,194,0.3051820397377014,0.8690476417541504
l_curve_0,195,0.30480265617370605,0.8690476417541504
l_curve_0,196,0.3042706549167633,0.8690476417541504
l_curve_0,197,0.30390238761901855,0.8690476417541504
l_curve_0,198,0.3035614788532257,0.8690476417541504
l_curve_0,199,0.30290812253952026,0.8690476417541504
l_curve_0,200,0.3025132715702057,0.8690476417541504
l_curve_0,201,0.30183377861976624,0.8690476417541504
l_curve_0,202,0.3012380301952362,0.8690476417541504
l_curve_0,203,0.3006085157394409,0.8690476417541504
l_curve_0,204,0.300016313791275,0.8690476417541504
l_curve_0,205,0.29936683177948,0.8690476417541504
l_curve_0,206,0.29887545108795166,0.8690476417541504
l_curve_0,207,0.2983231544494629,0.8690476417541504
l_curve_0,208,0.29782676696777344,0.8690476417541504
l_curve_0,209,0.2969043254852295,0.8690476417541504
l_curve_0,210,0.29632848501205444,0.8690476417541504
l_curve_0,211,0.29555630683898926,0.8690476417541504
l_curve_0,212,0.2950194180011749,0.8690476417541504
l_curve_0,213,0.29458358883857727,0.8690476417541504
l_curve_0,214,0.29402679204940796,0.8690476417541504
l_curve_0,215,0.2937404215335846,0.8690476417541504
l_curve_0,216,0.2932959198951721,0.8690476417541504
l_curve_0,217,0.29275640845298767,0.8690476417541504
l_curve_0,218,0.29216867685317993,0.8690476417541504
l_curve_0,219,0.29178929328918457,0.8690476417541504
l_curve_0,220,0.2911760210990906,0.8690476417541504
l_curve_0,221,0.2902694344520569,0.8690476417541504
l_curve_0,222,0.28986769914627075,0.8690476417541504
l_curve_0,223,0.28920164704322815,0.8690476417541504
l_curve_0,224,0.28871944546699524,0.8690476417541504
l_curve_0,225,0.2880605161190033,0.8690476417541504
l_curve_0,226,0.2873363792896271,0.8690476417541504
l_curve_0,227,0.28643471002578735,0.8690476417541504
l_curve_0,228,0.2857370376586914,0.8690476417541504
l_curve_0,229,0.2852586507797241,0.8690476417541504
l_curve_0,230,0.28462451696395874,0.8690476417541504
l_curve_0,231,0.2838039994239807,0.8690476417541504
l_curve_0,232,0.28319063782691956,0.8690476417541504
l_curve_0,233,0.28279030323028564,0.8690476417541504
l_curve_0,234,0.28216317296028137,0.8690476417541504
l_curve_0,235,0.28169387578964233,0.8690476417541504
l_curve_0,236,0.2813185453414917,0.8690476417541504
l_curve_0,237,0.2805121839046478,0.8690476417541504
l_curve_0,238,0.279674768447876,0.8690476417541504
l_curve_0,239,0.278853178024292,0.8690476417541504
l_curve_0,240,0.27816787362098694,0.8690476417541504
l_curve_0,241,0.2775929272174835,0.8690476417541504
l_curve_0,242,0.27686136960983276,0.8690476417541504
l_curve_0,243,0.2763385772705078,0.8690476417541504
l_curve_0,244,0.2758159637451172,0.8690476417541504
l_curve_0,245,0.27495601773262024,0.8690476417541504
l_curve_0,246,0.27447283267974854,0.8690476417541504
l_curve_0,247,0.2737499177455902,0.8690476417541504
l_curve_0,248,0.27273446321487427,0.8690476417541504
l_curve_0,249,0.27213236689567566,0.8690476417541504
l_curve_0,250,0.27140992879867554,0.8690476417541504
l_curve_0,251,0.27064090967178345,0.8690476417541504
l_curve_0,252,0.2702735364437103,0.8690476417541504
l_curve_0,253,0.26951733231544495,0.8690476417541504
l_curve_0,254,0.26862865686416626,0.8690476417541504
l_curve_0,255,0.2680495083332062,0.8690476417541504
l_curve_0,256,0.267302930355072,0.8690476417541504
l_curve_0,257,0.2666916251182556,0.8690476417541504
l_curve_0,258,0.2658560276031494,0.8690476417541504
l_curve_0,259,0.2652229964733124,0.8690476417541504
l_curve_0,260,0.2642821669578552,0.8690476417541504
l_curve_0,261,0.26349666714668274,0.8690476417541504
l_curve_0,262,0.26282039284706116,0.8690476417541504
l_curve_0,263,0.261954128742218,0.8690476417541504
l_curve_0,264,0.2611081600189209,0.8690476417541504
l_curve_0,265,0.2605649530887604,0.8690476417541504
l_curve_0,266,0.2596779763698578,0.8690476417541504
l_curve_0,267,0.25925958156585693,0.8690476417541504
l_curve_0,268,0.25855037569999695,0.8690476417541504
l_curve_0,269,0.25760501623153687,0.8690476417541504
l_curve_0,270,0.2568311095237732,0.8690476417541504
l_curve_0,271,0.2560247778892517,0.8809523582458496
l_curve_0,272,0.25534212589263916,0.8809523582458496
l_curve_0,273,0.2545996904373169,0.8809523582458496
l_curve_0,274,0.2540875971317291,0.8809523582458496
l_curve_0,275,0.25323647260665894,0.8809523582458496
l_curve_0,276,0.2526310086250305,0.8809523582458496
l_curve_0,277,0.2519797682762146,0.8809523582458496
l_curve_0,278,0.25105732679367065,0.8809523582458496
l_curve_0,279,0.25033459067344666,0.8809523582458496
l_curve_0,280,0.24970141053199768,0.8809523582458496
l_curve_0,281,0.24891789257526398,0.8809523582458496
l_curve_0,282,0.2481328397989273,0.8809523582458496
l_curve_0,283,0.24747440218925476,0.8809523582458496
l_curve_0,284,0.24687576293945312,0.8809523582458496
l_curve_0,285,0.24608854949474335,0.8809523582458496
l_curve_0,286,0.2451542466878891,0.8809523582458496
l_curve_0,287,0.24418245255947113,0.8809523582458496
l_curve_0,288,0.24343721568584442,0.8928571343421936
l_curve_0,289,0.2427670806646347,0.8928571343421936
l_curve_0,290,0.24198250472545624,0.8928571343421936
l_curve_0,291,0.24134427309036255,0.8928571343421936
l_curve_0,292,0.24070803821086884,0.8928571343421936
l_curve_0,293,0.2396678924560547,0.8928571343421936
l_curve_0,294,0.23890794813632965,0.8928571343421936
l_curve_0,295,0.23813629150390625,0.8928571343421936
l_curve_0,296,0.23746855556964874,0.8928571343421936
l_curve_0,297,0.23667240142822266,0.8928571343421936
l_curve_0,298,0.23578262329101562,0.8928571343421936
l_curve_0,299,0.2350742667913437,0.8928571343421936
l_curve_0,300,0.2341800481081009,0.8928571343421936
l_curve_0,301,0.23334144055843353,0.8928571343421936
l_curve_0,302,0.2325708270072937,0.8928571343421936
l_curve_0,303,0.23194749653339386,0.8928571343421936
l_curve_0,304,0.2312646210193634,0.8928571343421936
l_curve_0,305,0.23032239079475403,0.8928571343421936
l_curve_0,306,0.22938354313373566,0.8928571343421936
l_curve_0,307,0.2290007323026657,0.8928571343421936
l_curve_0,308,0.2280263453722,0.8928571343421936
l_curve_0,309,0.22726552188396454,0.8928571343421936
l_curve_0,310,0.22656062245368958,0.8928571343421936
l_curve_0,311,0.22554410994052887,0.9047619104385376
l_curve_0,312,0.2247050404548645,0.9047619104385376
l_curve_0,313,0.22385838627815247,0.9047619104385376
l_curve_0,314,0.22301241755485535,0.9047619104385376
l_curve_0,315,0.2224319577217102,0.9047619104385376
l_curve_0,316,0.22176936268806458,0.9047619104385376
l_curve_0,317,0.22076308727264404,0.9047619104385376
l_curve_0,318,0.21979522705078125,0.9047619104385376
l_curve_0,319,0.21891134977340698,0.9047619104385376
l_curve_0,320,0.21809308230876923,0.9047619104385376
l_curve_0,321,0.21731264889240265,0.9047619104385376
l_curve_0,322,0.21635255217552185,0.9047619104385376
l_curve_0,323,0.21571475267410278,0.9047619104385376
l_curve_0,324,0.21489742398262024,0.9047619104385376
l_curve_0,325,0.2140994369983673,0.9047619104385376
l_curve_0,326,0.21318869292736053,0.9047619104385376
l_curve_0,327,0.21254335343837738,0.9047619104385376
l_curve_0,328,0.21159882843494415,0.9047619104385376
l_curve_0,329,0.2104952037334442,0.9166666865348816
l_curve_0,330,0.21006719768047333,0.9166666865348816
l_curve_0,331,0.20919829607009888,0.9166666865348816
l_curve_0,332,0.20843765139579773,0.9166666865348816
l_curve_0,333,0.20777983963489532,0.9166666865348816
l_curve_0,334,0.20706185698509216,0.9166666865348816
l_curve_0,335,0.20656290650367737,0.9047619104385376
l_curve_0,336,0.2054452896118164,0.9166666865348816
l_curve_0,337,0.20447924733161926,0.9166666865348816
l_curve_0,338,0.203657329082489,0.9166666865348816
l_curve_0,339,0.20291827619075775,0.9166666865348816
l_curve_0,340,0.20212827622890472,0.9166666865348816
l_curve_0,341,0.2009909301996231,0.9166666865348816
l_curve_0,342,0.20014433562755585,0.9166666865348816
l_curve_0,343,0.19940173625946045,0.9166666865348816
l_curve_0,344,0.198704332113266,0.9166666865348816
l_curve_0,345,0.19752098619937897,0.9166666865348816
l_curve_0,346,0.19646628201007843,0.9166666865348816
l_curve_0,347,0.1957833617925644,0.9166666865348816
l_curve_0,348,0.19483119249343872,0.9166666865348816
l_curve_0,349,0.1943846046924591,0.9285714030265808
l_curve_0,350,0.1934693455696106,0.9285714030265808
l_curve_0,351,0.19274291396141052,0.9285714030265808
l_curve_0,352,0.192123681306839,0.9285714030265808
l_curve_0,353,0.1910642832517624,0.9285714030265808
l_curve_0,354,0.1902138888835907,0.9285714030265808
l_curve_0,355,0.18967753648757935,0.9285714030265808
l_curve_0,356,0.18870612978935242,0.9285714030265808
l_curve_0,357,0.18812257051467896,0.9285714030265808
l_curve_0,358,0.1872919350862503,0.9285714030265808
l_curve_0,359,0.18639376759529114,0.9285714030265808
l_curve_0,360,0.18566420674324036,0.9285714030265808
l_curve_0,361,0.18466880917549133,0.9285714030265808
l_curve_0,362,0.18378737568855286,0.9285714030265808
l_curve_0,363,0.18291747570037842,0.9285714030265808
l_curve_0,364,0.18233464658260345,0.9285714030265808
l_curve_0,365,0.18115881085395813,0.9285714030265808
l_curve_0,366,0.18033020198345184,0.9285714030265808
l_curve_0,367,0.17949563264846802,0.9285714030265808
l_curve_0,368,0.17865951359272003,0.9285714030265808
l_curve_0,369,0.17796915769577026,0.9285714030265808
l_curve_0,370,0.17691469192504883,0.9285714030265808
l_curve_0,371,0.17614728212356567,0.9285714030265808
l_curve_0,372,0.1753864884376526,0.9285714030265808
l_curve_0,373,0.17451734840869904,0.9285714030265808
l_curve_0,374,0.17355068027973175,0.9285714030265808
l_curve_0,375,0.17292842268943787,0.9285714030265808
l_curve_0,376,0.1720125377178192,0.9285714030265808
l_curve_0,377,0.17120885848999023,0.9285714030265808
l_curve_0,378,0.17050230503082275,0.9285714030265808
l_curve_0,379,0.16950729489326477,0.9404761791229248
l_curve_0,380,0.16882288455963135,0.9404761791229248
l_curve_0,381,0.16792352497577667,0.9404761791229248
l_curve_0,382,0.1672275811433792,0.9404761791229248
l_curve_0,383,0.1663164347410202,0.9404761791229248
l_curve_0,384,0.16556425392627716,0.9404761791229248
l_curve_0,385,0.16481593251228333,0.9404761791229248
l_curve_0,386,0.16402478516101837,0.9404761791229248
l_curve_0,387,0.16347527503967285,0.9404761791229248
l_curve_0,388,0.16268162429332733,0.9404761791229248
l_curve_0,389,0.16172733902931213,0.9404761791229248
l_curve_0,390,0.16100983321666718,0.9404761791229248
l_curve_0,391,0.16006648540496826,0.9404761791229248
l_curve_0,392,0.15944473445415497,0.9404761791229248
l_curve_0,393,0.15874560177326202,0.9404761791229248
l_curve_0,394,0.1575871706008911,0.9404761791229248
l_curve_0,395,0.156899094581604,0.9404761791229248
l_curve_0,396,0.15614943206310272,0.9404761791229248
l_curve_0,397,0.15536534786224365,0.9404761791229248
l_curve_0,398,0.15488214790821075,0.9404761791229248
l_curve_0,399,0.1539541631937027,0.9404761791229248
l_curve_0,400,0.15287549793720245,0.9404761791229248
l_curve_0,401,0.15238958597183228,0.9404761791229248
l_curve_0,402,0.1518506407737732,0.9404761791229248
l_curve_0,403,0.15112543106079102,0.9404761791229248
l_curve_0,404,0.150176003575325,0.9404761791229248
l_curve_0,405,0.14939792454242706,0.9523809552192688
l_curve_0,406,0.14860060811042786,0.9523809552192688
l_curve_0,407,0.14799124002456665,0.9523809552192688
l_curve_0,408,0.14736038446426392,0.9523809552192688
l_curve_0,409,0.14667876064777374,0.9523809552192688
l_curve_0,410,0.14594264328479767,0.9523809552192688
l_curve_0,411,0.14509057998657227,0.9523809552192688
l_curve_0,412,0.14426790177822113,0.9523809552192688
l_curve_0,413,0.14346447587013245,0.9523809552192688
l_curve_0,414,0.14262467622756958,0.9523809552192688
l_curve_0,415,0.14196030795574188,0.9523809552192688
l_curve_0,416,0.14136384427547455,0.9523809552192688
l_curve_0,417,0.1407577246427536,0.9523809552192688
l_curve_0,418,0.14022332429885864,0.9523809552192688
l_curve_0,419,0.13945510983467102,0.9523809552192688
l_curve_0,420,0.13880790770053864,0.9523809552192688
l_curve_0,421,0.13794751465320587,0.9523809552192688
l_curve_0,422,0.13739416003227234,0.9523809552192688
l_curve_0,423,0.13670603930950165,0.9523809552192688
l_curve_0,424,0.13589611649513245,0.9523809552192688
l_curve_0,425,0.13548333942890167,0.9523809552192688
l_curve_0,426,0.1345832645893097,0.9523809552192688
l_curve_0,427,0.1337946504354477,0.9523809552192688
l_curve_0,428,0.1333288550376892,0.9523809552192688
l_curve_0,429,0.1327069103717804,0.9523809552192688
l_curve_0,430,0.13209186494350433,0.9523809552192688
l_curve_0,431,0.13126002252101898,0.9523809552192688
l_curve_0,432,0.13058488070964813,0.9523809552192688
l_curve_0,433,0.13024048507213593,0.9523809552192688
l_curve_0,434,0.1296861469745636,0.9523809552192688
l_curve_0,435,0.1288994699716568,0.9523809552192688
l_curve_0,436,0.12831826508045197,0.9523809552192688
l_curve_0,437,0.12744754552841187,0.9523809552192688
l_curve_0,438,0.12674780189990997,0.9523809552192688
l_curve_0,439,0.12628033757209778,0.9523809552192688
l_curve_0,440,0.12566077709197998,0.9523809552192688
l_curve_0,441,0.12497717887163162,0.9523809552192688
l_curve_0,442,0.12432544678449631,0.9523809552192688
l_curve_0,443,0.12361836433410645,0.9523809552192688
l_curve_0,444,0.12307941168546677,0.9523809552192688
l_curve_0,445,0.12258243560791016,0.9523809552192688
l_curve_0,446,0.1220000609755516,0.9523809552192688
l_curve_0,447,0.1214882880449295,0.9523809552192688
l_curve_0,448,0.12081299722194672,0.9523809552192688
l_curve_0,449,0.12016807496547699,0.9523809552192688
l_curve_0,450,0.11932492256164551,0.9642857313156128
l_curve_0,451,0.11886376142501831,0.9642857313156128
l_curve_0,452,0.11838347464799881,0.9642857313156128
l_curve_0,453,0.11770430952310562,0.9642857313156128
l_curve_0,454,0.11737671494483948,0.9642857313156128
l_curve_0,455,0.11660786718130112,0.9642857313156128
l_curve_0,456,0.11613313108682632,0.9642857313156128
l_curve_0,457,0.11543767899274826,0.9642857313156128
l_curve_0,458,0.11474800109863281,0.9642857313156128
l_curve_0,459,0.11424461752176285,0.9642857313156128
l_curve_0,460,0.11367323249578476,0.9642857313156128
l_curve_0,461,0.1131475567817688,0.9642857313156128
l_curve_0,462,0.11262094229459763,0.9642857313156128
l_curve_0,463,0.11170736700296402,0.9642857313156128
l_curve_0,464,0.11116012930870056,0.9642857313156128
l_curve_0,465,0.11069434136152267,0.9642857313156128
l_curve_0,466,0.11009036749601364,0.9642857313156128
l_curve_0,467,0.10960124433040619,0.9642857313156128
l_curve_0,468,0.10918174684047699,0.9642857313156128
l_curve_0,469,0.10845814645290375,0.9642857313156128
l_curve_0,470,0.10792440176010132,0.9642857313156128
l_curve_0,471,0.10751069337129593,0.9642857313156128
l_curve_0,472,0.10708555579185486,0.9642857313156128
l_curve_0,473,0.10635532438755035,0.9642857313156128
l_curve_0,474,0.10599400103092194,0.9642857313156128
l_curve_0,475,0.10536465048789978,0.9642857313156128
l_curve_0,476,0.10481522232294083,0.9642857313156128
l_curve_0,477,0.10451625287532806,0.9642857313156128
l_curve_0,478,0.10405942052602768,0.9642857313156128
l_curve_0,479,0.10356505960226059,0.9642857313156128
l_curve_0,480,0.10294387489557266,0.9642857313156128
l_curve_0,481,0.10231698304414749,0.9642857313156128
l_curve_0,482,0.10161826759576797,0.9642857313156128
l_curve_0,483,0.10115154832601547,0.9642857313156128
l_curve_0,484,0.10069979727268219,0.9642857313156128
l_curve_0,485,0.100181445479393,0.9642857313156128
l_curve_0,486,0.09973153471946716,0.9642857313156128
l_curve_0,487,0.09918221831321716,0.9642857313156128
l_curve_0,488,0.09882570803165436,0.9642857313156128
l_curve_0,489,0.09830557554960251,0.9642857313156128
l_curve_0,490,0.09779054671525955,0.9642857313156128
l_curve_0,491,0.09739062935113907,0.9642857313156128
l_curve_0,492,0.09681724011898041,0.9642857313156128
l_curve_0,493,0.09675578027963638,0.9642857313156128
l_curve_0,494,0.09620046615600586,0.9642857313156128
l_curve_0,495,0.09567537903785706,0.9642857313156128
l_curve_0,496,0.09514051675796509,0.9642857313156128
l_curve_0,497,0.0945911630988121,0.9642857313156128
l_curve_0,498,0.09420698881149292,0.9642857313156128
l_curve_0,499,0.09391504526138306,0.9642857313156128
l_curve_0,500,0.0935109555721283,0.9642857313156128
l_curve_0,501,0.09312235563993454,0.9642857313156128
l_curve_0,502,0.09278834611177444,0.9642857313156128
l_curve_0,503,0.09255526959896088,0.9642857313156128
l_curve_0,504,0.0919896736741066,0.9642857313156128
l_curve_0,505,0.09130735695362091,0.976190447807312
l_curve_0,506,0.09100018441677094,0.976190447807312
l_curve_0,507,0.09063416719436646,0.976190447807312
l_curve_0,508,0.09010572731494904,0.976190447807312
l_curve_0,509,0.08958697319030762,0.976190447807312
l_curve_0,510,0.0891944095492363,0.976190447807312
l_curve_0,511,0.08899745345115662,0.976190447807312
l_curve_0,512,0.0884738489985466,0.976190447807312
l_curve_0,513,0.08799613267183304,0.976190447807312
l_curve_0,514,0.08751211315393448,0.976190447807312
l_curve_0,515,0.08704955130815506,0.976190447807312
l_curve_0,516,0.08661382645368576,0.976190447807312
l_curve_0,517,0.0860147699713707,0.976190447807312
l_curve_0,518,0.08559054136276245,0.976190447807312
l_curve_0,519,0.08522798120975494,0.976190447807312
l_curve_0,520,0.08511631935834885,0.976190447807312
l_curve_0,521,0.084702268242836,0.976190447807312
l_curve_0,522,0.08408717066049576,0.976190447807312
l_curve_0,523,0.08359678834676743,0.976190447807312
l_curve_0,524,0.08307164907455444,0.976190447807312
l_curve_0,525,0.08276261389255524,0.976190447807312
l_curve_0,526,0.08242335915565491,0.976190447807312
l_curve_0,527,0.08207496255636215,0.976190447807312
l_curve_0,528,0.08174999803304672,0.976190447807312
l_curve_0,529,0.08139108866453171,0.976190447807312
l_curve_0,530,0.0809614509344101,0.976190447807312
l_curve_0,531,0.08056757599115372,0.976190447807312
l_curve_0,532,0.08003173768520355,0.976190447807312
l_curve_0,533,0.0797533392906189,0.976190447807312
l_curve_0,534,0.07934904098510742,0.976190447807312
l_curve_0,535,0.07897666841745377,0.976190447807312
l_curve_0,536,0.0785873532295227,0.976190447807312
l_curve_0,537,0.07822934538125992,0.976190447807312
l_curve_0,538,0.07780905812978745,0.976190447807312
l_curve_0,539,0.07762707024812698,0.976190447807312
l_curve_0,540,0.07738274335861206,0.976190447807312
l_curve_0,541,0.07691966742277145,0.976190447807312
l_curve_0,542,0.07655037194490433,0.976190447807312
l_curve_0,543,0.07631829380989075,0.976190447807312
l_curve_0,544,0.07594797015190125,0.976190447807312
l_curve_0,545,0.07569824904203415,0.976190447807312
l_curve_0,546,0.07546910643577576,0.976190447807312
l_curve_0,547,0.07512697577476501,0.976190447807312
l_curve_0,548,0.07453195005655289,0.976190447807312
l_curve_0,549,0.07417992502450943,0.976190447807312
l_curve_0,550,0.07374884188175201,0.976190447807312
l_curve_0,551,0.07343331724405289,0.976190447807312
l_curve_0,552,0.07329269498586655,0.976190447807312
l_curve_0,553,0.0728154331445694,0.976190447807312
l_curve_0,554,0.0726698711514473,0.976190447807312
l_curve_0,555,0.07226777076721191,0.976190447807312
l_curve_0,556,0.07188853621482849,0.976190447807312
l_curve_0,557,0.07144086062908173,0.976190447807312
l_curve_0,558,0.0710829421877861,0.976190447807312
l_curve_0,559,0.07073025405406952,0.976190447807312
l_curve_0,560,0.07033173739910126,0.976190447807312
l_curve_0,561,0.07023757696151733,0.976190447807312
l_curve_0,562,0.06990167498588562,0.976190447807312
l_curve_0,563,0.0695076435804367,0.976190447807312
l_curve_0,564,0.06912575662136078,0.976190447807312
l_curve_0,565,0.06882163882255554,0.976190447807312
l_curve_0,566,0.06859596818685532,0.976190447807312
l_curve_0,567,0.06831347197294235,0.976190447807312
l_curve_0,568,0.06787848472595215,0.976190447807312
l_curve_0,569,0.06750760972499847,0.976190447807312
l_curve_0,570,0.06721587479114532,0.976190447807312
l_curve_0,571,0.06694582849740982,0.976190447807312
l_curve_0,572,0.06666749715805054,0.976190447807312
l_curve_0,573,0.06629841774702072,0.976190447807312
l_curve_0,574,0.06585966050624847,0.976190447807312
l_curve_0,575,0.065413698554039,0.976190447807312
l_curve_0,576,0.06512866169214249,0.976190447807312
l_curve_0,577,0.06486117839813232,0.976190447807312
l_curve_0,578,0.06462807208299637,0.976190447807312
l_curve_0,579,0.06439584493637085,0.976190447807312
l_curve_0,580,0.06404102593660355,0.976190447807312
l_curve_0,581,0.06382007151842117,0.976190447807312
l_curve_0,582,0.06357191503047943,0.976190447807312
l_curve_0,583,0.06335408240556717,0.976190447807312
l_curve_0,584,0.06316764652729034,0.976190447807312
l_curve_0,585,0.06279581785202026,0.976190447807312
l_curve_0,586,0.062414709478616714,0.976190447807312
l_curve_0,587,0.062154371291399,0.976190447807312
l_curve_0,588,0.06179525703191757,0.976190447807312
l_curve_0,589,0.06150883808732033,0.976190447807312
l_curve_0,590,0.06128647178411484,0.976190447807312
l_curve_0,591,0.0609823539853096,0.976190447807312
l_curve_0,592,0.06081673130393028,0.976190447807312
l_curve_0,593,0.06042122840881348,0.976190447807312
l_curve_0,594,0.060070157051086426,0.976190447807312
l_curve_0,595,0.059852395206689835,0.976190447807312
l_curve_0,596,0.05986309051513672,0.976190447807312
l_curve_0,597,0.05941639468073845,0.976190447807312
l_curve_0,598,0.05915442109107971,0.976190447807312
l_curve_0,599,0.05853499844670296,0.976190447807312
l_curve_0,600,0.058403514325618744,0.976190447807312
l_curve_0,601,0.05834256857633591,0.976190447807312
l_curve_0,602,0.05802573636174202,0.976190447807312
l_curve_0,603,0.05776840075850487,0.976190447807312
l_curve_0,604,0.057619549334049225,0.976190447807312
l_curve_0,605,0.05738309398293495,0.976190447807312
l_curve_0,606,0.05713946372270584,0.976190447807312
l_curve_0,607,0.05696084350347519,0.976190447807312
l_curve_0,608,0.056762922555208206,0.976190447807312
l_curve_0,609,0.056429170072078705,0.976190447807312
l_curve_0,610,0.05619732663035393,0.976190447807312
l_curve_0,611,0.055987585335969925,0.976190447807312
l_curve_0,612,0.05563987046480179,0.976190447807312
l_curve_0,613,0.055263224989175797,0.976190447807312
l_curve_0,614,0.055093854665756226,0.976190447807312
l_curve_0,615,0.05463460087776184,0.976190447807312
l_curve_0,616,0.054472096264362335,0.976190447807312
l_curve_0,617,0.054404594004154205,0.976190447807312
l_curve_0,618,0.054259151220321655,0.976190447807312
l_curve_0,619,0.05393553897738457,0.976190447807312
l_curve_0,620,0.05380500480532646,0.976190447807312
l_curve_0,621,0.053428616374731064,0.976190447807312
l_curve_0,622,0.053222354501485825,0.976190447807312
l_curve_0,623,0.05288751423358917,0.976190447807312
l_curve_0,624,0.0525958426296711,0.988095223903656
l_curve_0,625,0.05234348773956299,0.988095223903656
l_curve_0,626,0.05215374007821083,0.988095223903656
l_curve_0,627,0.05193478241562843,0.988095223903656
l_curve_0,628,0.05170959606766701,0.988095223903656
l_curve_0,629,0.05162899196147919,0.988095223903656
l_curve_0,630,0.05141168087720871,0.988095223903656
l_curve_0,631,0.05123891308903694,0.988095223903656
l_curve_0,632,0.05112896487116814,0.988095223903656
l_curve_0,633,0.050720520317554474,0.988095223903656
l_curve_0,634,0.05061664059758186,0.988095223903656
l_curve_0,635,0.050474122166633606,0.988095223903656
l_curve_0,636,0.050316791981458664,0.988095223903656
l_curve_0,637,0.050014082342386246,0.988095223903656
l_curve_0,638,0.0498599112033844,0.988095223903656
l_curve_0,639,0.04968194663524628,0.988095223903656
l_curve_0,640,0.04943292587995529,0.988095223903656
l_curve_0,641,0.049210309982299805,0.988095223903656
l_curve_0,642,0.04876405745744705,0.988095223903656
l_curve_0,643,0.04858466982841492,0.988095223903656
l_curve_0,644,0.04845520853996277,0.988095223903656
l_curve_0,645,0.04825366288423538,0.988095223903656
l_curve_0,646,0.04788821190595627,0.988095223903656
l_curve_0,647,0.047712814062833786,0.988095223903656
l_curve_0,648,0.04750093072652817,0.988095223903656
l_curve_0,649,0.04726467654109001,0.988095223903656
l_curve_0,650,0.04701818898320198,0.988095223903656
l_curve_0,651,0.04699542373418808,0.988095223903656
l_curve_0,652,0.04670250788331032,0.988095223903656
l_curve_0,653,0.04653234779834747,0.988095223903656
l_curve_0,654,0.04632650688290596,0.988095223903656
l_curve_0,655,0.046046674251556396,0.988095223903656
l_curve_0,656,0.04589919373393059,0.988095223903656
l_curve_0,657,0.04572730511426926,0.988095223903656
l_curve_0,658,0.04570404812693596,0.988095223903656
l_curve_0,659,0.045471739023923874,0.988095223903656
l_curve_0,660,0.045256853103637695,0.988095223903656
l_curve_0,661,0.0449681431055069,0.988095223903656
l_curve_0,662,0.04484136775135994,0.988095223903656
l_curve_0,663,0.04453447088599205,0.988095223903656
l_curve_0,664,0.04443264752626419,0.988095223903656
l_curve_0,665,0.044319022446870804,0.988095223903656
l_curve_0,666,0.04408988356590271,0.988095223903656
l_curve_0,667,0.043956510722637177,0.988095223903656
l_curve_0,668,0.04372519627213478,0.988095223903656
l_curve_0,669,0.04352875053882599,0.988095223903656
l_curve_0,670,0.043408531695604324,0.988095223903656
l_curve_0,671,0.04312116280198097,0.988095223903656
l_curve_0,672,0.04289387911558151,0.988095223903656
l_curve_0,673,0.042699746787548065,0.988095223903656
l_curve_0,674,0.04251517727971077,0.988095223903656
l_curve_0,675,0.042353544384241104,0.988095223903656
l_curve_0,676,0.04211942106485367,0.988095223903656
l_curve_0,677,0.04216288775205612,0.988095223903656
l_curve_0,678,0.04192948341369629,0.988095223903656
l_curve_0,679,0.0417482927441597,0.988095223903656
l_curve_0,680,0.04129175841808319,0.988095223903656
l_curve_0,681,0.0411628820002079,0.988095223903656
l_curve_0,682,0.04109536483883858,0.988095223903656
l_curve_0,683,0.040950972586870193,0.988095223903656
l_curve_0,684,0.04087547957897186,0.988095223903656
l_curve_0,685,0.040763404220342636,0.988095223903656
l_curve_0,686,0.040518540889024734,0.988095223903656
l_curve_0,687,0.04032306373119354,0.988095223903656
l_curve_0,688,0.040220849215984344,0.988095223903656
l_curve_0,689,0.03998437523841858,1.0
l_curve_0,690,0.03977382555603981,1.0
l_curve_0,691,0.03963559493422508,1.0
l_curve_0,692,0.039421118795871735,1.0
l_curve_0,693,0.03935958072543144,1.0
l_curve_0,694,0.03928930312395096,1.0
l_curve_0,695,0.039086680859327316,1.0
l_curve_0,696,0.03908802196383476,1.0
l_curve_0,697,0.038894739001989365,1.0
l_curve_0,698,0.03856784850358963,1.0
l_curve_0,699,0.03841980919241905,1.0
l_curve_0,700,0.03829091042280197,1.0
l_curve_0,701,0.03811575099825859,1.0
l_curve_0,702,0.037876322865486145,1.0
l_curve_0,703,0.03776095062494278,1.0
l_curve_0,704,0.03752993792295456,1.0
l_curve_0,705,0.0373789481818676,1.0
l_curve_0,706,0.037055689841508865,1.0
l_curve_0,707,0.03689809516072273,1.0
l_curve_0,708,0.03677108883857727,1.0
l_curve_0,709,0.036666326224803925,1.0
l_curve_0,710,0.036471255123615265,1.0
l_curve_0,711,0.03629199042916298,1.0
l_curve_0,712,0.03624320775270462,1.0
l_curve_0,713,0.03610573336482048,1.0
l_curve_0,714,0.03595510870218277,1.0
l_curve_0,715,0.0358116514980793,1.0
l_curve_0,716,0.035780876874923706,1.0
l_curve_0,717,0.03565317019820213,1.0
l_curve_0,718,0.03555414080619812,1.0
l_curve_0,719,0.03524906188249588,1.0
l_curve_0,720,0.03511914238333702,1.0
l_curve_0,721,0.03496173024177551,1.0
l_curve_0,722,0.03485487774014473,1.0
l_curve_0,723,0.03475269302725792,1.0
l_curve_0,724,0.034676551818847656,1.0
l_curve_0,725,0.03446415066719055,1.0
l_curve_0,726,0.0342923179268837,1.0
l_curve_0,727,0.03410104289650917,1.0
l_curve_0,728,0.034053947776556015,1.0
l_curve_0,729,0.03404131531715393,1.0
l_curve_0,730,0.033726055175065994,1.0
l_curve_0,731,0.03363198786973953,1.0
l_curve_0,732,0.03344196081161499,1.0
l_curve_0,733,0.03314546123147011,1.0
l_curve_0,734,0.03294207155704498,1.0
l_curve_0,735,0.03275297209620476,1.0
l_curve_0,736,0.032812971621751785,1.0
l_curve_0,737,0.03265560790896416,1.0
l_curve_0,738,0.03254937753081322,1.0
l_curve_0,739,0.03230123221874237,1.0
l_curve_0,740,0.03232420235872269,1.0
l_curve_0,741,0.03221102058887482,1.0
l_curve_0,742,0.032096683979034424,1.0
l_curve_0,743,0.03200135380029678,1.0
l_curve_0,744,0.03189212828874588,1.0
l_curve_0,745,0.03167122229933739,1.0
l_curve_0,746,0.03156513720750809,1.0
l_curve_0,747,0.031390540301799774,1.0
l_curve_0,748,0.031179970130324364,1.0
l_curve_0,749,0.031093653291463852,1.0
l_curve_0,750,0.031117018312215805,1.0
l_curve_0,751,0.031024932861328125,1.0
l_curve_0,752,0.030996890738606453,1.0
l_curve_0,753,0.030808493494987488,1.0
l_curve_0,754,0.03063918836414814,1.0
l_curve_0,755,0.030436180531978607,1.0
l_curve_0,756,0.030229032039642334,1.0
l_curve_0,757,0.03022090345621109,1.0
l_curve_0,758,0.03012751415371895,1.0
l_curve_0,759,0.030013147741556168,1.0
l_curve_0,760,0.029944410547614098,1.0
l_curve_0,761,0.02993398904800415,1.0
l_curve_0,762,0.029888590797781944,1.0
l_curve_0,763,0.02960161305963993,1.0
l_curve_0,764,0.029398463666439056,1.0
l_curve_0,765,0.029299262911081314,1.0
l_curve_0,766,0.02918381430208683,1.0
l_curve_0,767,0.029016444459557533,1.0
l_curve_0,768,0.02888443134725094,1.0
l_curve_0,769,0.028806176036596298,1.0
l_curve_0,770,0.028757387772202492,1.0
l_curve_0,771,0.028634026646614075,1.0
l_curve_0,772,0.02852536179125309,1.0
l_curve_0,773,0.028469011187553406,1.0
l_curve_0,774,0.028442058712244034,1.0
l_curve_0,775,0.028178859502077103,1.0
l_curve_0,776,0.028139200061559677,1.0
l_curve_0,777,0.028014441952109337,1.0
l_curve_0,778,0.027958467602729797,1.0
l_curve_0,779,0.027844831347465515,1.0
l_curve_0,780,0.02774111181497574,1.0
l_curve_0,781,0.027596110478043556,1.0
l_curve_0,782,0.027561714872717857,1.0
l_curve_0,783,0.027347400784492493,1.0
l_curve_0,784,0.027244731783866882,1.0
l_curve_0,785,0.027168961241841316,1.0
l_curve_0,786,0.02712363377213478,1.0
l_curve_0,787,0.0270489901304245,1.0
l_curve_0,788,0.02697095461189747,1.0
l_curve_0,789,0.02685202844440937,1.0
l_curve_0,790,0.026791879907250404,1.0
l_curve_0,791,0.026634326204657555,1.0
l_curve_0,792,0.0265390332788229,1.0
l_curve_0,793,0.026369895786046982,1.0
l_curve_0,794,0.02635360322892666,1.0
l_curve_0,795,0.02633850835263729,1.0
l_curve_0,796,0.026215391233563423,1.0
l_curve_0,797,0.02604398876428604,1.0
l_curve_0,798,0.02586609497666359,1.0
l_curve_0,799,0.025693465024232864,1.0
l_curve_0,800,0.025609612464904785,1.0
l_curve_0,801,0.02557094395160675,1.0
l_curve_0,802,0.025428101420402527,1.0
l_curve_0,803,0.025341419503092766,1.0
l_curve_0,804,0.0252451840788126,1.0
l_curve_0,805,0.025114545598626137,1.0
l_curve_0,806,0.02506759576499462,1.0
l_curve_0,807,0.024794528260827065,1.0
l_curve_0,808,0.024748671799898148,1.0
l_curve_0,809,0.02459653839468956,1.0
l_curve_0,810,0.024603430181741714,1.0
l_curve_0,811,0.02456720732152462,1.0
l_curve_0,812,0.024542981758713722,1.0
l_curve_0,813,0.02438618429005146,1.0
l_curve_0,814,0.024316543713212013,1.0
l_curve_0,815,0.02417032979428768,1.0
l_curve_0,816,0.02403889410197735,1.0
l_curve_0,817,0.024102088063955307,1.0
l_curve_0,818,0.02390477806329727,1.0
l_curve_0,819,0.023826925083994865,1.0
l_curve_0,820,0.023678699508309364,1.0
l_curve_0,821,0.023615766316652298,1.0
l_curve_0,822,0.023533280938863754,1.0
l_curve_0,823,0.023561855778098106,1.0
l_curve_0,824,0.02343112789094448,1.0
l_curve_0,825,0.02334917150437832,1.0
l_curve_0,826,0.02327193319797516,1.0
l_curve_0,827,0.0232024397701025,1.0
l_curve_0,828,0.02326148748397827,1.0
l_curve_0,829,0.02311091497540474,1.0
l_curve_0,830,0.023069096729159355,1.0
l_curve_0,831,0.022871362045407295,1.0
l_curve_0,832,0.02268792688846588,1.0
l_curve_0,833,0.022565515711903572,1.0
l_curve_0,834,0.022505978122353554,1.0
l_curve_0,835,0.02242056280374527,1.0
l_curve_0,836,0.022334817796945572,1.0
l_curve_0,837,0.022279223427176476,1.0
l_curve_0,838,0.022121921181678772,1.0
l_curve_0,839,0.022021114826202393,1.0
l_curve_0,840,0.021995842456817627,1.0
l_curve_0,841,0.021918373182415962,1.0
l_curve_0,842,0.021870503202080727,1.0
l_curve_0,843,0.02181696705520153,1.0
l_curve_0,844,0.021723654121160507,1.0
l_curve_0,845,0.021669188514351845,1.0
l_curve_0,846,0.021615315228700638,1.0
l_curve_0,847,0.02154451422393322,1.0
l_curve_0,848,0.021402213722467422,1.0
l_curve_0,849,0.021391110494732857,1.0
l_curve_0,850,0.021284526214003563,1.0
l_curve_0,851,0.021304981783032417,1.0
l_curve_0,852,0.021216684952378273,1.0
l_curve_0,853,0.02102511003613472,1.0
l_curve_0,854,0.020977379754185677,1.0
l_curve_0,855,0.020870085805654526,1.0
l_curve_0,856,0.020808767527341843,1.0
l_curve_0,857,0.02070842683315277,1.0
l_curve_0,858,0.020704763010144234,1.0
l_curve_0,859,0.02067359909415245,1.0
l_curve_0,860,0.020668085664510727,1.0
l_curve_0,861,0.020613674074411392,1.0
l_curve_0,862,0.020484384149312973,1.0
l_curve_0,863,0.020338404923677444,1.0
l_curve_0,864,0.020176203921437263,1.0
l_curve_0,865,0.02008800022304058,1.0
l_curve_0,866,0.020037148147821426,1.0
l_curve_0,867,0.019980086013674736,1.0
l_curve_0,868,0.019977029412984848,1.0
l_curve_0,869,0.019915957003831863,1.0
l_curve_0,870,0.019786015152931213,1.0
l_curve_0,871,0.019795626401901245,1.0
l_curve_0,872,0.019768960773944855,1.0
l_curve_0,873,0.019712338224053383,1.0
l_curve_0,874,0.019641036167740822,1.0
l_curve_0,875,0.01949600875377655,1.0
l_curve_0,876,0.01937723718583584,1.0
l_curve_0,877,0.01940569467842579,1.0
l_curve_0,878,0.019164763391017914,1.0
l_curve_0,879,0.01909766159951687,1.0
l_curve_0,880,0.019046379253268242,1.0
l_curve_0,881,0.019055277109146118,1.0
l_curve_0,882,0.018977733328938484,1.0
l_curve_0,883,0.01894942857325077,1.0
l_curve_0,884,0.018889307975769043,1.0
l_curve_0,885,0.018890073522925377,1.0
l_curve_0,886,0.018872829154133797,1.0
l_curve_0,887,0.01878344640135765,1.0
l_curve_0,888,0.018688000738620758,1.0
l_curve_0,889,0.018566440790891647,1.0
l_curve_0,890,0.018434328958392143,1.0
l_curve_0,891,0.018435798585414886,1.0
l_curve_0,892,0.018358321860432625,1.0
l_curve_0,893,0.01822761632502079,1.0
l_curve_0,894,0.018232334405183792,1.0
l_curve_0,895,0.018200302496552467,1.0
l_curve_0,896,0.018114203587174416,1.0
l_curve_0,897,0.018065568059682846,1.0
l_curve_0,898,0.017975425347685814,1.0
l_curve_0,899,0.017917534336447716,1.0
l_curve_0,900,0.017828743904829025,1.0
l_curve_0,901,0.017707522958517075,1.0
l_curve_0,902,0.017727060243487358,1.0
l_curve_0,903,0.017674032598733902,1.0
l_curve_0,904,0.017742745578289032,1.0
l_curve_0,905,0.017639050260186195,1.0
l_curve_0,906,0.01743757724761963,1.0
l_curve_0,907,0.0174342542886734,1.0
l_curve_0,908,0.017367947846651077,1.0
l_curve_0,909,0.017273178324103355,1.0
l_curve_0,910,0.017179232090711594,1.0
l_curve_0,911,0.01709347404539585,1.0
l_curve_0,912,0.017095379531383514,1.0
l_curve_0,913,0.017108138650655746,1.0
l_curve_0,914,0.01696038618683815,1.0
l_curve_0,915,0.01692596822977066,1.0
l_curve_0,916,0.016895178705453873,1.0
l_curve_0,917,0.01689418964087963,1.0
l_curve_0,918,0.016771623864769936,1.0
l_curve_0,919,0.016716599464416504,1.0
l_curve_0,920,0.016720887273550034,1.0
l_curve_0,921,0.016647862270474434,1.0
l_curve_0,922,0.016584016382694244,1.0
l_curve_0,923,0.016525154933333397,1.0
l_curve_0,924,0.01651446521282196,1.0
l_curve_0,925,0.016407109797000885,1.0
l_curve_0,926,0.016349392011761665,1.0
l_curve_0,927,0.016255654394626617,1.0
l_curve_0,928,0.01625479944050312,1.0
l_curve_0,929,0.016194667667150497,1.0
l_curve_0,930,0.016188737004995346,1.0
l_curve_0,931,0.016015183180570602,1.0
l_curve_0,932,0.01590871438384056,1.0
l_curve_0,933,0.015951653942465782,1.0
l_curve_0,934,0.016000960022211075,1.0
l_curve_0,935,0.01594279333949089,1.0
l_curve_0,936,0.01583384908735752,1.0
l_curve_0,937,0.015802981331944466,1.0
l_curve_0,938,0.015765201300382614,1.0
l_curve_0,939,0.015708517283201218,1.0
l_curve_0,940,0.015597893856465816,1.0
l_curve_0,941,0.015526657924056053,1.0
l_curve_0,942,0.015459088608622551,1.0
l_curve_0,943,0.015444568358361721,1.0
l_curve_0,944,0.015332748182117939,1.0
l_curve_0,945,0.015287362039089203,1.0
l_curve_0,946,0.015257115475833416,1.0
l_curve_0,947,0.0152106499299407,1.0
l_curve_0,948,0.015188631601631641,1.0
l_curve_0,949,0.015152106992900372,1.0
l_curve_0,950,0.015076810494065285,1.0
l_curve_0,951,0.014953171834349632,1.0
l_curve_0,952,0.014811006374657154,1.0
l_curve_0,953,0.0147935152053833,1.0
l_curve_0,954,0.014834937639534473,1.0
l_curve_0,955,0.014786752872169018,1.0
l_curve_0,956,0.014741751365363598,1.0
l_curve_0,957,0.014751185663044453,1.0
l_curve_0,958,0.014769123867154121,1.0
l_curve_0,959,0.014664320275187492,1.0
l_curve_0,960,0.014660683460533619,1.0
l_curve_0,961,0.014633683487772942,1.0
l_curve_0,962,0.014521680772304535,1.0
l_curve_0,963,0.014466093853116035,1.0
l_curve_0,964,0.014409408904612064,1.0
l_curve_0,965,0.014444413594901562,1.0
l_curve_0,966,0.014349301345646381,1.0
l_curve_0,967,0.01430104486644268,1.0
l_curve_0,968,0.014227117411792278,1.0
l_curve_0,969,0.014205100014805794,1.0
l_curve_0,970,0.014181598089635372,1.0
l_curve_0,971,0.014142133295536041,1.0
l_curve_0,972,0.014094073325395584,1.0
l_curve_0,973,0.01399785466492176,1.0
l_curve_0,974,0.013890374451875687,1.0
l_curve_0,975,0.013739485293626785,1.0
l_curve_0,976,0.013715934008359909,1.0
l_curve_0,977,0.013638658449053764,1.0
l_curve_0,978,0.013599617406725883,1.0
l_curve_0,979,0.013537128455936909,1.0
l_curve_0,980,0.013504800386726856,1.0
l_curve_0,981,0.013516978360712528,1.0
l_curve_0,982,0.013443291187286377,1.0
l_curve_0,983,0.013427577912807465,1.0
l_curve_0,984,0.0134750846773386,1.0
l_curve_0,985,0.013431830331683159,1.0
l_curve_0,986,0.013456168584525585,1.0
l_curve_0,987,0.013388305902481079,1.0
l_curve_0,988,0.013288110494613647,1.0
l_curve_0,989,0.013268919661641121,1.0
l_curve_0,990,0.01324409805238247,1.0
l_curve_0,991,0.013276191428303719,1.0
l_curve_0,992,0.013207906857132912,1.0
l_curve_0,993,0.013159307651221752,1.0
l_curve_0,994,0.013103337958455086,1.0
l_curve_0,995,0.013164571486413479,1.0
l_curve_0,996,0.013044365681707859,1.0
l_curve_0,997,0.013061369769275188,1.0
l_curve_0,998,0.012931804172694683,1.0
l_curve_0,999,0.012912563048303127,1.0
l_curve_0,1000,0.012902687303721905,1.0
l_curve_0,1000,0.012902687303721905,1.0
