client,round,loss,accuracy
l_curve_3,1,0.7842227220535278,0.4523809552192688
l_curve_3,2,0.7588874101638794,0.4523809552192688
l_curve_3,3,0.736026406288147,0.4523809552192688
l_curve_3,4,0.715644359588623,0.4523809552192688
l_curve_3,5,0.6972121000289917,0.4761904776096344
l_curve_3,6,0.6802577972412109,0.5
l_curve_3,7,0.6646235585212708,0.5714285969734192
l_curve_3,8,0.6500318646430969,0.6904761791229248
l_curve_3,9,0.6377051472663879,0.7142857313156128
l_curve_3,10,0.6261880397796631,0.738095223903656
l_curve_3,11,0.6150217056274414,0.738095223903656
l_curve_3,12,0.6052433252334595,0.7142857313156128
l_curve_3,13,0.5957862138748169,0.6904761791229248
l_curve_3,14,0.5870353579521179,0.6666666865348816
l_curve_3,15,0.5787299275398254,0.6904761791229248
l_curve_3,16,0.5708717107772827,0.7142857313156128
l_curve_3,17,0.5633360743522644,0.7142857313156128
l_curve_3,18,0.5566519498825073,0.7142857313156128
l_curve_3,19,0.5503649711608887,0.7142857313156128
l_curve_3,20,0.5437631011009216,0.7142857313156128
l_curve_3,21,0.5371043086051941,0.7142857313156128
l_curve_3,22,0.5314448475837708,0.7142857313156128
l_curve_3,23,0.5261453986167908,0.7142857313156128
l_curve_3,24,0.520858645439148,0.7142857313156128
l_curve_3,25,0.5160698890686035,0.738095223903656
l_curve_3,26,0.5112053751945496,0.738095223903656
l_curve_3,27,0.5065950155258179,0.738095223903656
l_curve_3,28,0.5022932291030884,0.738095223903656
l_curve_3,29,0.4979146420955658,0.738095223903656
l_curve_3,30,0.49301815032958984,0.738095223903656
l_curve_3,31,0.48815226554870605,0.738095223903656
l_curve_3,32,0.4838213324546814,0.738095223903656
l_curve_3,33,0.47967660427093506,0.738095223903656
l_curve_3,34,0.47548139095306396,0.738095223903656
l_curve_3,35,0.4713708758354187,0.738095223903656
l_curve_3,36,0.46739327907562256,0.738095223903656
l_curve_3,37,0.46367210149765015,0.738095223903656
l_curve_3,38,0.46032869815826416,0.738095223903656
l_curve_3,39,0.4573357105255127,0.738095223903656
l_curve_3,40,0.4540536105632782,0.738095223903656
l_curve_3,41,0.450914204120636,0.738095223903656
l_curve_3,42,0.4480314254760742,0.761904776096344
l_curve_3,43,0.44554799795150757,0.761904776096344
l_curve_3,44,0.4433024227619171,0.761904776096344
l_curve_3,45,0.4407652020454407,0.761904776096344
l_curve_3,46,0.43823736906051636,0.7857142686843872
l_curve_3,47,0.43576908111572266,0.7857142686843872
l_curve_3,48,0.4332691431045532,0.7857142686843872
l_curve_3,49,0.43107518553733826,0.7857142686843872
l_curve_3,50,0.429494708776474,0.7857142686843872
l_curve_3,51,0.4271964430809021,0.7857142686843872
l_curve_3,52,0.4250544011592865,0.7857142686843872
l_curve_3,53,0.42332494258880615,0.7857142686843872
l_curve_3,54,0.4214577376842499,0.7857142686843872
l_curve_3,55,0.4197298586368561,0.7857142686843872
l_curve_3,56,0.41780489683151245,0.7857142686843872
l_curve_3,57,0.4154055416584015,0.8095238208770752
l_curve_3,58,0.41377535462379456,0.8095238208770752
l_curve_3,59,0.4124058783054352,0.8095238208770752
l_curve_3,60,0.4110674560070038,0.8095238208770752
l_curve_3,61,0.4095627963542938,0.8095238208770752
l_curve_3,62,0.407885879278183,0.8095238208770752
l_curve_3,63,0.40646928548812866,0.8095238208770752
l_curve_3,64,0.4055865705013275,0.8095238208770752
l_curve_3,65,0.40461012721061707,0.8333333134651184
l_curve_3,66,0.4039216637611389,0.8333333134651184
l_curve_3,67,0.4029897153377533,0.8333333134651184
l_curve_3,68,0.40197625756263733,0.8333333134651184
l_curve_3,69,0.40092790126800537,0.8333333134651184
l_curve_3,70,0.39974141120910645,0.8333333134651184
l_curve_3,71,0.39848291873931885,0.8333333134651184
l_curve_3,72,0.3973499536514282,0.8333333134651184
l_curve_3,73,0.39580413699150085,0.8333333134651184
l_curve_3,74,0.3943842053413391,0.8333333134651184
l_curve_3,75,0.393123984336853,0.8333333134651184
l_curve_3,76,0.39184698462486267,0.8333333134651184
l_curve_3,77,0.390989750623703,0.8333333134651184
l_curve_3,78,0.3903476595878601,0.8333333134651184
l_curve_3,79,0.38946378231048584,0.8333333134651184
l_curve_3,80,0.3891368508338928,0.8333333134651184
l_curve_3,81,0.388974130153656,0.8333333134651184
l_curve_3,82,0.3882099390029907,0.8333333134651184
l_curve_3,83,0.3874576985836029,0.8333333134651184
l_curve_3,84,0.3862309157848358,0.8333333134651184
l_curve_3,85,0.3855207562446594,0.8333333134651184
l_curve_3,86,0.38474932312965393,0.8333333134651184
l_curve_3,87,0.3842710852622986,0.8571428656578064
l_curve_3,88,0.383729487657547,0.8571428656578064
l_curve_3,89,0.38247379660606384,0.8571428656578064
l_curve_3,90,0.3814886212348938,0.8571428656578064
l_curve_3,91,0.38079142570495605,0.8571428656578064
l_curve_3,92,0.3802887499332428,0.8571428656578064
l_curve_3,93,0.37996578216552734,0.8571428656578064
l_curve_3,94,0.379921555519104,0.8571428656578064
l_curve_3,95,0.3798876404762268,0.8571428656578064
l_curve_3,96,0.3796022832393646,0.8571428656578064
l_curve_3,97,0.3793281316757202,0.8571428656578064
l_curve_3,98,0.37924447655677795,0.8571428656578064
l_curve_3,99,0.37911051511764526,0.8571428656578064
l_curve_3,100,0.3786393702030182,0.8571428656578064
l_curve_3,101,0.3779198229312897,0.8571428656578064
l_curve_3,102,0.3771084249019623,0.8571428656578064
l_curve_3,103,0.37658047676086426,0.8571428656578064
l_curve_3,104,0.3764086365699768,0.8571428656578064
l_curve_3,105,0.3759283125400543,0.8571428656578064
l_curve_3,106,0.3751242458820343,0.8571428656578064
l_curve_3,107,0.3744843304157257,0.8571428656578064
l_curve_3,108,0.3736969530582428,0.8571428656578064
l_curve_3,109,0.372860312461853,0.8571428656578064
l_curve_3,110,0.3726747930049896,0.8571428656578064
l_curve_3,111,0.37195101380348206,0.8571428656578064
l_curve_3,112,0.3718656301498413,0.8571428656578064
l_curve_3,113,0.37197861075401306,0.8571428656578064
l_curve_3,114,0.37178871035575867,0.8571428656578064
l_curve_3,115,0.37209925055503845,0.8571428656578064
l_curve_3,116,0.37148821353912354,0.8571428656578064
l_curve_3,117,0.37118175625801086,0.8571428656578064
l_curve_3,118,0.37122103571891785,0.8571428656578064
l_curve_3,119,0.37060457468032837,0.8571428656578064
l_curve_3,120,0.37076640129089355,0.8571428656578064
l_curve_3,121,0.3715633153915405,0.8571428656578064
l_curve_3,122,0.37186914682388306,0.8571428656578064
l_curve_3,123,0.37169891595840454,0.8571428656578064
l_curve_3,124,0.3704487085342407,0.8571428656578064
l_curve_3,125,0.36926573514938354,0.8571428656578064
l_curve_3,126,0.3688930571079254,0.8571428656578064
l_curve_3,127,0.36891379952430725,0.8571428656578064
l_curve_3,128,0.3691156804561615,0.8571428656578064
l_curve_3,129,0.3688008785247803,0.8571428656578064
l_curve_3,130,0.3690473139286041,0.8571428656578064
l_curve_3,131,0.36862897872924805,0.8571428656578064
l_curve_3,132,0.3681236505508423,0.8571428656578064
l_curve_3,133,0.36817142367362976,0.8571428656578064
l_curve_3,134,0.3680180609226227,0.8571428656578064
l_curve_3,135,0.3680427074432373,0.8571428656578064
l_curve_3,136,0.367872416973114,0.8571428656578064
l_curve_3,137,0.36761701107025146,0.8571428656578064
l_curve_3,138,0.36780309677124023,0.8571428656578064
l_curve_3,139,0.3674090504646301,0.8571428656578064
l_curve_3,140,0.3669770658016205,0.8571428656578064
l_curve_3,141,0.3670322895050049,0.8571428656578064
l_curve_3,142,0.3671991527080536,0.8571428656578064
l_curve_3,143,0.36703020334243774,0.8571428656578064
l_curve_3,144,0.3658173382282257,0.8571428656578064
l_curve_3,145,0.36528390645980835,0.8571428656578064
l_curve_3,146,0.365477979183197,0.8571428656578064
l_curve_3,147,0.3650952875614166,0.8571428656578064
l_curve_3,148,0.3641379773616791,0.8571428656578064
l_curve_3,149,0.3637310266494751,0.8571428656578064
l_curve_3,150,0.3641109764575958,0.8571428656578064
l_curve_3,151,0.3643169105052948,0.8571428656578064
l_curve_3,152,0.3648156225681305,0.8571428656578064
l_curve_3,153,0.3647163510322571,0.8571428656578064
l_curve_3,154,0.36403852701187134,0.8571428656578064
l_curve_3,155,0.3640812933444977,0.8571428656578064
l_curve_3,156,0.36390289664268494,0.8571428656578064
l_curve_3,157,0.36307233572006226,0.8571428656578064
l_curve_3,158,0.3627610504627228,0.8571428656578064
l_curve_3,159,0.3626955449581146,0.8571428656578064
l_curve_3,160,0.3630162179470062,0.8571428656578064
l_curve_3,161,0.36337509751319885,0.8571428656578064
l_curve_3,162,0.3628217279911041,0.8571428656578064
l_curve_3,163,0.36196422576904297,0.8571428656578064
l_curve_3,164,0.3609215319156647,0.8571428656578064
l_curve_3,165,0.36077558994293213,0.8571428656578064
l_curve_3,166,0.36043089628219604,0.8571428656578064
l_curve_3,167,0.36086446046829224,0.8571428656578064
l_curve_3,168,0.36088043451309204,0.8809523582458496
l_curve_3,169,0.3605397939682007,0.8809523582458496
l_curve_3,170,0.35949498414993286,0.8571428656578064
l_curve_3,171,0.3594433069229126,0.8809523582458496
l_curve_3,172,0.35899075865745544,0.8809523582458496
l_curve_3,173,0.3583611845970154,0.8809523582458496
l_curve_3,174,0.3580010235309601,0.8809523582458496
l_curve_3,175,0.3573315441608429,0.8809523582458496
l_curve_3,176,0.3569657504558563,0.8809523582458496
l_curve_3,177,0.35659825801849365,0.8809523582458496
l_curve_3,178,0.3563888370990753,0.8809523582458496
l_curve_3,179,0.3562562167644501,0.8809523582458496
l_curve_3,180,0.35627877712249756,0.8809523582458496
l_curve_3,181,0.3560749888420105,0.8809523582458496
l_curve_3,182,0.3558062016963959,0.8809523582458496
l_curve_3,183,0.3553789556026459,0.8809523582458496
l_curve_3,184,0.35564517974853516,0.8809523582458496
l_curve_3,185,0.3552834093570709,0.8809523582458496
l_curve_3,186,0.35498374700546265,0.8809523582458496
l_curve_3,187,0.35425376892089844,0.8809523582458496
l_curve_3,188,0.3539327383041382,0.8809523582458496
l_curve_3,189,0.3536332845687866,0.8809523582458496
l_curve_3,190,0.35330793261528015,0.8809523582458496
l_curve_3,191,0.35253334045410156,0.8809523582458496
l_curve_3,192,0.3520881235599518,0.8809523582458496
l_curve_3,193,0.35086262226104736,0.8809523582458496
l_curve_3,194,0.35014668107032776,0.8809523582458496
l_curve_3,195,0.3495849370956421,0.8809523582458496
l_curve_3,196,0.34953904151916504,0.8809523582458496
l_curve_3,197,0.3493999242782593,0.8809523582458496
l_curve_3,198,0.3488508462905884,0.8809523582458496
l_curve_3,199,0.3474782407283783,0.8809523582458496
l_curve_3,200,0.34651637077331543,0.8809523582458496
l_curve_3,201,0.34600648283958435,0.8809523582458496
l_curve_3,202,0.34608006477355957,0.8809523582458496
l_curve_3,203,0.345818430185318,0.8809523582458496
l_curve_3,204,0.34572094678878784,0.8809523582458496
l_curve_3,205,0.34474700689315796,0.8809523582458496
l_curve_3,206,0.3431464433670044,0.8809523582458496
l_curve_3,207,0.34220609068870544,0.8809523582458496
l_curve_3,208,0.3417756259441376,0.8809523582458496
l_curve_3,209,0.3416179418563843,0.8809523582458496
l_curve_3,210,0.3420391082763672,0.8809523582458496
l_curve_3,211,0.34173357486724854,0.8809523582458496
l_curve_3,212,0.3417152166366577,0.8809523582458496
l_curve_3,213,0.34144967794418335,0.8809523582458496
l_curve_3,214,0.3405344486236572,0.8809523582458496
l_curve_3,215,0.33988329768180847,0.8809523582458496
l_curve_3,216,0.339184433221817,0.8809523582458496
l_curve_3,217,0.33869731426239014,0.8809523582458496
l_curve_3,218,0.33761146664619446,0.8809523582458496
l_curve_3,219,0.33696937561035156,0.8809523582458496
l_curve_3,220,0.33684980869293213,0.8809523582458496
l_curve_3,221,0.33572787046432495,0.8809523582458496
l_curve_3,222,0.33541569113731384,0.8809523582458496
l_curve_3,223,0.3353046476840973,0.8809523582458496
l_curve_3,224,0.3346503674983978,0.8809523582458496
l_curve_3,225,0.33410879969596863,0.8809523582458496
l_curve_3,226,0.3339420258998871,0.8809523582458496
l_curve_3,227,0.3331051766872406,0.8809523582458496
l_curve_3,228,0.332631379365921,0.8809523582458496
l_curve_3,229,0.3321593999862671,0.8809523582458496
l_curve_3,230,0.3319071829319,0.8809523582458496
l_curve_3,231,0.3312684893608093,0.8809523582458496
l_curve_3,232,0.3308205008506775,0.8809523582458496
l_curve_3,233,0.3298455774784088,0.8809523582458496
l_curve_3,234,0.3293001055717468,0.8809523582458496
l_curve_3,235,0.32894015312194824,0.8809523582458496
l_curve_3,236,0.32846206426620483,0.8809523582458496
l_curve_3,237,0.3276422321796417,0.8809523582458496
l_curve_3,238,0.3261213004589081,0.8809523582458496
l_curve_3,239,0.3259592056274414,0.8809523582458496
l_curve_3,240,0.32528185844421387,0.8809523582458496
l_curve_3,241,0.3246910572052002,0.8809523582458496
l_curve_3,242,0.3234780430793762,0.8809523582458496
l_curve_3,243,0.3224727213382721,0.8809523582458496
l_curve_3,244,0.32215648889541626,0.8809523582458496
l_curve_3,245,0.32206302881240845,0.8809523582458496
l_curve_3,246,0.3212554454803467,0.8809523582458496
l_curve_3,247,0.319898396730423,0.8809523582458496
l_curve_3,248,0.31875693798065186,0.8809523582458496
l_curve_3,249,0.3179003894329071,0.8809523582458496
l_curve_3,250,0.3164913058280945,0.8809523582458496
l_curve_3,251,0.31563106179237366,0.8809523582458496
l_curve_3,252,0.31505438685417175,0.8809523582458496
l_curve_3,253,0.3133450448513031,0.9047619104385376
l_curve_3,254,0.3120183050632477,0.9047619104385376
l_curve_3,255,0.3101843297481537,0.9047619104385376
l_curve_3,256,0.30893346667289734,0.9047619104385376
l_curve_3,257,0.3084569573402405,0.9047619104385376
l_curve_3,258,0.30822405219078064,0.9047619104385376
l_curve_3,259,0.30755615234375,0.9047619104385376
l_curve_3,260,0.3069853186607361,0.9047619104385376
l_curve_3,261,0.306608647108078,0.9047619104385376
l_curve_3,262,0.30658507347106934,0.9047619104385376
l_curve_3,263,0.3062411844730377,0.9047619104385376
l_curve_3,264,0.3055593967437744,0.9047619104385376
l_curve_3,265,0.30500784516334534,0.9047619104385376
l_curve_3,266,0.3046035170555115,0.9047619104385376
l_curve_3,267,0.3036673367023468,0.9047619104385376
l_curve_3,268,0.30285191535949707,0.9047619104385376
l_curve_3,269,0.30176255106925964,0.9047619104385376
l_curve_3,270,0.30052730441093445,0.9047619104385376
l_curve_3,271,0.2993343472480774,0.9047619104385376
l_curve_3,272,0.2989373207092285,0.9047619104385376
l_curve_3,273,0.2976164221763611,0.9047619104385376
l_curve_3,274,0.29628419876098633,0.9047619104385376
l_curve_3,275,0.29493606090545654,0.9047619104385376
l_curve_3,276,0.29399919509887695,0.9047619104385376
l_curve_3,277,0.29356294870376587,0.9047619104385376
l_curve_3,278,0.29193753004074097,0.9047619104385376
l_curve_3,279,0.2905486226081848,0.9047619104385376
l_curve_3,280,0.28989937901496887,0.9047619104385376
l_curve_3,281,0.2890729606151581,0.9047619104385376
l_curve_3,282,0.28806883096694946,0.9047619104385376
l_curve_3,283,0.28727343678474426,0.9047619104385376
l_curve_3,284,0.2867451310157776,0.9047619104385376
l_curve_3,285,0.2862212061882019,0.9047619104385376
l_curve_3,286,0.2858255207538605,0.9047619104385376
l_curve_3,287,0.2844374179840088,0.9047619104385376
l_curve_3,288,0.28354325890541077,0.9047619104385376
l_curve_3,289,0.28275129199028015,0.9047619104385376
l_curve_3,290,0.28175848722457886,0.9047619104385376
l_curve_3,291,0.28094181418418884,0.9047619104385376
l_curve_3,292,0.27988725900650024,0.9047619104385376
l_curve_3,293,0.2789545953273773,0.9047619104385376
l_curve_3,294,0.27763503789901733,0.9047619104385376
l_curve_3,295,0.2763390839099884,0.9047619104385376
l_curve_3,296,0.2746599614620209,0.9047619104385376
l_curve_3,297,0.2734575569629669,0.9047619104385376
l_curve_3,298,0.2729576826095581,0.9047619104385376
l_curve_3,299,0.27223238348960876,0.9047619104385376
l_curve_3,300,0.2718444764614105,0.9047619104385376
l_curve_3,301,0.271267831325531,0.9047619104385376
l_curve_3,302,0.2701701819896698,0.9047619104385376
l_curve_3,303,0.26953691244125366,0.9047619104385376
l_curve_3,304,0.268484890460968,0.9047619104385376
l_curve_3,305,0.26700034737586975,0.9047619104385376
l_curve_3,306,0.26616930961608887,0.9047619104385376
l_curve_3,307,0.265065997838974,0.9047619104385376
l_curve_3,308,0.26428622007369995,0.9047619104385376
l_curve_3,309,0.26343855261802673,0.9047619104385376
l_curve_3,310,0.26289233565330505,0.9047619104385376
l_curve_3,311,0.2622390389442444,0.9047619104385376
l_curve_3,312,0.26165908575057983,0.9047619104385376
l_curve_3,313,0.26005929708480835,0.9047619104385376
l_curve_3,314,0.2593373656272888,0.9047619104385376
l_curve_3,315,0.2572389841079712,0.9047619104385376
l_curve_3,316,0.2554647922515869,0.9047619104385376
l_curve_3,317,0.25442934036254883,0.9047619104385376
l_curve_3,318,0.2537933588027954,0.9047619104385376
l_curve_3,319,0.2534938454627991,0.9047619104385376
l_curve_3,320,0.25296550989151,0.9047619104385376
l_curve_3,321,0.2516157329082489,0.9047619104385376
l_curve_3,322,0.2498561143875122,0.9047619104385376
l_curve_3,323,0.24883252382278442,0.9047619104385376
l_curve_3,324,0.24831005930900574,0.9047619104385376
l_curve_3,325,0.24731987714767456,0.9047619104385376
l_curve_3,326,0.24609600007534027,0.9047619104385376
l_curve_3,327,0.2447836697101593,0.9047619104385376
l_curve_3,328,0.24330976605415344,0.9047619104385376
l_curve_3,329,0.24209065735340118,0.9047619104385376
l_curve_3,330,0.24128396809101105,0.9047619104385376
l_curve_3,331,0.2404722273349762,0.9047619104385376
l_curve_3,332,0.23994098603725433,0.9047619104385376
l_curve_3,333,0.23907038569450378,0.9047619104385376
l_curve_3,334,0.23849131166934967,0.9047619104385376
l_curve_3,335,0.23761317133903503,0.9047619104385376
l_curve_3,336,0.23722727596759796,0.9047619104385376
l_curve_3,337,0.23596064746379852,0.9047619104385376
l_curve_3,338,0.23465169966220856,0.9047619104385376
l_curve_3,339,0.2339233160018921,0.9047619104385376
l_curve_3,340,0.23336437344551086,0.9047619104385376
l_curve_3,341,0.2324541211128235,0.9047619104385376
l_curve_3,342,0.23113684356212616,0.9047619104385376
l_curve_3,343,0.22966726124286652,0.9047619104385376
l_curve_3,344,0.2276667207479477,0.9047619104385376
l_curve_3,345,0.22658143937587738,0.9047619104385376
l_curve_3,346,0.22620761394500732,0.9047619104385376
l_curve_3,347,0.2255885750055313,0.9047619104385376
l_curve_3,348,0.22448217868804932,0.9047619104385376
l_curve_3,349,0.22395138442516327,0.9047619104385376
l_curve_3,350,0.22283822298049927,0.9047619104385376
l_curve_3,351,0.22212417423725128,0.9047619104385376
l_curve_3,352,0.2209578901529312,0.9047619104385376
l_curve_3,353,0.22051893174648285,0.9047619104385376
l_curve_3,354,0.22016143798828125,0.9047619104385376
l_curve_3,355,0.21947625279426575,0.9047619104385376
l_curve_3,356,0.21809537708759308,0.9047619104385376
l_curve_3,357,0.21707694232463837,0.9047619104385376
l_curve_3,358,0.21646304428577423,0.9047619104385376
l_curve_3,359,0.21600601077079773,0.9047619104385376
l_curve_3,360,0.21538574993610382,0.9047619104385376
l_curve_3,361,0.21430657804012299,0.9047619104385376
l_curve_3,362,0.21330374479293823,0.9047619104385376
l_curve_3,363,0.21178188920021057,0.9047619104385376
l_curve_3,364,0.21003003418445587,0.9047619104385376
l_curve_3,365,0.20866750180721283,0.9047619104385376
l_curve_3,366,0.20730902254581451,0.9047619104385376
l_curve_3,367,0.20633099973201752,0.9047619104385376
l_curve_3,368,0.20578736066818237,0.9047619104385376
l_curve_3,369,0.20526322722434998,0.9047619104385376
l_curve_3,370,0.2038552463054657,0.9047619104385376
l_curve_3,371,0.20258735120296478,0.9047619104385376
l_curve_3,372,0.20177334547042847,0.9047619104385376
l_curve_3,373,0.20062878727912903,0.9047619104385376
l_curve_3,374,0.19937632977962494,0.9047619104385376
l_curve_3,375,0.19837205111980438,0.9047619104385376
l_curve_3,376,0.19740073382854462,0.9047619104385376
l_curve_3,377,0.19684168696403503,0.9047619104385376
l_curve_3,378,0.19600602984428406,0.9047619104385376
l_curve_3,379,0.1957627236843109,0.9047619104385376
l_curve_3,380,0.19511811435222626,0.9047619104385376
l_curve_3,381,0.19476427137851715,0.9047619104385376
l_curve_3,382,0.19409683346748352,0.9047619104385376
l_curve_3,383,0.1934366524219513,0.9047619104385376
l_curve_3,384,0.1924419105052948,0.9047619104385376
l_curve_3,385,0.1915830671787262,0.9047619104385376
l_curve_3,386,0.19092655181884766,0.9047619104385376
l_curve_3,387,0.19055795669555664,0.9047619104385376
l_curve_3,388,0.18912412226200104,0.9047619104385376
l_curve_3,389,0.18738728761672974,0.9047619104385376
l_curve_3,390,0.18639333546161652,0.9047619104385376
l_curve_3,391,0.18538863956928253,0.9047619104385376
l_curve_3,392,0.1851336658000946,0.9047619104385376
l_curve_3,393,0.1846747249364853,0.9047619104385376
l_curve_3,394,0.18386206030845642,0.9047619104385376
l_curve_3,395,0.18303564190864563,0.9047619104385376
l_curve_3,396,0.18206769227981567,0.9047619104385376
l_curve_3,397,0.1811315268278122,0.9047619104385376
l_curve_3,398,0.17966672778129578,0.9047619104385376
l_curve_3,399,0.1784006804227829,0.9047619104385376
l_curve_3,400,0.1773005872964859,0.9047619104385376
l_curve_3,401,0.17661787569522858,0.9047619104385376
l_curve_3,402,0.176227405667305,0.9047619104385376
l_curve_3,403,0.17516739666461945,0.9047619104385376
l_curve_3,404,0.17412497103214264,0.9047619104385376
l_curve_3,405,0.17355555295944214,0.9047619104385376
l_curve_3,406,0.17310388386249542,0.9047619104385376
l_curve_3,407,0.17255201935768127,0.9047619104385376
l_curve_3,408,0.17189224064350128,0.9047619104385376
l_curve_3,409,0.17096452414989471,0.9047619104385376
l_curve_3,410,0.1700795590877533,0.9047619104385376
l_curve_3,411,0.1688377559185028,0.9047619104385376
l_curve_3,412,0.16808070242404938,0.9285714030265808
l_curve_3,413,0.1675124168395996,0.9285714030265808
l_curve_3,414,0.16636212170124054,0.9285714030265808
l_curve_3,415,0.1658587008714676,0.9285714030265808
l_curve_3,416,0.16558660566806793,0.9285714030265808
l_curve_3,417,0.16443513333797455,0.9285714030265808
l_curve_3,418,0.16309982538223267,0.9285714030265808
l_curve_3,419,0.16224782168865204,0.9285714030265808
l_curve_3,420,0.16172939538955688,0.9285714030265808
l_curve_3,421,0.1614697128534317,0.9285714030265808
l_curve_3,422,0.16109487414360046,0.9285714030265808
l_curve_3,423,0.1600252091884613,0.9285714030265808
l_curve_3,424,0.1593627631664276,0.9285714030265808
l_curve_3,425,0.15825243294239044,0.9285714030265808
l_curve_3,426,0.1573304831981659,0.9285714030265808
l_curve_3,427,0.15661752223968506,0.9285714030265808
l_curve_3,428,0.1566656082868576,0.9285714030265808
l_curve_3,429,0.15633155405521393,0.9285714030265808
l_curve_3,430,0.15603649616241455,0.9285714030265808
l_curve_3,431,0.15521980822086334,0.9285714030265808
l_curve_3,432,0.1546057164669037,0.9285714030265808
l_curve_3,433,0.1537693291902542,0.9285714030265808
l_curve_3,434,0.15294981002807617,0.9285714030265808
l_curve_3,435,0.15232670307159424,0.9285714030265808
l_curve_3,436,0.15146715939044952,0.9285714030265808
l_curve_3,437,0.15042582154273987,0.9285714030265808
l_curve_3,438,0.14970847964286804,0.9285714030265808
l_curve_3,439,0.1491582691669464,0.9285714030265808
l_curve_3,440,0.14750979840755463,0.9285714030265808
l_curve_3,441,0.1465151458978653,0.9285714030265808
l_curve_3,442,0.14576266705989838,0.9285714030265808
l_curve_3,443,0.14517398178577423,0.9285714030265808
l_curve_3,444,0.14509360492229462,0.9285714030265808
l_curve_3,445,0.14456863701343536,0.9285714030265808
l_curve_3,446,0.14391519129276276,0.9285714030265808
l_curve_3,447,0.14341914653778076,0.9285714030265808
l_curve_3,448,0.14331376552581787,0.9285714030265808
l_curve_3,449,0.14231248199939728,0.9285714030265808
l_curve_3,450,0.14120379090309143,0.9285714030265808
l_curve_3,451,0.14057931303977966,0.9285714030265808
l_curve_3,452,0.1402362436056137,0.9285714030265808
l_curve_3,453,0.14002403616905212,0.9285714030265808
l_curve_3,454,0.13948608934879303,0.9285714030265808
l_curve_3,455,0.1389772742986679,0.9285714030265808
l_curve_3,456,0.13845022022724152,0.9285714030265808
l_curve_3,457,0.13792845606803894,0.9285714030265808
l_curve_3,458,0.13672685623168945,0.9285714030265808
l_curve_3,459,0.1355244517326355,0.9285714030265808
l_curve_3,460,0.13406303524971008,0.9285714030265808
l_curve_3,461,0.13309718668460846,0.9285714030265808
l_curve_3,462,0.13267461955547333,0.9285714030265808
l_curve_3,463,0.1322377324104309,0.9285714030265808
l_curve_3,464,0.13206210732460022,0.9285714030265808
l_curve_3,465,0.1314985454082489,0.9285714030265808
l_curve_3,466,0.1314842402935028,0.9285714030265808
l_curve_3,467,0.13090038299560547,0.9285714030265808
l_curve_3,468,0.1302054226398468,0.9285714030265808
l_curve_3,469,0.1295013725757599,0.9285714030265808
l_curve_3,470,0.12872762978076935,0.9285714030265808
l_curve_3,471,0.12779638171195984,0.9285714030265808
l_curve_3,472,0.12718605995178223,0.9285714030265808
l_curve_3,473,0.12683041393756866,0.9285714030265808
l_curve_3,474,0.1264602094888687,0.9285714030265808
l_curve_3,475,0.12585018575191498,0.9285714030265808
l_curve_3,476,0.12552998960018158,0.9285714030265808
l_curve_3,477,0.1252056211233139,0.9285714030265808
l_curve_3,478,0.12458283454179764,0.9285714030265808
l_curve_3,479,0.124226413667202,0.9285714030265808
l_curve_3,480,0.1241755336523056,0.9285714030265808
l_curve_3,481,0.1235746219754219,0.9285714030265808
l_curve_3,482,0.12299201637506485,0.9285714030265808
l_curve_3,483,0.12198571860790253,0.9523809552192688
l_curve_3,484,0.1210373118519783,0.9523809552192688
l_curve_3,485,0.12024528533220291,0.9523809552192688
l_curve_3,486,0.11960610747337341,0.9523809552192688
l_curve_3,487,0.11925036460161209,0.9523809552192688
l_curve_3,488,0.11902082711458206,0.9523809552192688
l_curve_3,489,0.11768845468759537,0.9523809552192688
l_curve_3,490,0.11668543517589569,0.9523809552192688
l_curve_3,491,0.1161750853061676,0.9523809552192688
l_curve_3,492,0.11602338403463364,0.9523809552192688
l_curve_3,493,0.11613205820322037,0.9523809552192688
l_curve_3,494,0.1156698614358902,0.9523809552192688
l_curve_3,495,0.11529205739498138,0.9523809552192688
l_curve_3,496,0.11507665365934372,0.9523809552192688
l_curve_3,497,0.11475261300802231,0.9523809552192688
l_curve_3,498,0.11440201103687286,0.9523809552192688
l_curve_3,499,0.11338084936141968,0.9523809552192688
l_curve_3,500,0.11224833875894547,0.9523809552192688
l_curve_3,501,0.11165177077054977,0.9523809552192688
l_curve_3,502,0.11095857620239258,0.976190447807312
l_curve_3,503,0.11041485518217087,0.976190447807312
l_curve_3,504,0.1101909801363945,0.976190447807312
l_curve_3,505,0.10945922136306763,0.976190447807312
l_curve_3,506,0.10889259725809097,0.976190447807312
l_curve_3,507,0.10904944688081741,0.976190447807312
l_curve_3,508,0.1085386872291565,0.976190447807312
l_curve_3,509,0.10821080207824707,0.976190447807312
l_curve_3,510,0.10800528526306152,0.976190447807312
l_curve_3,511,0.10754837095737457,0.976190447807312
l_curve_3,512,0.10727021843194962,0.976190447807312
l_curve_3,513,0.10658840090036392,0.976190447807312
l_curve_3,514,0.10567066818475723,0.976190447807312
l_curve_3,515,0.1052013710141182,0.976190447807312
l_curve_3,516,0.10473082214593887,0.976190447807312
l_curve_3,517,0.10412667691707611,0.976190447807312
l_curve_3,518,0.10361450165510178,0.976190447807312
l_curve_3,519,0.10371161997318268,0.976190447807312
l_curve_3,520,0.10362052917480469,0.976190447807312
l_curve_3,521,0.10347592085599899,0.976190447807312
l_curve_3,522,0.10312241315841675,0.976190447807312
l_curve_3,523,0.10265913605690002,0.976190447807312
l_curve_3,524,0.10206329077482224,0.976190447807312
l_curve_3,525,0.10157595574855804,0.976190447807312
l_curve_3,526,0.10058743506669998,0.976190447807312
l_curve_3,527,0.10030750930309296,0.976190447807312
l_curve_3,528,0.09995581954717636,0.976190447807312
l_curve_3,529,0.09928344190120697,0.976190447807312
l_curve_3,530,0.09869395941495895,0.976190447807312
l_curve_3,531,0.09868675470352173,0.976190447807312
l_curve_3,532,0.0986984446644783,0.976190447807312
l_curve_3,533,0.09803187102079391,0.976190447807312
l_curve_3,534,0.09786590933799744,0.976190447807312
l_curve_3,535,0.09753693640232086,0.976190447807312
l_curve_3,536,0.09734255820512772,0.976190447807312
l_curve_3,537,0.09696180373430252,0.976190447807312
l_curve_3,538,0.09656377881765366,0.976190447807312
l_curve_3,539,0.09573084115982056,0.976190447807312
l_curve_3,540,0.09500390291213989,0.976190447807312
l_curve_3,541,0.09416744112968445,0.976190447807312
l_curve_3,542,0.09375407546758652,0.976190447807312
l_curve_3,543,0.093258798122406,0.976190447807312
l_curve_3,544,0.09281427413225174,0.976190447807312
l_curve_3,545,0.0924442708492279,0.976190447807312
l_curve_3,546,0.09171735495328903,0.976190447807312
l_curve_3,547,0.09175106137990952,0.976190447807312
l_curve_3,548,0.09212861955165863,0.976190447807312
l_curve_3,549,0.09204906225204468,0.976190447807312
l_curve_3,550,0.09137634187936783,0.976190447807312
l_curve_3,551,0.09038771688938141,0.976190447807312
l_curve_3,552,0.0898347720503807,0.976190447807312
l_curve_3,553,0.08934105932712555,0.976190447807312
l_curve_3,554,0.08852100372314453,0.976190447807312
l_curve_3,555,0.08828619122505188,0.976190447807312
l_curve_3,556,0.0880771055817604,0.976190447807312
l_curve_3,557,0.0874536782503128,0.976190447807312
l_curve_3,558,0.08723919093608856,0.976190447807312
l_curve_3,559,0.08735255897045135,0.976190447807312
l_curve_3,560,0.08759815245866776,0.976190447807312
l_curve_3,561,0.08747279644012451,0.976190447807312
l_curve_3,562,0.08704251050949097,0.976190447807312
l_curve_3,563,0.08629902452230453,0.976190447807312
l_curve_3,564,0.08557259291410446,0.976190447807312
l_curve_3,565,0.08536330610513687,0.976190447807312
l_curve_3,566,0.08532710373401642,0.976190447807312
l_curve_3,567,0.08502797037363052,0.976190447807312
l_curve_3,568,0.08463939279317856,0.976190447807312
l_curve_3,569,0.08436710387468338,0.976190447807312
l_curve_3,570,0.08437268435955048,0.976190447807312
l_curve_3,571,0.08391425758600235,0.976190447807312
l_curve_3,572,0.08322389423847198,0.976190447807312
l_curve_3,573,0.08293753117322922,0.976190447807312
l_curve_3,574,0.0826474130153656,0.976190447807312
l_curve_3,575,0.08211878687143326,0.976190447807312
l_curve_3,576,0.08186405152082443,0.976190447807312
l_curve_3,577,0.08151005208492279,0.976190447807312
l_curve_3,578,0.0809231624007225,0.976190447807312
l_curve_3,579,0.0803973376750946,0.976190447807312
l_curve_3,580,0.0799279659986496,0.976190447807312
l_curve_3,581,0.0798240676522255,0.976190447807312
l_curve_3,582,0.07978246361017227,0.976190447807312
l_curve_3,583,0.07953332364559174,0.976190447807312
l_curve_3,584,0.07915996015071869,0.976190447807312
l_curve_3,585,0.0792742669582367,0.976190447807312
l_curve_3,586,0.07924589514732361,0.976190447807312
l_curve_3,587,0.07906125485897064,0.976190447807312
l_curve_3,588,0.07866646349430084,0.976190447807312
l_curve_3,589,0.07831607758998871,0.976190447807312
l_curve_3,590,0.07756098359823227,0.976190447807312
l_curve_3,591,0.07724283635616302,0.976190447807312
l_curve_3,592,0.07709986716508865,0.976190447807312
l_curve_3,593,0.07643292844295502,0.976190447807312
l_curve_3,594,0.07599789649248123,0.976190447807312
l_curve_3,595,0.07512358576059341,0.976190447807312
l_curve_3,596,0.07456045597791672,0.976190447807312
l_curve_3,597,0.0748448595404625,0.976190447807312
l_curve_3,598,0.07472489774227142,0.976190447807312
l_curve_3,599,0.074734628200531,0.976190447807312
l_curve_3,600,0.0745924785733223,0.976190447807312
l_curve_3,601,0.07395823299884796,0.976190447807312
l_curve_3,602,0.07340032607316971,0.976190447807312
l_curve_3,603,0.07307606935501099,0.976190447807312
l_curve_3,604,0.07247582077980042,0.976190447807312
l_curve_3,605,0.07199346274137497,0.976190447807312
l_curve_3,606,0.07180039584636688,0.976190447807312
l_curve_3,607,0.07157927751541138,0.976190447807312
l_curve_3,608,0.07145723700523376,0.976190447807312
l_curve_3,609,0.07165846973657608,0.976190447807312
l_curve_3,610,0.07196842133998871,0.976190447807312
l_curve_3,611,0.0715455636382103,0.976190447807312
l_curve_3,612,0.07040418684482574,0.976190447807312
l_curve_3,613,0.06973341852426529,0.976190447807312
l_curve_3,614,0.06934426724910736,0.976190447807312
l_curve_3,615,0.06921917200088501,0.976190447807312
l_curve_3,616,0.06892053037881851,0.976190447807312
l_curve_3,617,0.06897781044244766,0.976190447807312
l_curve_3,618,0.06892266124486923,0.976190447807312
l_curve_3,619,0.06872614473104477,0.976190447807312
l_curve_3,620,0.06845001876354218,0.976190447807312
l_curve_3,621,0.06810687482357025,0.976190447807312
l_curve_3,622,0.06773608177900314,0.976190447807312
l_curve_3,623,0.06743939965963364,0.976190447807312
l_curve_3,624,0.06736971437931061,0.976190447807312
l_curve_3,625,0.0672549307346344,0.976190447807312
l_curve_3,626,0.06693851947784424,0.976190447807312
l_curve_3,627,0.06673123687505722,0.976190447807312
l_curve_3,628,0.0664658173918724,0.976190447807312
l_curve_3,629,0.06629792600870132,0.976190447807312
l_curve_3,630,0.06615272164344788,0.976190447807312
l_curve_3,631,0.06583325564861298,0.976190447807312
l_curve_3,632,0.0653899684548378,0.976190447807312
l_curve_3,633,0.0654224157333374,0.976190447807312
l_curve_3,634,0.06534074991941452,0.976190447807312
l_curve_3,635,0.06495817750692368,0.976190447807312
l_curve_3,636,0.06413744390010834,0.976190447807312
l_curve_3,637,0.06369242072105408,0.976190447807312
l_curve_3,638,0.0635998472571373,0.976190447807312
l_curve_3,639,0.06348644196987152,0.976190447807312
l_curve_3,640,0.06328576803207397,0.976190447807312
l_curve_3,641,0.06323028355836868,0.976190447807312
l_curve_3,642,0.06320961564779282,0.976190447807312
l_curve_3,643,0.06331547349691391,0.976190447807312
l_curve_3,644,0.06310076266527176,0.976190447807312
l_curve_3,645,0.06295146048069,0.976190447807312
l_curve_3,646,0.0629151463508606,0.976190447807312
l_curve_3,647,0.06260116398334503,0.976190447807312
l_curve_3,648,0.0622619092464447,0.976190447807312
l_curve_3,649,0.06195557862520218,0.976190447807312
l_curve_3,650,0.06158400699496269,0.976190447807312
l_curve_3,651,0.06111559271812439,0.976190447807312
l_curve_3,652,0.06116246059536934,0.976190447807312
l_curve_3,653,0.061174988746643066,0.976190447807312
l_curve_3,654,0.0608060359954834,0.976190447807312
l_curve_3,655,0.06075765937566757,0.976190447807312
l_curve_3,656,0.06077442318201065,0.976190447807312
l_curve_3,657,0.0605621337890625,0.976190447807312
l_curve_3,658,0.05979331210255623,0.976190447807312
l_curve_3,659,0.05958050861954689,0.976190447807312
l_curve_3,660,0.05976460129022598,0.976190447807312
l_curve_3,661,0.05933871865272522,0.976190447807312
l_curve_3,662,0.0592736080288887,0.976190447807312
l_curve_3,663,0.0593353696167469,0.976190447807312
l_curve_3,664,0.05913204699754715,0.976190447807312
l_curve_3,665,0.05851498246192932,0.976190447807312
l_curve_3,666,0.05811019614338875,0.976190447807312
l_curve_3,667,0.0581214539706707,0.976190447807312
l_curve_3,668,0.05812763050198555,0.976190447807312
l_curve_3,669,0.05759653449058533,0.976190447807312
l_curve_3,670,0.057246673852205276,0.976190447807312
l_curve_3,671,0.05732223019003868,0.976190447807312
l_curve_3,672,0.057243864983320236,0.976190447807312
l_curve_3,673,0.05691687762737274,0.976190447807312
l_curve_3,674,0.05638187378644943,0.976190447807312
l_curve_3,675,0.055854398757219315,0.976190447807312
l_curve_3,676,0.055596981197595596,0.976190447807312
l_curve_3,677,0.055364035069942474,0.976190447807312
l_curve_3,678,0.0551440604031086,0.976190447807312
l_curve_3,679,0.05483352392911911,0.976190447807312
l_curve_3,680,0.05462571606040001,0.976190447807312
l_curve_3,681,0.054151494055986404,0.976190447807312
l_curve_3,682,0.05440323054790497,0.976190447807312
l_curve_3,683,0.05476471409201622,0.976190447807312
l_curve_3,684,0.05478913336992264,0.976190447807312
l_curve_3,685,0.05469881743192673,0.976190447807312
l_curve_3,686,0.054569609463214874,0.976190447807312
l_curve_3,687,0.054350048303604126,0.976190447807312
l_curve_3,688,0.054423850029706955,0.976190447807312
l_curve_3,689,0.054791323840618134,0.976190447807312
l_curve_3,690,0.05485556274652481,0.976190447807312
l_curve_3,691,0.05475158244371414,0.976190447807312
l_curve_3,692,0.05460608750581741,0.976190447807312
l_curve_3,693,0.054302964359521866,0.976190447807312
l_curve_3,694,0.05420378968119621,0.976190447807312
l_curve_3,695,0.05384322628378868,0.976190447807312
l_curve_3,696,0.0537571907043457,0.976190447807312
l_curve_3,697,0.053549714386463165,0.976190447807312
l_curve_3,698,0.05337883159518242,0.976190447807312
l_curve_3,699,0.05341866984963417,0.976190447807312
l_curve_3,700,0.053169216960668564,0.976190447807312
l_curve_3,701,0.05296153202652931,0.976190447807312
l_curve_3,702,0.05192045867443085,0.976190447807312
l_curve_3,703,0.05100724846124649,0.976190447807312
l_curve_3,704,0.05067887902259827,0.976190447807312
l_curve_3,705,0.05046449229121208,0.976190447807312
l_curve_3,706,0.050642598420381546,0.976190447807312
l_curve_3,707,0.05109799653291702,0.976190447807312
l_curve_3,708,0.05102565139532089,0.976190447807312
l_curve_3,709,0.05101850628852844,0.976190447807312
l_curve_3,710,0.051165442913770676,0.976190447807312
l_curve_3,711,0.05099897086620331,0.976190447807312
l_curve_3,712,0.050589777529239655,0.976190447807312
l_curve_3,713,0.05006861686706543,0.976190447807312
l_curve_3,714,0.05001707375049591,0.976190447807312
l_curve_3,715,0.04969751834869385,0.976190447807312
l_curve_3,716,0.04940050467848778,0.976190447807312
l_curve_3,717,0.04944496601819992,0.976190447807312
l_curve_3,718,0.0491851270198822,0.976190447807312
l_curve_3,719,0.04906974360346794,0.976190447807312
l_curve_3,720,0.049136899411678314,0.976190447807312
l_curve_3,721,0.04862532764673233,0.976190447807312
l_curve_3,722,0.04868157207965851,0.976190447807312
l_curve_3,723,0.04865529015660286,0.976190447807312
l_curve_3,724,0.0483260378241539,0.976190447807312
l_curve_3,725,0.04830600693821907,0.976190447807312
l_curve_3,726,0.04784492775797844,0.976190447807312
l_curve_3,727,0.048076946288347244,0.976190447807312
l_curve_3,728,0.048191558569669724,0.976190447807312
l_curve_3,729,0.04850102588534355,0.976190447807312
l_curve_3,730,0.04851139336824417,0.976190447807312
l_curve_3,731,0.0481865219771862,0.976190447807312
l_curve_3,732,0.04771292954683304,0.976190447807312
l_curve_3,733,0.04750178009271622,0.976190447807312
l_curve_3,734,0.04732071980834007,0.976190447807312
l_curve_3,735,0.04707994684576988,0.976190447807312
l_curve_3,736,0.04718964174389839,0.976190447807312
l_curve_3,737,0.047233253717422485,0.976190447807312
l_curve_3,738,0.0467953160405159,0.976190447807312
l_curve_3,739,0.04638000950217247,0.976190447807312
l_curve_3,740,0.04653690382838249,0.976190447807312
l_curve_3,741,0.0466555655002594,0.976190447807312
l_curve_3,742,0.04643069952726364,0.976190447807312
l_curve_3,743,0.04613858088850975,0.976190447807312
l_curve_3,744,0.045725204050540924,0.976190447807312
l_curve_3,745,0.04568251967430115,0.976190447807312
l_curve_3,746,0.04573393240571022,0.976190447807312
l_curve_3,747,0.045129287987947464,0.976190447807312
l_curve_3,748,0.04493522271513939,0.976190447807312
l_curve_3,749,0.04505082964897156,0.976190447807312
l_curve_3,750,0.04520828649401665,0.976190447807312
l_curve_3,751,0.045503925532102585,0.976190447807312
l_curve_3,752,0.045230597257614136,0.976190447807312
l_curve_3,753,0.04494921490550041,0.976190447807312
l_curve_3,754,0.04434087127447128,0.976190447807312
l_curve_3,755,0.044297974556684494,0.976190447807312
l_curve_3,756,0.04460578411817551,0.976190447807312
l_curve_3,757,0.044312942773103714,0.976190447807312
l_curve_3,758,0.0437694750726223,0.976190447807312
l_curve_3,759,0.04295836389064789,0.976190447807312
l_curve_3,760,0.042550522834062576,0.976190447807312
l_curve_3,761,0.04245857894420624,0.976190447807312
l_curve_3,762,0.04264213517308235,0.976190447807312
l_curve_3,763,0.04245128110051155,0.976190447807312
l_curve_3,764,0.042556557804346085,0.976190447807312
l_curve_3,765,0.04264601692557335,0.976190447807312
l_curve_3,766,0.04269414395093918,0.976190447807312
l_curve_3,767,0.04279239475727081,0.976190447807312
l_curve_3,768,0.04293062165379524,0.976190447807312
l_curve_3,769,0.042881596833467484,0.976190447807312
l_curve_3,770,0.0427083782851696,0.976190447807312
l_curve_3,771,0.042575251311063766,0.976190447807312
l_curve_3,772,0.04211375489830971,0.976190447807312
l_curve_3,773,0.0417153537273407,0.976190447807312
l_curve_3,774,0.041843704879283905,0.976190447807312
l_curve_3,775,0.04180583357810974,0.976190447807312
l_curve_3,776,0.04168838635087013,0.976190447807312
l_curve_3,777,0.04150136560201645,0.976190447807312
l_curve_3,778,0.041235219687223434,0.976190447807312
l_curve_3,779,0.041159749031066895,0.976190447807312
l_curve_3,780,0.04142778366804123,0.976190447807312
l_curve_3,781,0.0416870042681694,0.976190447807312
l_curve_3,782,0.04162372276186943,0.976190447807312
l_curve_3,783,0.04131423681974411,0.976190447807312
l_curve_3,784,0.04131754860281944,0.976190447807312
l_curve_3,785,0.04122154042124748,0.976190447807312
l_curve_3,786,0.04104280099272728,0.976190447807312
l_curve_3,787,0.040972091257572174,0.976190447807312
l_curve_3,788,0.0408766083419323,0.976190447807312
l_curve_3,789,0.04091507941484451,0.976190447807312
l_curve_3,790,0.04066453501582146,0.976190447807312
l_curve_3,791,0.04043494910001755,0.976190447807312
l_curve_3,792,0.040526896715164185,0.976190447807312
l_curve_3,793,0.04061250761151314,0.976190447807312
l_curve_3,794,0.040658146142959595,0.976190447807312
l_curve_3,795,0.0403488352894783,0.976190447807312
l_curve_3,796,0.03992537781596184,0.976190447807312
l_curve_3,797,0.03991682827472687,0.976190447807312
l_curve_3,798,0.03920301795005798,0.976190447807312
l_curve_3,799,0.03895970433950424,0.976190447807312
l_curve_3,800,0.03889927268028259,0.976190447807312
l_curve_3,801,0.03890401870012283,0.976190447807312
l_curve_3,802,0.03907594084739685,0.976190447807312
l_curve_3,803,0.03913135081529617,0.976190447807312
l_curve_3,804,0.038530077785253525,0.976190447807312
l_curve_3,805,0.03833223879337311,0.976190447807312
l_curve_3,806,0.038451679050922394,0.976190447807312
l_curve_3,807,0.03864101693034172,0.976190447807312
l_curve_3,808,0.03874509409070015,0.976190447807312
l_curve_3,809,0.038411032408475876,0.976190447807312
l_curve_3,810,0.03804420679807663,0.976190447807312
l_curve_3,811,0.038268912583589554,0.976190447807312
l_curve_3,812,0.038516346365213394,0.976190447807312
l_curve_3,813,0.0384344719350338,0.976190447807312
l_curve_3,814,0.038350872695446014,0.976190447807312
l_curve_3,815,0.03849610686302185,0.976190447807312
l_curve_3,816,0.0385931059718132,0.976190447807312
l_curve_3,817,0.038417715579271317,0.976190447807312
l_curve_3,818,0.03824813663959503,0.976190447807312
l_curve_3,819,0.03811158239841461,0.976190447807312
l_curve_3,820,0.038148414343595505,0.976190447807312
l_curve_3,821,0.03831952065229416,0.976190447807312
l_curve_3,822,0.03805463761091232,0.976190447807312
l_curve_3,823,0.03782651573419571,0.976190447807312
l_curve_3,824,0.037544503808021545,0.976190447807312
l_curve_3,825,0.037403594702482224,0.976190447807312
l_curve_3,826,0.03726080060005188,0.976190447807312
l_curve_3,827,0.03712145984172821,0.976190447807312
l_curve_3,828,0.037043504416942596,0.976190447807312
l_curve_3,829,0.03694971278309822,0.976190447807312
l_curve_3,830,0.0368882492184639,0.976190447807312
l_curve_3,831,0.03686991333961487,0.976190447807312
l_curve_3,832,0.03649979829788208,0.976190447807312
l_curve_3,833,0.036388762295246124,0.976190447807312
l_curve_3,834,0.03652014210820198,0.976190447807312
l_curve_3,835,0.036681659519672394,0.976190447807312
l_curve_3,836,0.03661803901195526,0.976190447807312
l_curve_3,837,0.03646058216691017,0.976190447807312
l_curve_3,838,0.03601784259080887,0.976190447807312
l_curve_3,839,0.03582745045423508,0.976190447807312
l_curve_3,840,0.035508524626493454,0.976190447807312
l_curve_3,841,0.035228174179792404,0.976190447807312
l_curve_3,842,0.035216763615608215,0.976190447807312
l_curve_3,843,0.03516362980008125,0.976190447807312
l_curve_3,844,0.03452776372432709,1.0
l_curve_3,845,0.03449549153447151,1.0
l_curve_3,846,0.03483353182673454,0.976190447807312
l_curve_3,847,0.03497808799147606,0.976190447807312
l_curve_3,848,0.03511983901262283,0.976190447807312
l_curve_3,849,0.0350022166967392,0.976190447807312
l_curve_3,850,0.03479784354567528,0.976190447807312
l_curve_3,851,0.03429178148508072,0.976190447807312
l_curve_3,852,0.03412289917469025,1.0
l_curve_3,853,0.03413150832056999,1.0
l_curve_3,854,0.03438738361001015,0.976190447807312
l_curve_3,855,0.03458495810627937,0.976190447807312
l_curve_3,856,0.03434562310576439,0.976190447807312
l_curve_3,857,0.03414155915379524,0.976190447807312
l_curve_3,858,0.03390933945775032,0.976190447807312
l_curve_3,859,0.033875878900289536,0.976190447807312
l_curve_3,860,0.03391548618674278,0.976190447807312
l_curve_3,861,0.034083325415849686,0.976190447807312
l_curve_3,862,0.033894866704940796,0.976190447807312
l_curve_3,863,0.03337184712290764,1.0
l_curve_3,864,0.03332854434847832,1.0
l_curve_3,865,0.033459968864917755,1.0
l_curve_3,866,0.033547043800354004,1.0
l_curve_3,867,0.0333864688873291,1.0
l_curve_3,868,0.03328137844800949,1.0
l_curve_3,869,0.03336896002292633,1.0
l_curve_3,870,0.033048324286937714,1.0
l_curve_3,871,0.03292020037770271,1.0
l_curve_3,872,0.03282417356967926,1.0
l_curve_3,873,0.032771989703178406,1.0
l_curve_3,874,0.032498352229595184,1.0
l_curve_3,875,0.03272435814142227,1.0
l_curve_3,876,0.03256808966398239,1.0
l_curve_3,877,0.03270890563726425,1.0
l_curve_3,878,0.03245101124048233,1.0
l_curve_3,879,0.03227695822715759,1.0
l_curve_3,880,0.032447632402181625,1.0
l_curve_3,881,0.03251705318689346,1.0
l_curve_3,882,0.03240521624684334,1.0
l_curve_3,883,0.032150790095329285,1.0
l_curve_3,884,0.03177354484796524,1.0
l_curve_3,885,0.03166947513818741,1.0
l_curve_3,886,0.03172755986452103,1.0
l_curve_3,887,0.03139561787247658,1.0
l_curve_3,888,0.03152501955628395,1.0
l_curve_3,889,0.03169875964522362,1.0
l_curve_3,890,0.031484343111515045,1.0
l_curve_3,891,0.03152253478765488,1.0
l_curve_3,892,0.03168239817023277,1.0
l_curve_3,893,0.03151928633451462,1.0
l_curve_3,894,0.03145844489336014,1.0
l_curve_3,895,0.03181343898177147,1.0
l_curve_3,896,0.03196050971746445,1.0
l_curve_3,897,0.03142307326197624,1.0
l_curve_3,898,0.031035587191581726,1.0
l_curve_3,899,0.030783846974372864,1.0
l_curve_3,900,0.030819430947303772,1.0
l_curve_3,901,0.030310234054923058,1.0
l_curve_3,902,0.030140144750475883,1.0
l_curve_3,903,0.030264995992183685,1.0
l_curve_3,904,0.030336910858750343,1.0
l_curve_3,905,0.03012526035308838,1.0
l_curve_3,906,0.03017495386302471,1.0
l_curve_3,907,0.03000722825527191,1.0
l_curve_3,908,0.030103150755167007,1.0
l_curve_3,909,0.029958436265587807,1.0
l_curve_3,910,0.02968590520322323,1.0
l_curve_3,911,0.029310647398233414,1.0
l_curve_3,912,0.029004380106925964,1.0
l_curve_3,913,0.02862928807735443,1.0
l_curve_3,914,0.02878149040043354,1.0
l_curve_3,915,0.028960933908820152,1.0
l_curve_3,916,0.029057849198579788,1.0
l_curve_3,917,0.029064252972602844,1.0
l_curve_3,918,0.029256928712129593,1.0
l_curve_3,919,0.02912239544093609,1.0
l_curve_3,920,0.029027337208390236,1.0
l_curve_3,921,0.029102839529514313,1.0
l_curve_3,922,0.028881756588816643,1.0
l_curve_3,923,0.028940411284565926,1.0
l_curve_3,924,0.029137304052710533,1.0
l_curve_3,925,0.02898101881146431,1.0
l_curve_3,926,0.028712190687656403,1.0
l_curve_3,927,0.028697382658720016,1.0
l_curve_3,928,0.028480758890509605,1.0
l_curve_3,929,0.028157535940408707,1.0
l_curve_3,930,0.028028948232531548,1.0
l_curve_3,931,0.02839348465204239,1.0
l_curve_3,932,0.028641298413276672,1.0
l_curve_3,933,0.028902050107717514,1.0
l_curve_3,934,0.028914712369441986,1.0
l_curve_3,935,0.02903781644999981,1.0
l_curve_3,936,0.029111698269844055,1.0
l_curve_3,937,0.02912636660039425,1.0
l_curve_3,938,0.02911367267370224,1.0
l_curve_3,939,0.029208704829216003,1.0
l_curve_3,940,0.029253358021378517,1.0
l_curve_3,941,0.02911815419793129,1.0
l_curve_3,942,0.02861267887055874,1.0
l_curve_3,943,0.028316140174865723,1.0
l_curve_3,944,0.02826005220413208,1.0
l_curve_3,945,0.02840746007859707,1.0
l_curve_3,946,0.02850971929728985,1.0
l_curve_3,947,0.028182409703731537,1.0
l_curve_3,948,0.02807302214205265,1.0
l_curve_3,949,0.028189636766910553,1.0
l_curve_3,950,0.02779778093099594,1.0
l_curve_3,951,0.027683595195412636,1.0
l_curve_3,952,0.027838896960020065,1.0
l_curve_3,953,0.027711918577551842,1.0
l_curve_3,954,0.02756633050739765,1.0
l_curve_3,955,0.027024172246456146,1.0
l_curve_3,956,0.026749351993203163,1.0
l_curve_3,957,0.02667893096804619,1.0
l_curve_3,958,0.026691433042287827,1.0
l_curve_3,959,0.026560047641396523,1.0
l_curve_3,960,0.02643127180635929,1.0
l_curve_3,961,0.02638731710612774,1.0
l_curve_3,962,0.02618200145661831,1.0
l_curve_3,963,0.02596445009112358,1.0
l_curve_3,964,0.026018641889095306,1.0
l_curve_3,965,0.025968948379158974,1.0
l_curve_3,966,0.026046477258205414,1.0
l_curve_3,967,0.026026079431176186,1.0
l_curve_3,968,0.025892147794365883,1.0
l_curve_3,969,0.025683289393782616,1.0
l_curve_3,970,0.02547159418463707,1.0
l_curve_3,971,0.0253220796585083,1.0
l_curve_3,972,0.025546839460730553,1.0
l_curve_3,973,0.025899384170770645,1.0
l_curve_3,974,0.02607518807053566,1.0
l_curve_3,975,0.026163680478930473,1.0
l_curve_3,976,0.026059290394186974,1.0
l_curve_3,977,0.026022644713521004,1.0
l_curve_3,978,0.02594253607094288,1.0
l_curve_3,979,0.026291195303201675,1.0
l_curve_3,980,0.02623898722231388,1.0
l_curve_3,981,0.026060467585921288,1.0
l_curve_3,982,0.025984356179833412,1.0
l_curve_3,983,0.026022616773843765,1.0
l_curve_3,984,0.025984443724155426,1.0
l_curve_3,985,0.025993119925260544,1.0
l_curve_3,986,0.025854913517832756,1.0
l_curve_3,987,0.025746231898665428,1.0
l_curve_3,988,0.025473395362496376,1.0
l_curve_3,989,0.0255380067974329,1.0
l_curve_3,990,0.025547532364726067,1.0
l_curve_3,991,0.025686701759696007,1.0
l_curve_3,992,0.025452401489019394,1.0
l_curve_3,993,0.025390032678842545,1.0
l_curve_3,994,0.025441782549023628,1.0
l_curve_3,995,0.02552163600921631,1.0
l_curve_3,996,0.02545689418911934,1.0
l_curve_3,997,0.025240102782845497,1.0
l_curve_3,998,0.0248209610581398,1.0
l_curve_3,999,0.024746330454945564,1.0
l_curve_3,1000,0.024701975286006927,1.0
l_curve_3,1000,0.024701975286006927,1.0
