client,round,loss,accuracy
l_curve_1,1,0.6351268887519836,0.5952380895614624
l_curve_1,2,0.6184014081954956,0.5952380895614624
l_curve_1,3,0.6034342646598816,0.5952380895614624
l_curve_1,4,0.5904577374458313,0.6428571343421936
l_curve_1,5,0.578626275062561,0.6428571343421936
l_curve_1,6,0.5680329203605652,0.6428571343421936
l_curve_1,7,0.5583511590957642,0.7142857313156128
l_curve_1,8,0.5496433973312378,0.8333333134651184
l_curve_1,9,0.5414575934410095,0.8571428656578064
l_curve_1,10,0.5338058471679688,0.8333333134651184
l_curve_1,11,0.5267896056175232,0.8095238208770752
l_curve_1,12,0.5199257731437683,0.738095223903656
l_curve_1,13,0.5134533047676086,0.761904776096344
l_curve_1,14,0.5072056651115417,0.738095223903656
l_curve_1,15,0.5012837648391724,0.761904776096344
l_curve_1,16,0.49548467993736267,0.761904776096344
l_curve_1,17,0.48970240354537964,0.761904776096344
l_curve_1,18,0.4836406707763672,0.761904776096344
l_curve_1,19,0.4776199758052826,0.761904776096344
l_curve_1,20,0.47201642394065857,0.7857142686843872
l_curve_1,21,0.46667930483818054,0.7857142686843872
l_curve_1,22,0.46102374792099,0.7857142686843872
l_curve_1,23,0.4553074538707733,0.7857142686843872
l_curve_1,24,0.44983091950416565,0.7857142686843872
l_curve_1,25,0.44441285729408264,0.7857142686843872
l_curve_1,26,0.43921124935150146,0.7857142686843872
l_curve_1,27,0.4339970648288727,0.7857142686843872
l_curve_1,28,0.42870259284973145,0.7857142686843872
l_curve_1,29,0.4237133264541626,0.7857142686843872
l_curve_1,30,0.4191260039806366,0.7857142686843872
l_curve_1,31,0.4146941006183624,0.7857142686843872
l_curve_1,32,0.4099520742893219,0.7857142686843872
l_curve_1,33,0.40541940927505493,0.7857142686843872
l_curve_1,34,0.4009826183319092,0.7857142686843872
l_curve_1,35,0.39662325382232666,0.7857142686843872
l_curve_1,36,0.39248016476631165,0.7857142686843872
l_curve_1,37,0.3883873522281647,0.7857142686843872
l_curve_1,38,0.3841545581817627,0.7857142686843872
l_curve_1,39,0.3798680603504181,0.7857142686843872
l_curve_1,40,0.3758900463581085,0.7857142686843872
l_curve_1,41,0.37201976776123047,0.7857142686843872
l_curve_1,42,0.3681600093841553,0.7857142686843872
l_curve_1,43,0.3642577528953552,0.7857142686843872
l_curve_1,44,0.36026090383529663,0.8095238208770752
l_curve_1,45,0.35656970739364624,0.8095238208770752
l_curve_1,46,0.353104829788208,0.8095238208770752
l_curve_1,47,0.34975215792655945,0.8095238208770752
l_curve_1,48,0.34666678309440613,0.8095238208770752
l_curve_1,49,0.34339290857315063,0.8095238208770752
l_curve_1,50,0.33994850516319275,0.8095238208770752
l_curve_1,51,0.3369990289211273,0.8095238208770752
l_curve_1,52,0.3342117667198181,0.8095238208770752
l_curve_1,53,0.33125463128089905,0.8095238208770752
l_curve_1,54,0.3284638226032257,0.8095238208770752
l_curve_1,55,0.3257181644439697,0.8095238208770752
l_curve_1,56,0.32327038049697876,0.8095238208770752
l_curve_1,57,0.3211480975151062,0.8095238208770752
l_curve_1,58,0.3185827136039734,0.8095238208770752
l_curve_1,59,0.3159748613834381,0.8095238208770752
l_curve_1,60,0.31344613432884216,0.8095238208770752
l_curve_1,61,0.31114378571510315,0.8095238208770752
l_curve_1,62,0.30901578068733215,0.8095238208770752
l_curve_1,63,0.3068089485168457,0.8095238208770752
l_curve_1,64,0.30443060398101807,0.8095238208770752
l_curve_1,65,0.30222946405410767,0.8095238208770752
l_curve_1,66,0.2999729514122009,0.8095238208770752
l_curve_1,67,0.29786115884780884,0.8095238208770752
l_curve_1,68,0.2958483397960663,0.8095238208770752
l_curve_1,69,0.2939554452896118,0.8333333134651184
l_curve_1,70,0.2921747863292694,0.8333333134651184
l_curve_1,71,0.29049181938171387,0.8571428656578064
l_curve_1,72,0.288833886384964,0.8571428656578064
l_curve_1,73,0.2874043881893158,0.8809523582458496
l_curve_1,74,0.2859842777252197,0.8809523582458496
l_curve_1,75,0.2845619022846222,0.8809523582458496
l_curve_1,76,0.2832299768924713,0.8809523582458496
l_curve_1,77,0.2817395031452179,0.8809523582458496
l_curve_1,78,0.2802189290523529,0.8809523582458496
l_curve_1,79,0.2787213623523712,0.9047619104385376
l_curve_1,80,0.2769664227962494,0.8809523582458496
l_curve_1,81,0.27530255913734436,0.8809523582458496
l_curve_1,82,0.2739953398704529,0.8809523582458496
l_curve_1,83,0.27270737290382385,0.9047619104385376
l_curve_1,84,0.2716104984283447,0.9047619104385376
l_curve_1,85,0.27024540305137634,0.9047619104385376
l_curve_1,86,0.26894205808639526,0.9047619104385376
l_curve_1,87,0.2675687372684479,0.9285714030265808
l_curve_1,88,0.2663351893424988,0.9285714030265808
l_curve_1,89,0.26544898748397827,0.9285714030265808
l_curve_1,90,0.2644725441932678,0.9285714030265808
l_curve_1,91,0.2634134292602539,0.9285714030265808
l_curve_1,92,0.26234787702560425,0.9285714030265808
l_curve_1,93,0.26127323508262634,0.9285714030265808
l_curve_1,94,0.2600403428077698,0.9285714030265808
l_curve_1,95,0.258880615234375,0.9285714030265808
l_curve_1,96,0.2578064203262329,0.9285714030265808
l_curve_1,97,0.2567741572856903,0.9285714030265808
l_curve_1,98,0.25564584136009216,0.9523809552192688
l_curve_1,99,0.25454145669937134,0.9523809552192688
l_curve_1,100,0.2535446584224701,0.9523809552192688
l_curve_1,101,0.2527535855770111,0.9523809552192688
l_curve_1,102,0.25210657715797424,0.9523809552192688
l_curve_1,103,0.2512899935245514,0.9523809552192688
l_curve_1,104,0.25032174587249756,0.9523809552192688
l_curve_1,105,0.24951307475566864,0.9523809552192688
l_curve_1,106,0.2489345371723175,0.9523809552192688
l_curve_1,107,0.2482960820198059,0.9523809552192688
l_curve_1,108,0.24777400493621826,0.9523809552192688
l_curve_1,109,0.24726827442646027,0.9523809552192688
l_curve_1,110,0.24646681547164917,0.9523809552192688
l_curve_1,111,0.24593289196491241,0.9523809552192688
l_curve_1,112,0.24501661956310272,0.9523809552192688
l_curve_1,113,0.2441052496433258,0.9523809552192688
l_curve_1,114,0.24331842362880707,0.9523809552192688
l_curve_1,115,0.2423466295003891,0.9523809552192688
l_curve_1,116,0.24177764356136322,0.9523809552192688
l_curve_1,117,0.24104014039039612,0.9523809552192688
l_curve_1,118,0.24018821120262146,0.9523809552192688
l_curve_1,119,0.23968158662319183,0.9523809552192688
l_curve_1,120,0.23871758580207825,0.9523809552192688
l_curve_1,121,0.23760363459587097,0.9523809552192688
l_curve_1,122,0.23673956096172333,0.9523809552192688
l_curve_1,123,0.23610162734985352,0.9523809552192688
l_curve_1,124,0.23591318726539612,0.9523809552192688
l_curve_1,125,0.23579761385917664,0.9523809552192688
l_curve_1,126,0.235266774892807,0.9523809552192688
l_curve_1,127,0.23453126847743988,0.9523809552192688
l_curve_1,128,0.233680859208107,0.9523809552192688
l_curve_1,129,0.23314225673675537,0.9523809552192688
l_curve_1,130,0.2322753667831421,0.9523809552192688
l_curve_1,131,0.23171451687812805,0.9523809552192688
l_curve_1,132,0.23125401139259338,0.9523809552192688
l_curve_1,133,0.2305239886045456,0.9523809552192688
l_curve_1,134,0.22990930080413818,0.9523809552192688
l_curve_1,135,0.22927072644233704,0.9523809552192688
l_curve_1,136,0.22875118255615234,0.9523809552192688
l_curve_1,137,0.228267103433609,0.9523809552192688
l_curve_1,138,0.22755493223667145,0.9523809552192688
l_curve_1,139,0.2270393818616867,0.9523809552192688
l_curve_1,140,0.2265612781047821,0.9523809552192688
l_curve_1,141,0.22588232159614563,0.9523809552192688
l_curve_1,142,0.2251928597688675,0.9523809552192688
l_curve_1,143,0.22464734315872192,0.9523809552192688
l_curve_1,144,0.22451560199260712,0.9523809552192688
l_curve_1,145,0.22413358092308044,0.9523809552192688
l_curve_1,146,0.22347351908683777,0.9523809552192688
l_curve_1,147,0.22304950654506683,0.9523809552192688
l_curve_1,148,0.2228671759366989,0.9523809552192688
l_curve_1,149,0.22243422269821167,0.9523809552192688
l_curve_1,150,0.22166164219379425,0.9523809552192688
l_curve_1,151,0.22097226977348328,0.9523809552192688
l_curve_1,152,0.22019590437412262,0.9523809552192688
l_curve_1,153,0.21965958178043365,0.9523809552192688
l_curve_1,154,0.21936681866645813,0.9523809552192688
l_curve_1,155,0.2187834531068802,0.9523809552192688
l_curve_1,156,0.21828500926494598,0.9523809552192688
l_curve_1,157,0.21801145374774933,0.9523809552192688
l_curve_1,158,0.21755698323249817,0.9523809552192688
l_curve_1,159,0.21702975034713745,0.9523809552192688
l_curve_1,160,0.21634423732757568,0.9523809552192688
l_curve_1,161,0.21563675999641418,0.9523809552192688
l_curve_1,162,0.21524111926555634,0.9523809552192688
l_curve_1,163,0.2149846851825714,0.9523809552192688
l_curve_1,164,0.2148018181324005,0.9523809552192688
l_curve_1,165,0.21428775787353516,0.9523809552192688
l_curve_1,166,0.2138318121433258,0.9523809552192688
l_curve_1,167,0.21308673918247223,0.9523809552192688
l_curve_1,168,0.212490513920784,0.9523809552192688
l_curve_1,169,0.21202556788921356,0.9523809552192688
l_curve_1,170,0.21186022460460663,0.9523809552192688
l_curve_1,171,0.21134008467197418,0.9523809552192688
l_curve_1,172,0.21095749735832214,0.9523809552192688
l_curve_1,173,0.21062028408050537,0.9523809552192688
l_curve_1,174,0.21020057797431946,0.9523809552192688
l_curve_1,175,0.20989444851875305,0.9523809552192688
l_curve_1,176,0.20945753157138824,0.9523809552192688
l_curve_1,177,0.20905637741088867,0.9523809552192688
l_curve_1,178,0.2085554450750351,0.9523809552192688
l_curve_1,179,0.20800109207630157,0.9523809552192688
l_curve_1,180,0.20741093158721924,0.9523809552192688
l_curve_1,181,0.2068849354982376,0.9523809552192688
l_curve_1,182,0.2063901573419571,0.9523809552192688
l_curve_1,183,0.20595693588256836,0.9523809552192688
l_curve_1,184,0.205293208360672,0.9523809552192688
l_curve_1,185,0.20487411320209503,0.9523809552192688
l_curve_1,186,0.20440742373466492,0.9523809552192688
l_curve_1,187,0.2040572166442871,0.9523809552192688
l_curve_1,188,0.2035566121339798,0.9523809552192688
l_curve_1,189,0.20309264957904816,0.9523809552192688
l_curve_1,190,0.20262084901332855,0.9523809552192688
l_curve_1,191,0.20227159559726715,0.9523809552192688
l_curve_1,192,0.2018008977174759,0.9523809552192688
l_curve_1,193,0.2016495317220688,0.9523809552192688
l_curve_1,194,0.20131424069404602,0.9523809552192688
l_curve_1,195,0.20089003443717957,0.9523809552192688
l_curve_1,196,0.20028899610042572,0.9523809552192688
l_curve_1,197,0.19974009692668915,0.9523809552192688
l_curve_1,198,0.19934532046318054,0.9523809552192688
l_curve_1,199,0.19926570355892181,0.9523809552192688
l_curve_1,200,0.19904790818691254,0.9523809552192688
l_curve_1,201,0.19863584637641907,0.9523809552192688
l_curve_1,202,0.19796757400035858,0.9523809552192688
l_curve_1,203,0.19746339321136475,0.9523809552192688
l_curve_1,204,0.19690218567848206,0.9523809552192688
l_curve_1,205,0.19664360582828522,0.9523809552192688
l_curve_1,206,0.19664719700813293,0.9523809552192688
l_curve_1,207,0.19639287889003754,0.9523809552192688
l_curve_1,208,0.19592541456222534,0.9523809552192688
l_curve_1,209,0.19530227780342102,0.9523809552192688
l_curve_1,210,0.19446364045143127,0.9523809552192688
l_curve_1,211,0.19392521679401398,0.9523809552192688
l_curve_1,212,0.19329002499580383,0.9523809552192688
l_curve_1,213,0.1927412748336792,0.9523809552192688
l_curve_1,214,0.1924312859773636,0.9523809552192688
l_curve_1,215,0.1920192390680313,0.9523809552192688
l_curve_1,216,0.19162654876708984,0.9523809552192688
l_curve_1,217,0.19113972783088684,0.9523809552192688
l_curve_1,218,0.19088169932365417,0.9523809552192688
l_curve_1,219,0.1904463768005371,0.9523809552192688
l_curve_1,220,0.18981540203094482,0.9523809552192688
l_curve_1,221,0.1895609349012375,0.9523809552192688
l_curve_1,222,0.18898019194602966,0.9523809552192688
l_curve_1,223,0.1883365660905838,0.9523809552192688
l_curve_1,224,0.18785765767097473,0.9523809552192688
l_curve_1,225,0.1873275637626648,0.9523809552192688
l_curve_1,226,0.18672384321689606,0.9523809552192688
l_curve_1,227,0.18636862933635712,0.9523809552192688
l_curve_1,228,0.18589532375335693,0.9523809552192688
l_curve_1,229,0.18540307879447937,0.9523809552192688
l_curve_1,230,0.18479308485984802,0.9523809552192688
l_curve_1,231,0.18434204161167145,0.9523809552192688
l_curve_1,232,0.18380218744277954,0.9523809552192688
l_curve_1,233,0.18346922099590302,0.9523809552192688
l_curve_1,234,0.18298082053661346,0.9523809552192688
l_curve_1,235,0.1824350506067276,0.9523809552192688
l_curve_1,236,0.18191006779670715,0.9523809552192688
l_curve_1,237,0.18149548768997192,0.9523809552192688
l_curve_1,238,0.18135690689086914,0.9523809552192688
l_curve_1,239,0.18071040511131287,0.9523809552192688
l_curve_1,240,0.18023227155208588,0.9523809552192688
l_curve_1,241,0.1796892136335373,0.9523809552192688
l_curve_1,242,0.17939971387386322,0.9523809552192688
l_curve_1,243,0.17906035482883453,0.9523809552192688
l_curve_1,244,0.17846821248531342,0.9523809552192688
l_curve_1,245,0.17778551578521729,0.9523809552192688
l_curve_1,246,0.17730963230133057,0.9523809552192688
l_curve_1,247,0.1770840734243393,0.9523809552192688
l_curve_1,248,0.17675572633743286,0.9523809552192688
l_curve_1,249,0.17632080614566803,0.9523809552192688
l_curve_1,250,0.1760869324207306,0.9523809552192688
l_curve_1,251,0.17563679814338684,0.9523809552192688
l_curve_1,252,0.1750769168138504,0.9523809552192688
l_curve_1,253,0.17501305043697357,0.9523809552192688
l_curve_1,254,0.17476786673069,0.9523809552192688
l_curve_1,255,0.17480117082595825,0.9523809552192688
l_curve_1,256,0.17456378042697906,0.9523809552192688
l_curve_1,257,0.1739547699689865,0.9523809552192688
l_curve_1,258,0.17319238185882568,0.9523809552192688
l_curve_1,259,0.17263896763324738,0.9523809552192688
l_curve_1,260,0.17205092310905457,0.9523809552192688
l_curve_1,261,0.17139676213264465,0.9523809552192688
l_curve_1,262,0.17059572041034698,0.9523809552192688
l_curve_1,263,0.1699206680059433,0.9523809552192688
l_curve_1,264,0.16940799355506897,0.9523809552192688
l_curve_1,265,0.1688261479139328,0.9523809552192688
l_curve_1,266,0.16816872358322144,0.9523809552192688
l_curve_1,267,0.16767489910125732,0.9523809552192688
l_curve_1,268,0.16715776920318604,0.9523809552192688
l_curve_1,269,0.16676920652389526,0.9523809552192688
l_curve_1,270,0.16643962264060974,0.9523809552192688
l_curve_1,271,0.16610625386238098,0.9523809552192688
l_curve_1,272,0.16543811559677124,0.9523809552192688
l_curve_1,273,0.16509775817394257,0.9523809552192688
l_curve_1,274,0.1648179292678833,0.9523809552192688
l_curve_1,275,0.16453540325164795,0.9523809552192688
l_curve_1,276,0.1640845090150833,0.9523809552192688
l_curve_1,277,0.16343967616558075,0.9523809552192688
l_curve_1,278,0.16327747702598572,0.9523809552192688
l_curve_1,279,0.16300801932811737,0.9523809552192688
l_curve_1,280,0.16237081587314606,0.9523809552192688
l_curve_1,281,0.1617659628391266,0.9523809552192688
l_curve_1,282,0.16131599247455597,0.9523809552192688
l_curve_1,283,0.16078951954841614,0.9523809552192688
l_curve_1,284,0.1601063460111618,0.9523809552192688
l_curve_1,285,0.15947653353214264,0.9523809552192688
l_curve_1,286,0.1587837040424347,0.9523809552192688
l_curve_1,287,0.15846997499465942,0.9523809552192688
l_curve_1,288,0.15792429447174072,0.9523809552192688
l_curve_1,289,0.1573156714439392,0.9523809552192688
l_curve_1,290,0.15682947635650635,0.9523809552192688
l_curve_1,291,0.15621954202651978,0.9523809552192688
l_curve_1,292,0.15574418008327484,0.9523809552192688
l_curve_1,293,0.15516015887260437,0.9523809552192688
l_curve_1,294,0.1548260748386383,0.9523809552192688
l_curve_1,295,0.15446844696998596,0.9523809552192688
l_curve_1,296,0.1542726755142212,0.9523809552192688
l_curve_1,297,0.15389445424079895,0.9523809552192688
l_curve_1,298,0.15316809713840485,0.9523809552192688
l_curve_1,299,0.15257743000984192,0.9523809552192688
l_curve_1,300,0.15180666744709015,0.9523809552192688
l_curve_1,301,0.15112607181072235,0.9523809552192688
l_curve_1,302,0.15067413449287415,0.9523809552192688
l_curve_1,303,0.14994356036186218,0.9523809552192688
l_curve_1,304,0.14946739375591278,0.9523809552192688
l_curve_1,305,0.1492275595664978,0.9523809552192688
l_curve_1,306,0.1486983448266983,0.9523809552192688
l_curve_1,307,0.14825581014156342,0.9523809552192688
l_curve_1,308,0.1476835459470749,0.9523809552192688
l_curve_1,309,0.14718972146511078,0.9523809552192688
l_curve_1,310,0.1464787870645523,0.9523809552192688
l_curve_1,311,0.14584575593471527,0.9523809552192688
l_curve_1,312,0.14512959122657776,0.9523809552192688
l_curve_1,313,0.1448577642440796,0.9523809552192688
l_curve_1,314,0.14422228932380676,0.9523809552192688
l_curve_1,315,0.14417116343975067,0.9523809552192688
l_curve_1,316,0.14401577413082123,0.9523809552192688
l_curve_1,317,0.14356215298175812,0.9523809552192688
l_curve_1,318,0.1428961306810379,0.9523809552192688
l_curve_1,319,0.14204838871955872,0.9523809552192688
l_curve_1,320,0.14132769405841827,0.9523809552192688
l_curve_1,321,0.14095522463321686,0.9523809552192688
l_curve_1,322,0.14074847102165222,0.9523809552192688
l_curve_1,323,0.14025641977787018,0.9523809552192688
l_curve_1,324,0.1395958662033081,0.9523809552192688
l_curve_1,325,0.13909989595413208,0.9523809552192688
l_curve_1,326,0.13869117200374603,0.9523809552192688
l_curve_1,327,0.13834033906459808,0.9523809552192688
l_curve_1,328,0.13809211552143097,0.976190447807312
l_curve_1,329,0.13774433732032776,0.976190447807312
l_curve_1,330,0.137124165892601,0.976190447807312
l_curve_1,331,0.13647595047950745,0.976190447807312
l_curve_1,332,0.13574281334877014,0.976190447807312
l_curve_1,333,0.13516566157341003,0.976190447807312
l_curve_1,334,0.13436095416545868,0.976190447807312
l_curve_1,335,0.13374924659729004,0.976190447807312
l_curve_1,336,0.1329648196697235,0.976190447807312
l_curve_1,337,0.13259394466876984,0.976190447807312
l_curve_1,338,0.13225054740905762,0.976190447807312
l_curve_1,339,0.13165976107120514,0.976190447807312
l_curve_1,340,0.1309741735458374,0.976190447807312
l_curve_1,341,0.13046148419380188,0.976190447807312
l_curve_1,342,0.13009735941886902,0.976190447807312
l_curve_1,343,0.12980017066001892,0.976190447807312
l_curve_1,344,0.1297413855791092,0.976190447807312
l_curve_1,345,0.1292671412229538,0.976190447807312
l_curve_1,346,0.12843677401542664,0.976190447807312
l_curve_1,347,0.12771642208099365,0.976190447807312
l_curve_1,348,0.12727172672748566,0.976190447807312
l_curve_1,349,0.12657125294208527,0.976190447807312
l_curve_1,350,0.12620431184768677,0.976190447807312
l_curve_1,351,0.12556573748588562,0.976190447807312
l_curve_1,352,0.12515820562839508,0.976190447807312
l_curve_1,353,0.12442656606435776,0.976190447807312
l_curve_1,354,0.12365616858005524,0.976190447807312
l_curve_1,355,0.1230873391032219,0.976190447807312
l_curve_1,356,0.12277932465076447,0.976190447807312
l_curve_1,357,0.12230554223060608,0.976190447807312
l_curve_1,358,0.12166374921798706,0.976190447807312
l_curve_1,359,0.12100072205066681,0.976190447807312
l_curve_1,360,0.12039293348789215,0.976190447807312
l_curve_1,361,0.11993159353733063,0.976190447807312
l_curve_1,362,0.11942049115896225,0.976190447807312
l_curve_1,363,0.11918583512306213,0.976190447807312
l_curve_1,364,0.11906782537698746,0.976190447807312
l_curve_1,365,0.11879511177539825,0.976190447807312
l_curve_1,366,0.11845363676548004,0.976190447807312
l_curve_1,367,0.11798113584518433,0.976190447807312
l_curve_1,368,0.11733250319957733,0.976190447807312
l_curve_1,369,0.11665630340576172,0.976190447807312
l_curve_1,370,0.11633044481277466,0.976190447807312
l_curve_1,371,0.11597906798124313,0.976190447807312
l_curve_1,372,0.11549755185842514,0.976190447807312
l_curve_1,373,0.1151610016822815,0.976190447807312
l_curve_1,374,0.11489454656839371,0.976190447807312
l_curve_1,375,0.11446866393089294,0.976190447807312
l_curve_1,376,0.11402543634176254,0.976190447807312
l_curve_1,377,0.11336018145084381,0.976190447807312
l_curve_1,378,0.11286679655313492,0.976190447807312
l_curve_1,379,0.11204700171947479,0.976190447807312
l_curve_1,380,0.11141850054264069,0.976190447807312
l_curve_1,381,0.1106703132390976,0.976190447807312
l_curve_1,382,0.11012168228626251,0.976190447807312
l_curve_1,383,0.10953521728515625,0.976190447807312
l_curve_1,384,0.10908029228448868,0.976190447807312
l_curve_1,385,0.10857070982456207,0.976190447807312
l_curve_1,386,0.10797156393527985,0.976190447807312
l_curve_1,387,0.10730639100074768,0.976190447807312
l_curve_1,388,0.1071280986070633,0.976190447807312
l_curve_1,389,0.10705015808343887,0.976190447807312
l_curve_1,390,0.1066817119717598,0.976190447807312
l_curve_1,391,0.10625921934843063,0.976190447807312
l_curve_1,392,0.10550557076931,0.976190447807312
l_curve_1,393,0.10482174903154373,0.976190447807312
l_curve_1,394,0.10438074171543121,0.976190447807312
l_curve_1,395,0.10392481833696365,0.976190447807312
l_curve_1,396,0.10348590463399887,0.976190447807312
l_curve_1,397,0.10308326035737991,0.976190447807312
l_curve_1,398,0.10290111601352692,0.976190447807312
l_curve_1,399,0.10269707441329956,0.976190447807312
l_curve_1,400,0.10243602097034454,0.976190447807312
l_curve_1,401,0.10198100656270981,0.976190447807312
l_curve_1,402,0.10128366202116013,0.976190447807312
l_curve_1,403,0.1009126752614975,0.976190447807312
l_curve_1,404,0.10053271055221558,0.976190447807312
l_curve_1,405,0.09994486719369888,0.976190447807312
l_curve_1,406,0.09931176155805588,0.976190447807312
l_curve_1,407,0.09869931638240814,0.976190447807312
l_curve_1,408,0.09816514700651169,0.976190447807312
l_curve_1,409,0.09779427945613861,0.976190447807312
l_curve_1,410,0.09744657576084137,0.976190447807312
l_curve_1,411,0.0972440093755722,0.976190447807312
l_curve_1,412,0.09681185334920883,0.976190447807312
l_curve_1,413,0.09629910439252853,0.976190447807312
l_curve_1,414,0.09606326371431351,0.976190447807312
l_curve_1,415,0.09552953392267227,0.976190447807312
l_curve_1,416,0.09489446878433228,0.976190447807312
l_curve_1,417,0.09464399516582489,0.976190447807312
l_curve_1,418,0.0944850817322731,0.976190447807312
l_curve_1,419,0.09413957595825195,0.976190447807312
l_curve_1,420,0.09363271296024323,0.976190447807312
l_curve_1,421,0.09302862733602524,0.976190447807312
l_curve_1,422,0.09243356436491013,0.976190447807312
l_curve_1,423,0.09211104363203049,0.976190447807312
l_curve_1,424,0.0916159525513649,0.976190447807312
l_curve_1,425,0.0913800522685051,0.976190447807312
l_curve_1,426,0.09103956818580627,0.976190447807312
l_curve_1,427,0.0905291810631752,0.976190447807312
l_curve_1,428,0.089755117893219,0.976190447807312
l_curve_1,429,0.08912953734397888,0.976190447807312
l_curve_1,430,0.08847687393426895,0.976190447807312
l_curve_1,431,0.08807102590799332,0.976190447807312
l_curve_1,432,0.08756571263074875,0.976190447807312
l_curve_1,433,0.08715947717428207,0.976190447807312
l_curve_1,434,0.08674930036067963,0.976190447807312
l_curve_1,435,0.08623913675546646,0.976190447807312
l_curve_1,436,0.08584267646074295,0.976190447807312
l_curve_1,437,0.08559486269950867,0.976190447807312
l_curve_1,438,0.08528222143650055,0.976190447807312
l_curve_1,439,0.08488910645246506,0.976190447807312
l_curve_1,440,0.08499160408973694,0.976190447807312
l_curve_1,441,0.0847727432847023,0.976190447807312
l_curve_1,442,0.08441057801246643,0.976190447807312
l_curve_1,443,0.08400217443704605,0.976190447807312
l_curve_1,444,0.08323808759450912,0.976190447807312
l_curve_1,445,0.08279158174991608,0.976190447807312
l_curve_1,446,0.08238641172647476,0.976190447807312
l_curve_1,447,0.08189145475625992,0.976190447807312
l_curve_1,448,0.08119380474090576,0.976190447807312
l_curve_1,449,0.08091586828231812,0.976190447807312
l_curve_1,450,0.08074951171875,0.976190447807312
l_curve_1,451,0.08039756864309311,0.976190447807312
l_curve_1,452,0.07984389364719391,0.976190447807312
l_curve_1,453,0.07929488271474838,0.976190447807312
l_curve_1,454,0.07890129089355469,0.976190447807312
l_curve_1,455,0.07845970243215561,0.976190447807312
l_curve_1,456,0.0780060738325119,0.976190447807312
l_curve_1,457,0.07753805071115494,0.976190447807312
l_curve_1,458,0.07741884142160416,0.976190447807312
l_curve_1,459,0.07731147855520248,0.976190447807312
l_curve_1,460,0.077421635389328,0.976190447807312
l_curve_1,461,0.07725788652896881,0.976190447807312
l_curve_1,462,0.07683500647544861,0.976190447807312
l_curve_1,463,0.07639878243207932,0.976190447807312
l_curve_1,464,0.0757734403014183,0.976190447807312
l_curve_1,465,0.07533980906009674,0.976190447807312
l_curve_1,466,0.07469111680984497,0.976190447807312
l_curve_1,467,0.07436572760343552,0.976190447807312
l_curve_1,468,0.0740441381931305,0.976190447807312
l_curve_1,469,0.07371637970209122,0.976190447807312
l_curve_1,470,0.07348361611366272,0.976190447807312
l_curve_1,471,0.07332389801740646,0.976190447807312
l_curve_1,472,0.07295471429824829,0.976190447807312
l_curve_1,473,0.07245615869760513,0.976190447807312
l_curve_1,474,0.07201539725065231,0.976190447807312
l_curve_1,475,0.07169125974178314,0.976190447807312
l_curve_1,476,0.07110903412103653,0.976190447807312
l_curve_1,477,0.070620596408844,0.976190447807312
l_curve_1,478,0.07030285149812698,0.976190447807312
l_curve_1,479,0.0699094608426094,0.976190447807312
l_curve_1,480,0.06938464194536209,0.976190447807312
l_curve_1,481,0.06904757767915726,0.976190447807312
l_curve_1,482,0.06866680085659027,0.976190447807312
l_curve_1,483,0.06858546286821365,0.976190447807312
l_curve_1,484,0.06850001960992813,0.976190447807312
l_curve_1,485,0.06834351271390915,0.976190447807312
l_curve_1,486,0.06812780350446701,0.976190447807312
l_curve_1,487,0.06778451055288315,0.976190447807312
l_curve_1,488,0.06730077415704727,0.976190447807312
l_curve_1,489,0.06745787709951401,0.976190447807312
l_curve_1,490,0.06741131842136383,0.976190447807312
l_curve_1,491,0.06712847203016281,0.976190447807312
l_curve_1,492,0.06666865944862366,0.976190447807312
l_curve_1,493,0.06607423722743988,0.976190447807312
l_curve_1,494,0.06576816737651825,0.976190447807312
l_curve_1,495,0.0654396340250969,0.976190447807312
l_curve_1,496,0.06502339243888855,0.976190447807312
l_curve_1,497,0.06462377309799194,0.976190447807312
l_curve_1,498,0.06425482779741287,0.976190447807312
l_curve_1,499,0.06414385885000229,0.976190447807312
l_curve_1,500,0.06410783529281616,0.976190447807312
l_curve_1,501,0.06381545960903168,0.976190447807312
l_curve_1,502,0.06359602510929108,0.976190447807312
l_curve_1,503,0.06321707367897034,0.976190447807312
l_curve_1,504,0.06270500272512436,0.976190447807312
l_curve_1,505,0.06248076260089874,0.976190447807312
l_curve_1,506,0.06210797280073166,0.976190447807312
l_curve_1,507,0.06138120964169502,0.976190447807312
l_curve_1,508,0.06110336631536484,0.976190447807312
l_curve_1,509,0.06072714179754257,0.976190447807312
l_curve_1,510,0.06030343845486641,0.976190447807312
l_curve_1,511,0.06004900112748146,0.976190447807312
l_curve_1,512,0.059742290526628494,0.976190447807312
l_curve_1,513,0.0595928318798542,0.976190447807312
l_curve_1,514,0.059529099613428116,0.976190447807312
l_curve_1,515,0.059341300278902054,0.976190447807312
l_curve_1,516,0.059140682220458984,0.976190447807312
l_curve_1,517,0.058988265693187714,0.976190447807312
l_curve_1,518,0.05877237021923065,0.976190447807312
l_curve_1,519,0.058248236775398254,0.976190447807312
l_curve_1,520,0.05779893696308136,0.976190447807312
l_curve_1,521,0.05735115334391594,0.976190447807312
l_curve_1,522,0.057044558227062225,0.976190447807312
l_curve_1,523,0.05672211945056915,0.976190447807312
l_curve_1,524,0.05643312633037567,0.976190447807312
l_curve_1,525,0.05619744956493378,0.976190447807312
l_curve_1,526,0.056148018687963486,0.976190447807312
l_curve_1,527,0.0558953620493412,0.976190447807312
l_curve_1,528,0.05561697483062744,0.976190447807312
l_curve_1,529,0.05552948638796806,0.976190447807312
l_curve_1,530,0.05533725768327713,0.976190447807312
l_curve_1,531,0.05487941578030586,0.976190447807312
l_curve_1,532,0.054471056908369064,0.976190447807312
l_curve_1,533,0.054288238286972046,0.976190447807312
l_curve_1,534,0.05387595668435097,0.976190447807312
l_curve_1,535,0.05357525497674942,0.976190447807312
l_curve_1,536,0.053089771419763565,0.976190447807312
l_curve_1,537,0.05283235386013985,0.976190447807312
l_curve_1,538,0.0526413694024086,0.976190447807312
l_curve_1,539,0.05257643014192581,0.976190447807312
l_curve_1,540,0.052481021732091904,0.976190447807312
l_curve_1,541,0.05243241786956787,0.976190447807312
l_curve_1,542,0.05223710834980011,0.976190447807312
l_curve_1,543,0.0520709753036499,0.976190447807312
l_curve_1,544,0.05180037021636963,0.976190447807312
l_curve_1,545,0.051548752933740616,0.976190447807312
l_curve_1,546,0.051441267132759094,0.976190447807312
l_curve_1,547,0.05102037265896797,0.976190447807312
l_curve_1,548,0.05036521703004837,0.976190447807312
l_curve_1,549,0.05005591735243797,0.976190447807312
l_curve_1,550,0.049945730715990067,0.976190447807312
l_curve_1,551,0.04999672248959541,0.976190447807312
l_curve_1,552,0.04988161846995354,0.976190447807312
l_curve_1,553,0.0497695729136467,0.976190447807312
l_curve_1,554,0.04978128895163536,0.976190447807312
l_curve_1,555,0.04953066632151604,0.976190447807312
l_curve_1,556,0.04921846091747284,0.976190447807312
l_curve_1,557,0.04915730655193329,0.976190447807312
l_curve_1,558,0.048891644924879074,0.976190447807312
l_curve_1,559,0.04837404936552048,0.976190447807312
l_curve_1,560,0.04784385859966278,0.976190447807312
l_curve_1,561,0.047465283423662186,0.976190447807312
l_curve_1,562,0.0472811795771122,0.976190447807312
l_curve_1,563,0.04723748564720154,0.976190447807312
l_curve_1,564,0.047216881066560745,0.976190447807312
l_curve_1,565,0.04692593961954117,0.976190447807312
l_curve_1,566,0.04655492678284645,0.976190447807312
l_curve_1,567,0.04638955742120743,0.976190447807312
l_curve_1,568,0.04613974690437317,0.976190447807312
l_curve_1,569,0.04579492285847664,0.976190447807312
l_curve_1,570,0.04538523405790329,0.976190447807312
l_curve_1,571,0.045228198170661926,0.976190447807312
l_curve_1,572,0.04516562074422836,0.976190447807312
l_curve_1,573,0.044990502297878265,0.976190447807312
l_curve_1,574,0.04478701949119568,0.976190447807312
l_curve_1,575,0.044633228331804276,0.976190447807312
l_curve_1,576,0.044428229331970215,0.976190447807312
l_curve_1,577,0.044252660125494,0.976190447807312
l_curve_1,578,0.04419140890240669,0.976190447807312
l_curve_1,579,0.044138435274362564,0.976190447807312
l_curve_1,580,0.044079579412937164,0.976190447807312
l_curve_1,581,0.04382538050413132,0.976190447807312
l_curve_1,582,0.04350784793496132,0.976190447807312
l_curve_1,583,0.04316865652799606,0.976190447807312
l_curve_1,584,0.042919158935546875,0.976190447807312
l_curve_1,585,0.04241389036178589,0.976190447807312
l_curve_1,586,0.0420425720512867,0.976190447807312
l_curve_1,587,0.041782137006521225,0.976190447807312
l_curve_1,588,0.04169515520334244,0.976190447807312
l_curve_1,589,0.04146580025553703,0.976190447807312
l_curve_1,590,0.04148903861641884,0.976190447807312
l_curve_1,591,0.041277091950178146,0.976190447807312
l_curve_1,592,0.04098506644368172,0.976190447807312
l_curve_1,593,0.04091588035225868,0.976190447807312
l_curve_1,594,0.04080700874328613,0.976190447807312
l_curve_1,595,0.04089276120066643,0.976190447807312
l_curve_1,596,0.04078730195760727,0.976190447807312
l_curve_1,597,0.04029707983136177,0.976190447807312
l_curve_1,598,0.04008239880204201,0.976190447807312
l_curve_1,599,0.03979784995317459,0.976190447807312
l_curve_1,600,0.039531249552965164,0.976190447807312
l_curve_1,601,0.03952091187238693,0.976190447807312
l_curve_1,602,0.03950095176696777,0.976190447807312
l_curve_1,603,0.039386291056871414,0.976190447807312
l_curve_1,604,0.0393659844994545,0.976190447807312
l_curve_1,605,0.03932833671569824,0.976190447807312
l_curve_1,606,0.03916291519999504,0.976190447807312
l_curve_1,607,0.038948267698287964,0.976190447807312
l_curve_1,608,0.03877202793955803,0.976190447807312
l_curve_1,609,0.0384327732026577,0.976190447807312
l_curve_1,610,0.037949338555336,0.976190447807312
l_curve_1,611,0.03785201907157898,0.976190447807312
l_curve_1,612,0.03802447021007538,0.976190447807312
l_curve_1,613,0.03806538134813309,0.976190447807312
l_curve_1,614,0.037883151322603226,0.976190447807312
l_curve_1,615,0.03768274933099747,0.976190447807312
l_curve_1,616,0.03749873489141464,0.976190447807312
l_curve_1,617,0.03712674602866173,0.976190447807312
l_curve_1,618,0.03687949478626251,0.976190447807312
l_curve_1,619,0.03670324757695198,1.0
l_curve_1,620,0.03658691421151161,1.0
l_curve_1,621,0.036468081176280975,1.0
l_curve_1,622,0.036443211138248444,0.976190447807312
l_curve_1,623,0.03647182136774063,0.976190447807312
l_curve_1,624,0.03637087717652321,0.976190447807312
l_curve_1,625,0.03624022379517555,0.976190447807312
l_curve_1,626,0.03609690070152283,0.976190447807312
l_curve_1,627,0.03583652526140213,0.976190447807312
l_curve_1,628,0.03554602712392807,1.0
l_curve_1,629,0.03533296287059784,1.0
l_curve_1,630,0.03505612909793854,1.0
l_curve_1,631,0.03492211550474167,1.0
l_curve_1,632,0.034856006503105164,1.0
l_curve_1,633,0.034553639590740204,1.0
l_curve_1,634,0.03433937579393387,1.0
l_curve_1,635,0.034340545535087585,1.0
l_curve_1,636,0.0345333032310009,1.0
l_curve_1,637,0.0345168374478817,1.0
l_curve_1,638,0.0343487448990345,1.0
l_curve_1,639,0.034152086824178696,1.0
l_curve_1,640,0.033999066799879074,1.0
l_curve_1,641,0.03375417739152908,1.0
l_curve_1,642,0.0334789864718914,1.0
l_curve_1,643,0.033257581293582916,1.0
l_curve_1,644,0.033032797276973724,1.0
l_curve_1,645,0.03284931927919388,1.0
l_curve_1,646,0.03262290358543396,1.0
l_curve_1,647,0.03252645209431648,1.0
l_curve_1,648,0.03242148086428642,1.0
l_curve_1,649,0.03227828070521355,1.0
l_curve_1,650,0.03215319290757179,1.0
l_curve_1,651,0.03213812783360481,1.0
l_curve_1,652,0.03196621686220169,1.0
l_curve_1,653,0.03182962164282799,1.0
l_curve_1,654,0.03180825710296631,1.0
l_curve_1,655,0.03157680109143257,1.0
l_curve_1,656,0.03132098913192749,1.0
l_curve_1,657,0.031190145760774612,1.0
l_curve_1,658,0.031286124140024185,1.0
l_curve_1,659,0.03120153583586216,1.0
l_curve_1,660,0.030842801555991173,1.0
l_curve_1,661,0.030772902071475983,1.0
l_curve_1,662,0.030609969049692154,1.0
l_curve_1,663,0.030418168753385544,1.0
l_curve_1,664,0.03033634088933468,1.0
l_curve_1,665,0.030450088903307915,1.0
l_curve_1,666,0.030430462211370468,1.0
l_curve_1,667,0.030262243002653122,1.0
l_curve_1,668,0.030096201226115227,1.0
l_curve_1,669,0.0301923006772995,1.0
l_curve_1,670,0.030139148235321045,1.0
l_curve_1,671,0.029826609417796135,1.0
l_curve_1,672,0.029569974169135094,1.0
l_curve_1,673,0.02943626418709755,1.0
l_curve_1,674,0.029362190514802933,1.0
l_curve_1,675,0.029367946088314056,1.0
l_curve_1,676,0.029281333088874817,1.0
l_curve_1,677,0.02922046184539795,1.0
l_curve_1,678,0.029147835448384285,1.0
l_curve_1,679,0.029077302664518356,1.0
l_curve_1,680,0.028976598754525185,1.0
l_curve_1,681,0.028971871361136436,1.0
l_curve_1,682,0.028644468635320663,1.0
l_curve_1,683,0.02833234705030918,1.0
l_curve_1,684,0.028212467208504677,1.0
l_curve_1,685,0.028045739978551865,1.0
l_curve_1,686,0.027936330065131187,1.0
l_curve_1,687,0.027837049216032028,1.0
l_curve_1,688,0.027669867500662804,1.0
l_curve_1,689,0.027485104277729988,1.0
l_curve_1,690,0.02735409513115883,1.0
l_curve_1,691,0.02720695734024048,1.0
l_curve_1,692,0.02708091028034687,1.0
l_curve_1,693,0.02695775032043457,1.0
l_curve_1,694,0.02676542103290558,1.0
l_curve_1,695,0.02672801911830902,1.0
l_curve_1,696,0.02660069242119789,1.0
l_curve_1,697,0.02655719593167305,1.0
l_curve_1,698,0.026416495442390442,1.0
l_curve_1,699,0.026260484009981155,1.0
l_curve_1,700,0.02626813016831875,1.0
l_curve_1,701,0.02623698301613331,1.0
l_curve_1,702,0.02649463154375553,1.0
l_curve_1,703,0.026704810559749603,1.0
l_curve_1,704,0.026712467893958092,1.0
l_curve_1,705,0.026605144143104553,1.0
l_curve_1,706,0.02641034685075283,1.0
l_curve_1,707,0.02610590308904648,1.0
l_curve_1,708,0.025989564135670662,1.0
l_curve_1,709,0.025833817198872566,1.0
l_curve_1,710,0.0256489310413599,1.0
l_curve_1,711,0.025530925020575523,1.0
l_curve_1,712,0.025451060384511948,1.0
l_curve_1,713,0.025382772088050842,1.0
l_curve_1,714,0.025070006027817726,1.0
l_curve_1,715,0.025010081008076668,1.0
l_curve_1,716,0.024919580668210983,1.0
l_curve_1,717,0.024784991517663002,1.0
l_curve_1,718,0.024750331416726112,1.0
l_curve_1,719,0.024711696431040764,1.0
l_curve_1,720,0.024575991556048393,1.0
l_curve_1,721,0.024624250829219818,1.0
l_curve_1,722,0.024493061006069183,1.0
l_curve_1,723,0.024347364902496338,1.0
l_curve_1,724,0.024400755763053894,1.0
l_curve_1,725,0.02422751486301422,1.0
l_curve_1,726,0.02427981048822403,1.0
l_curve_1,727,0.023970630019903183,1.0
l_curve_1,728,0.023685649037361145,1.0
l_curve_1,729,0.023342229425907135,1.0
l_curve_1,730,0.023269519209861755,1.0
l_curve_1,731,0.023259416222572327,1.0
l_curve_1,732,0.023248841986060143,1.0
l_curve_1,733,0.02313658408820629,1.0
l_curve_1,734,0.02308475784957409,1.0
l_curve_1,735,0.023039305582642555,1.0
l_curve_1,736,0.022917887195944786,1.0
l_curve_1,737,0.02287961170077324,1.0
l_curve_1,738,0.022954974323511124,1.0
l_curve_1,739,0.02307916060090065,1.0
l_curve_1,740,0.02290932647883892,1.0
l_curve_1,741,0.022717898711562157,1.0
l_curve_1,742,0.02267223410308361,1.0
l_curve_1,743,0.02266831509768963,1.0
l_curve_1,744,0.02271115407347679,1.0
l_curve_1,745,0.022679856047034264,1.0
l_curve_1,746,0.022562673315405846,1.0
l_curve_1,747,0.02263939380645752,1.0
l_curve_1,748,0.022513026371598244,1.0
l_curve_1,749,0.022351549938321114,1.0
l_curve_1,750,0.02199500985443592,1.0
l_curve_1,751,0.021789859980344772,1.0
l_curve_1,752,0.021799525246024132,1.0
l_curve_1,753,0.021767940372228622,1.0
l_curve_1,754,0.02182691916823387,1.0
l_curve_1,755,0.021610595285892487,1.0
l_curve_1,756,0.0212554894387722,1.0
l_curve_1,757,0.02122759446501732,1.0
l_curve_1,758,0.021326372399926186,1.0
l_curve_1,759,0.02151443064212799,1.0
l_curve_1,760,0.021571148186922073,1.0
l_curve_1,761,0.0215064138174057,1.0
l_curve_1,762,0.021356627345085144,1.0
l_curve_1,763,0.02138509415090084,1.0
l_curve_1,764,0.02133965492248535,1.0
l_curve_1,765,0.021219830960035324,1.0
l_curve_1,766,0.02104250155389309,1.0
l_curve_1,767,0.020846307277679443,1.0
l_curve_1,768,0.0206503476947546,1.0
l_curve_1,769,0.020518437027931213,1.0
l_curve_1,770,0.020503787323832512,1.0
l_curve_1,771,0.020478440448641777,1.0
l_curve_1,772,0.020639678463339806,1.0
l_curve_1,773,0.020740238949656487,1.0
l_curve_1,774,0.020563099533319473,1.0
l_curve_1,775,0.020489750429987907,1.0
l_curve_1,776,0.020482655614614487,1.0
l_curve_1,777,0.02037017233669758,1.0
l_curve_1,778,0.02031395584344864,1.0
l_curve_1,779,0.020189106464385986,1.0
l_curve_1,780,0.019977686926722527,1.0
l_curve_1,781,0.019666990265250206,1.0
l_curve_1,782,0.019491808488965034,1.0
l_curve_1,783,0.01945255510509014,1.0
l_curve_1,784,0.0193941667675972,1.0
l_curve_1,785,0.01937287487089634,1.0
l_curve_1,786,0.019375069066882133,1.0
l_curve_1,787,0.019324345514178276,1.0
l_curve_1,788,0.01928931660950184,1.0
l_curve_1,789,0.019236210733652115,1.0
l_curve_1,790,0.019293079152703285,1.0
l_curve_1,791,0.019206559285521507,1.0
l_curve_1,792,0.01904967799782753,1.0
l_curve_1,793,0.018915042281150818,1.0
l_curve_1,794,0.018702657893300056,1.0
l_curve_1,795,0.01872130297124386,1.0
l_curve_1,796,0.018763311207294464,1.0
l_curve_1,797,0.018711566925048828,1.0
l_curve_1,798,0.018938299268484116,1.0
l_curve_1,799,0.018939180299639702,1.0
l_curve_1,800,0.018881166353821754,1.0
l_curve_1,801,0.0187497790902853,1.0
l_curve_1,802,0.018482038751244545,1.0
l_curve_1,803,0.018374847248196602,1.0
l_curve_1,804,0.018376998603343964,1.0
l_curve_1,805,0.01827930472791195,1.0
l_curve_1,806,0.018111545592546463,1.0
l_curve_1,807,0.017987076193094254,1.0
l_curve_1,808,0.017951352521777153,1.0
l_curve_1,809,0.018047811463475227,1.0
l_curve_1,810,0.0181745495647192,1.0
l_curve_1,811,0.01816677115857601,1.0
l_curve_1,812,0.017955467104911804,1.0
l_curve_1,813,0.0179067961871624,1.0
l_curve_1,814,0.017850210890173912,1.0
l_curve_1,815,0.017718400806188583,1.0
l_curve_1,816,0.017625244334340096,1.0
l_curve_1,817,0.017609726637601852,1.0
l_curve_1,818,0.01757899671792984,1.0
l_curve_1,819,0.017523322254419327,1.0
l_curve_1,820,0.017456702888011932,1.0
l_curve_1,821,0.017259802669286728,1.0
l_curve_1,822,0.01730925217270851,1.0
l_curve_1,823,0.017353743314743042,1.0
l_curve_1,824,0.017411867156624794,1.0
l_curve_1,825,0.01731252484023571,1.0
l_curve_1,826,0.017195388674736023,1.0
l_curve_1,827,0.017127549275755882,1.0
l_curve_1,828,0.01699601672589779,1.0
l_curve_1,829,0.016933085396885872,1.0
l_curve_1,830,0.016843557357788086,1.0
l_curve_1,831,0.016705958172678947,1.0
l_curve_1,832,0.016752218827605247,1.0
l_curve_1,833,0.01683071069419384,1.0
l_curve_1,834,0.016723619773983955,1.0
l_curve_1,835,0.016578886657953262,1.0
l_curve_1,836,0.016538072377443314,1.0
l_curve_1,837,0.016440048813819885,1.0
l_curve_1,838,0.016456784680485725,1.0
l_curve_1,839,0.01642831787467003,1.0
l_curve_1,840,0.016433212906122208,1.0
l_curve_1,841,0.01636192761361599,1.0
l_curve_1,842,0.016188252717256546,1.0
l_curve_1,843,0.016121776774525642,1.0
l_curve_1,844,0.016275160014629364,1.0
l_curve_1,845,0.01617402769625187,1.0
l_curve_1,846,0.015831658616662025,1.0
l_curve_1,847,0.015746166929602623,1.0
l_curve_1,848,0.015658501535654068,1.0
l_curve_1,849,0.01561494916677475,1.0
l_curve_1,850,0.01564343459904194,1.0
l_curve_1,851,0.01576617732644081,1.0
l_curve_1,852,0.015777716413140297,1.0
l_curve_1,853,0.015758540481328964,1.0
l_curve_1,854,0.01565239205956459,1.0
l_curve_1,855,0.015507219359278679,1.0
l_curve_1,856,0.015512293204665184,1.0
l_curve_1,857,0.015333239920437336,1.0
l_curve_1,858,0.015349162742495537,1.0
l_curve_1,859,0.015302262268960476,1.0
l_curve_1,860,0.015276307240128517,1.0
l_curve_1,861,0.015200722962617874,1.0
l_curve_1,862,0.015222132205963135,1.0
l_curve_1,863,0.015337150543928146,1.0
l_curve_1,864,0.015236616134643555,1.0
l_curve_1,865,0.015174001455307007,1.0
l_curve_1,866,0.015077360905706882,1.0
l_curve_1,867,0.01507636345922947,1.0
l_curve_1,868,0.015059081837534904,1.0
l_curve_1,869,0.014914734289050102,1.0
l_curve_1,870,0.014919733628630638,1.0
l_curve_1,871,0.014916395768523216,1.0
l_curve_1,872,0.014885281212627888,1.0
l_curve_1,873,0.0148459542542696,1.0
l_curve_1,874,0.014906363561749458,1.0
l_curve_1,875,0.01473559346050024,1.0
l_curve_1,876,0.014681713655591011,1.0
l_curve_1,877,0.01451948843896389,1.0
l_curve_1,878,0.014470146037638187,1.0
l_curve_1,879,0.014471105299890041,1.0
l_curve_1,880,0.014386357739567757,1.0
l_curve_1,881,0.014319387264549732,1.0
l_curve_1,882,0.014296650886535645,1.0
l_curve_1,883,0.014279015362262726,1.0
l_curve_1,884,0.014393066056072712,1.0
l_curve_1,885,0.014383556321263313,1.0
l_curve_1,886,0.014241533353924751,1.0
l_curve_1,887,0.014255069196224213,1.0
l_curve_1,888,0.014087631367146969,1.0
l_curve_1,889,0.013988615944981575,1.0
l_curve_1,890,0.013990691863000393,1.0
l_curve_1,891,0.01396261528134346,1.0
l_curve_1,892,0.013914571143686771,1.0
l_curve_1,893,0.013957426883280277,1.0
l_curve_1,894,0.013943325728178024,1.0
l_curve_1,895,0.013673730194568634,1.0
l_curve_1,896,0.01345656905323267,1.0
l_curve_1,897,0.013551960699260235,1.0
l_curve_1,898,0.013552002608776093,1.0
l_curve_1,899,0.013511933386325836,1.0
l_curve_1,900,0.013452296145260334,1.0
l_curve_1,901,0.01359580084681511,1.0
l_curve_1,902,0.013637566938996315,1.0
l_curve_1,903,0.013597192242741585,1.0
l_curve_1,904,0.013572119176387787,1.0
l_curve_1,905,0.013594632036983967,1.0
l_curve_1,906,0.013496922329068184,1.0
l_curve_1,907,0.013452434912323952,1.0
l_curve_1,908,0.013402044773101807,1.0
l_curve_1,909,0.013429601676762104,1.0
l_curve_1,910,0.013486976735293865,1.0
l_curve_1,911,0.013573561795055866,1.0
l_curve_1,912,0.013630924746394157,1.0
l_curve_1,913,0.013721464201807976,1.0
l_curve_1,914,0.013634826056659222,1.0
l_curve_1,915,0.013585391454398632,1.0
l_curve_1,916,0.013524927198886871,1.0
l_curve_1,917,0.013451597653329372,1.0
l_curve_1,918,0.013334961608052254,1.0
l_curve_1,919,0.013309524394571781,1.0
l_curve_1,920,0.013286985456943512,1.0
l_curve_1,921,0.013148571364581585,1.0
l_curve_1,922,0.013117330148816109,1.0
l_curve_1,923,0.013011421076953411,1.0
l_curve_1,924,0.012913795188069344,1.0
l_curve_1,925,0.0128904664888978,1.0
l_curve_1,926,0.012890569865703583,1.0
l_curve_1,927,0.012845339253544807,1.0
l_curve_1,928,0.012806233949959278,1.0
l_curve_1,929,0.012787780724465847,1.0
l_curve_1,930,0.012685845606029034,1.0
l_curve_1,931,0.012425471097230911,1.0
l_curve_1,932,0.012286202982068062,1.0
l_curve_1,933,0.012150856666266918,1.0
l_curve_1,934,0.01218150369822979,1.0
l_curve_1,935,0.012246238067746162,1.0
l_curve_1,936,0.012256497517228127,1.0
l_curve_1,937,0.012293435633182526,1.0
l_curve_1,938,0.012244923040270805,1.0
l_curve_1,939,0.012125061824917793,1.0
l_curve_1,940,0.012103722430765629,1.0
l_curve_1,941,0.012112216092646122,1.0
l_curve_1,942,0.012209944427013397,1.0
l_curve_1,943,0.012255020439624786,1.0
l_curve_1,944,0.012187759391963482,1.0
l_curve_1,945,0.012133924290537834,1.0
l_curve_1,946,0.012047696858644485,1.0
l_curve_1,947,0.012103329412639141,1.0
l_curve_1,948,0.012017444707453251,1.0
l_curve_1,949,0.011792152188718319,1.0
l_curve_1,950,0.01179867796599865,1.0
l_curve_1,951,0.011747332289814949,1.0
l_curve_1,952,0.011660550720989704,1.0
l_curve_1,953,0.011672360822558403,1.0
l_curve_1,954,0.011662534438073635,1.0
l_curve_1,955,0.011735578067600727,1.0
l_curve_1,956,0.011809113435447216,1.0
l_curve_1,957,0.011840570718050003,1.0
l_curve_1,958,0.011865472421050072,1.0
l_curve_1,959,0.0119142672047019,1.0
l_curve_1,960,0.011870590969920158,1.0
l_curve_1,961,0.011817783117294312,1.0
l_curve_1,962,0.011842329986393452,1.0
l_curve_1,963,0.01184759009629488,1.0
l_curve_1,964,0.011848549358546734,1.0
l_curve_1,965,0.011904497630894184,1.0
l_curve_1,966,0.011879970319569111,1.0
l_curve_1,967,0.011857856065034866,1.0
l_curve_1,968,0.011855827644467354,1.0
l_curve_1,969,0.011836924590170383,1.0
l_curve_1,970,0.011827844195067883,1.0
l_curve_1,971,0.011881180107593536,1.0
l_curve_1,972,0.011819281615316868,1.0
l_curve_1,973,0.01156693510711193,1.0
l_curve_1,974,0.011457378044724464,1.0
l_curve_1,975,0.011455966159701347,1.0
l_curve_1,976,0.011446462944149971,1.0
l_curve_1,977,0.011356640607118607,1.0
l_curve_1,978,0.011254365555942059,1.0
l_curve_1,979,0.011087690480053425,1.0
l_curve_1,980,0.011088524013757706,1.0
l_curve_1,981,0.01113332062959671,1.0
l_curve_1,982,0.011141210794448853,1.0
l_curve_1,983,0.011163584887981415,1.0
l_curve_1,984,0.011149133555591106,1.0
l_curve_1,985,0.011078423820436,1.0
l_curve_1,986,0.011054925620555878,1.0
l_curve_1,987,0.011070332489907742,1.0
l_curve_1,988,0.01108570583164692,1.0
l_curve_1,989,0.010992617346346378,1.0
l_curve_1,990,0.01096042525023222,1.0
l_curve_1,991,0.010874043218791485,1.0
l_curve_1,992,0.010908013209700584,1.0
l_curve_1,993,0.010853848420083523,1.0
l_curve_1,994,0.01078338734805584,1.0
l_curve_1,995,0.010759244672954082,1.0
l_curve_1,996,0.010642529465258121,1.0
l_curve_1,997,0.010651400312781334,1.0
l_curve_1,998,0.010855581611394882,1.0
l_curve_1,999,0.010850374586880207,1.0
l_curve_1,1000,0.010797605849802494,1.0
l_curve_1,1000,0.010797605849802494,1.0
