client,round,loss,accuracy
l_curve_4,1,0.7223267555236816,0.523809552192688
l_curve_4,2,0.711048424243927,0.5714285969734192
l_curve_4,3,0.7006857991218567,0.5714285969734192
l_curve_4,4,0.6904330253601074,0.5714285969734192
l_curve_4,5,0.6803579330444336,0.5714285969734192
l_curve_4,6,0.6699419617652893,0.6190476417541504
l_curve_4,7,0.6591748595237732,0.6190476417541504
l_curve_4,8,0.6477640271186829,0.6190476417541504
l_curve_4,9,0.6363083720207214,0.6190476417541504
l_curve_4,10,0.6245108842849731,0.6190476417541504
l_curve_4,11,0.6126889586448669,0.6190476417541504
l_curve_4,12,0.6014403104782104,0.6666666865348816
l_curve_4,13,0.5900387763977051,0.7142857313156128
l_curve_4,14,0.5786924958229065,0.7142857313156128
l_curve_4,15,0.5674303770065308,0.761904776096344
l_curve_4,16,0.5561436414718628,0.8095238208770752
l_curve_4,17,0.5453019142150879,0.8095238208770752
l_curve_4,18,0.5345031023025513,0.8571428656578064
l_curve_4,19,0.5239311456680298,0.8571428656578064
l_curve_4,20,0.5135714411735535,0.9047619104385376
l_curve_4,21,0.5035356283187866,0.9047619104385376
l_curve_4,22,0.49391937255859375,0.9523809552192688
l_curve_4,23,0.48482832312583923,0.9047619104385376
l_curve_4,24,0.47588276863098145,0.9047619104385376
l_curve_4,25,0.46708598732948303,0.9047619104385376
l_curve_4,26,0.4584158957004547,0.9047619104385376
l_curve_4,27,0.44969916343688965,0.9047619104385376
l_curve_4,28,0.44118499755859375,0.9047619104385376
l_curve_4,29,0.4332185983657837,0.9047619104385376
l_curve_4,30,0.42575499415397644,0.9047619104385376
l_curve_4,31,0.41843023896217346,0.9047619104385376
l_curve_4,32,0.4108732342720032,0.9047619104385376
l_curve_4,33,0.40421396493911743,0.9047619104385376
l_curve_4,34,0.3977713882923126,0.9047619104385376
l_curve_4,35,0.39161673188209534,0.9047619104385376
l_curve_4,36,0.386079341173172,0.9047619104385376
l_curve_4,37,0.380542129278183,0.9047619104385376
l_curve_4,38,0.37505391240119934,0.9047619104385376
l_curve_4,39,0.36980873346328735,0.9047619104385376
l_curve_4,40,0.36478951573371887,0.9047619104385376
l_curve_4,41,0.36018842458724976,0.9047619104385376
l_curve_4,42,0.3560062050819397,0.9047619104385376
l_curve_4,43,0.35143494606018066,0.9047619104385376
l_curve_4,44,0.34711700677871704,0.9047619104385376
l_curve_4,45,0.3430068790912628,0.9047619104385376
l_curve_4,46,0.3391869366168976,0.9047619104385376
l_curve_4,47,0.3361565172672272,0.9047619104385376
l_curve_4,48,0.33291298151016235,0.9047619104385376
l_curve_4,49,0.3295765817165375,0.9047619104385376
l_curve_4,50,0.3263847827911377,0.9047619104385376
l_curve_4,51,0.3235701024532318,0.9047619104385376
l_curve_4,52,0.32102540135383606,0.9047619104385376
l_curve_4,53,0.3184361755847931,0.9047619104385376
l_curve_4,54,0.31610456109046936,0.9047619104385376
l_curve_4,55,0.3140282928943634,0.9047619104385376
l_curve_4,56,0.31189924478530884,0.9047619104385376
l_curve_4,57,0.30975955724716187,0.9047619104385376
l_curve_4,58,0.30787068605422974,0.9047619104385376
l_curve_4,59,0.3059787154197693,0.9047619104385376
l_curve_4,60,0.304084450006485,0.9047619104385376
l_curve_4,61,0.30233657360076904,0.9047619104385376
l_curve_4,62,0.30066561698913574,0.8571428656578064
l_curve_4,63,0.29917287826538086,0.8571428656578064
l_curve_4,64,0.29780417680740356,0.8571428656578064
l_curve_4,65,0.29683738946914673,0.8571428656578064
l_curve_4,66,0.29554662108421326,0.8571428656578064
l_curve_4,67,0.2944244146347046,0.8571428656578064
l_curve_4,68,0.29349225759506226,0.8571428656578064
l_curve_4,69,0.2926740050315857,0.8571428656578064
l_curve_4,70,0.2918896973133087,0.8571428656578064
l_curve_4,71,0.29102402925491333,0.8571428656578064
l_curve_4,72,0.29012247920036316,0.8571428656578064
l_curve_4,73,0.28906047344207764,0.8571428656578064
l_curve_4,74,0.2879360616207123,0.8571428656578064
l_curve_4,75,0.2867524325847626,0.8571428656578064
l_curve_4,76,0.2857825756072998,0.8571428656578064
l_curve_4,77,0.2852987051010132,0.8571428656578064
l_curve_4,78,0.28497931361198425,0.8571428656578064
l_curve_4,79,0.2844609022140503,0.8571428656578064
l_curve_4,80,0.2838941216468811,0.8571428656578064
l_curve_4,81,0.2834944427013397,0.8571428656578064
l_curve_4,82,0.2828187048435211,0.8571428656578064
l_curve_4,83,0.28225570917129517,0.8571428656578064
l_curve_4,84,0.28173384070396423,0.8571428656578064
l_curve_4,85,0.28086572885513306,0.8571428656578064
l_curve_4,86,0.2800932228565216,0.8571428656578064
l_curve_4,87,0.27957218885421753,0.8571428656578064
l_curve_4,88,0.2792285680770874,0.8571428656578064
l_curve_4,89,0.27891644835472107,0.8571428656578064
l_curve_4,90,0.2783128023147583,0.8571428656578064
l_curve_4,91,0.2775667905807495,0.8571428656578064
l_curve_4,92,0.27739080786705017,0.8571428656578064
l_curve_4,93,0.2768165171146393,0.8571428656578064
l_curve_4,94,0.27613919973373413,0.8571428656578064
l_curve_4,95,0.2755286991596222,0.8571428656578064
l_curve_4,96,0.2752687931060791,0.8571428656578064
l_curve_4,97,0.27492883801460266,0.8571428656578064
l_curve_4,98,0.27452364563941956,0.8571428656578064
l_curve_4,99,0.27393585443496704,0.8571428656578064
l_curve_4,100,0.2736198902130127,0.8571428656578064
l_curve_4,101,0.2734726667404175,0.8571428656578064
l_curve_4,102,0.2733463943004608,0.8571428656578064
l_curve_4,103,0.27303546667099,0.8571428656578064
l_curve_4,104,0.27278193831443787,0.8571428656578064
l_curve_4,105,0.27270203828811646,0.8571428656578064
l_curve_4,106,0.2721937298774719,0.8571428656578064
l_curve_4,107,0.2719947397708893,0.8571428656578064
l_curve_4,108,0.2719475328922272,0.8571428656578064
l_curve_4,109,0.2719157636165619,0.8571428656578064
l_curve_4,110,0.2715822160243988,0.8571428656578064
l_curve_4,111,0.2711668312549591,0.8571428656578064
l_curve_4,112,0.2706262171268463,0.8571428656578064
l_curve_4,113,0.2702435851097107,0.8571428656578064
l_curve_4,114,0.2701590955257416,0.8571428656578064
l_curve_4,115,0.27010616660118103,0.8571428656578064
l_curve_4,116,0.269791841506958,0.8571428656578064
l_curve_4,117,0.2695614993572235,0.8571428656578064
l_curve_4,118,0.26942771673202515,0.8571428656578064
l_curve_4,119,0.2692137658596039,0.8571428656578064
l_curve_4,120,0.26913121342658997,0.8571428656578064
l_curve_4,121,0.2687116265296936,0.8571428656578064
l_curve_4,122,0.26834359765052795,0.8571428656578064
l_curve_4,123,0.2678565979003906,0.8571428656578064
l_curve_4,124,0.2676485478878021,0.8571428656578064
l_curve_4,125,0.2671951949596405,0.8571428656578064
l_curve_4,126,0.2668493688106537,0.8571428656578064
l_curve_4,127,0.26685935258865356,0.8571428656578064
l_curve_4,128,0.26641660928726196,0.8571428656578064
l_curve_4,129,0.26612550020217896,0.8571428656578064
l_curve_4,130,0.26563480496406555,0.8571428656578064
l_curve_4,131,0.2652893364429474,0.8571428656578064
l_curve_4,132,0.26529166102409363,0.8571428656578064
l_curve_4,133,0.2652820944786072,0.8571428656578064
l_curve_4,134,0.26544708013534546,0.8571428656578064
l_curve_4,135,0.2654258906841278,0.8571428656578064
l_curve_4,136,0.26513543725013733,0.8571428656578064
l_curve_4,137,0.26501789689064026,0.8571428656578064
l_curve_4,138,0.26489144563674927,0.8571428656578064
l_curve_4,139,0.2647234797477722,0.8571428656578064
l_curve_4,140,0.2644259035587311,0.8571428656578064
l_curve_4,141,0.2645992636680603,0.8571428656578064
l_curve_4,142,0.2646935284137726,0.8571428656578064
l_curve_4,143,0.2647886276245117,0.8571428656578064
l_curve_4,144,0.26464492082595825,0.8571428656578064
l_curve_4,145,0.26426705718040466,0.8571428656578064
l_curve_4,146,0.2639315724372864,0.8571428656578064
l_curve_4,147,0.26358354091644287,0.8571428656578064
l_curve_4,148,0.263255774974823,0.8571428656578064
l_curve_4,149,0.2634165287017822,0.8571428656578064
l_curve_4,150,0.26343169808387756,0.8571428656578064
l_curve_4,151,0.26320305466651917,0.8571428656578064
l_curve_4,152,0.2631312906742096,0.8571428656578064
l_curve_4,153,0.2630596160888672,0.8571428656578064
l_curve_4,154,0.26284128427505493,0.8571428656578064
l_curve_4,155,0.26261916756629944,0.8571428656578064
l_curve_4,156,0.2624188959598541,0.8571428656578064
l_curve_4,157,0.2621966302394867,0.8571428656578064
l_curve_4,158,0.26213526725769043,0.8571428656578064
l_curve_4,159,0.2619136571884155,0.8571428656578064
l_curve_4,160,0.26187559962272644,0.8571428656578064
l_curve_4,161,0.26195022463798523,0.8571428656578064
l_curve_4,162,0.2621457576751709,0.8571428656578064
l_curve_4,163,0.26235783100128174,0.8571428656578064
l_curve_4,164,0.26239266991615295,0.8571428656578064
l_curve_4,165,0.26248303055763245,0.8571428656578064
l_curve_4,166,0.2624448239803314,0.8571428656578064
l_curve_4,167,0.26211005449295044,0.8571428656578064
l_curve_4,168,0.2619299590587616,0.8571428656578064
l_curve_4,169,0.261405885219574,0.8571428656578064
l_curve_4,170,0.2611394226551056,0.8571428656578064
l_curve_4,171,0.261013388633728,0.8571428656578064
l_curve_4,172,0.26105090975761414,0.8571428656578064
l_curve_4,173,0.2612427771091461,0.8571428656578064
l_curve_4,174,0.2611904442310333,0.8571428656578064
l_curve_4,175,0.2612123191356659,0.8571428656578064
l_curve_4,176,0.26134172081947327,0.8571428656578064
l_curve_4,177,0.2612733840942383,0.8571428656578064
l_curve_4,178,0.26146331429481506,0.8571428656578064
l_curve_4,179,0.2613680362701416,0.8571428656578064
l_curve_4,180,0.260897159576416,0.8571428656578064
l_curve_4,181,0.26069700717926025,0.8571428656578064
l_curve_4,182,0.2603518068790436,0.8571428656578064
l_curve_4,183,0.26033347845077515,0.8571428656578064
l_curve_4,184,0.2604904770851135,0.8571428656578064
l_curve_4,185,0.2601650357246399,0.8571428656578064
l_curve_4,186,0.26011672616004944,0.8571428656578064
l_curve_4,187,0.2605132758617401,0.8571428656578064
l_curve_4,188,0.26076367497444153,0.8571428656578064
l_curve_4,189,0.2604065537452698,0.8571428656578064
l_curve_4,190,0.2603153586387634,0.8571428656578064
l_curve_4,191,0.26026052236557007,0.8571428656578064
l_curve_4,192,0.2603285312652588,0.8571428656578064
l_curve_4,193,0.26030293107032776,0.8571428656578064
l_curve_4,194,0.2605188488960266,0.8571428656578064
l_curve_4,195,0.2602529227733612,0.8571428656578064
l_curve_4,196,0.2598630487918854,0.8571428656578064
l_curve_4,197,0.25948330760002136,0.8571428656578064
l_curve_4,198,0.25932562351226807,0.8571428656578064
l_curve_4,199,0.2591196596622467,0.8571428656578064
l_curve_4,200,0.2595139741897583,0.8571428656578064
l_curve_4,201,0.2598753571510315,0.8571428656578064
l_curve_4,202,0.2599011957645416,0.8571428656578064
l_curve_4,203,0.2599623501300812,0.8571428656578064
l_curve_4,204,0.26010069251060486,0.8571428656578064
l_curve_4,205,0.2602769136428833,0.8571428656578064
l_curve_4,206,0.2601594924926758,0.8571428656578064
l_curve_4,207,0.2597239017486572,0.8571428656578064
l_curve_4,208,0.2596614360809326,0.8571428656578064
l_curve_4,209,0.25938254594802856,0.8571428656578064
l_curve_4,210,0.2587829530239105,0.8571428656578064
l_curve_4,211,0.2583247721195221,0.8571428656578064
l_curve_4,212,0.25859031081199646,0.8571428656578064
l_curve_4,213,0.2588239908218384,0.8571428656578064
l_curve_4,214,0.25909310579299927,0.8571428656578064
l_curve_4,215,0.25914955139160156,0.8571428656578064
l_curve_4,216,0.2588723301887512,0.8571428656578064
l_curve_4,217,0.25893473625183105,0.8571428656578064
l_curve_4,218,0.2589246332645416,0.8571428656578064
l_curve_4,219,0.2587954103946686,0.8571428656578064
l_curve_4,220,0.2587636709213257,0.8571428656578064
l_curve_4,221,0.25872525572776794,0.8571428656578064
l_curve_4,222,0.2587759494781494,0.8571428656578064
l_curve_4,223,0.2585445046424866,0.8571428656578064
l_curve_4,224,0.2584073543548584,0.8571428656578064
l_curve_4,225,0.25871261954307556,0.8571428656578064
l_curve_4,226,0.25883251428604126,0.8571428656578064
l_curve_4,227,0.2587612569332123,0.8571428656578064
l_curve_4,228,0.2588781714439392,0.8571428656578064
l_curve_4,229,0.2590748369693756,0.8571428656578064
l_curve_4,230,0.2588079869747162,0.8571428656578064
l_curve_4,231,0.2582150995731354,0.8571428656578064
l_curve_4,232,0.25815916061401367,0.8571428656578064
l_curve_4,233,0.2582269012928009,0.8571428656578064
l_curve_4,234,0.25846490263938904,0.8571428656578064
l_curve_4,235,0.2583713233470917,0.8571428656578064
l_curve_4,236,0.25830867886543274,0.8571428656578064
l_curve_4,237,0.25831136107444763,0.8571428656578064
l_curve_4,238,0.2581101953983307,0.8571428656578064
l_curve_4,239,0.25791242718696594,0.8571428656578064
l_curve_4,240,0.2582556903362274,0.8571428656578064
l_curve_4,241,0.2584681510925293,0.8571428656578064
l_curve_4,242,0.2584834694862366,0.8571428656578064
l_curve_4,243,0.25852012634277344,0.8571428656578064
l_curve_4,244,0.25840020179748535,0.8571428656578064
l_curve_4,245,0.25857630372047424,0.8571428656578064
l_curve_4,246,0.25847625732421875,0.8571428656578064
l_curve_4,247,0.2586130201816559,0.8571428656578064
l_curve_4,248,0.25865307450294495,0.8571428656578064
l_curve_4,249,0.2584322392940521,0.8571428656578064
l_curve_4,250,0.25859662890434265,0.8571428656578064
l_curve_4,251,0.2586522698402405,0.8571428656578064
l_curve_4,252,0.258567750453949,0.8571428656578064
l_curve_4,253,0.25850749015808105,0.8571428656578064
l_curve_4,254,0.258443146944046,0.8571428656578064
l_curve_4,255,0.2583775222301483,0.8571428656578064
l_curve_4,256,0.2583613395690918,0.8571428656578064
l_curve_4,257,0.2585110068321228,0.8571428656578064
l_curve_4,258,0.25863030552864075,0.8571428656578064
l_curve_4,259,0.2584487497806549,0.8571428656578064
l_curve_4,260,0.2583159804344177,0.8571428656578064
l_curve_4,261,0.2581183910369873,0.8571428656578064
l_curve_4,262,0.2578990161418915,0.8571428656578064
l_curve_4,263,0.2576482892036438,0.9047619104385376
l_curve_4,264,0.25784415006637573,0.8571428656578064
l_curve_4,265,0.2577730417251587,0.8571428656578064
l_curve_4,266,0.25766414403915405,0.8571428656578064
l_curve_4,267,0.2577836215496063,0.8571428656578064
l_curve_4,268,0.25772595405578613,0.8571428656578064
l_curve_4,269,0.25735902786254883,0.9047619104385376
l_curve_4,270,0.2572025656700134,0.9047619104385376
l_curve_4,271,0.2573379576206207,0.9047619104385376
l_curve_4,272,0.257500022649765,0.8571428656578064
l_curve_4,273,0.25807926058769226,0.8571428656578064
l_curve_4,274,0.2585693895816803,0.8571428656578064
l_curve_4,275,0.2582429349422455,0.8571428656578064
l_curve_4,276,0.2581076920032501,0.8571428656578064
l_curve_4,277,0.25814351439476013,0.8571428656578064
l_curve_4,278,0.25809961557388306,0.8571428656578064
l_curve_4,279,0.25826746225357056,0.8571428656578064
l_curve_4,280,0.2583081126213074,0.8571428656578064
l_curve_4,281,0.2585269510746002,0.8571428656578064
l_curve_4,282,0.2583497166633606,0.8571428656578064
l_curve_4,283,0.25808143615722656,0.8571428656578064
l_curve_4,284,0.25797080993652344,0.8571428656578064
l_curve_4,285,0.2577301561832428,0.8571428656578064
l_curve_4,286,0.25743627548217773,0.8571428656578064
l_curve_4,287,0.2573527991771698,0.8571428656578064
l_curve_4,288,0.25750210881233215,0.8571428656578064
l_curve_4,289,0.2576505243778229,0.8571428656578064
l_curve_4,290,0.25765159726142883,0.8571428656578064
l_curve_4,291,0.2576475143432617,0.8571428656578064
l_curve_4,292,0.2576950192451477,0.8571428656578064
l_curve_4,293,0.25771358609199524,0.8571428656578064
l_curve_4,294,0.25787943601608276,0.8571428656578064
l_curve_4,295,0.2579747140407562,0.8571428656578064
l_curve_4,296,0.2576156258583069,0.8571428656578064
l_curve_4,297,0.25771382451057434,0.8571428656578064
l_curve_4,298,0.2574806809425354,0.8571428656578064
l_curve_4,299,0.25745445489883423,0.8571428656578064
l_curve_4,300,0.25778698921203613,0.8571428656578064
l_curve_4,301,0.2581443786621094,0.8571428656578064
l_curve_4,302,0.25841307640075684,0.8571428656578064
l_curve_4,303,0.2585136890411377,0.8571428656578064
l_curve_4,304,0.2582777440547943,0.8571428656578064
l_curve_4,305,0.2579994797706604,0.8571428656578064
l_curve_4,306,0.25813615322113037,0.8571428656578064
l_curve_4,307,0.2582153081893921,0.8571428656578064
l_curve_4,308,0.25802886486053467,0.8571428656578064
l_curve_4,309,0.2579837143421173,0.8571428656578064
l_curve_4,310,0.2577092945575714,0.8571428656578064
l_curve_4,311,0.25719454884529114,0.8571428656578064
l_curve_4,312,0.2572077214717865,0.8571428656578064
l_curve_4,313,0.25726744532585144,0.8571428656578064
l_curve_4,314,0.2574264407157898,0.8571428656578064
l_curve_4,315,0.2572862505912781,0.8571428656578064
l_curve_4,316,0.2572707235813141,0.8571428656578064
l_curve_4,317,0.2574491500854492,0.8571428656578064
l_curve_4,318,0.2576436400413513,0.8571428656578064
l_curve_4,319,0.2579411566257477,0.8571428656578064
l_curve_4,320,0.2576107382774353,0.8571428656578064
l_curve_4,321,0.25763389468193054,0.8571428656578064
l_curve_4,322,0.2577235698699951,0.8571428656578064
l_curve_4,323,0.25779929757118225,0.8571428656578064
l_curve_4,324,0.25768616795539856,0.8571428656578064
l_curve_4,325,0.25761792063713074,0.8571428656578064
l_curve_4,326,0.25766894221305847,0.8571428656578064
l_curve_4,327,0.25739040970802307,0.8571428656578064
l_curve_4,328,0.2574162185192108,0.8571428656578064
l_curve_4,329,0.25749364495277405,0.8571428656578064
l_curve_4,330,0.25716567039489746,0.8571428656578064
l_curve_4,331,0.2571016848087311,0.8571428656578064
l_curve_4,332,0.2570430636405945,0.8571428656578064
l_curve_4,333,0.25721117854118347,0.8571428656578064
l_curve_4,334,0.2572709023952484,0.8571428656578064
l_curve_4,335,0.2573586404323578,0.8571428656578064
l_curve_4,336,0.25734564661979675,0.8571428656578064
l_curve_4,337,0.25755932927131653,0.8571428656578064
l_curve_4,338,0.25763553380966187,0.8571428656578064
l_curve_4,339,0.25758931040763855,0.8571428656578064
l_curve_4,340,0.25760364532470703,0.8571428656578064
l_curve_4,341,0.25757306814193726,0.8571428656578064
l_curve_4,342,0.2576279044151306,0.8571428656578064
l_curve_4,343,0.2575262188911438,0.8571428656578064
l_curve_4,344,0.25737839937210083,0.8571428656578064
l_curve_4,345,0.25747475028038025,0.8571428656578064
l_curve_4,346,0.25778037309646606,0.8571428656578064
l_curve_4,347,0.25792089104652405,0.8571428656578064
l_curve_4,348,0.2578408420085907,0.8571428656578064
l_curve_4,349,0.25760704278945923,0.8571428656578064
l_curve_4,350,0.2576337456703186,0.8571428656578064
l_curve_4,351,0.257858544588089,0.8571428656578064
l_curve_4,352,0.25782889127731323,0.8571428656578064
l_curve_4,353,0.2577281594276428,0.8571428656578064
l_curve_4,354,0.2576249837875366,0.8571428656578064
l_curve_4,355,0.25754082202911377,0.8571428656578064
l_curve_4,356,0.2576180696487427,0.8571428656578064
l_curve_4,357,0.2575300633907318,0.8571428656578064
l_curve_4,358,0.25746098160743713,0.8571428656578064
l_curve_4,359,0.2574983537197113,0.8571428656578064
l_curve_4,360,0.25771141052246094,0.8571428656578064
l_curve_4,361,0.2578892409801483,0.8571428656578064
l_curve_4,362,0.2575947344303131,0.8571428656578064
l_curve_4,363,0.25748544931411743,0.8571428656578064
l_curve_4,364,0.2574162185192108,0.8571428656578064
l_curve_4,365,0.25698575377464294,0.8571428656578064
l_curve_4,366,0.25712114572525024,0.8571428656578064
l_curve_4,367,0.2573555111885071,0.8571428656578064
l_curve_4,368,0.25746169686317444,0.8571428656578064
l_curve_4,369,0.25754693150520325,0.8571428656578064
l_curve_4,370,0.25741636753082275,0.8571428656578064
l_curve_4,371,0.2572766840457916,0.8571428656578064
l_curve_4,372,0.25701722502708435,0.8571428656578064
l_curve_4,373,0.25665056705474854,0.8571428656578064
l_curve_4,374,0.2566896080970764,0.8571428656578064
l_curve_4,375,0.2570369243621826,0.8571428656578064
l_curve_4,376,0.25726795196533203,0.8571428656578064
l_curve_4,377,0.25777432322502136,0.8571428656578064
l_curve_4,378,0.2580053508281708,0.8571428656578064
l_curve_4,379,0.2578951418399811,0.8571428656578064
l_curve_4,380,0.2575984597206116,0.8571428656578064
l_curve_4,381,0.25738561153411865,0.8571428656578064
l_curve_4,382,0.2571938633918762,0.8571428656578064
l_curve_4,383,0.2572832703590393,0.8571428656578064
l_curve_4,384,0.2573082149028778,0.8571428656578064
l_curve_4,385,0.2572052478790283,0.8571428656578064
l_curve_4,386,0.2568751275539398,0.8571428656578064
l_curve_4,387,0.2566785216331482,0.8571428656578064
l_curve_4,388,0.2561347484588623,0.8571428656578064
l_curve_4,389,0.25622907280921936,0.8571428656578064
l_curve_4,390,0.25643298029899597,0.8571428656578064
l_curve_4,391,0.2569511830806732,0.8571428656578064
l_curve_4,392,0.2574021518230438,0.8571428656578064
l_curve_4,393,0.25792354345321655,0.8571428656578064
l_curve_4,394,0.2581753432750702,0.8571428656578064
l_curve_4,395,0.2581373155117035,0.8571428656578064
l_curve_4,396,0.25799018144607544,0.8571428656578064
l_curve_4,397,0.25773024559020996,0.8571428656578064
l_curve_4,398,0.2575210928916931,0.8571428656578064
l_curve_4,399,0.2571149468421936,0.8571428656578064
l_curve_4,400,0.2568335235118866,0.8571428656578064
l_curve_4,401,0.25682681798934937,0.8571428656578064
l_curve_4,402,0.25721198320388794,0.8571428656578064
l_curve_4,403,0.2573404610157013,0.8571428656578064
l_curve_4,404,0.257587194442749,0.8571428656578064
l_curve_4,405,0.2575383484363556,0.8571428656578064
l_curve_4,406,0.25749480724334717,0.8571428656578064
l_curve_4,407,0.2574784755706787,0.8571428656578064
l_curve_4,408,0.2574598789215088,0.8571428656578064
l_curve_4,409,0.25764334201812744,0.8571428656578064
l_curve_4,410,0.2573704421520233,0.8571428656578064
l_curve_4,411,0.2572898268699646,0.8571428656578064
l_curve_4,412,0.2575294077396393,0.8571428656578064
l_curve_4,413,0.25757989287376404,0.8571428656578064
l_curve_4,414,0.2573133111000061,0.8571428656578064
l_curve_4,415,0.257077157497406,0.8571428656578064
l_curve_4,416,0.25692784786224365,0.8571428656578064
l_curve_4,417,0.2569561004638672,0.8571428656578064
l_curve_4,418,0.2570837140083313,0.8571428656578064
l_curve_4,419,0.25718504190444946,0.8571428656578064
l_curve_4,420,0.257162868976593,0.8571428656578064
l_curve_4,421,0.25728049874305725,0.8571428656578064
l_curve_4,422,0.2570926547050476,0.8571428656578064
l_curve_4,423,0.25713807344436646,0.8571428656578064
l_curve_4,424,0.25691598653793335,0.8571428656578064
l_curve_4,425,0.25686368346214294,0.8571428656578064
l_curve_4,426,0.2569411098957062,0.8571428656578064
l_curve_4,427,0.2567920684814453,0.8571428656578064
l_curve_4,428,0.25662463903427124,0.8571428656578064
l_curve_4,429,0.25642895698547363,0.8571428656578064
l_curve_4,430,0.2565241754055023,0.8571428656578064
l_curve_4,431,0.2567206919193268,0.8571428656578064
l_curve_4,432,0.2569391131401062,0.8571428656578064
l_curve_4,433,0.25719043612480164,0.8571428656578064
l_curve_4,434,0.25712907314300537,0.8571428656578064
l_curve_4,435,0.2571469843387604,0.8571428656578064
l_curve_4,436,0.2568526566028595,0.8571428656578064
l_curve_4,437,0.2568937838077545,0.8571428656578064
l_curve_4,438,0.2568756341934204,0.8571428656578064
l_curve_4,439,0.2569292187690735,0.8571428656578064
l_curve_4,440,0.25690189003944397,0.8571428656578064
l_curve_4,441,0.25716426968574524,0.8571428656578064
l_curve_4,442,0.25768113136291504,0.8571428656578064
l_curve_4,443,0.258000910282135,0.8571428656578064
l_curve_4,444,0.25787225365638733,0.8571428656578064
l_curve_4,445,0.25809141993522644,0.8571428656578064
l_curve_4,446,0.25778821110725403,0.8571428656578064
l_curve_4,447,0.25714364647865295,0.8571428656578064
l_curve_4,448,0.25720441341400146,0.8571428656578064
l_curve_4,449,0.25692757964134216,0.8571428656578064
l_curve_4,450,0.2567310929298401,0.8571428656578064
l_curve_4,451,0.2571667432785034,0.8571428656578064
l_curve_4,452,0.2573698163032532,0.8571428656578064
l_curve_4,453,0.25759798288345337,0.8571428656578064
l_curve_4,454,0.2577778995037079,0.8571428656578064
l_curve_4,455,0.2575315237045288,0.8571428656578064
l_curve_4,456,0.2575078308582306,0.8571428656578064
l_curve_4,457,0.2574462294578552,0.8571428656578064
l_curve_4,458,0.25737035274505615,0.8571428656578064
l_curve_4,459,0.2573402523994446,0.8571428656578064
l_curve_4,460,0.2576505243778229,0.8571428656578064
l_curve_4,461,0.25785544514656067,0.8571428656578064
l_curve_4,462,0.25764599442481995,0.8571428656578064
l_curve_4,463,0.25730589032173157,0.8571428656578064
l_curve_4,464,0.2571357190608978,0.8571428656578064
l_curve_4,465,0.25697413086891174,0.8571428656578064
l_curve_4,466,0.256848007440567,0.8571428656578064
l_curve_4,467,0.2568235397338867,0.8571428656578064
l_curve_4,468,0.25720277428627014,0.8571428656578064
l_curve_4,469,0.2571657598018646,0.8571428656578064
l_curve_4,470,0.25729066133499146,0.8571428656578064
l_curve_4,471,0.2574760913848877,0.8571428656578064
l_curve_4,472,0.2576570212841034,0.8571428656578064
l_curve_4,473,0.2576008439064026,0.8571428656578064
l_curve_4,474,0.25766852498054504,0.8571428656578064
l_curve_4,475,0.2575063705444336,0.8571428656578064
l_curve_4,476,0.25755709409713745,0.8571428656578064
l_curve_4,477,0.25729069113731384,0.8571428656578064
l_curve_4,478,0.256980299949646,0.8571428656578064
l_curve_4,479,0.2570209503173828,0.8571428656578064
l_curve_4,480,0.2569449841976166,0.8571428656578064
l_curve_4,481,0.2574271261692047,0.8571428656578064
l_curve_4,482,0.2572057247161865,0.8571428656578064
l_curve_4,483,0.25696417689323425,0.8571428656578064
l_curve_4,484,0.25702157616615295,0.8571428656578064
l_curve_4,485,0.25700438022613525,0.8571428656578064
l_curve_4,486,0.2572205364704132,0.8571428656578064
l_curve_4,487,0.2574632465839386,0.8571428656578064
l_curve_4,488,0.2575153708457947,0.8571428656578064
l_curve_4,489,0.25733619928359985,0.8571428656578064
l_curve_4,490,0.2570372521877289,0.8571428656578064
l_curve_4,491,0.25722482800483704,0.8571428656578064
l_curve_4,492,0.2570505738258362,0.8571428656578064
l_curve_4,493,0.2571427524089813,0.8571428656578064
l_curve_4,494,0.2575790286064148,0.8571428656578064
l_curve_4,495,0.25766006112098694,0.8571428656578064
l_curve_4,496,0.2573542296886444,0.8571428656578064
l_curve_4,497,0.25722619891166687,0.8571428656578064
l_curve_4,498,0.25743693113327026,0.8571428656578064
l_curve_4,499,0.2573815882205963,0.8571428656578064
l_curve_4,500,0.25704634189605713,0.8571428656578064
l_curve_4,501,0.25680622458457947,0.8571428656578064
l_curve_4,502,0.2569108307361603,0.8571428656578064
l_curve_4,503,0.2571847140789032,0.8571428656578064
l_curve_4,504,0.25713247060775757,0.8571428656578064
l_curve_4,505,0.2571905255317688,0.8571428656578064
l_curve_4,506,0.25707289576530457,0.8571428656578064
l_curve_4,507,0.2568121552467346,0.8571428656578064
l_curve_4,508,0.2569877505302429,0.8571428656578064
l_curve_4,509,0.257323682308197,0.8571428656578064
l_curve_4,510,0.25762200355529785,0.8571428656578064
l_curve_4,511,0.257919579744339,0.8571428656578064
l_curve_4,512,0.25788235664367676,0.8571428656578064
l_curve_4,513,0.2577303349971771,0.8571428656578064
l_curve_4,514,0.2574417293071747,0.8571428656578064
l_curve_4,515,0.25719186663627625,0.8571428656578064
l_curve_4,516,0.25741344690322876,0.8571428656578064
l_curve_4,517,0.25767281651496887,0.8571428656578064
l_curve_4,518,0.2573646306991577,0.8571428656578064
l_curve_4,519,0.2572282552719116,0.8571428656578064
l_curve_4,520,0.25727379322052,0.8571428656578064
l_curve_4,521,0.257201611995697,0.8571428656578064
l_curve_4,522,0.25706201791763306,0.8571428656578064
l_curve_4,523,0.2572343349456787,0.8571428656578064
l_curve_4,524,0.25713708996772766,0.8571428656578064
l_curve_4,525,0.2571501135826111,0.8571428656578064
l_curve_4,526,0.2574014663696289,0.8571428656578064
l_curve_4,527,0.2575749456882477,0.8571428656578064
l_curve_4,528,0.2572024464607239,0.8571428656578064
l_curve_4,529,0.2573905289173126,0.8571428656578064
l_curve_4,530,0.2574771046638489,0.8571428656578064
l_curve_4,531,0.257313072681427,0.8571428656578064
l_curve_4,532,0.2573360800743103,0.8571428656578064
l_curve_4,533,0.2576170861721039,0.8571428656578064
l_curve_4,534,0.2581494152545929,0.8571428656578064
l_curve_4,535,0.258060097694397,0.8571428656578064
l_curve_4,536,0.2573035955429077,0.8571428656578064
l_curve_4,537,0.25691112875938416,0.8571428656578064
l_curve_4,538,0.25675103068351746,0.8571428656578064
l_curve_4,539,0.257013738155365,0.8571428656578064
l_curve_4,540,0.25774091482162476,0.8571428656578064
l_curve_4,541,0.25763434171676636,0.8571428656578064
l_curve_4,542,0.25753894448280334,0.8571428656578064
l_curve_4,543,0.25761738419532776,0.8571428656578064
l_curve_4,544,0.25751084089279175,0.8571428656578064
l_curve_4,545,0.2573433518409729,0.8571428656578064
l_curve_4,546,0.2572549879550934,0.8571428656578064
l_curve_4,547,0.25723275542259216,0.8571428656578064
l_curve_4,548,0.2570173144340515,0.8571428656578064
l_curve_4,549,0.25715288519859314,0.8571428656578064
l_curve_4,550,0.25731366872787476,0.8571428656578064
l_curve_4,551,0.25782355666160583,0.8571428656578064
l_curve_4,552,0.2577492296695709,0.8571428656578064
l_curve_4,553,0.25718817114830017,0.8571428656578064
l_curve_4,554,0.25686153769493103,0.8571428656578064
l_curve_4,555,0.2570461928844452,0.8571428656578064
l_curve_4,556,0.25702619552612305,0.8571428656578064
l_curve_4,557,0.25680118799209595,0.8571428656578064
l_curve_4,558,0.2566430866718292,0.8571428656578064
l_curve_4,559,0.2564944624900818,0.8571428656578064
l_curve_4,560,0.2562527060508728,0.8571428656578064
l_curve_4,561,0.2565103769302368,0.8571428656578064
l_curve_4,562,0.2567625343799591,0.8571428656578064
l_curve_4,563,0.25717654824256897,0.8571428656578064
l_curve_4,564,0.25739598274230957,0.8571428656578064
l_curve_4,565,0.2575530409812927,0.8571428656578064
l_curve_4,566,0.25778383016586304,0.8571428656578064
l_curve_4,567,0.2579207718372345,0.8571428656578064
l_curve_4,568,0.25780370831489563,0.8571428656578064
l_curve_4,569,0.2575719654560089,0.8571428656578064
l_curve_4,570,0.25753292441368103,0.8571428656578064
l_curve_4,571,0.25724828243255615,0.8571428656578064
l_curve_4,572,0.25732696056365967,0.8571428656578064
l_curve_4,573,0.25755923986434937,0.8571428656578064
l_curve_4,574,0.2579044997692108,0.8571428656578064
l_curve_4,575,0.25777554512023926,0.8571428656578064
l_curve_4,576,0.2574700713157654,0.8571428656578064
l_curve_4,577,0.25752002000808716,0.8571428656578064
l_curve_4,578,0.25766822695732117,0.8571428656578064
l_curve_4,579,0.2576169967651367,0.8571428656578064
l_curve_4,580,0.2571380138397217,0.8571428656578064
l_curve_4,581,0.2568667232990265,0.8571428656578064
l_curve_4,582,0.2563513219356537,0.8571428656578064
l_curve_4,583,0.2566632330417633,0.8571428656578064
l_curve_4,584,0.2569483816623688,0.8571428656578064
l_curve_4,585,0.25684139132499695,0.8571428656578064
l_curve_4,586,0.2569302022457123,0.8571428656578064
l_curve_4,587,0.2569039762020111,0.8571428656578064
l_curve_4,588,0.25680461525917053,0.8571428656578064
l_curve_4,589,0.257318913936615,0.8571428656578064
l_curve_4,590,0.2577277719974518,0.8571428656578064
l_curve_4,591,0.25807374715805054,0.8571428656578064
l_curve_4,592,0.2580696642398834,0.8571428656578064
l_curve_4,593,0.2578667104244232,0.8571428656578064
l_curve_4,594,0.2576407790184021,0.8571428656578064
l_curve_4,595,0.25744861364364624,0.8571428656578064
l_curve_4,596,0.2572157680988312,0.8571428656578064
l_curve_4,597,0.25680509209632874,0.8571428656578064
l_curve_4,598,0.25684693455696106,0.8571428656578064
l_curve_4,599,0.2570790648460388,0.8571428656578064
l_curve_4,600,0.257190465927124,0.8571428656578064
l_curve_4,601,0.25731101632118225,0.8571428656578064
l_curve_4,602,0.2575022876262665,0.8571428656578064
l_curve_4,603,0.25770652294158936,0.8571428656578064
l_curve_4,604,0.2579239308834076,0.8571428656578064
l_curve_4,605,0.25771671533584595,0.8571428656578064
l_curve_4,606,0.2575547695159912,0.8571428656578064
l_curve_4,607,0.2570076882839203,0.8571428656578064
l_curve_4,608,0.2569654583930969,0.8571428656578064
l_curve_4,609,0.25733712315559387,0.8571428656578064
l_curve_4,610,0.25730034708976746,0.8571428656578064
l_curve_4,611,0.2573438286781311,0.8571428656578064
l_curve_4,612,0.257449746131897,0.8571428656578064
l_curve_4,613,0.25757575035095215,0.8571428656578064
l_curve_4,614,0.2578773498535156,0.8571428656578064
l_curve_4,615,0.2582929730415344,0.8571428656578064
l_curve_4,616,0.25816652178764343,0.8571428656578064
l_curve_4,617,0.25785478949546814,0.8571428656578064
l_curve_4,618,0.2578708529472351,0.8571428656578064
l_curve_4,619,0.2578395903110504,0.8571428656578064
l_curve_4,620,0.2579079270362854,0.8571428656578064
l_curve_4,621,0.25789588689804077,0.8571428656578064
l_curve_4,622,0.2579261362552643,0.8571428656578064
l_curve_4,623,0.25769859552383423,0.8571428656578064
l_curve_4,624,0.25781339406967163,0.8571428656578064
l_curve_4,625,0.25802406668663025,0.8571428656578064
l_curve_4,626,0.25799360871315,0.8571428656578064
l_curve_4,627,0.25789034366607666,0.8571428656578064
l_curve_4,628,0.2579346299171448,0.8571428656578064
l_curve_4,629,0.2575940787792206,0.8571428656578064
l_curve_4,630,0.25732821226119995,0.8571428656578064
l_curve_4,631,0.256821870803833,0.8571428656578064
l_curve_4,632,0.2567782998085022,0.8571428656578064
l_curve_4,633,0.25692036747932434,0.8571428656578064
l_curve_4,634,0.2566772997379303,0.8571428656578064
l_curve_4,635,0.2564958333969116,0.8571428656578064
l_curve_4,636,0.25635191798210144,0.8571428656578064
l_curve_4,637,0.25649145245552063,0.8571428656578064
l_curve_4,638,0.25665897130966187,0.8571428656578064
l_curve_4,639,0.2570710778236389,0.8571428656578064
l_curve_4,640,0.25729718804359436,0.8571428656578064
l_curve_4,641,0.257249116897583,0.8571428656578064
l_curve_4,642,0.2569529712200165,0.8571428656578064
l_curve_4,643,0.25680413842201233,0.8571428656578064
l_curve_4,644,0.2566794455051422,0.8571428656578064
l_curve_4,645,0.256737619638443,0.8571428656578064
l_curve_4,646,0.25682464241981506,0.8571428656578064
l_curve_4,647,0.256546288728714,0.8571428656578064
l_curve_4,648,0.2562016546726227,0.8571428656578064
l_curve_4,649,0.2562822103500366,0.8571428656578064
l_curve_4,650,0.25616416335105896,0.8571428656578064
l_curve_4,651,0.2562275528907776,0.8571428656578064
l_curve_4,652,0.25664034485816956,0.8571428656578064
l_curve_4,653,0.25692465901374817,0.8571428656578064
l_curve_4,654,0.25693613290786743,0.8571428656578064
l_curve_4,655,0.25677037239074707,0.8571428656578064
l_curve_4,656,0.25667449831962585,0.8571428656578064
l_curve_4,657,0.2568660378456116,0.8571428656578064
l_curve_4,658,0.25685277581214905,0.8571428656578064
l_curve_4,659,0.25692543387413025,0.8571428656578064
l_curve_4,660,0.25698626041412354,0.8571428656578064
l_curve_4,661,0.25704747438430786,0.8571428656578064
l_curve_4,662,0.257389634847641,0.8571428656578064
l_curve_4,663,0.2573956549167633,0.8571428656578064
l_curve_4,664,0.2572527825832367,0.8571428656578064
l_curve_4,665,0.2570122182369232,0.8571428656578064
l_curve_4,666,0.25724342465400696,0.8571428656578064
l_curve_4,667,0.25702157616615295,0.8571428656578064
l_curve_4,668,0.2568674087524414,0.8571428656578064
l_curve_4,669,0.25694552063941956,0.8571428656578064
l_curve_4,670,0.2569991946220398,0.8571428656578064
l_curve_4,671,0.25686928629875183,0.8571428656578064
l_curve_4,672,0.2563295066356659,0.8571428656578064
l_curve_4,673,0.2565992474555969,0.8571428656578064
l_curve_4,674,0.2570019066333771,0.8571428656578064
l_curve_4,675,0.25704091787338257,0.8571428656578064
l_curve_4,676,0.2570306956768036,0.8571428656578064
l_curve_4,677,0.2568979561328888,0.8571428656578064
l_curve_4,678,0.25733569264411926,0.8571428656578064
l_curve_4,679,0.2574055790901184,0.8571428656578064
l_curve_4,680,0.2573417127132416,0.8571428656578064
l_curve_4,681,0.257341206073761,0.8571428656578064
l_curve_4,682,0.25761160254478455,0.8571428656578064
l_curve_4,683,0.25769832730293274,0.8571428656578064
l_curve_4,684,0.2580036520957947,0.8571428656578064
l_curve_4,685,0.2575684189796448,0.8571428656578064
l_curve_4,686,0.2572394907474518,0.8571428656578064
l_curve_4,687,0.2566744089126587,0.8571428656578064
l_curve_4,688,0.25655004382133484,0.8571428656578064
l_curve_4,689,0.25674325227737427,0.8571428656578064
l_curve_4,690,0.2571896016597748,0.8571428656578064
l_curve_4,691,0.2575291097164154,0.8571428656578064
l_curve_4,692,0.25751930475234985,0.8571428656578064
l_curve_4,693,0.25739437341690063,0.8571428656578064
l_curve_4,694,0.25731730461120605,0.8571428656578064
l_curve_4,695,0.25704002380371094,0.8571428656578064
l_curve_4,696,0.25685974955558777,0.8571428656578064
l_curve_4,697,0.2569164037704468,0.8571428656578064
l_curve_4,698,0.25685352087020874,0.8571428656578064
l_curve_4,699,0.2567937672138214,0.8571428656578064
l_curve_4,700,0.25654125213623047,0.8571428656578064
l_curve_4,701,0.25620296597480774,0.8571428656578064
l_curve_4,702,0.2562076449394226,0.8571428656578064
l_curve_4,703,0.2562190890312195,0.8571428656578064
l_curve_4,704,0.25668489933013916,0.8571428656578064
l_curve_4,705,0.257080614566803,0.8571428656578064
l_curve_4,706,0.25689777731895447,0.8571428656578064
l_curve_4,707,0.2568892240524292,0.8571428656578064
l_curve_4,708,0.25696951150894165,0.8571428656578064
l_curve_4,709,0.2572486996650696,0.8571428656578064
l_curve_4,710,0.25761228799819946,0.8571428656578064
l_curve_4,711,0.257752925157547,0.8571428656578064
l_curve_4,712,0.257516473531723,0.8571428656578064
l_curve_4,713,0.25739359855651855,0.8571428656578064
l_curve_4,714,0.25730445981025696,0.8571428656578064
l_curve_4,715,0.2570400536060333,0.8571428656578064
l_curve_4,716,0.2570796608924866,0.8571428656578064
l_curve_4,717,0.2573681175708771,0.8571428656578064
l_curve_4,718,0.2574123740196228,0.8571428656578064
l_curve_4,719,0.2575719356536865,0.8571428656578064
l_curve_4,720,0.2571125626564026,0.8571428656578064
l_curve_4,721,0.2567087709903717,0.8571428656578064
l_curve_4,722,0.25662142038345337,0.8571428656578064
l_curve_4,723,0.25651392340660095,0.8571428656578064
l_curve_4,724,0.2562846541404724,0.8571428656578064
l_curve_4,725,0.2557177245616913,0.8571428656578064
l_curve_4,726,0.25575003027915955,0.8571428656578064
l_curve_4,727,0.25598669052124023,0.8571428656578064
l_curve_4,728,0.2561579644680023,0.8571428656578064
l_curve_4,729,0.2561497390270233,0.8571428656578064
l_curve_4,730,0.2560046315193176,0.8571428656578064
l_curve_4,731,0.25619253516197205,0.8571428656578064
l_curve_4,732,0.25617608428001404,0.8571428656578064
l_curve_4,733,0.25616851449012756,0.8571428656578064
l_curve_4,734,0.25611868500709534,0.8571428656578064
l_curve_4,735,0.25617271661758423,0.8571428656578064
l_curve_4,736,0.2564641535282135,0.8571428656578064
l_curve_4,737,0.25676000118255615,0.8571428656578064
l_curve_4,738,0.2568506896495819,0.8571428656578064
l_curve_4,739,0.25735536217689514,0.8571428656578064
l_curve_4,740,0.25734397768974304,0.8571428656578064
l_curve_4,741,0.25699731707572937,0.8571428656578064
l_curve_4,742,0.25732046365737915,0.8571428656578064
l_curve_4,743,0.25726160407066345,0.8571428656578064
l_curve_4,744,0.25718504190444946,0.8571428656578064
l_curve_4,745,0.25702449679374695,0.8571428656578064
l_curve_4,746,0.2569417357444763,0.8571428656578064
l_curve_4,747,0.256438672542572,0.8571428656578064
l_curve_4,748,0.256351113319397,0.8571428656578064
l_curve_4,749,0.25644952058792114,0.8571428656578064
l_curve_4,750,0.25650906562805176,0.8571428656578064
l_curve_4,751,0.2568542957305908,0.8571428656578064
l_curve_4,752,0.25695472955703735,0.8571428656578064
l_curve_4,753,0.2571617662906647,0.8571428656578064
l_curve_4,754,0.2569543421268463,0.8571428656578064
l_curve_4,755,0.25699615478515625,0.8571428656578064
l_curve_4,756,0.2567993104457855,0.8571428656578064
l_curve_4,757,0.25682222843170166,0.8571428656578064
l_curve_4,758,0.2570241391658783,0.8571428656578064
l_curve_4,759,0.257266104221344,0.8571428656578064
l_curve_4,760,0.25718697905540466,0.8571428656578064
l_curve_4,761,0.2571564018726349,0.8571428656578064
l_curve_4,762,0.25717899203300476,0.8571428656578064
l_curve_4,763,0.25713419914245605,0.8571428656578064
l_curve_4,764,0.2572014033794403,0.8571428656578064
l_curve_4,765,0.25705623626708984,0.8571428656578064
l_curve_4,766,0.2572753429412842,0.8571428656578064
l_curve_4,767,0.25694769620895386,0.8571428656578064
l_curve_4,768,0.25689035654067993,0.8571428656578064
l_curve_4,769,0.25716304779052734,0.8571428656578064
l_curve_4,770,0.25728654861450195,0.8571428656578064
l_curve_4,771,0.25712063908576965,0.8571428656578064
l_curve_4,772,0.25688570737838745,0.8571428656578064
l_curve_4,773,0.25684410333633423,0.8571428656578064
l_curve_4,774,0.25678983330726624,0.8571428656578064
l_curve_4,775,0.2570072114467621,0.8571428656578064
l_curve_4,776,0.2569442093372345,0.8571428656578064
l_curve_4,777,0.25679659843444824,0.8571428656578064
l_curve_4,778,0.2563808858394623,0.8571428656578064
l_curve_4,779,0.2564747631549835,0.8571428656578064
l_curve_4,780,0.2567819356918335,0.8571428656578064
l_curve_4,781,0.2568294107913971,0.8571428656578064
l_curve_4,782,0.25708088278770447,0.8571428656578064
l_curve_4,783,0.2569606304168701,0.8571428656578064
l_curve_4,784,0.25705596804618835,0.8571428656578064
l_curve_4,785,0.25727686285972595,0.8571428656578064
l_curve_4,786,0.2571764588356018,0.8571428656578064
l_curve_4,787,0.25680115818977356,0.8571428656578064
l_curve_4,788,0.2564942538738251,0.8571428656578064
l_curve_4,789,0.2563970983028412,0.8571428656578064
l_curve_4,790,0.25640568137168884,0.8571428656578064
l_curve_4,791,0.256498247385025,0.8571428656578064
l_curve_4,792,0.256452351808548,0.8571428656578064
l_curve_4,793,0.25622227787971497,0.8571428656578064
l_curve_4,794,0.25626468658447266,0.8571428656578064
l_curve_4,795,0.25653553009033203,0.8571428656578064
l_curve_4,796,0.2566963732242584,0.8571428656578064
l_curve_4,797,0.25675779581069946,0.8571428656578064
l_curve_4,798,0.25698018074035645,0.8571428656578064
l_curve_4,799,0.25689005851745605,0.8571428656578064
l_curve_4,800,0.2568543255329132,0.8571428656578064
l_curve_4,801,0.2568308115005493,0.8571428656578064
l_curve_4,802,0.25668424367904663,0.8571428656578064
l_curve_4,803,0.25666847825050354,0.8571428656578064
l_curve_4,804,0.2566496431827545,0.8571428656578064
l_curve_4,805,0.25684037804603577,0.8571428656578064
l_curve_4,806,0.2571719288825989,0.8571428656578064
l_curve_4,807,0.2571685016155243,0.8571428656578064
l_curve_4,808,0.2569255828857422,0.8571428656578064
l_curve_4,809,0.256625235080719,0.8571428656578064
l_curve_4,810,0.256550133228302,0.8571428656578064
l_curve_4,811,0.2564223110675812,0.8571428656578064
l_curve_4,812,0.2563551962375641,0.8571428656578064
l_curve_4,813,0.2560829520225525,0.8571428656578064
l_curve_4,814,0.25617343187332153,0.8571428656578064
l_curve_4,815,0.25605133175849915,0.8571428656578064
l_curve_4,816,0.2562022805213928,0.8571428656578064
l_curve_4,817,0.2564551830291748,0.8571428656578064
l_curve_4,818,0.2564859390258789,0.8571428656578064
l_curve_4,819,0.25668516755104065,0.8571428656578064
l_curve_4,820,0.25711962580680847,0.8571428656578064
l_curve_4,821,0.25691163539886475,0.8571428656578064
l_curve_4,822,0.25709083676338196,0.8571428656578064
l_curve_4,823,0.2573191225528717,0.8571428656578064
l_curve_4,824,0.2574148178100586,0.8571428656578064
l_curve_4,825,0.25714612007141113,0.8571428656578064
l_curve_4,826,0.2569843828678131,0.8571428656578064
l_curve_4,827,0.25686541199684143,0.8571428656578064
l_curve_4,828,0.2571837902069092,0.8571428656578064
l_curve_4,829,0.2573161721229553,0.8571428656578064
l_curve_4,830,0.25699666142463684,0.8571428656578064
l_curve_4,831,0.2569718062877655,0.8571428656578064
l_curve_4,832,0.2570347189903259,0.8571428656578064
l_curve_4,833,0.2569260001182556,0.8571428656578064
l_curve_4,834,0.2570365369319916,0.8571428656578064
l_curve_4,835,0.256740540266037,0.8571428656578064
l_curve_4,836,0.2565068006515503,0.8571428656578064
l_curve_4,837,0.25660374760627747,0.8571428656578064
l_curve_4,838,0.25686192512512207,0.8571428656578064
l_curve_4,839,0.25697875022888184,0.8571428656578064
l_curve_4,840,0.25679850578308105,0.8571428656578064
l_curve_4,841,0.2565813660621643,0.8571428656578064
l_curve_4,842,0.2563283145427704,0.8571428656578064
l_curve_4,843,0.2562457025051117,0.8571428656578064
l_curve_4,844,0.25621506571769714,0.8571428656578064
l_curve_4,845,0.25649142265319824,0.8571428656578064
l_curve_4,846,0.25675168633461,0.8571428656578064
l_curve_4,847,0.25693973898887634,0.8571428656578064
l_curve_4,848,0.2570123076438904,0.8571428656578064
l_curve_4,849,0.2569790184497833,0.8571428656578064
l_curve_4,850,0.2569243013858795,0.8571428656578064
l_curve_4,851,0.2567766606807709,0.8571428656578064
l_curve_4,852,0.25612741708755493,0.8571428656578064
l_curve_4,853,0.25617358088493347,0.8571428656578064
l_curve_4,854,0.2561182379722595,0.8571428656578064
l_curve_4,855,0.25618481636047363,0.8571428656578064
l_curve_4,856,0.2561775743961334,0.8571428656578064
l_curve_4,857,0.2560550272464752,0.8571428656578064
l_curve_4,858,0.2562778890132904,0.8571428656578064
l_curve_4,859,0.25614118576049805,0.8571428656578064
l_curve_4,860,0.25622257590293884,0.8571428656578064
l_curve_4,861,0.2561635673046112,0.8571428656578064
l_curve_4,862,0.2560593783855438,0.8571428656578064
l_curve_4,863,0.2562197744846344,0.8571428656578064
l_curve_4,864,0.2563062310218811,0.8571428656578064
l_curve_4,865,0.2565879821777344,0.8571428656578064
l_curve_4,866,0.2567892074584961,0.8571428656578064
l_curve_4,867,0.2567949891090393,0.8571428656578064
l_curve_4,868,0.2565761208534241,0.8571428656578064
l_curve_4,869,0.2566550672054291,0.8571428656578064
l_curve_4,870,0.2568456828594208,0.8571428656578064
l_curve_4,871,0.25670328736305237,0.8571428656578064
l_curve_4,872,0.25686872005462646,0.8571428656578064
l_curve_4,873,0.2570436894893646,0.8571428656578064
l_curve_4,874,0.2569165825843811,0.8571428656578064
l_curve_4,875,0.25678321719169617,0.8571428656578064
l_curve_4,876,0.25690045952796936,0.8571428656578064
l_curve_4,877,0.256954550743103,0.8571428656578064
l_curve_4,878,0.25688478350639343,0.8571428656578064
l_curve_4,879,0.2566908299922943,0.8571428656578064
l_curve_4,880,0.25661787390708923,0.8571428656578064
l_curve_4,881,0.25670352578163147,0.8571428656578064
l_curve_4,882,0.2563740909099579,0.8571428656578064
l_curve_4,883,0.256108820438385,0.8571428656578064
l_curve_4,884,0.25627607107162476,0.8571428656578064
l_curve_4,885,0.2565206289291382,0.8571428656578064
l_curve_4,886,0.25645700097084045,0.8571428656578064
l_curve_4,887,0.25655704736709595,0.8571428656578064
l_curve_4,888,0.2566955089569092,0.8571428656578064
l_curve_4,889,0.2564328908920288,0.8571428656578064
l_curve_4,890,0.25639715790748596,0.8571428656578064
l_curve_4,891,0.25625714659690857,0.8571428656578064
l_curve_4,892,0.2565113604068756,0.8571428656578064
l_curve_4,893,0.2560535669326782,0.8571428656578064
l_curve_4,894,0.25582095980644226,0.8571428656578064
l_curve_4,895,0.2559176981449127,0.8571428656578064
l_curve_4,896,0.2558443546295166,0.8571428656578064
l_curve_4,897,0.25613290071487427,0.8571428656578064
l_curve_4,898,0.2563536465167999,0.8571428656578064
l_curve_4,899,0.256452739238739,0.8571428656578064
l_curve_4,900,0.2565383017063141,0.8571428656578064
l_curve_4,901,0.25672608613967896,0.8571428656578064
l_curve_4,902,0.25665855407714844,0.8571428656578064
l_curve_4,903,0.25659823417663574,0.8571428656578064
l_curve_4,904,0.25635749101638794,0.8571428656578064
l_curve_4,905,0.2564346194267273,0.8571428656578064
l_curve_4,906,0.2563624083995819,0.8571428656578064
l_curve_4,907,0.2562660574913025,0.8571428656578064
l_curve_4,908,0.2561381757259369,0.8571428656578064
l_curve_4,909,0.2560338079929352,0.8571428656578064
l_curve_4,910,0.2560461461544037,0.8571428656578064
l_curve_4,911,0.25607630610466003,0.8571428656578064
l_curve_4,912,0.25601792335510254,0.8571428656578064
l_curve_4,913,0.2558998763561249,0.8571428656578064
l_curve_4,914,0.2558668553829193,0.8571428656578064
l_curve_4,915,0.2559129595756531,0.8571428656578064
l_curve_4,916,0.25567176938056946,0.8571428656578064
l_curve_4,917,0.25547531247138977,0.8571428656578064
l_curve_4,918,0.25565454363822937,0.8571428656578064
l_curve_4,919,0.25598451495170593,0.8571428656578064
l_curve_4,920,0.25628477334976196,0.8571428656578064
l_curve_4,921,0.2563195824623108,0.8571428656578064
l_curve_4,922,0.2560710310935974,0.8571428656578064
l_curve_4,923,0.25567328929901123,0.8571428656578064
l_curve_4,924,0.25554874539375305,0.8571428656578064
l_curve_4,925,0.255751371383667,0.8571428656578064
l_curve_4,926,0.2559219300746918,0.8571428656578064
l_curve_4,927,0.25610288977622986,0.8571428656578064
l_curve_4,928,0.255659282207489,0.8571428656578064
l_curve_4,929,0.2556709945201874,0.8571428656578064
l_curve_4,930,0.2556177079677582,0.8571428656578064
l_curve_4,931,0.25574594736099243,0.8571428656578064
l_curve_4,932,0.25608134269714355,0.8571428656578064
l_curve_4,933,0.25640711188316345,0.8571428656578064
l_curve_4,934,0.255982905626297,0.8571428656578064
l_curve_4,935,0.255693644285202,0.8571428656578064
l_curve_4,936,0.2558809816837311,0.8571428656578064
l_curve_4,937,0.2561482787132263,0.8571428656578064
l_curve_4,938,0.25627389550209045,0.8571428656578064
l_curve_4,939,0.2559404671192169,0.8571428656578064
l_curve_4,940,0.2559220790863037,0.8571428656578064
l_curve_4,941,0.2560999393463135,0.8571428656578064
l_curve_4,942,0.25595590472221375,0.8571428656578064
l_curve_4,943,0.2562306821346283,0.8571428656578064
l_curve_4,944,0.25603145360946655,0.8571428656578064
l_curve_4,945,0.25585782527923584,0.8571428656578064
l_curve_4,946,0.2558468282222748,0.8571428656578064
l_curve_4,947,0.25588852167129517,0.8571428656578064
l_curve_4,948,0.2561354339122772,0.8571428656578064
l_curve_4,949,0.25610432028770447,0.8571428656578064
l_curve_4,950,0.2555950880050659,0.8571428656578064
l_curve_4,951,0.25595107674598694,0.8571428656578064
l_curve_4,952,0.2561732828617096,0.8571428656578064
l_curve_4,953,0.256176233291626,0.8571428656578064
l_curve_4,954,0.2561579644680023,0.8571428656578064
l_curve_4,955,0.25611382722854614,0.8571428656578064
l_curve_4,956,0.2560310959815979,0.8571428656578064
l_curve_4,957,0.2561296820640564,0.8571428656578064
l_curve_4,958,0.2560791075229645,0.8571428656578064
l_curve_4,959,0.25586971640586853,0.8571428656578064
l_curve_4,960,0.2558893859386444,0.8571428656578064
l_curve_4,961,0.2557738423347473,0.8571428656578064
l_curve_4,962,0.2557310163974762,0.8571428656578064
l_curve_4,963,0.25581803917884827,0.8571428656578064
l_curve_4,964,0.25574371218681335,0.8571428656578064
l_curve_4,965,0.255951851606369,0.8571428656578064
l_curve_4,966,0.256176620721817,0.8571428656578064
l_curve_4,967,0.25608697533607483,0.8571428656578064
l_curve_4,968,0.25609272718429565,0.8571428656578064
l_curve_4,969,0.2559276819229126,0.8571428656578064
l_curve_4,970,0.2557395100593567,0.8571428656578064
l_curve_4,971,0.25549569725990295,0.8571428656578064
l_curve_4,972,0.2552982270717621,0.8571428656578064
l_curve_4,973,0.25577694177627563,0.8571428656578064
l_curve_4,974,0.2558121979236603,0.8571428656578064
l_curve_4,975,0.2560413181781769,0.8571428656578064
l_curve_4,976,0.25623539090156555,0.8571428656578064
l_curve_4,977,0.2565366327762604,0.8571428656578064
l_curve_4,978,0.25637397170066833,0.8571428656578064
l_curve_4,979,0.2565992772579193,0.8571428656578064
l_curve_4,980,0.2565515637397766,0.8571428656578064
l_curve_4,981,0.2563914358615875,0.8571428656578064
l_curve_4,982,0.25630882382392883,0.8571428656578064
l_curve_4,983,0.25624775886535645,0.8571428656578064
l_curve_4,984,0.25620129704475403,0.8571428656578064
l_curve_4,985,0.2559230923652649,0.8571428656578064
l_curve_4,986,0.25571876764297485,0.8571428656578064
l_curve_4,987,0.255725622177124,0.8571428656578064
l_curve_4,988,0.2560466527938843,0.8571428656578064
l_curve_4,989,0.25651437044143677,0.8571428656578064
l_curve_4,990,0.2564738094806671,0.8571428656578064
l_curve_4,991,0.25644126534461975,0.8571428656578064
l_curve_4,992,0.25632625818252563,0.8571428656578064
l_curve_4,993,0.25634562969207764,0.8571428656578064
l_curve_4,994,0.2562015652656555,0.8571428656578064
l_curve_4,995,0.25585970282554626,0.8571428656578064
l_curve_4,996,0.2556590735912323,0.8571428656578064
l_curve_4,997,0.25533729791641235,0.8571428656578064
l_curve_4,998,0.25564634799957275,0.8571428656578064
l_curve_4,999,0.256043940782547,0.8571428656578064
l_curve_4,1000,0.2556944489479065,0.8571428656578064
l_curve_4,1000,0.2556944489479065,0.8571428656578064
