client,round,loss,accuracy
l_curve_2,1,1.0519371032714844,0.5892857313156128
l_curve_2,2,1.0327283143997192,0.5892857313156128
l_curve_2,3,1.014041781425476,0.5892857313156128
l_curve_2,4,0.995998740196228,0.5892857313156128
l_curve_2,5,0.9785513281822205,0.5892857313156128
l_curve_2,6,0.9621189832687378,0.5892857313156128
l_curve_2,7,0.9460791945457458,0.5892857313156128
l_curve_2,8,0.9308046102523804,0.5892857313156128
l_curve_2,9,0.9158622026443481,0.5892857313156128
l_curve_2,10,0.9017102122306824,0.5892857313156128
l_curve_2,11,0.8881901502609253,0.5892857313156128
l_curve_2,12,0.8749545216560364,0.5892857313156128
l_curve_2,13,0.862289309501648,0.5892857313156128
l_curve_2,14,0.8502410054206848,0.5892857313156128
l_curve_2,15,0.8385535478591919,0.5892857313156128
l_curve_2,16,0.8274427056312561,0.5892857313156128
l_curve_2,17,0.8168386816978455,0.5892857313156128
l_curve_2,18,0.8066794276237488,0.5892857313156128
l_curve_2,19,0.7969155311584473,0.5892857313156128
l_curve_2,20,0.7874835729598999,0.5892857313156128
l_curve_2,21,0.7784437537193298,0.5892857313156128
l_curve_2,22,0.7698387503623962,0.5892857313156128
l_curve_2,23,0.7615123391151428,0.6071428656578064
l_curve_2,24,0.7536401748657227,0.625
l_curve_2,25,0.7460108995437622,0.625
l_curve_2,26,0.7386318445205688,0.625
l_curve_2,27,0.7315534949302673,0.6428571343421936
l_curve_2,28,0.724763035774231,0.6428571343421936
l_curve_2,29,0.7181864976882935,0.6607142686843872
l_curve_2,30,0.7119120359420776,0.6607142686843872
l_curve_2,31,0.7058248519897461,0.6607142686843872
l_curve_2,32,0.6999102830886841,0.6607142686843872
l_curve_2,33,0.6942084431648254,0.6607142686843872
l_curve_2,34,0.6886973977088928,0.6785714030265808
l_curve_2,35,0.6833327412605286,0.6785714030265808
l_curve_2,36,0.6781497597694397,0.6785714030265808
l_curve_2,37,0.6731472015380859,0.6785714030265808
l_curve_2,38,0.6681844592094421,0.6785714030265808
l_curve_2,39,0.6634865999221802,0.6964285969734192
l_curve_2,40,0.6587966084480286,0.6964285969734192
l_curve_2,41,0.6542806029319763,0.6964285969734192
l_curve_2,42,0.6497796177864075,0.7142857313156128
l_curve_2,43,0.6453876495361328,0.6964285969734192
l_curve_2,44,0.6411178708076477,0.6964285969734192
l_curve_2,45,0.6369010210037231,0.7142857313156128
l_curve_2,46,0.6327731013298035,0.6964285969734192
l_curve_2,47,0.6287516355514526,0.6964285969734192
l_curve_2,48,0.6247662305831909,0.6964285969734192
l_curve_2,49,0.6208259463310242,0.6607142686843872
l_curve_2,50,0.6169185638427734,0.6428571343421936
l_curve_2,51,0.6130966544151306,0.6428571343421936
l_curve_2,52,0.6092787981033325,0.6428571343421936
l_curve_2,53,0.6054674983024597,0.6428571343421936
l_curve_2,54,0.6018603444099426,0.6607142686843872
l_curve_2,55,0.5981773734092712,0.6607142686843872
l_curve_2,56,0.594655454158783,0.6607142686843872
l_curve_2,57,0.5909567475318909,0.6607142686843872
l_curve_2,58,0.5874043703079224,0.6607142686843872
l_curve_2,59,0.5839699506759644,0.6607142686843872
l_curve_2,60,0.5806509852409363,0.6607142686843872
l_curve_2,61,0.5771458745002747,0.6607142686843872
l_curve_2,62,0.5738213658332825,0.6785714030265808
l_curve_2,63,0.5704521536827087,0.7142857313156128
l_curve_2,64,0.5671654939651489,0.7142857313156128
l_curve_2,65,0.5640520453453064,0.7142857313156128
l_curve_2,66,0.5609602928161621,0.7142857313156128
l_curve_2,67,0.557686984539032,0.7142857313156128
l_curve_2,68,0.5544702410697937,0.7142857313156128
l_curve_2,69,0.5513144135475159,0.6964285969734192
l_curve_2,70,0.5481884479522705,0.6964285969734192
l_curve_2,71,0.54521644115448,0.6964285969734192
l_curve_2,72,0.5422266721725464,0.6964285969734192
l_curve_2,73,0.539269208908081,0.6964285969734192
l_curve_2,74,0.5362414121627808,0.6964285969734192
l_curve_2,75,0.533400297164917,0.6964285969734192
l_curve_2,76,0.5304871797561646,0.6964285969734192
l_curve_2,77,0.5275714993476868,0.6964285969734192
l_curve_2,78,0.5247570872306824,0.6964285969734192
l_curve_2,79,0.5219987034797668,0.6964285969734192
l_curve_2,80,0.5192232728004456,0.6964285969734192
l_curve_2,81,0.5165175199508667,0.6964285969734192
l_curve_2,82,0.5139510631561279,0.6964285969734192
l_curve_2,83,0.5111650824546814,0.7142857313156128
l_curve_2,84,0.5085652470588684,0.7321428656578064
l_curve_2,85,0.5059007406234741,0.7321428656578064
l_curve_2,86,0.5033659338951111,0.7321428656578064
l_curve_2,87,0.5007830262184143,0.7321428656578064
l_curve_2,88,0.4982069432735443,0.7321428656578064
l_curve_2,89,0.4956413805484772,0.7321428656578064
l_curve_2,90,0.4931791424751282,0.7321428656578064
l_curve_2,91,0.49076753854751587,0.7321428656578064
l_curve_2,92,0.4883400499820709,0.7321428656578064
l_curve_2,93,0.48598170280456543,0.7321428656578064
l_curve_2,94,0.4835595488548279,0.7321428656578064
l_curve_2,95,0.48128989338874817,0.7321428656578064
l_curve_2,96,0.47897830605506897,0.7321428656578064
l_curve_2,97,0.4767090976238251,0.7321428656578064
l_curve_2,98,0.4744274914264679,0.7321428656578064
l_curve_2,99,0.4720209538936615,0.7321428656578064
l_curve_2,100,0.4699290096759796,0.75
l_curve_2,101,0.4676845371723175,0.75
l_curve_2,102,0.4655187129974365,0.75
l_curve_2,103,0.4634180963039398,0.75
l_curve_2,104,0.4613390564918518,0.75
l_curve_2,105,0.45927196741104126,0.7857142686843872
l_curve_2,106,0.45723143219947815,0.7857142686843872
l_curve_2,107,0.45522305369377136,0.8035714030265808
l_curve_2,108,0.45310232043266296,0.8035714030265808
l_curve_2,109,0.4510129392147064,0.8035714030265808
l_curve_2,110,0.4490431249141693,0.8035714030265808
l_curve_2,111,0.44705501198768616,0.8035714030265808
l_curve_2,112,0.44513601064682007,0.8035714030265808
l_curve_2,113,0.4431489109992981,0.8035714030265808
l_curve_2,114,0.44119909405708313,0.8035714030265808
l_curve_2,115,0.4394289553165436,0.8035714030265808
l_curve_2,116,0.4375384747982025,0.8035714030265808
l_curve_2,117,0.4357251524925232,0.8035714030265808
l_curve_2,118,0.4338889718055725,0.8035714030265808
l_curve_2,119,0.4321284890174866,0.8035714030265808
l_curve_2,120,0.4302312433719635,0.8035714030265808
l_curve_2,121,0.4284168779850006,0.8035714030265808
l_curve_2,122,0.42663952708244324,0.8035714030265808
l_curve_2,123,0.4249715507030487,0.8035714030265808
l_curve_2,124,0.4233047664165497,0.8035714030265808
l_curve_2,125,0.4216468632221222,0.8035714030265808
l_curve_2,126,0.4199438691139221,0.8035714030265808
l_curve_2,127,0.4182882606983185,0.8035714030265808
l_curve_2,128,0.4165479242801666,0.8035714030265808
l_curve_2,129,0.4148868918418884,0.8035714030265808
l_curve_2,130,0.4132796823978424,0.8035714030265808
l_curve_2,131,0.4116051495075226,0.8035714030265808
l_curve_2,132,0.4100259840488434,0.8214285969734192
l_curve_2,133,0.4085896611213684,0.8214285969734192
l_curve_2,134,0.4070837199687958,0.8214285969734192
l_curve_2,135,0.40561607480049133,0.8214285969734192
l_curve_2,136,0.404110848903656,0.8214285969734192
l_curve_2,137,0.40260156989097595,0.8214285969734192
l_curve_2,138,0.4011988639831543,0.8214285969734192
l_curve_2,139,0.3997880518436432,0.8214285969734192
l_curve_2,140,0.39821767807006836,0.8214285969734192
l_curve_2,141,0.3967597186565399,0.8214285969734192
l_curve_2,142,0.39533087611198425,0.8214285969734192
l_curve_2,143,0.3940139412879944,0.8214285969734192
l_curve_2,144,0.3926766812801361,0.8214285969734192
l_curve_2,145,0.3913354277610779,0.8214285969734192
l_curve_2,146,0.3900114893913269,0.8214285969734192
l_curve_2,147,0.38872936367988586,0.8214285969734192
l_curve_2,148,0.3874351680278778,0.8214285969734192
l_curve_2,149,0.38628801703453064,0.8214285969734192
l_curve_2,150,0.3849313259124756,0.8214285969734192
l_curve_2,151,0.3836952745914459,0.8214285969734192
l_curve_2,152,0.3825319707393646,0.8214285969734192
l_curve_2,153,0.38128918409347534,0.8214285969734192
l_curve_2,154,0.38004112243652344,0.8214285969734192
l_curve_2,155,0.37884026765823364,0.8214285969734192
l_curve_2,156,0.37762194871902466,0.8214285969734192
l_curve_2,157,0.37657397985458374,0.8214285969734192
l_curve_2,158,0.3755539357662201,0.8214285969734192
l_curve_2,159,0.3744031488895416,0.8214285969734192
l_curve_2,160,0.3733900487422943,0.8214285969734192
l_curve_2,161,0.3722962439060211,0.8214285969734192
l_curve_2,162,0.37120601534843445,0.8214285969734192
l_curve_2,163,0.37024927139282227,0.8214285969734192
l_curve_2,164,0.369213730096817,0.8214285969734192
l_curve_2,165,0.3681541085243225,0.8214285969734192
l_curve_2,166,0.3670673370361328,0.8214285969734192
l_curve_2,167,0.3662228286266327,0.8214285969734192
l_curve_2,168,0.3653407394886017,0.8214285969734192
l_curve_2,169,0.3643820583820343,0.8214285969734192
l_curve_2,170,0.36347490549087524,0.8214285969734192
l_curve_2,171,0.3626231849193573,0.8214285969734192
l_curve_2,172,0.36164799332618713,0.8214285969734192
l_curve_2,173,0.3608725965023041,0.8214285969734192
l_curve_2,174,0.3601290285587311,0.8214285969734192
l_curve_2,175,0.35935279726982117,0.8214285969734192
l_curve_2,176,0.3585388958454132,0.8214285969734192
l_curve_2,177,0.35769933462142944,0.8214285969734192
l_curve_2,178,0.35702043771743774,0.8214285969734192
l_curve_2,179,0.356353223323822,0.8214285969734192
l_curve_2,180,0.3555257022380829,0.8214285969734192
l_curve_2,181,0.3548009693622589,0.8214285969734192
l_curve_2,182,0.3540341556072235,0.8214285969734192
l_curve_2,183,0.35331106185913086,0.8214285969734192
l_curve_2,184,0.35266202688217163,0.8214285969734192
l_curve_2,185,0.35207027196884155,0.8392857313156128
l_curve_2,186,0.351359099149704,0.8392857313156128
l_curve_2,187,0.3507741391658783,0.8392857313156128
l_curve_2,188,0.3501751720905304,0.8392857313156128
l_curve_2,189,0.349529504776001,0.8392857313156128
l_curve_2,190,0.34903329610824585,0.8392857313156128
l_curve_2,191,0.34850841760635376,0.8392857313156128
l_curve_2,192,0.3478144109249115,0.8392857313156128
l_curve_2,193,0.34725216031074524,0.8392857313156128
l_curve_2,194,0.3468044400215149,0.8392857313156128
l_curve_2,195,0.3463134765625,0.8392857313156128
l_curve_2,196,0.34574440121650696,0.8392857313156128
l_curve_2,197,0.345408171415329,0.8392857313156128
l_curve_2,198,0.34483638405799866,0.8392857313156128
l_curve_2,199,0.3443254828453064,0.8392857313156128
l_curve_2,200,0.34386321902275085,0.8392857313156128
l_curve_2,201,0.34332916140556335,0.8392857313156128
l_curve_2,202,0.3429446220397949,0.8392857313156128
l_curve_2,203,0.34261029958724976,0.8392857313156128
l_curve_2,204,0.3422096073627472,0.8392857313156128
l_curve_2,205,0.34189000725746155,0.8392857313156128
l_curve_2,206,0.34133297204971313,0.8392857313156128
l_curve_2,207,0.3408905863761902,0.8392857313156128
l_curve_2,208,0.3406408131122589,0.8392857313156128
l_curve_2,209,0.3402870297431946,0.8392857313156128
l_curve_2,210,0.339963436126709,0.8392857313156128
l_curve_2,211,0.33968585729599,0.8392857313156128
l_curve_2,212,0.33935025334358215,0.8392857313156128
l_curve_2,213,0.33909204602241516,0.8392857313156128
l_curve_2,214,0.33873942494392395,0.8392857313156128
l_curve_2,215,0.33837053179740906,0.8392857313156128
l_curve_2,216,0.3379652500152588,0.8392857313156128
l_curve_2,217,0.33772197365760803,0.8392857313156128
l_curve_2,218,0.3374348282814026,0.8392857313156128
l_curve_2,219,0.33734866976737976,0.8392857313156128
l_curve_2,220,0.337005078792572,0.8392857313156128
l_curve_2,221,0.33671945333480835,0.8392857313156128
l_curve_2,222,0.33649942278862,0.8392857313156128
l_curve_2,223,0.3362256586551666,0.8392857313156128
l_curve_2,224,0.33601897954940796,0.8392857313156128
l_curve_2,225,0.33586135506629944,0.8392857313156128
l_curve_2,226,0.33558812737464905,0.8392857313156128
l_curve_2,227,0.3353564441204071,0.8392857313156128
l_curve_2,228,0.33515840768814087,0.8392857313156128
l_curve_2,229,0.33502015471458435,0.8392857313156128
l_curve_2,230,0.33478525280952454,0.8392857313156128
l_curve_2,231,0.33459600806236267,0.8392857313156128
l_curve_2,232,0.33446088433265686,0.8392857313156128
l_curve_2,233,0.3343498408794403,0.8392857313156128
l_curve_2,234,0.33418360352516174,0.8392857313156128
l_curve_2,235,0.33387988805770874,0.8214285969734192
l_curve_2,236,0.3336946964263916,0.8214285969734192
l_curve_2,237,0.33350569009780884,0.8214285969734192
l_curve_2,238,0.3333897590637207,0.8214285969734192
l_curve_2,239,0.3332531452178955,0.8214285969734192
l_curve_2,240,0.3331224024295807,0.8392857313156128
l_curve_2,241,0.33296656608581543,0.8392857313156128
l_curve_2,242,0.3328157067298889,0.8392857313156128
l_curve_2,243,0.3327074646949768,0.8392857313156128
l_curve_2,244,0.3326352536678314,0.8392857313156128
l_curve_2,245,0.33249568939208984,0.8392857313156128
l_curve_2,246,0.33244433999061584,0.8392857313156128
l_curve_2,247,0.33233508467674255,0.8392857313156128
l_curve_2,248,0.3321079611778259,0.8392857313156128
l_curve_2,249,0.33206647634506226,0.8392857313156128
l_curve_2,250,0.3319525122642517,0.8392857313156128
l_curve_2,251,0.33187389373779297,0.8392857313156128
l_curve_2,252,0.3317054212093353,0.8392857313156128
l_curve_2,253,0.33159351348876953,0.8392857313156128
l_curve_2,254,0.3315591812133789,0.8392857313156128
l_curve_2,255,0.33160263299942017,0.8571428656578064
l_curve_2,256,0.3313654065132141,0.8571428656578064
l_curve_2,257,0.33133989572525024,0.8571428656578064
l_curve_2,258,0.3312700092792511,0.8571428656578064
l_curve_2,259,0.3311615586280823,0.8571428656578064
l_curve_2,260,0.3312123715877533,0.8571428656578064
l_curve_2,261,0.3311476707458496,0.8571428656578064
l_curve_2,262,0.331240177154541,0.8571428656578064
l_curve_2,263,0.3312700092792511,0.8571428656578064
l_curve_2,264,0.3310273587703705,0.8571428656578064
l_curve_2,265,0.3310263752937317,0.8571428656578064
l_curve_2,266,0.3308003842830658,0.8571428656578064
l_curve_2,267,0.33080849051475525,0.8571428656578064
l_curve_2,268,0.33058691024780273,0.8571428656578064
l_curve_2,269,0.33056625723838806,0.8571428656578064
l_curve_2,270,0.33052858710289,0.8571428656578064
l_curve_2,271,0.3304310142993927,0.8571428656578064
l_curve_2,272,0.3304727375507355,0.8571428656578064
l_curve_2,273,0.3303321301937103,0.8571428656578064
l_curve_2,274,0.3303375840187073,0.8571428656578064
l_curve_2,275,0.3303527235984802,0.8571428656578064
l_curve_2,276,0.33027172088623047,0.8571428656578064
l_curve_2,277,0.3301681578159332,0.8571428656578064
l_curve_2,278,0.3301829397678375,0.8571428656578064
l_curve_2,279,0.3300560414791107,0.8571428656578064
l_curve_2,280,0.3299899697303772,0.8571428656578064
l_curve_2,281,0.3300090432167053,0.8571428656578064
l_curve_2,282,0.33003002405166626,0.8571428656578064
l_curve_2,283,0.3298148512840271,0.8571428656578064
l_curve_2,284,0.32972854375839233,0.8571428656578064
l_curve_2,285,0.3297390639781952,0.8571428656578064
l_curve_2,286,0.32973751425743103,0.8571428656578064
l_curve_2,287,0.32968810200691223,0.8571428656578064
l_curve_2,288,0.32963868975639343,0.8571428656578064
l_curve_2,289,0.32961612939834595,0.8571428656578064
l_curve_2,290,0.32971838116645813,0.8571428656578064
l_curve_2,291,0.32970231771469116,0.8571428656578064
l_curve_2,292,0.32961365580558777,0.8571428656578064
l_curve_2,293,0.3294028341770172,0.8571428656578064
l_curve_2,294,0.3295224606990814,0.8571428656578064
l_curve_2,295,0.329484224319458,0.8571428656578064
l_curve_2,296,0.3293837010860443,0.8571428656578064
l_curve_2,297,0.3293965756893158,0.8571428656578064
l_curve_2,298,0.329241544008255,0.8571428656578064
l_curve_2,299,0.3292352855205536,0.8571428656578064
l_curve_2,300,0.3294244706630707,0.8571428656578064
l_curve_2,301,0.3293398320674896,0.8571428656578064
l_curve_2,302,0.32933929562568665,0.8571428656578064
l_curve_2,303,0.32900092005729675,0.8571428656578064
l_curve_2,304,0.32906490564346313,0.8571428656578064
l_curve_2,305,0.32897162437438965,0.8571428656578064
l_curve_2,306,0.3290271759033203,0.8571428656578064
l_curve_2,307,0.32913145422935486,0.8571428656578064
l_curve_2,308,0.3289240896701813,0.8571428656578064
l_curve_2,309,0.3288986384868622,0.8571428656578064
l_curve_2,310,0.3288254141807556,0.8571428656578064
l_curve_2,311,0.3287930488586426,0.8571428656578064
l_curve_2,312,0.32875722646713257,0.8571428656578064
l_curve_2,313,0.328721821308136,0.8571428656578064
l_curve_2,314,0.32845258712768555,0.8571428656578064
l_curve_2,315,0.32842493057250977,0.8571428656578064
l_curve_2,316,0.32847097516059875,0.8571428656578064
l_curve_2,317,0.3283342719078064,0.8571428656578064
l_curve_2,318,0.32829031348228455,0.8571428656578064
l_curve_2,319,0.32834169268608093,0.8571428656578064
l_curve_2,320,0.32827022671699524,0.8571428656578064
l_curve_2,321,0.32823726534843445,0.8571428656578064
l_curve_2,322,0.32821041345596313,0.8571428656578064
l_curve_2,323,0.3282904028892517,0.8571428656578064
l_curve_2,324,0.32834696769714355,0.8571428656578064
l_curve_2,325,0.3280720114707947,0.8571428656578064
l_curve_2,326,0.32801008224487305,0.8571428656578064
l_curve_2,327,0.32795265316963196,0.8571428656578064
l_curve_2,328,0.32797935605049133,0.8571428656578064
l_curve_2,329,0.3279080390930176,0.8571428656578064
l_curve_2,330,0.3278961777687073,0.8571428656578064
l_curve_2,331,0.327629029750824,0.8571428656578064
l_curve_2,332,0.3276655972003937,0.8571428656578064
l_curve_2,333,0.32758745551109314,0.8571428656578064
l_curve_2,334,0.3275979161262512,0.8571428656578064
l_curve_2,335,0.3275895416736603,0.8571428656578064
l_curve_2,336,0.3273114562034607,0.8571428656578064
l_curve_2,337,0.3272223472595215,0.8571428656578064
l_curve_2,338,0.3271164298057556,0.8571428656578064
l_curve_2,339,0.32728904485702515,0.8571428656578064
l_curve_2,340,0.32716104388237,0.8571428656578064
l_curve_2,341,0.3271420896053314,0.8571428656578064
l_curve_2,342,0.3269900679588318,0.8571428656578064
l_curve_2,343,0.3270244896411896,0.8571428656578064
l_curve_2,344,0.3267344832420349,0.8571428656578064
l_curve_2,345,0.32662028074264526,0.8571428656578064
l_curve_2,346,0.32640933990478516,0.8571428656578064
l_curve_2,347,0.32625818252563477,0.8571428656578064
l_curve_2,348,0.3262615203857422,0.8571428656578064
l_curve_2,349,0.3262709975242615,0.8571428656578064
l_curve_2,350,0.32622358202934265,0.8571428656578064
l_curve_2,351,0.3260021209716797,0.8571428656578064
l_curve_2,352,0.32603007555007935,0.8571428656578064
l_curve_2,353,0.32606226205825806,0.8571428656578064
l_curve_2,354,0.3257468044757843,0.8571428656578064
l_curve_2,355,0.325649231672287,0.8571428656578064
l_curve_2,356,0.3255724012851715,0.8571428656578064
l_curve_2,357,0.3256203532218933,0.8571428656578064
l_curve_2,358,0.3254396617412567,0.8571428656578064
l_curve_2,359,0.32513228058815,0.8571428656578064
l_curve_2,360,0.325045108795166,0.8571428656578064
l_curve_2,361,0.3249616026878357,0.8571428656578064
l_curve_2,362,0.3249007761478424,0.8571428656578064
l_curve_2,363,0.3246641159057617,0.8571428656578064
l_curve_2,364,0.3244299590587616,0.8571428656578064
l_curve_2,365,0.32434698939323425,0.8571428656578064
l_curve_2,366,0.3242616355419159,0.8571428656578064
l_curve_2,367,0.3243183493614197,0.8571428656578064
l_curve_2,368,0.3242136836051941,0.8571428656578064
l_curve_2,369,0.32407432794570923,0.8571428656578064
l_curve_2,370,0.32409948110580444,0.875
l_curve_2,371,0.3238450884819031,0.875
l_curve_2,372,0.32371658086776733,0.875
l_curve_2,373,0.323547899723053,0.875
l_curve_2,374,0.3234681487083435,0.875
l_curve_2,375,0.3230140209197998,0.875
l_curve_2,376,0.322868674993515,0.875
l_curve_2,377,0.3228953182697296,0.875
l_curve_2,378,0.32268616557121277,0.875
l_curve_2,379,0.32268550992012024,0.875
l_curve_2,380,0.32251882553100586,0.875
l_curve_2,381,0.32229143381118774,0.875
l_curve_2,382,0.32205730676651,0.875
l_curve_2,383,0.3220842182636261,0.875
l_curve_2,384,0.32195302844047546,0.875
l_curve_2,385,0.3216961920261383,0.875
l_curve_2,386,0.321382999420166,0.875
l_curve_2,387,0.32124659419059753,0.875
l_curve_2,388,0.3211130201816559,0.875
l_curve_2,389,0.3207862079143524,0.875
l_curve_2,390,0.32062360644340515,0.875
l_curve_2,391,0.3206392824649811,0.875
l_curve_2,392,0.32047292590141296,0.875
l_curve_2,393,0.320281445980072,0.875
l_curve_2,394,0.3200864791870117,0.875
l_curve_2,395,0.3200001120567322,0.875
l_curve_2,396,0.31984397768974304,0.875
l_curve_2,397,0.3196067810058594,0.875
l_curve_2,398,0.3194366991519928,0.875
l_curve_2,399,0.31912490725517273,0.875
l_curve_2,400,0.3187214732170105,0.875
l_curve_2,401,0.3184528350830078,0.875
l_curve_2,402,0.3182671368122101,0.875
l_curve_2,403,0.31817102432250977,0.875
l_curve_2,404,0.3180462718009949,0.875
l_curve_2,405,0.31794819235801697,0.875
l_curve_2,406,0.31783527135849,0.875
l_curve_2,407,0.31751009821891785,0.875
l_curve_2,408,0.3170706331729889,0.875
l_curve_2,409,0.31666305661201477,0.875
l_curve_2,410,0.3167397081851959,0.875
l_curve_2,411,0.3164041340351105,0.875
l_curve_2,412,0.31615400314331055,0.875
l_curve_2,413,0.31620344519615173,0.875
l_curve_2,414,0.31597617268562317,0.875
l_curve_2,415,0.3159065842628479,0.875
l_curve_2,416,0.3155796527862549,0.875
l_curve_2,417,0.3150634765625,0.875
l_curve_2,418,0.31494516134262085,0.875
l_curve_2,419,0.31479713320732117,0.8928571343421936
l_curve_2,420,0.3145241141319275,0.8928571343421936
l_curve_2,421,0.3142566978931427,0.8928571343421936
l_curve_2,422,0.3140299618244171,0.8928571343421936
l_curve_2,423,0.3137359023094177,0.8928571343421936
l_curve_2,424,0.3135592043399811,0.8928571343421936
l_curve_2,425,0.3132867217063904,0.8928571343421936
l_curve_2,426,0.31311121582984924,0.8928571343421936
l_curve_2,427,0.31276124715805054,0.8928571343421936
l_curve_2,428,0.3125596046447754,0.8928571343421936
l_curve_2,429,0.31223610043525696,0.8928571343421936
l_curve_2,430,0.3121032416820526,0.8928571343421936
l_curve_2,431,0.31197309494018555,0.8928571343421936
l_curve_2,432,0.31156283617019653,0.8928571343421936
l_curve_2,433,0.31131410598754883,0.8928571343421936
l_curve_2,434,0.31107082962989807,0.8928571343421936
l_curve_2,435,0.310959130525589,0.8928571343421936
l_curve_2,436,0.31053999066352844,0.8928571343421936
l_curve_2,437,0.31011930108070374,0.8928571343421936
l_curve_2,438,0.30991801619529724,0.8928571343421936
l_curve_2,439,0.3097189962863922,0.8928571343421936
l_curve_2,440,0.3095800578594208,0.8928571343421936
l_curve_2,441,0.3093976080417633,0.8928571343421936
l_curve_2,442,0.3089565336704254,0.8928571343421936
l_curve_2,443,0.3085944354534149,0.8928571343421936
l_curve_2,444,0.30848100781440735,0.8928571343421936
l_curve_2,445,0.30823567509651184,0.8928571343421936
l_curve_2,446,0.3079765737056732,0.8928571343421936
l_curve_2,447,0.30771753191947937,0.8928571343421936
l_curve_2,448,0.30745363235473633,0.8928571343421936
l_curve_2,449,0.30713966488838196,0.8928571343421936
l_curve_2,450,0.30699220299720764,0.8928571343421936
l_curve_2,451,0.30673322081565857,0.8928571343421936
l_curve_2,452,0.30667978525161743,0.8928571343421936
l_curve_2,453,0.3063291609287262,0.8928571343421936
l_curve_2,454,0.3057170510292053,0.8928571343421936
l_curve_2,455,0.30555909872055054,0.8928571343421936
l_curve_2,456,0.3053312599658966,0.8928571343421936
l_curve_2,457,0.305141419172287,0.8928571343421936
l_curve_2,458,0.30506470799446106,0.8928571343421936
l_curve_2,459,0.3047211766242981,0.8928571343421936
l_curve_2,460,0.3043596148490906,0.8928571343421936
l_curve_2,461,0.3040456175804138,0.8928571343421936
l_curve_2,462,0.30372947454452515,0.8928571343421936
l_curve_2,463,0.30365386605262756,0.8928571343421936
l_curve_2,464,0.3033132553100586,0.8928571343421936
l_curve_2,465,0.303048700094223,0.8928571343421936
l_curve_2,466,0.3025814890861511,0.8928571343421936
l_curve_2,467,0.3024081289768219,0.8928571343421936
l_curve_2,468,0.3021790087223053,0.8928571343421936
l_curve_2,469,0.30171728134155273,0.8928571343421936
l_curve_2,470,0.30140262842178345,0.8928571343421936
l_curve_2,471,0.3012600541114807,0.8928571343421936
l_curve_2,472,0.30094796419143677,0.8928571343421936
l_curve_2,473,0.300459623336792,0.8928571343421936
l_curve_2,474,0.299947053194046,0.8928571343421936
l_curve_2,475,0.29985740780830383,0.8928571343421936
l_curve_2,476,0.29964759945869446,0.8928571343421936
l_curve_2,477,0.2997652590274811,0.8928571343421936
l_curve_2,478,0.29951539635658264,0.8928571343421936
l_curve_2,479,0.2996092140674591,0.8928571343421936
l_curve_2,480,0.2992270886898041,0.8928571343421936
l_curve_2,481,0.2986472547054291,0.8928571343421936
l_curve_2,482,0.2982198894023895,0.8928571343421936
l_curve_2,483,0.29799598455429077,0.8928571343421936
l_curve_2,484,0.29745718836784363,0.8928571343421936
l_curve_2,485,0.29725900292396545,0.8928571343421936
l_curve_2,486,0.2970362603664398,0.8928571343421936
l_curve_2,487,0.2968350350856781,0.8928571343421936
l_curve_2,488,0.2963595986366272,0.8928571343421936
l_curve_2,489,0.29623088240623474,0.8928571343421936
l_curve_2,490,0.29594331979751587,0.8928571343421936
l_curve_2,491,0.29581594467163086,0.8928571343421936
l_curve_2,492,0.29546913504600525,0.8928571343421936
l_curve_2,493,0.2951713502407074,0.8928571343421936
l_curve_2,494,0.2949889302253723,0.8928571343421936
l_curve_2,495,0.29460376501083374,0.8928571343421936
l_curve_2,496,0.29410430788993835,0.8928571343421936
l_curve_2,497,0.2939901351928711,0.8928571343421936
l_curve_2,498,0.29376959800720215,0.8928571343421936
l_curve_2,499,0.29372096061706543,0.8928571343421936
l_curve_2,500,0.2933686673641205,0.8928571343421936
l_curve_2,501,0.29301324486732483,0.8928571343421936
l_curve_2,502,0.29273226857185364,0.8928571343421936
l_curve_2,503,0.2922760546207428,0.8928571343421936
l_curve_2,504,0.29210034012794495,0.8928571343421936
l_curve_2,505,0.29178211092948914,0.8928571343421936
l_curve_2,506,0.291308730840683,0.8928571343421936
l_curve_2,507,0.2909491956233978,0.8928571343421936
l_curve_2,508,0.2909664809703827,0.8928571343421936
l_curve_2,509,0.2907229959964752,0.8928571343421936
l_curve_2,510,0.2904588580131531,0.8928571343421936
l_curve_2,511,0.29008063673973083,0.8928571343421936
l_curve_2,512,0.2897178530693054,0.8928571343421936
l_curve_2,513,0.28949570655822754,0.8928571343421936
l_curve_2,514,0.28917932510375977,0.8928571343421936
l_curve_2,515,0.2887859344482422,0.8928571343421936
l_curve_2,516,0.2886485159397125,0.8928571343421936
l_curve_2,517,0.2885429561138153,0.8928571343421936
l_curve_2,518,0.2882396876811981,0.8928571343421936
l_curve_2,519,0.2877994179725647,0.8928571343421936
l_curve_2,520,0.2875697910785675,0.8928571343421936
l_curve_2,521,0.2873733341693878,0.8928571343421936
l_curve_2,522,0.28734204173088074,0.8928571343421936
l_curve_2,523,0.2870062291622162,0.8928571343421936
l_curve_2,524,0.2866019904613495,0.8928571343421936
l_curve_2,525,0.2861630320549011,0.8928571343421936
l_curve_2,526,0.2858578562736511,0.8928571343421936
l_curve_2,527,0.285417765378952,0.8928571343421936
l_curve_2,528,0.2852057218551636,0.8928571343421936
l_curve_2,529,0.2849155068397522,0.8928571343421936
l_curve_2,530,0.2847127914428711,0.8928571343421936
l_curve_2,531,0.2843753397464752,0.8928571343421936
l_curve_2,532,0.28390416502952576,0.8928571343421936
l_curve_2,533,0.2837992310523987,0.8928571343421936
l_curve_2,534,0.28337910771369934,0.8928571343421936
l_curve_2,535,0.28309231996536255,0.8928571343421936
l_curve_2,536,0.2827703356742859,0.8928571343421936
l_curve_2,537,0.2826540172100067,0.8928571343421936
l_curve_2,538,0.28251782059669495,0.8928571343421936
l_curve_2,539,0.28219833970069885,0.8928571343421936
l_curve_2,540,0.28203052282333374,0.8928571343421936
l_curve_2,541,0.28181931376457214,0.8928571343421936
l_curve_2,542,0.2813134491443634,0.8928571343421936
l_curve_2,543,0.28077808022499084,0.8928571343421936
l_curve_2,544,0.280559778213501,0.8928571343421936
l_curve_2,545,0.2801610827445984,0.8928571343421936
l_curve_2,546,0.2798827886581421,0.8928571343421936
l_curve_2,547,0.2796971797943115,0.8928571343421936
l_curve_2,548,0.27939000725746155,0.8928571343421936
l_curve_2,549,0.27910202741622925,0.8928571343421936
l_curve_2,550,0.2788711488246918,0.8928571343421936
l_curve_2,551,0.27865272760391235,0.8928571343421936
l_curve_2,552,0.2782582640647888,0.8928571343421936
l_curve_2,553,0.27799156308174133,0.8928571343421936
l_curve_2,554,0.2775214910507202,0.8928571343421936
l_curve_2,555,0.27724793553352356,0.8928571343421936
l_curve_2,556,0.2766978144645691,0.8928571343421936
l_curve_2,557,0.2764376997947693,0.8928571343421936
l_curve_2,558,0.2761884033679962,0.8928571343421936
l_curve_2,559,0.2760542035102844,0.8928571343421936
l_curve_2,560,0.2758149206638336,0.8928571343421936
l_curve_2,561,0.2756022810935974,0.8928571343421936
l_curve_2,562,0.27523818612098694,0.8928571343421936
l_curve_2,563,0.27505970001220703,0.8928571343421936
l_curve_2,564,0.27479439973831177,0.8928571343421936
l_curve_2,565,0.2743973135948181,0.8928571343421936
l_curve_2,566,0.2740848660469055,0.8928571343421936
l_curve_2,567,0.2735786736011505,0.8928571343421936
l_curve_2,568,0.27301979064941406,0.8928571343421936
l_curve_2,569,0.27270209789276123,0.8928571343421936
l_curve_2,570,0.272310346364975,0.8928571343421936
l_curve_2,571,0.27243179082870483,0.8928571343421936
l_curve_2,572,0.2722227871417999,0.8928571343421936
l_curve_2,573,0.2718249261379242,0.8928571343421936
l_curve_2,574,0.2714688181877136,0.8928571343421936
l_curve_2,575,0.2707856595516205,0.8928571343421936
l_curve_2,576,0.27082231640815735,0.8928571343421936
l_curve_2,577,0.2708114683628082,0.8928571343421936
l_curve_2,578,0.2704504132270813,0.8928571343421936
l_curve_2,579,0.26976078748703003,0.8928571343421936
l_curve_2,580,0.2697291076183319,0.8928571343421936
l_curve_2,581,0.2691871225833893,0.8928571343421936
l_curve_2,582,0.2689777910709381,0.8928571343421936
l_curve_2,583,0.2686505913734436,0.8928571343421936
l_curve_2,584,0.2682853043079376,0.8928571343421936
l_curve_2,585,0.2675032317638397,0.8928571343421936
l_curve_2,586,0.2673632502555847,0.8928571343421936
l_curve_2,587,0.2669723927974701,0.8928571343421936
l_curve_2,588,0.26666179299354553,0.8928571343421936
l_curve_2,589,0.26633420586586,0.8928571343421936
l_curve_2,590,0.26602455973625183,0.8928571343421936
l_curve_2,591,0.26567310094833374,0.8928571343421936
l_curve_2,592,0.2655327022075653,0.8928571343421936
l_curve_2,593,0.2654392421245575,0.8928571343421936
l_curve_2,594,0.26501893997192383,0.8928571343421936
l_curve_2,595,0.2647767663002014,0.8928571343421936
l_curve_2,596,0.2645173668861389,0.8928571343421936
l_curve_2,597,0.2640140950679779,0.8928571343421936
l_curve_2,598,0.26375359296798706,0.8928571343421936
l_curve_2,599,0.26329779624938965,0.8928571343421936
l_curve_2,600,0.2629317343235016,0.8928571343421936
l_curve_2,601,0.26269957423210144,0.8928571343421936
l_curve_2,602,0.2622656524181366,0.8928571343421936
l_curve_2,603,0.26192334294319153,0.8928571343421936
l_curve_2,604,0.2616652846336365,0.8928571343421936
l_curve_2,605,0.2611975371837616,0.8928571343421936
l_curve_2,606,0.2608618438243866,0.8928571343421936
l_curve_2,607,0.2604515254497528,0.8928571343421936
l_curve_2,608,0.26031574606895447,0.8928571343421936
l_curve_2,609,0.25981876254081726,0.8928571343421936
l_curve_2,610,0.2596794068813324,0.8928571343421936
l_curve_2,611,0.25924989581108093,0.8928571343421936
l_curve_2,612,0.25865140557289124,0.8928571343421936
l_curve_2,613,0.25856783986091614,0.8928571343421936
l_curve_2,614,0.2580636143684387,0.8928571343421936
l_curve_2,615,0.25763967633247375,0.8928571343421936
l_curve_2,616,0.25745871663093567,0.8928571343421936
l_curve_2,617,0.25707146525382996,0.8928571343421936
l_curve_2,618,0.25678369402885437,0.8928571343421936
l_curve_2,619,0.2564251720905304,0.8928571343421936
l_curve_2,620,0.2559833824634552,0.8928571343421936
l_curve_2,621,0.2555766701698303,0.8928571343421936
l_curve_2,622,0.25523895025253296,0.8928571343421936
l_curve_2,623,0.25499239563941956,0.8928571343421936
l_curve_2,624,0.254448801279068,0.8928571343421936
l_curve_2,625,0.2543960511684418,0.8928571343421936
l_curve_2,626,0.25401100516319275,0.8928571343421936
l_curve_2,627,0.2537333369255066,0.8928571343421936
l_curve_2,628,0.2533870041370392,0.8928571343421936
l_curve_2,629,0.25331348180770874,0.8928571343421936
l_curve_2,630,0.252470999956131,0.8928571343421936
l_curve_2,631,0.25186440348625183,0.8928571343421936
l_curve_2,632,0.2516714334487915,0.8928571343421936
l_curve_2,633,0.25147777795791626,0.8928571343421936
l_curve_2,634,0.2512200176715851,0.8928571343421936
l_curve_2,635,0.2507144510746002,0.8928571343421936
l_curve_2,636,0.2502836287021637,0.8928571343421936
l_curve_2,637,0.2497703731060028,0.8928571343421936
l_curve_2,638,0.2495591938495636,0.8928571343421936
l_curve_2,639,0.24915632605552673,0.8928571343421936
l_curve_2,640,0.2489355355501175,0.8928571343421936
l_curve_2,641,0.24861428141593933,0.8928571343421936
l_curve_2,642,0.24820420145988464,0.8928571343421936
l_curve_2,643,0.24779112637043,0.8928571343421936
l_curve_2,644,0.24732694029808044,0.8928571343421936
l_curve_2,645,0.24696575105190277,0.8928571343421936
l_curve_2,646,0.24664367735385895,0.8928571343421936
l_curve_2,647,0.24648740887641907,0.8928571343421936
l_curve_2,648,0.24602116644382477,0.8928571343421936
l_curve_2,649,0.24578134715557098,0.8928571343421936
l_curve_2,650,0.24518918991088867,0.8928571343421936
l_curve_2,651,0.2446517050266266,0.8928571343421936
l_curve_2,652,0.24431920051574707,0.8928571343421936
l_curve_2,653,0.2439451515674591,0.8928571343421936
l_curve_2,654,0.2434440404176712,0.8928571343421936
l_curve_2,655,0.2431153804063797,0.8928571343421936
l_curve_2,656,0.24277620017528534,0.8928571343421936
l_curve_2,657,0.24263136088848114,0.8928571343421936
l_curve_2,658,0.24205808341503143,0.8928571343421936
l_curve_2,659,0.24162986874580383,0.8928571343421936
l_curve_2,660,0.24149343371391296,0.8928571343421936
l_curve_2,661,0.24085986614227295,0.8928571343421936
l_curve_2,662,0.24056172370910645,0.8928571343421936
l_curve_2,663,0.24028070271015167,0.8928571343421936
l_curve_2,664,0.23985859751701355,0.8928571343421936
l_curve_2,665,0.2394678294658661,0.8928571343421936
l_curve_2,666,0.23909328877925873,0.8928571343421936
l_curve_2,667,0.238666370511055,0.8928571343421936
l_curve_2,668,0.23863892257213593,0.8928571343421936
l_curve_2,669,0.2382320612668991,0.8928571343421936
l_curve_2,670,0.23772777616977692,0.8928571343421936
l_curve_2,671,0.237136572599411,0.8928571343421936
l_curve_2,672,0.23675690591335297,0.8928571343421936
l_curve_2,673,0.236304372549057,0.8928571343421936
l_curve_2,674,0.23608997464179993,0.8928571343421936
l_curve_2,675,0.2359098643064499,0.8928571343421936
l_curve_2,676,0.2354695349931717,0.8928571343421936
l_curve_2,677,0.23485814034938812,0.8928571343421936
l_curve_2,678,0.23456700146198273,0.8928571343421936
l_curve_2,679,0.23434968292713165,0.8928571343421936
l_curve_2,680,0.2338026911020279,0.8928571343421936
l_curve_2,681,0.2333494871854782,0.8928571343421936
l_curve_2,682,0.23287595808506012,0.8928571343421936
l_curve_2,683,0.23265011608600616,0.8928571343421936
l_curve_2,684,0.23208580911159515,0.8928571343421936
l_curve_2,685,0.2317117601633072,0.8928571343421936
l_curve_2,686,0.23119701445102692,0.8928571343421936
l_curve_2,687,0.23068606853485107,0.8928571343421936
l_curve_2,688,0.2303377240896225,0.8928571343421936
l_curve_2,689,0.23010563850402832,0.8928571343421936
l_curve_2,690,0.22947324812412262,0.8928571343421936
l_curve_2,691,0.22913403809070587,0.8928571343421936
l_curve_2,692,0.22882172465324402,0.8928571343421936
l_curve_2,693,0.22863368690013885,0.8928571343421936
l_curve_2,694,0.2281336784362793,0.8928571343421936
l_curve_2,695,0.22756953537464142,0.8928571343421936
l_curve_2,696,0.22742359340190887,0.8928571343421936
l_curve_2,697,0.22719871997833252,0.8928571343421936
l_curve_2,698,0.22667893767356873,0.8928571343421936
l_curve_2,699,0.22621102631092072,0.8928571343421936
l_curve_2,700,0.22554843127727509,0.8928571343421936
l_curve_2,701,0.22517672181129456,0.8928571343421936
l_curve_2,702,0.22490505874156952,0.8928571343421936
l_curve_2,703,0.22453700006008148,0.8928571343421936
l_curve_2,704,0.22417880594730377,0.8928571343421936
l_curve_2,705,0.22377191483974457,0.8928571343421936
l_curve_2,706,0.22329841554164886,0.8928571343421936
l_curve_2,707,0.22257478535175323,0.8928571343421936
l_curve_2,708,0.22212885320186615,0.8928571343421936
l_curve_2,709,0.2218257188796997,0.8928571343421936
l_curve_2,710,0.2214696854352951,0.8928571343421936
l_curve_2,711,0.2210761457681656,0.8928571343421936
l_curve_2,712,0.2209751307964325,0.8928571343421936
l_curve_2,713,0.220699280500412,0.8928571343421936
l_curve_2,714,0.2201346606016159,0.8928571343421936
l_curve_2,715,0.21976816654205322,0.8928571343421936
l_curve_2,716,0.21900197863578796,0.8928571343421936
l_curve_2,717,0.21839264035224915,0.8928571343421936
l_curve_2,718,0.21801337599754333,0.8928571343421936
l_curve_2,719,0.2175191342830658,0.8928571343421936
l_curve_2,720,0.21728630363941193,0.8928571343421936
l_curve_2,721,0.21692490577697754,0.8928571343421936
l_curve_2,722,0.21663115918636322,0.8928571343421936
l_curve_2,723,0.21626941859722137,0.8928571343421936
l_curve_2,724,0.21603241562843323,0.8928571343421936
l_curve_2,725,0.2152913510799408,0.8928571343421936
l_curve_2,726,0.21474556624889374,0.8928571343421936
l_curve_2,727,0.21431782841682434,0.8928571343421936
l_curve_2,728,0.21392658352851868,0.8928571343421936
l_curve_2,729,0.2133057415485382,0.8928571343421936
l_curve_2,730,0.21267297863960266,0.8928571343421936
l_curve_2,731,0.21236838400363922,0.8928571343421936
l_curve_2,732,0.21181485056877136,0.8928571343421936
l_curve_2,733,0.2114647775888443,0.8928571343421936
l_curve_2,734,0.21127210557460785,0.8928571343421936
l_curve_2,735,0.210654154419899,0.8928571343421936
l_curve_2,736,0.21022796630859375,0.8928571343421936
l_curve_2,737,0.20955102145671844,0.8928571343421936
l_curve_2,738,0.2093001753091812,0.8928571343421936
l_curve_2,739,0.20895500481128693,0.8928571343421936
l_curve_2,740,0.20834994316101074,0.8928571343421936
l_curve_2,741,0.20788609981536865,0.8928571343421936
l_curve_2,742,0.20747818052768707,0.8928571343421936
l_curve_2,743,0.20701415836811066,0.8928571343421936
l_curve_2,744,0.2066565752029419,0.8928571343421936
l_curve_2,745,0.20607849955558777,0.8928571343421936
l_curve_2,746,0.20566020905971527,0.8928571343421936
l_curve_2,747,0.20514348149299622,0.8928571343421936
l_curve_2,748,0.20429858565330505,0.8928571343421936
l_curve_2,749,0.20388151705265045,0.8928571343421936
l_curve_2,750,0.20365725457668304,0.8928571343421936
l_curve_2,751,0.20323188602924347,0.8928571343421936
l_curve_2,752,0.20262479782104492,0.8928571343421936
l_curve_2,753,0.20232483744621277,0.8928571343421936
l_curve_2,754,0.20166675746440887,0.8928571343421936
l_curve_2,755,0.20134469866752625,0.8928571343421936
l_curve_2,756,0.20112024247646332,0.8928571343421936
l_curve_2,757,0.20042307674884796,0.8928571343421936
l_curve_2,758,0.2000608593225479,0.8928571343421936
l_curve_2,759,0.19965746998786926,0.8928571343421936
l_curve_2,760,0.19912634789943695,0.8928571343421936
l_curve_2,761,0.19823887944221497,0.8928571343421936
l_curve_2,762,0.1974826157093048,0.8928571343421936
l_curve_2,763,0.19722618162631989,0.8928571343421936
l_curve_2,764,0.19712217152118683,0.8928571343421936
l_curve_2,765,0.19674837589263916,0.8928571343421936
l_curve_2,766,0.1963382512331009,0.8928571343421936
l_curve_2,767,0.19574086368083954,0.8928571343421936
l_curve_2,768,0.19507911801338196,0.8928571343421936
l_curve_2,769,0.19453313946723938,0.8928571343421936
l_curve_2,770,0.19419096410274506,0.8928571343421936
l_curve_2,771,0.1937665194272995,0.8928571343421936
l_curve_2,772,0.1933688074350357,0.8928571343421936
l_curve_2,773,0.1925795078277588,0.8928571343421936
l_curve_2,774,0.19239608943462372,0.8928571343421936
l_curve_2,775,0.1920013129711151,0.8928571343421936
l_curve_2,776,0.19139549136161804,0.8928571343421936
l_curve_2,777,0.1910797357559204,0.8928571343421936
l_curve_2,778,0.1909811645746231,0.8928571343421936
l_curve_2,779,0.19049715995788574,0.8928571343421936
l_curve_2,780,0.1899324655532837,0.8928571343421936
l_curve_2,781,0.18916627764701843,0.8928571343421936
l_curve_2,782,0.1886643022298813,0.8928571343421936
l_curve_2,783,0.18837864696979523,0.8928571343421936
l_curve_2,784,0.18776296079158783,0.8928571343421936
l_curve_2,785,0.18769611418247223,0.8928571343421936
l_curve_2,786,0.18713834881782532,0.8928571343421936
l_curve_2,787,0.18681199848651886,0.8928571343421936
l_curve_2,788,0.18633277714252472,0.8928571343421936
l_curve_2,789,0.18592345714569092,0.8928571343421936
l_curve_2,790,0.18552115559577942,0.8928571343421936
l_curve_2,791,0.18499542772769928,0.8928571343421936
l_curve_2,792,0.18444964289665222,0.8928571343421936
l_curve_2,793,0.18394991755485535,0.8928571343421936
l_curve_2,794,0.1834508180618286,0.8928571343421936
l_curve_2,795,0.18325698375701904,0.8928571343421936
l_curve_2,796,0.18265195190906525,0.8928571343421936
l_curve_2,797,0.18264250457286835,0.8928571343421936
l_curve_2,798,0.1823074370622635,0.8928571343421936
l_curve_2,799,0.18186762928962708,0.8928571343421936
l_curve_2,800,0.18139351904392242,0.8928571343421936
l_curve_2,801,0.18075768649578094,0.8928571343421936
l_curve_2,802,0.18056067824363708,0.8928571343421936
l_curve_2,803,0.18015742301940918,0.8928571343421936
l_curve_2,804,0.17951670289039612,0.8928571343421936
l_curve_2,805,0.17890754342079163,0.8928571343421936
l_curve_2,806,0.1785270869731903,0.8928571343421936
l_curve_2,807,0.1782766580581665,0.8928571343421936
l_curve_2,808,0.17803530395030975,0.8928571343421936
l_curve_2,809,0.17750847339630127,0.8928571343421936
l_curve_2,810,0.17711816728115082,0.8928571343421936
l_curve_2,811,0.17685630917549133,0.8928571343421936
l_curve_2,812,0.17635110020637512,0.8928571343421936
l_curve_2,813,0.175783172249794,0.8928571343421936
l_curve_2,814,0.1757790893316269,0.8928571343421936
l_curve_2,815,0.17527158558368683,0.8928571343421936
l_curve_2,816,0.17492440342903137,0.8928571343421936
l_curve_2,817,0.17443589866161346,0.8928571343421936
l_curve_2,818,0.17396748065948486,0.8928571343421936
l_curve_2,819,0.17352865636348724,0.8928571343421936
l_curve_2,820,0.17324411869049072,0.8928571343421936
l_curve_2,821,0.17269179224967957,0.8928571343421936
l_curve_2,822,0.1723291426897049,0.8928571343421936
l_curve_2,823,0.171864852309227,0.8928571343421936
l_curve_2,824,0.17163823544979095,0.8928571343421936
l_curve_2,825,0.17151693999767303,0.8928571343421936
l_curve_2,826,0.1710105687379837,0.8928571343421936
l_curve_2,827,0.17041584849357605,0.8928571343421936
l_curve_2,828,0.17034251987934113,0.8928571343421936
l_curve_2,829,0.17008031904697418,0.8928571343421936
l_curve_2,830,0.1696857213973999,0.8928571343421936
l_curve_2,831,0.1692478358745575,0.8928571343421936
l_curve_2,832,0.16877739131450653,0.8928571343421936
l_curve_2,833,0.16853325068950653,0.8928571343421936
l_curve_2,834,0.1681825816631317,0.8928571343421936
l_curve_2,835,0.1676165610551834,0.8928571343421936
l_curve_2,836,0.16704177856445312,0.8928571343421936
l_curve_2,837,0.16661521792411804,0.8928571343421936
l_curve_2,838,0.16643118858337402,0.8928571343421936
l_curve_2,839,0.16608355939388275,0.8928571343421936
l_curve_2,840,0.16568446159362793,0.8928571343421936
l_curve_2,841,0.1651889532804489,0.8928571343421936
l_curve_2,842,0.16502268612384796,0.8928571343421936
l_curve_2,843,0.16469040513038635,0.8928571343421936
l_curve_2,844,0.16444291174411774,0.8928571343421936
l_curve_2,845,0.16408297419548035,0.8928571343421936
l_curve_2,846,0.16374404728412628,0.8928571343421936
l_curve_2,847,0.16325797140598297,0.8928571343421936
l_curve_2,848,0.16295216977596283,0.8928571343421936
l_curve_2,849,0.1623469740152359,0.8928571343421936
l_curve_2,850,0.1620490849018097,0.8928571343421936
l_curve_2,851,0.161555677652359,0.8928571343421936
l_curve_2,852,0.16119226813316345,0.8928571343421936
l_curve_2,853,0.1608675718307495,0.8928571343421936
l_curve_2,854,0.16041241586208344,0.8928571343421936
l_curve_2,855,0.1602199822664261,0.8928571343421936
l_curve_2,856,0.16020630300045013,0.8928571343421936
l_curve_2,857,0.15975908935070038,0.8928571343421936
l_curve_2,858,0.15918384492397308,0.8928571343421936
l_curve_2,859,0.1587233543395996,0.8928571343421936
l_curve_2,860,0.1583743840456009,0.8928571343421936
l_curve_2,861,0.1581072062253952,0.8928571343421936
l_curve_2,862,0.15791194140911102,0.8928571343421936
l_curve_2,863,0.15764501690864563,0.8928571343421936
l_curve_2,864,0.15719929337501526,0.8928571343421936
l_curve_2,865,0.15703971683979034,0.8928571343421936
l_curve_2,866,0.15663082897663116,0.8928571343421936
l_curve_2,867,0.15605761110782623,0.8928571343421936
l_curve_2,868,0.15591613948345184,0.8928571343421936
l_curve_2,869,0.15534070134162903,0.8928571343421936
l_curve_2,870,0.15488079190254211,0.8928571343421936
l_curve_2,871,0.1545826643705368,0.8928571343421936
l_curve_2,872,0.15426777303218842,0.8928571343421936
l_curve_2,873,0.15378358960151672,0.8928571343421936
l_curve_2,874,0.15343990921974182,0.8928571343421936
l_curve_2,875,0.15345554053783417,0.8928571343421936
l_curve_2,876,0.15309034287929535,0.8928571343421936
l_curve_2,877,0.1528666764497757,0.8928571343421936
l_curve_2,878,0.15214408934116364,0.8928571343421936
l_curve_2,879,0.15158109366893768,0.8928571343421936
l_curve_2,880,0.15123899281024933,0.8928571343421936
l_curve_2,881,0.15100041031837463,0.8928571343421936
l_curve_2,882,0.150632843375206,0.8928571343421936
l_curve_2,883,0.1504795253276825,0.8928571343421936
l_curve_2,884,0.14992575347423553,0.8928571343421936
l_curve_2,885,0.14978383481502533,0.8928571343421936
l_curve_2,886,0.1498614102602005,0.8928571343421936
l_curve_2,887,0.1491885930299759,0.8928571343421936
l_curve_2,888,0.14879395067691803,0.9107142686843872
l_curve_2,889,0.1484760344028473,0.9107142686843872
l_curve_2,890,0.1480291187763214,0.9107142686843872
l_curve_2,891,0.14773641526699066,0.9107142686843872
l_curve_2,892,0.147601917386055,0.9107142686843872
l_curve_2,893,0.14707468450069427,0.9107142686843872
l_curve_2,894,0.14682504534721375,0.9107142686843872
l_curve_2,895,0.14649641513824463,0.9107142686843872
l_curve_2,896,0.14600762724876404,0.9107142686843872
l_curve_2,897,0.14590080082416534,0.9107142686843872
l_curve_2,898,0.14556704461574554,0.9107142686843872
l_curve_2,899,0.14536845684051514,0.9107142686843872
l_curve_2,900,0.14489425718784332,0.9107142686843872
l_curve_2,901,0.14475226402282715,0.9107142686843872
l_curve_2,902,0.14437757432460785,0.9107142686843872
l_curve_2,903,0.1440196931362152,0.9107142686843872
l_curve_2,904,0.14365877211093903,0.9107142686843872
l_curve_2,905,0.14336632192134857,0.9107142686843872
l_curve_2,906,0.1428574174642563,0.9107142686843872
l_curve_2,907,0.1423862874507904,0.9107142686843872
l_curve_2,908,0.14232325553894043,0.9107142686843872
l_curve_2,909,0.14190398156642914,0.9285714030265808
l_curve_2,910,0.14166362583637238,0.9285714030265808
l_curve_2,911,0.14140428602695465,0.9285714030265808
l_curve_2,912,0.1408827006816864,0.9285714030265808
l_curve_2,913,0.14047063887119293,0.9285714030265808
l_curve_2,914,0.1403021365404129,0.9285714030265808
l_curve_2,915,0.14000128209590912,0.9285714030265808
l_curve_2,916,0.13981972634792328,0.9285714030265808
l_curve_2,917,0.13948233425617218,0.9285714030265808
l_curve_2,918,0.13932237029075623,0.9285714030265808
l_curve_2,919,0.13899415731430054,0.9285714030265808
l_curve_2,920,0.13829240202903748,0.9464285969734192
l_curve_2,921,0.13802635669708252,0.9464285969734192
l_curve_2,922,0.13788583874702454,0.9464285969734192
l_curve_2,923,0.1377214789390564,0.9464285969734192
l_curve_2,924,0.1373380571603775,0.9464285969734192
l_curve_2,925,0.13683423399925232,0.9464285969734192
l_curve_2,926,0.1368170529603958,0.9464285969734192
l_curve_2,927,0.13628509640693665,0.9464285969734192
l_curve_2,928,0.1360996514558792,0.9464285969734192
l_curve_2,929,0.13583363592624664,0.9464285969734192
l_curve_2,930,0.13560305535793304,0.9464285969734192
l_curve_2,931,0.13503214716911316,0.9464285969734192
l_curve_2,932,0.13479235768318176,0.9464285969734192
l_curve_2,933,0.13458845019340515,0.9464285969734192
l_curve_2,934,0.13423395156860352,0.9464285969734192
l_curve_2,935,0.1341143101453781,0.9464285969734192
l_curve_2,936,0.13355325162410736,0.9464285969734192
l_curve_2,937,0.13318301737308502,0.9464285969734192
l_curve_2,938,0.13277149200439453,0.9464285969734192
l_curve_2,939,0.13271676003932953,0.9464285969734192
l_curve_2,940,0.13270528614521027,0.9464285969734192
l_curve_2,941,0.13216379284858704,0.9464285969734192
l_curve_2,942,0.13162373006343842,0.9464285969734192
l_curve_2,943,0.13133542239665985,0.9464285969734192
l_curve_2,944,0.13123337924480438,0.9464285969734192
l_curve_2,945,0.13102124631404877,0.9464285969734192
l_curve_2,946,0.13069301843643188,0.9464285969734192
l_curve_2,947,0.13024863600730896,0.9642857313156128
l_curve_2,948,0.1301751583814621,0.9464285969734192
l_curve_2,949,0.12985505163669586,0.9642857313156128
l_curve_2,950,0.1294250786304474,0.9642857313156128
l_curve_2,951,0.12901997566223145,0.9642857313156128
l_curve_2,952,0.12863896787166595,0.9642857313156128
l_curve_2,953,0.1283320188522339,0.9642857313156128
l_curve_2,954,0.12809859216213226,0.9642857313156128
l_curve_2,955,0.1280595362186432,0.9642857313156128
l_curve_2,956,0.1277466118335724,0.9642857313156128
l_curve_2,957,0.1275920569896698,0.9642857313156128
l_curve_2,958,0.12726470828056335,0.9642857313156128
l_curve_2,959,0.1269846260547638,0.9642857313156128
l_curve_2,960,0.12663771212100983,0.9642857313156128
l_curve_2,961,0.126257061958313,0.9642857313156128
l_curve_2,962,0.12589363753795624,0.9642857313156128
l_curve_2,963,0.1255282312631607,0.9642857313156128
l_curve_2,964,0.12528641521930695,0.9642857313156128
l_curve_2,965,0.1252058893442154,0.9642857313156128
l_curve_2,966,0.12481044977903366,0.9642857313156128
l_curve_2,967,0.12473773211240768,0.9642857313156128
l_curve_2,968,0.12431266158819199,0.9642857313156128
l_curve_2,969,0.12398821860551834,0.9642857313156128
l_curve_2,970,0.12384932488203049,0.9642857313156128
l_curve_2,971,0.12346018105745316,0.9642857313156128
l_curve_2,972,0.12311555445194244,0.9642857313156128
l_curve_2,973,0.12282010167837143,0.9642857313156128
l_curve_2,974,0.12276662141084671,0.9642857313156128
l_curve_2,975,0.12255438417196274,0.9642857313156128
l_curve_2,976,0.12220659106969833,0.9642857313156128
l_curve_2,977,0.12165749818086624,0.9642857313156128
l_curve_2,978,0.12129609286785126,0.9642857313156128
l_curve_2,979,0.12119762599468231,0.9642857313156128
l_curve_2,980,0.12114633619785309,0.9642857313156128
l_curve_2,981,0.12087394297122955,0.9642857313156128
l_curve_2,982,0.12053019553422928,0.9642857313156128
l_curve_2,983,0.12010659277439117,0.9642857313156128
l_curve_2,984,0.11991611868143082,0.9642857313156128
l_curve_2,985,0.11957042664289474,0.9642857313156128
l_curve_2,986,0.11924733221530914,0.9642857313156128
l_curve_2,987,0.1190851554274559,0.9642857313156128
l_curve_2,988,0.11894594132900238,0.9642857313156128
l_curve_2,989,0.1186196580529213,0.9642857313156128
l_curve_2,990,0.11838037520647049,0.9642857313156128
l_curve_2,991,0.11792506277561188,0.9642857313156128
l_curve_2,992,0.11755412071943283,0.9642857313156128
l_curve_2,993,0.11738546192646027,0.9642857313156128
l_curve_2,994,0.11714567989110947,0.9642857313156128
l_curve_2,995,0.116939015686512,0.9642857313156128
l_curve_2,996,0.11679761111736298,0.9642857313156128
l_curve_2,997,0.11648089438676834,0.9642857313156128
l_curve_2,998,0.11612260341644287,0.9642857313156128
l_curve_2,999,0.11591220647096634,0.9642857313156128
l_curve_2,1000,0.11557453125715256,0.9642857313156128
l_curve_2,1000,0.11557453125715256,0.9642857313156128
