client,round,loss,accuracy
l_curve_0,1,1.2634536027908325,0.4821428656578064
l_curve_0,2,1.2351802587509155,0.4821428656578064
l_curve_0,3,1.207445502281189,0.4821428656578064
l_curve_0,4,1.1804883480072021,0.4821428656578064
l_curve_0,5,1.1543399095535278,0.4821428656578064
l_curve_0,6,1.1295965909957886,0.4821428656578064
l_curve_0,7,1.105320692062378,0.4821428656578064
l_curve_0,8,1.0820410251617432,0.4821428656578064
l_curve_0,9,1.0591424703598022,0.4821428656578064
l_curve_0,10,1.0373612642288208,0.4821428656578064
l_curve_0,11,1.0164272785186768,0.4821428656578064
l_curve_0,12,0.9958181381225586,0.4821428656578064
l_curve_0,13,0.9760122299194336,0.4821428656578064
l_curve_0,14,0.9570704102516174,0.4821428656578064
l_curve_0,15,0.938544750213623,0.4821428656578064
l_curve_0,16,0.9208981394767761,0.4821428656578064
l_curve_0,17,0.9040103554725647,0.4821428656578064
l_curve_0,18,0.8878549933433533,0.4821428656578064
l_curve_0,19,0.8722570538520813,0.4821428656578064
l_curve_0,20,0.8570144772529602,0.4821428656578064
l_curve_0,21,0.842398464679718,0.4821428656578064
l_curve_0,22,0.8286100625991821,0.4821428656578064
l_curve_0,23,0.8150351643562317,0.4821428656578064
l_curve_0,24,0.8023241758346558,0.4821428656578064
l_curve_0,25,0.7900124788284302,0.4821428656578064
l_curve_0,26,0.7779985070228577,0.5178571343421936
l_curve_0,27,0.7665162682533264,0.5357142686843872
l_curve_0,28,0.7554198503494263,0.5357142686843872
l_curve_0,29,0.7448572516441345,0.5535714030265808
l_curve_0,30,0.7347206473350525,0.5535714030265808
l_curve_0,31,0.7250055074691772,0.5892857313156128
l_curve_0,32,0.7154389023780823,0.6071428656578064
l_curve_0,33,0.7063786387443542,0.6071428656578064
l_curve_0,34,0.6976129412651062,0.6071428656578064
l_curve_0,35,0.6891322731971741,0.625
l_curve_0,36,0.680905818939209,0.6428571343421936
l_curve_0,37,0.6731393933296204,0.6428571343421936
l_curve_0,38,0.6655178070068359,0.6607142686843872
l_curve_0,39,0.6580600738525391,0.6964285969734192
l_curve_0,40,0.6509777307510376,0.6964285969734192
l_curve_0,41,0.6440383195877075,0.7142857313156128
l_curve_0,42,0.6374026536941528,0.7321428656578064
l_curve_0,43,0.6309739947319031,0.7142857313156128
l_curve_0,44,0.6247469782829285,0.7142857313156128
l_curve_0,45,0.6186822056770325,0.6964285969734192
l_curve_0,46,0.6128024458885193,0.7142857313156128
l_curve_0,47,0.6071070432662964,0.7321428656578064
l_curve_0,48,0.6015402674674988,0.7321428656578064
l_curve_0,49,0.5961852073669434,0.6964285969734192
l_curve_0,50,0.5909448862075806,0.6964285969734192
l_curve_0,51,0.5858039855957031,0.7142857313156128
l_curve_0,52,0.5808480381965637,0.7142857313156128
l_curve_0,53,0.5759435296058655,0.7142857313156128
l_curve_0,54,0.571206271648407,0.7142857313156128
l_curve_0,55,0.5666056275367737,0.7142857313156128
l_curve_0,56,0.5620743036270142,0.7321428656578064
l_curve_0,57,0.5576651692390442,0.7321428656578064
l_curve_0,58,0.5533731579780579,0.7321428656578064
l_curve_0,59,0.5491051077842712,0.75
l_curve_0,60,0.5450016856193542,0.75
l_curve_0,61,0.5409758687019348,0.75
l_curve_0,62,0.5370609164237976,0.75
l_curve_0,63,0.533175528049469,0.75
l_curve_0,64,0.5293886065483093,0.75
l_curve_0,65,0.5257045030593872,0.7678571343421936
l_curve_0,66,0.5221123099327087,0.7678571343421936
l_curve_0,67,0.5185505151748657,0.7678571343421936
l_curve_0,68,0.515091598033905,0.7678571343421936
l_curve_0,69,0.5116657018661499,0.7678571343421936
l_curve_0,70,0.5083368420600891,0.7678571343421936
l_curve_0,71,0.5050845146179199,0.7678571343421936
l_curve_0,72,0.501899778842926,0.7678571343421936
l_curve_0,73,0.4987492561340332,0.7678571343421936
l_curve_0,74,0.49562522768974304,0.7678571343421936
l_curve_0,75,0.49261173605918884,0.7678571343421936
l_curve_0,76,0.48965421319007874,0.7857142686843872
l_curve_0,77,0.4867146611213684,0.7857142686843872
l_curve_0,78,0.4838119149208069,0.7857142686843872
l_curve_0,79,0.4809935390949249,0.7857142686843872
l_curve_0,80,0.47825461626052856,0.7857142686843872
l_curve_0,81,0.47554945945739746,0.7857142686843872
l_curve_0,82,0.47292596101760864,0.7857142686843872
l_curve_0,83,0.4702478349208832,0.7857142686843872
l_curve_0,84,0.4676877558231354,0.7857142686843872
l_curve_0,85,0.4651469886302948,0.7857142686843872
l_curve_0,86,0.4626758396625519,0.7857142686843872
l_curve_0,87,0.46023693680763245,0.7857142686843872
l_curve_0,88,0.4578264355659485,0.7857142686843872
l_curve_0,89,0.45544594526290894,0.7857142686843872
l_curve_0,90,0.453110009431839,0.7857142686843872
l_curve_0,91,0.4508545696735382,0.7857142686843872
l_curve_0,92,0.4486083388328552,0.7857142686843872
l_curve_0,93,0.44640669226646423,0.7857142686843872
l_curve_0,94,0.4442381262779236,0.7857142686843872
l_curve_0,95,0.4421137273311615,0.7857142686843872
l_curve_0,96,0.44001027941703796,0.7857142686843872
l_curve_0,97,0.4379526674747467,0.7857142686843872
l_curve_0,98,0.4359259307384491,0.7857142686843872
l_curve_0,99,0.4338574707508087,0.7857142686843872
l_curve_0,100,0.4319315552711487,0.7857142686843872
l_curve_0,101,0.429975301027298,0.7857142686843872
l_curve_0,102,0.42806485295295715,0.7857142686843872
l_curve_0,103,0.42619410157203674,0.7857142686843872
l_curve_0,104,0.42435741424560547,0.7857142686843872
l_curve_0,105,0.422545462846756,0.7857142686843872
l_curve_0,106,0.4207727611064911,0.7857142686843872
l_curve_0,107,0.4190259575843811,0.7857142686843872
l_curve_0,108,0.417244017124176,0.7857142686843872
l_curve_0,109,0.4154756963253021,0.7857142686843872
l_curve_0,110,0.41379329562187195,0.7857142686843872
l_curve_0,111,0.41212424635887146,0.7857142686843872
l_curve_0,112,0.41048097610473633,0.7857142686843872
l_curve_0,113,0.40883737802505493,0.7857142686843872
l_curve_0,114,0.40721505880355835,0.7857142686843872
l_curve_0,115,0.4056844115257263,0.7857142686843872
l_curve_0,116,0.40410980582237244,0.8035714030265808
l_curve_0,117,0.4025920331478119,0.8035714030265808
l_curve_0,118,0.40106868743896484,0.8035714030265808
l_curve_0,119,0.39960387349128723,0.8035714030265808
l_curve_0,120,0.39807572960853577,0.8035714030265808
l_curve_0,121,0.39658451080322266,0.8035714030265808
l_curve_0,122,0.3951343595981598,0.8035714030265808
l_curve_0,123,0.39375659823417664,0.8035714030265808
l_curve_0,124,0.39237770438194275,0.8035714030265808
l_curve_0,125,0.3910122215747833,0.8035714030265808
l_curve_0,126,0.3896346092224121,0.8035714030265808
l_curve_0,127,0.3882899880409241,0.8035714030265808
l_curve_0,128,0.3869096338748932,0.8035714030265808
l_curve_0,129,0.3855670094490051,0.8035714030265808
l_curve_0,130,0.38426899909973145,0.8035714030265808
l_curve_0,131,0.38294366002082825,0.8035714030265808
l_curve_0,132,0.3816700279712677,0.8035714030265808
l_curve_0,133,0.38048461079597473,0.8035714030265808
l_curve_0,134,0.37926509976387024,0.8035714030265808
l_curve_0,135,0.3780759274959564,0.8214285969734192
l_curve_0,136,0.3768714368343353,0.8214285969734192
l_curve_0,137,0.37566784024238586,0.8214285969734192
l_curve_0,138,0.37452682852745056,0.8214285969734192
l_curve_0,139,0.3733903467655182,0.8214285969734192
l_curve_0,140,0.372161328792572,0.8214285969734192
l_curve_0,141,0.37100309133529663,0.8214285969734192
l_curve_0,142,0.36986488103866577,0.8214285969734192
l_curve_0,143,0.36880022287368774,0.8214285969734192
l_curve_0,144,0.3677251636981964,0.8214285969734192
l_curve_0,145,0.3666488230228424,0.8214285969734192
l_curve_0,146,0.3655882179737091,0.8214285969734192
l_curve_0,147,0.36455366015434265,0.8214285969734192
l_curve_0,148,0.3635146915912628,0.8214285969734192
l_curve_0,149,0.36257293820381165,0.8214285969734192
l_curve_0,150,0.36150115728378296,0.8214285969734192
l_curve_0,151,0.3605057895183563,0.8214285969734192
l_curve_0,152,0.35955899953842163,0.8214285969734192
l_curve_0,153,0.3585641086101532,0.8214285969734192
l_curve_0,154,0.35756900906562805,0.8214285969734192
l_curve_0,155,0.35660654306411743,0.8214285969734192
l_curve_0,156,0.3556306064128876,0.8214285969734192
l_curve_0,157,0.3547672927379608,0.8214285969734192
l_curve_0,158,0.3539230227470398,0.8214285969734192
l_curve_0,159,0.35299715399742126,0.8214285969734192
l_curve_0,160,0.3521616756916046,0.8214285969734192
l_curve_0,161,0.35127297043800354,0.8214285969734192
l_curve_0,162,0.3503900170326233,0.8214285969734192
l_curve_0,163,0.34959787130355835,0.8214285969734192
l_curve_0,164,0.3487514853477478,0.8214285969734192
l_curve_0,165,0.34788623452186584,0.8214285969734192
l_curve_0,166,0.34700414538383484,0.8214285969734192
l_curve_0,167,0.34629058837890625,0.8214285969734192
l_curve_0,168,0.3455493748188019,0.8214285969734192
l_curve_0,169,0.34475940465927124,0.8214285969734192
l_curve_0,170,0.3440040051937103,0.8214285969734192
l_curve_0,171,0.34328407049179077,0.8214285969734192
l_curve_0,172,0.3424852192401886,0.8214285969734192
l_curve_0,173,0.3418205678462982,0.8214285969734192
l_curve_0,174,0.34117868542671204,0.8214285969734192
l_curve_0,175,0.3405224680900574,0.8214285969734192
l_curve_0,176,0.33982986211776733,0.8214285969734192
l_curve_0,177,0.3391222357749939,0.8214285969734192
l_curve_0,178,0.33852800726890564,0.8214285969734192
l_curve_0,179,0.33794668316841125,0.8214285969734192
l_curve_0,180,0.3372476398944855,0.8214285969734192
l_curve_0,181,0.3366275429725647,0.8214285969734192
l_curve_0,182,0.33597061038017273,0.8214285969734192
l_curve_0,183,0.3353390395641327,0.8214285969734192
l_curve_0,184,0.334767609834671,0.8214285969734192
l_curve_0,185,0.33424070477485657,0.8214285969734192
l_curve_0,186,0.3336268961429596,0.8214285969734192
l_curve_0,187,0.33310267329216003,0.8214285969734192
l_curve_0,188,0.3325712978839874,0.8214285969734192
l_curve_0,189,0.332000195980072,0.8214285969734192
l_curve_0,190,0.33153942227363586,0.8214285969734192
l_curve_0,191,0.3310692608356476,0.8214285969734192
l_curve_0,192,0.33046796917915344,0.8214285969734192
l_curve_0,193,0.3299560844898224,0.8214285969734192
l_curve_0,194,0.32953545451164246,0.8214285969734192
l_curve_0,195,0.3290894329547882,0.8214285969734192
l_curve_0,196,0.3285718262195587,0.8214285969734192
l_curve_0,197,0.3282424807548523,0.8214285969734192
l_curve_0,198,0.327729731798172,0.8214285969734192
l_curve_0,199,0.32725265622138977,0.8214285969734192
l_curve_0,200,0.3268272578716278,0.8214285969734192
l_curve_0,201,0.32632967829704285,0.8214285969734192
l_curve_0,202,0.3259580731391907,0.8214285969734192
l_curve_0,203,0.3256354331970215,0.8214285969734192
l_curve_0,204,0.3252507746219635,0.8214285969734192
l_curve_0,205,0.3249284327030182,0.8214285969734192
l_curve_0,206,0.32442665100097656,0.8214285969734192
l_curve_0,207,0.3240067660808563,0.8214285969734192
l_curve_0,208,0.32374778389930725,0.8214285969734192
l_curve_0,209,0.32340186834335327,0.8214285969734192
l_curve_0,210,0.3230741322040558,0.8214285969734192
l_curve_0,211,0.3227895200252533,0.8214285969734192
l_curve_0,212,0.3224576413631439,0.8214285969734192
l_curve_0,213,0.3221810758113861,0.8214285969734192
l_curve_0,214,0.32182565331459045,0.8214285969734192
l_curve_0,215,0.3214666247367859,0.8214285969734192
l_curve_0,216,0.3210766911506653,0.8214285969734192
l_curve_0,217,0.32083383202552795,0.8214285969734192
l_curve_0,218,0.32053858041763306,0.8214285969734192
l_curve_0,219,0.32041168212890625,0.8214285969734192
l_curve_0,220,0.3200742304325104,0.8214285969734192
l_curve_0,221,0.3197794556617737,0.8214285969734192
l_curve_0,222,0.319529265165329,0.8214285969734192
l_curve_0,223,0.31925567984580994,0.8214285969734192
l_curve_0,224,0.31902796030044556,0.8214285969734192
l_curve_0,225,0.31884104013442993,0.8214285969734192
l_curve_0,226,0.31856268644332886,0.8214285969734192
l_curve_0,227,0.31831541657447815,0.8214285969734192
l_curve_0,228,0.3180941045284271,0.8214285969734192
l_curve_0,229,0.3179261386394501,0.8214285969734192
l_curve_0,230,0.31768327951431274,0.8214285969734192
l_curve_0,231,0.31747278571128845,0.8214285969734192
l_curve_0,232,0.31730470061302185,0.8214285969734192
l_curve_0,233,0.31714993715286255,0.8214285969734192
l_curve_0,234,0.3169545531272888,0.8214285969734192
l_curve_0,235,0.3166449964046478,0.8214285969734192
l_curve_0,236,0.3164379298686981,0.8214285969734192
l_curve_0,237,0.31623291969299316,0.8214285969734192
l_curve_0,238,0.3160773813724518,0.8214285969734192
l_curve_0,239,0.31589528918266296,0.8214285969734192
l_curve_0,240,0.31573596596717834,0.8214285969734192
l_curve_0,241,0.31556040048599243,0.8214285969734192
l_curve_0,242,0.3153722584247589,0.8214285969734192
l_curve_0,243,0.3152367174625397,0.8214285969734192
l_curve_0,244,0.31513017416000366,0.8214285969734192
l_curve_0,245,0.31498125195503235,0.8214285969734192
l_curve_0,246,0.3148792088031769,0.8214285969734192
l_curve_0,247,0.31473812460899353,0.8214285969734192
l_curve_0,248,0.3144972324371338,0.8214285969734192
l_curve_0,249,0.31441831588745117,0.8214285969734192
l_curve_0,250,0.3142637312412262,0.8214285969734192
l_curve_0,251,0.314134806394577,0.8214285969734192
l_curve_0,252,0.313947856426239,0.8214285969734192
l_curve_0,253,0.31381934881210327,0.8214285969734192
l_curve_0,254,0.31375810503959656,0.8214285969734192
l_curve_0,255,0.3137461245059967,0.8214285969734192
l_curve_0,256,0.313503235578537,0.8214285969734192
l_curve_0,257,0.31342440843582153,0.8214285969734192
l_curve_0,258,0.3133130371570587,0.8214285969734192
l_curve_0,259,0.3131783902645111,0.8214285969734192
l_curve_0,260,0.3131847679615021,0.8214285969734192
l_curve_0,261,0.313082218170166,0.8214285969734192
l_curve_0,262,0.3131256103515625,0.8214285969734192
l_curve_0,263,0.3131088614463806,0.8214285969734192
l_curve_0,264,0.3128763735294342,0.8214285969734192
l_curve_0,265,0.31283023953437805,0.8214285969734192
l_curve_0,266,0.312601774930954,0.8214285969734192
l_curve_0,267,0.3125499188899994,0.8214285969734192
l_curve_0,268,0.31232813000679016,0.8214285969734192
l_curve_0,269,0.3122786581516266,0.8214285969734192
l_curve_0,270,0.31220707297325134,0.8214285969734192
l_curve_0,271,0.31207630038261414,0.8214285969734192
l_curve_0,272,0.3120645582675934,0.8214285969734192
l_curve_0,273,0.311917781829834,0.8214285969734192
l_curve_0,274,0.3119078576564789,0.8214285969734192
l_curve_0,275,0.3118929862976074,0.8214285969734192
l_curve_0,276,0.31178638339042664,0.8214285969734192
l_curve_0,277,0.31166404485702515,0.8214285969734192
l_curve_0,278,0.31163862347602844,0.8214285969734192
l_curve_0,279,0.31149551272392273,0.8214285969734192
l_curve_0,280,0.3114093244075775,0.8214285969734192
l_curve_0,281,0.31139931082725525,0.8214285969734192
l_curve_0,282,0.31139612197875977,0.8214285969734192
l_curve_0,283,0.3111855089664459,0.8214285969734192
l_curve_0,284,0.3110780715942383,0.8214285969734192
l_curve_0,285,0.3110645115375519,0.8214285969734192
l_curve_0,286,0.31102895736694336,0.8214285969734192
l_curve_0,287,0.31095004081726074,0.8214285969734192
l_curve_0,288,0.310897558927536,0.8392857313156128
l_curve_0,289,0.3108442723751068,0.8392857313156128
l_curve_0,290,0.3109011650085449,0.8392857313156128
l_curve_0,291,0.3108750879764557,0.8392857313156128
l_curve_0,292,0.31077292561531067,0.8392857313156128
l_curve_0,293,0.31057992577552795,0.8392857313156128
l_curve_0,294,0.3106476962566376,0.8392857313156128
l_curve_0,295,0.3106057047843933,0.8392857313156128
l_curve_0,296,0.31049367785453796,0.8392857313156128
l_curve_0,297,0.3104955554008484,0.8392857313156128
l_curve_0,298,0.3103397786617279,0.8392857313156128
l_curve_0,299,0.31030794978141785,0.8392857313156128
l_curve_0,300,0.3104516863822937,0.8392857313156128
l_curve_0,301,0.31036561727523804,0.8392857313156128
l_curve_0,302,0.31033554673194885,0.8392857313156128
l_curve_0,303,0.3100302517414093,0.8392857313156128
l_curve_0,304,0.31008750200271606,0.8392857313156128
l_curve_0,305,0.3099934160709381,0.8392857313156128
l_curve_0,306,0.3100249469280243,0.8392857313156128
l_curve_0,307,0.31009334325790405,0.8392857313156128
l_curve_0,308,0.30989307165145874,0.8392857313156128
l_curve_0,309,0.3098739683628082,0.8392857313156128
l_curve_0,310,0.30981382727622986,0.8392857313156128
l_curve_0,311,0.30975452065467834,0.8392857313156128
l_curve_0,312,0.309712678194046,0.8392857313156128
l_curve_0,313,0.3096577227115631,0.8392857313156128
l_curve_0,314,0.3094436228275299,0.8392857313156128
l_curve_0,315,0.30940955877304077,0.8392857313156128
l_curve_0,316,0.3094335198402405,0.8392857313156128
l_curve_0,317,0.3093201816082001,0.8392857313156128
l_curve_0,318,0.30926162004470825,0.8392857313156128
l_curve_0,319,0.30928727984428406,0.8392857313156128
l_curve_0,320,0.30921944975852966,0.8392857313156128
l_curve_0,321,0.30919599533081055,0.8392857313156128
l_curve_0,322,0.30916571617126465,0.8392857313156128
l_curve_0,323,0.30922991037368774,0.8392857313156128
l_curve_0,324,0.30927184224128723,0.8392857313156128
l_curve_0,325,0.30905818939208984,0.8392857313156128
l_curve_0,326,0.30900511145591736,0.8392857313156128
l_curve_0,327,0.3089464604854584,0.8392857313156128
l_curve_0,328,0.3089892268180847,0.8392857313156128
l_curve_0,329,0.3089246153831482,0.8392857313156128
l_curve_0,330,0.3089218735694885,0.8392857313156128
l_curve_0,331,0.30872148275375366,0.8392857313156128
l_curve_0,332,0.30874207615852356,0.8392857313156128
l_curve_0,333,0.30869370698928833,0.8392857313156128
l_curve_0,334,0.3086960017681122,0.8392857313156128
l_curve_0,335,0.3086931109428406,0.8392857313156128
l_curve_0,336,0.3084515631198883,0.8392857313156128
l_curve_0,337,0.30839449167251587,0.8392857313156128
l_curve_0,338,0.30831146240234375,0.8392857313156128
l_curve_0,339,0.30845996737480164,0.8392857313156128
l_curve_0,340,0.3083682656288147,0.8392857313156128
l_curve_0,341,0.30835792422294617,0.8392857313156128
l_curve_0,342,0.3082232177257538,0.8392857313156128
l_curve_0,343,0.30828067660331726,0.8571428656578064
l_curve_0,344,0.30804938077926636,0.8392857313156128
l_curve_0,345,0.30797576904296875,0.8392857313156128
l_curve_0,346,0.3078097701072693,0.8392857313156128
l_curve_0,347,0.3077075183391571,0.8392857313156128
l_curve_0,348,0.3077002167701721,0.8571428656578064
l_curve_0,349,0.3077050745487213,0.8571428656578064
l_curve_0,350,0.3076918423175812,0.8571428656578064
l_curve_0,351,0.30752405524253845,0.8571428656578064
l_curve_0,352,0.307553768157959,0.8571428656578064
l_curve_0,353,0.3075755536556244,0.8571428656578064
l_curve_0,354,0.30735117197036743,0.8571428656578064
l_curve_0,355,0.3073064386844635,0.8571428656578064
l_curve_0,356,0.3072488605976105,0.8571428656578064
l_curve_0,357,0.30729860067367554,0.8571428656578064
l_curve_0,358,0.3071575164794922,0.8571428656578064
l_curve_0,359,0.306930273771286,0.8571428656578064
l_curve_0,360,0.30687764286994934,0.8571428656578064
l_curve_0,361,0.30684298276901245,0.8571428656578064
l_curve_0,362,0.30680105090141296,0.8571428656578064
l_curve_0,363,0.30664509534835815,0.8571428656578064
l_curve_0,364,0.3064654469490051,0.8571428656578064
l_curve_0,365,0.3064079284667969,0.8571428656578064
l_curve_0,366,0.30636119842529297,0.8571428656578064
l_curve_0,367,0.30641621351242065,0.8571428656578064
l_curve_0,368,0.306347131729126,0.8571428656578064
l_curve_0,369,0.30627140402793884,0.8571428656578064
l_curve_0,370,0.30630630254745483,0.8571428656578064
l_curve_0,371,0.30611690878868103,0.8571428656578064
l_curve_0,372,0.30603376030921936,0.8571428656578064
l_curve_0,373,0.3059210181236267,0.8571428656578064
l_curve_0,374,0.30587807297706604,0.8571428656578064
l_curve_0,375,0.30553558468818665,0.8571428656578064
l_curve_0,376,0.30543026328086853,0.8571428656578064
l_curve_0,377,0.3054395020008087,0.8571428656578064
l_curve_0,378,0.30531835556030273,0.8571428656578064
l_curve_0,379,0.3053639829158783,0.8571428656578064
l_curve_0,380,0.3052408993244171,0.8571428656578064
l_curve_0,381,0.30508115887641907,0.8571428656578064
l_curve_0,382,0.30495432019233704,0.8571428656578064
l_curve_0,383,0.30496707558631897,0.8571428656578064
l_curve_0,384,0.3048746883869171,0.875
l_curve_0,385,0.3046930730342865,0.875
l_curve_0,386,0.30445727705955505,0.875
l_curve_0,387,0.3043855130672455,0.875
l_curve_0,388,0.3042902648448944,0.875
l_curve_0,389,0.30407026410102844,0.875
l_curve_0,390,0.30397891998291016,0.875
l_curve_0,391,0.3039792478084564,0.875
l_curve_0,392,0.3038579523563385,0.875
l_curve_0,393,0.3037450611591339,0.875
l_curve_0,394,0.30363327264785767,0.875
l_curve_0,395,0.3035634160041809,0.875
l_curve_0,396,0.3034592568874359,0.875
l_curve_0,397,0.3033011257648468,0.875
l_curve_0,398,0.30319276452064514,0.875
l_curve_0,399,0.30298370122909546,0.875
l_curve_0,400,0.3026896119117737,0.875
l_curve_0,401,0.30251020193099976,0.875
l_curve_0,402,0.3023829162120819,0.875
l_curve_0,403,0.3023291230201721,0.875
l_curve_0,404,0.3022395670413971,0.875
l_curve_0,405,0.3021707534790039,0.875
l_curve_0,406,0.30210503935813904,0.875
l_curve_0,407,0.30185413360595703,0.875
l_curve_0,408,0.3015686869621277,0.875
l_curve_0,409,0.30129703879356384,0.875
l_curve_0,410,0.3013629913330078,0.875
l_curve_0,411,0.3011293411254883,0.875
l_curve_0,412,0.3009365200996399,0.875
l_curve_0,413,0.3009655177593231,0.875
l_curve_0,414,0.3008281886577606,0.875
l_curve_0,415,0.30075424909591675,0.875
l_curve_0,416,0.3005219101905823,0.875
l_curve_0,417,0.3001686632633209,0.875
l_curve_0,418,0.3000665605068207,0.875
l_curve_0,419,0.29994937777519226,0.875
l_curve_0,420,0.2997743487358093,0.875
l_curve_0,421,0.2995792329311371,0.875
l_curve_0,422,0.2994310259819031,0.875
l_curve_0,423,0.29920250177383423,0.875
l_curve_0,424,0.2990895211696625,0.875
l_curve_0,425,0.29889562726020813,0.875
l_curve_0,426,0.2987774908542633,0.875
l_curve_0,427,0.29850655794143677,0.875
l_curve_0,428,0.29835769534111023,0.875
l_curve_0,429,0.29813024401664734,0.875
l_curve_0,430,0.29802730679512024,0.875
l_curve_0,431,0.29791930317878723,0.875
l_curve_0,432,0.2976449429988861,0.875
l_curve_0,433,0.29747849702835083,0.875
l_curve_0,434,0.29726964235305786,0.875
l_curve_0,435,0.2971792221069336,0.875
l_curve_0,436,0.29685789346694946,0.875
l_curve_0,437,0.2965533435344696,0.875
l_curve_0,438,0.29641225934028625,0.875
l_curve_0,439,0.2962685227394104,0.875
l_curve_0,440,0.2961600720882416,0.875
l_curve_0,441,0.29600271582603455,0.875
l_curve_0,442,0.29569974541664124,0.875
l_curve_0,443,0.29543453454971313,0.875
l_curve_0,444,0.29534202814102173,0.875
l_curve_0,445,0.2951401174068451,0.875
l_curve_0,446,0.29492950439453125,0.875
l_curve_0,447,0.29474714398384094,0.875
l_curve_0,448,0.2945373058319092,0.875
l_curve_0,449,0.2943139672279358,0.875
l_curve_0,450,0.2941545844078064,0.875
l_curve_0,451,0.29395362734794617,0.875
l_curve_0,452,0.29386401176452637,0.875
l_curve_0,453,0.29359763860702515,0.875
l_curve_0,454,0.2931574285030365,0.875
l_curve_0,455,0.2930441200733185,0.875
l_curve_0,456,0.29285624623298645,0.875
l_curve_0,457,0.2926844656467438,0.875
l_curve_0,458,0.29261359572410583,0.875
l_curve_0,459,0.2923301160335541,0.875
l_curve_0,460,0.29207006096839905,0.875
l_curve_0,461,0.2918248474597931,0.875
l_curve_0,462,0.29158735275268555,0.875
l_curve_0,463,0.2914910912513733,0.875
l_curve_0,464,0.29123279452323914,0.875
l_curve_0,465,0.29103749990463257,0.875
l_curve_0,466,0.290677547454834,0.875
l_curve_0,467,0.2904994785785675,0.875
l_curve_0,468,0.29031696915626526,0.875
l_curve_0,469,0.28996542096138,0.875
l_curve_0,470,0.28971004486083984,0.875
l_curve_0,471,0.289581835269928,0.875
l_curve_0,472,0.28932908177375793,0.875
l_curve_0,473,0.28897932171821594,0.875
l_curve_0,474,0.28861767053604126,0.875
l_curve_0,475,0.2884894907474518,0.875
l_curve_0,476,0.28829845786094666,0.875
l_curve_0,477,0.2883128821849823,0.875
l_curve_0,478,0.28809407353401184,0.875
l_curve_0,479,0.288104385137558,0.875
l_curve_0,480,0.28780466318130493,0.875
l_curve_0,481,0.2873949408531189,0.875
l_curve_0,482,0.2870578169822693,0.875
l_curve_0,483,0.2868509292602539,0.875
l_curve_0,484,0.28645017743110657,0.875
l_curve_0,485,0.28628358244895935,0.875
l_curve_0,486,0.2860734462738037,0.875
l_curve_0,487,0.285875529050827,0.875
l_curve_0,488,0.2855173647403717,0.875
l_curve_0,489,0.28536728024482727,0.875
l_curve_0,490,0.2851339280605316,0.875
l_curve_0,491,0.28498753905296326,0.875
l_curve_0,492,0.2847065031528473,0.875
l_curve_0,493,0.284452348947525,0.875
l_curve_0,494,0.2842724323272705,0.875
l_curve_0,495,0.28398260474205017,0.875
l_curve_0,496,0.2836107909679413,0.875
l_curve_0,497,0.2834762930870056,0.875
l_curve_0,498,0.28323912620544434,0.875
l_curve_0,499,0.28314217925071716,0.875
l_curve_0,500,0.2828516662120819,0.875
l_curve_0,501,0.2825723886489868,0.875
l_curve_0,502,0.2823202311992645,0.875
l_curve_0,503,0.2819792926311493,0.875
l_curve_0,504,0.2818026542663574,0.875
l_curve_0,505,0.28152552247047424,0.875
l_curve_0,506,0.2811700701713562,0.875
l_curve_0,507,0.2808750569820404,0.875
l_curve_0,508,0.2808004915714264,0.875
l_curve_0,509,0.28056785464286804,0.875
l_curve_0,510,0.2803460955619812,0.875
l_curve_0,511,0.28004541993141174,0.875
l_curve_0,512,0.27973589301109314,0.875
l_curve_0,513,0.27950847148895264,0.875
l_curve_0,514,0.2792418301105499,0.875
l_curve_0,515,0.2788972854614258,0.875
l_curve_0,516,0.2787332236766815,0.875
l_curve_0,517,0.27860015630722046,0.875
l_curve_0,518,0.2783486545085907,0.875
l_curve_0,519,0.27797260880470276,0.875
l_curve_0,520,0.277762234210968,0.875
l_curve_0,521,0.27756568789482117,0.875
l_curve_0,522,0.27744555473327637,0.875
l_curve_0,523,0.27714696526527405,0.875
l_curve_0,524,0.27682051062583923,0.875
l_curve_0,525,0.27648040652275085,0.875
l_curve_0,526,0.27618828415870667,0.875
l_curve_0,527,0.27582690119743347,0.875
l_curve_0,528,0.27561452984809875,0.875
l_curve_0,529,0.2753538191318512,0.875
l_curve_0,530,0.2751406133174896,0.875
l_curve_0,531,0.27485212683677673,0.875
l_curve_0,532,0.2744905948638916,0.875
l_curve_0,533,0.2743453085422516,0.875
l_curve_0,534,0.2739889621734619,0.875
l_curve_0,535,0.2737205922603607,0.875
l_curve_0,536,0.27343764901161194,0.875
l_curve_0,537,0.2732672393321991,0.875
l_curve_0,538,0.2731182873249054,0.875
l_curve_0,539,0.27281463146209717,0.875
l_curve_0,540,0.27260833978652954,0.875
l_curve_0,541,0.272390753030777,0.875
l_curve_0,542,0.2719821035861969,0.875
l_curve_0,543,0.2715698778629303,0.875
l_curve_0,544,0.2713451683521271,0.875
l_curve_0,545,0.2710265815258026,0.875
l_curve_0,546,0.2707485854625702,0.875
l_curve_0,547,0.2705365717411041,0.875
l_curve_0,548,0.27025106549263,0.875
l_curve_0,549,0.27000927925109863,0.875
l_curve_0,550,0.2697862982749939,0.875
l_curve_0,551,0.2695436179637909,0.875
l_curve_0,552,0.2691841721534729,0.875
l_curve_0,553,0.268938273191452,0.875
l_curve_0,554,0.2685578763484955,0.875
l_curve_0,555,0.2682856023311615,0.875
l_curve_0,556,0.2678548991680145,0.875
l_curve_0,557,0.26759961247444153,0.875
l_curve_0,558,0.26736101508140564,0.875
l_curve_0,559,0.2671705186367035,0.875
l_curve_0,560,0.2669139504432678,0.875
l_curve_0,561,0.2667026221752167,0.875
l_curve_0,562,0.26637929677963257,0.875
l_curve_0,563,0.2661809027194977,0.875
l_curve_0,564,0.26590874791145325,0.875
l_curve_0,565,0.26554444432258606,0.875
l_curve_0,566,0.26524609327316284,0.875
l_curve_0,567,0.26482781767845154,0.8928571343421936
l_curve_0,568,0.26438063383102417,0.8928571343421936
l_curve_0,569,0.26410505175590515,0.8928571343421936
l_curve_0,570,0.26377972960472107,0.8928571343421936
l_curve_0,571,0.263743132352829,0.8928571343421936
l_curve_0,572,0.26350969076156616,0.8928571343421936
l_curve_0,573,0.263165146112442,0.8928571343421936
l_curve_0,574,0.262845903635025,0.8928571343421936
l_curve_0,575,0.26232287287712097,0.8928571343421936
l_curve_0,576,0.26225560903549194,0.8928571343421936
l_curve_0,577,0.2621270716190338,0.8928571343421936
l_curve_0,578,0.26179245114326477,0.8928571343421936
l_curve_0,579,0.26127389073371887,0.8928571343421936
l_curve_0,580,0.26114359498023987,0.8928571343421936
l_curve_0,581,0.2607119679450989,0.8928571343421936
l_curve_0,582,0.26047542691230774,0.8928571343421936
l_curve_0,583,0.2601853013038635,0.8928571343421936
l_curve_0,584,0.25985926389694214,0.8928571343421936
l_curve_0,585,0.2592795789241791,0.8928571343421936
l_curve_0,586,0.2590862214565277,0.8928571343421936
l_curve_0,587,0.2587302327156067,0.8928571343421936
l_curve_0,588,0.2584321200847626,0.8928571343421936
l_curve_0,589,0.25812095403671265,0.8928571343421936
l_curve_0,590,0.2578136622905731,0.8928571343421936
l_curve_0,591,0.2574861943721771,0.8928571343421936
l_curve_0,592,0.25725969672203064,0.8928571343421936
l_curve_0,593,0.25710350275039673,0.8928571343421936
l_curve_0,594,0.25673437118530273,0.8928571343421936
l_curve_0,595,0.25647255778312683,0.8928571343421936
l_curve_0,596,0.2562255561351776,0.8928571343421936
l_curve_0,597,0.2558172345161438,0.8928571343421936
l_curve_0,598,0.25554758310317993,0.8928571343421936
l_curve_0,599,0.2551392614841461,0.8928571343421936
l_curve_0,600,0.25480106472969055,0.8928571343421936
l_curve_0,601,0.25453922152519226,0.8928571343421936
l_curve_0,602,0.2541663348674774,0.8928571343421936
l_curve_0,603,0.25385475158691406,0.8928571343421936
l_curve_0,604,0.2535741329193115,0.8928571343421936
l_curve_0,605,0.25318643450737,0.8928571343421936
l_curve_0,606,0.25285694003105164,0.8928571343421936
l_curve_0,607,0.25248974561691284,0.8928571343421936
l_curve_0,608,0.25228574872016907,0.8928571343421936
l_curve_0,609,0.2518615126609802,0.8928571343421936
l_curve_0,610,0.2516586184501648,0.8928571343421936
l_curve_0,611,0.2512792646884918,0.8928571343421936
l_curve_0,612,0.25081348419189453,0.8928571343421936
l_curve_0,613,0.25063103437423706,0.8928571343421936
l_curve_0,614,0.25022652745246887,0.8928571343421936
l_curve_0,615,0.24984964728355408,0.8928571343421936
l_curve_0,616,0.24961797893047333,0.8928571343421936
l_curve_0,617,0.24926437437534332,0.8928571343421936
l_curve_0,618,0.24896635115146637,0.8928571343421936
l_curve_0,619,0.2486288994550705,0.8928571343421936
l_curve_0,620,0.24823065102100372,0.8928571343421936
l_curve_0,621,0.24786686897277832,0.8928571343421936
l_curve_0,622,0.2475433349609375,0.8928571343421936
l_curve_0,623,0.24726536870002747,0.8928571343421936
l_curve_0,624,0.24681469798088074,0.8928571343421936
l_curve_0,625,0.24664798378944397,0.8928571343421936
l_curve_0,626,0.24631206691265106,0.8928571343421936
l_curve_0,627,0.2460068315267563,0.8928571343421936
l_curve_0,628,0.24567948281764984,0.8928571343421936
l_curve_0,629,0.2454957813024521,0.8928571343421936
l_curve_0,630,0.24487528204917908,0.8928571343421936
l_curve_0,631,0.24440276622772217,0.8928571343421936
l_curve_0,632,0.24414753913879395,0.8928571343421936
l_curve_0,633,0.2439192682504654,0.8928571343421936
l_curve_0,634,0.24361039698123932,0.8928571343421936
l_curve_0,635,0.24318917095661163,0.8928571343421936
l_curve_0,636,0.24280844628810883,0.8928571343421936
l_curve_0,637,0.2423870861530304,0.8928571343421936
l_curve_0,638,0.24209262430667877,0.8928571343421936
l_curve_0,639,0.24172183871269226,0.8928571343421936
l_curve_0,640,0.24146771430969238,0.8928571343421936
l_curve_0,641,0.24116110801696777,0.8928571343421936
l_curve_0,642,0.24077816307544708,0.8928571343421936
l_curve_0,643,0.24042531847953796,0.8928571343421936
l_curve_0,644,0.24001336097717285,0.8928571343421936
l_curve_0,645,0.23965385556221008,0.8928571343421936
l_curve_0,646,0.23934200406074524,0.8928571343421936
l_curve_0,647,0.23910939693450928,0.8928571343421936
l_curve_0,648,0.2386968582868576,0.8928571343421936
l_curve_0,649,0.23839803040027618,0.8928571343421936
l_curve_0,650,0.23791787028312683,0.8928571343421936
l_curve_0,651,0.23747269809246063,0.8928571343421936
l_curve_0,652,0.2371552735567093,0.8928571343421936
l_curve_0,653,0.23678818345069885,0.8928571343421936
l_curve_0,654,0.23636706173419952,0.8928571343421936
l_curve_0,655,0.23603402078151703,0.8928571343421936
l_curve_0,656,0.23568551242351532,0.8928571343421936
l_curve_0,657,0.23545803129673004,0.8928571343421936
l_curve_0,658,0.234989196062088,0.8928571343421936
l_curve_0,659,0.23459716141223907,0.8928571343421936
l_curve_0,660,0.234384223818779,0.8928571343421936
l_curve_0,661,0.23387353122234344,0.8928571343421936
l_curve_0,662,0.23356691002845764,0.8928571343421936
l_curve_0,663,0.23326396942138672,0.8928571343421936
l_curve_0,664,0.2328576147556305,0.8928571343421936
l_curve_0,665,0.23249009251594543,0.8928571343421936
l_curve_0,666,0.23213401436805725,0.8928571343421936
l_curve_0,667,0.23174117505550385,0.8928571343421936
l_curve_0,668,0.23156659305095673,0.8928571343421936
l_curve_0,669,0.23118700087070465,0.8928571343421936
l_curve_0,670,0.23074498772621155,0.8928571343421936
l_curve_0,671,0.23027260601520538,0.8928571343421936
l_curve_0,672,0.22989961504936218,0.8928571343421936
l_curve_0,673,0.22950886189937592,0.8928571343421936
l_curve_0,674,0.22921034693717957,0.8928571343421936
l_curve_0,675,0.22897091507911682,0.8928571343421936
l_curve_0,676,0.2285662740468979,0.8928571343421936
l_curve_0,677,0.22808004915714264,0.8928571343421936
l_curve_0,678,0.22774001955986023,0.8928571343421936
l_curve_0,679,0.2274789959192276,0.8928571343421936
l_curve_0,680,0.22702105343341827,0.8928571343421936
l_curve_0,681,0.2265937328338623,0.8928571343421936
l_curve_0,682,0.22617223858833313,0.8928571343421936
l_curve_0,683,0.2259073555469513,0.8928571343421936
l_curve_0,684,0.22543247044086456,0.8928571343421936
l_curve_0,685,0.22506652772426605,0.8928571343421936
l_curve_0,686,0.22461239993572235,0.8928571343421936
l_curve_0,687,0.2241717129945755,0.8928571343421936
l_curve_0,688,0.22379599511623383,0.8928571343421936
l_curve_0,689,0.22352077066898346,0.8928571343421936
l_curve_0,690,0.22299811244010925,0.8928571343421936
l_curve_0,691,0.22265566885471344,0.8928571343421936
l_curve_0,692,0.22232680022716522,0.8928571343421936
l_curve_0,693,0.2220568209886551,0.8928571343421936
l_curve_0,694,0.22164170444011688,0.8928571343421936
l_curve_0,695,0.22115494310855865,0.8928571343421936
l_curve_0,696,0.22090458869934082,0.8928571343421936
l_curve_0,697,0.22060517966747284,0.8928571343421936
l_curve_0,698,0.2201506793498993,0.8928571343421936
l_curve_0,699,0.21972693502902985,0.8928571343421936
l_curve_0,700,0.2192145138978958,0.8928571343421936
l_curve_0,701,0.21882383525371552,0.8928571343421936
l_curve_0,702,0.21852277219295502,0.8928571343421936
l_curve_0,703,0.2181379795074463,0.8928571343421936
l_curve_0,704,0.2177748680114746,0.8928571343421936
l_curve_0,705,0.2173861563205719,0.8928571343421936
l_curve_0,706,0.21694907546043396,0.8928571343421936
l_curve_0,707,0.2163763791322708,0.8928571343421936
l_curve_0,708,0.21595464646816254,0.8928571343421936
l_curve_0,709,0.21563802659511566,0.8928571343421936
l_curve_0,710,0.21527978777885437,0.8928571343421936
l_curve_0,711,0.2148839682340622,0.9107142686843872
l_curve_0,712,0.21466873586177826,0.9107142686843872
l_curve_0,713,0.21434512734413147,0.9107142686843872
l_curve_0,714,0.21384403109550476,0.9107142686843872
l_curve_0,715,0.21346983313560486,0.9285714030265808
l_curve_0,716,0.21285350620746613,0.9285714030265808
l_curve_0,717,0.212347611784935,0.9285714030265808
l_curve_0,718,0.21195901930332184,0.9285714030265808
l_curve_0,719,0.2115076780319214,0.9285714030265808
l_curve_0,720,0.21122264862060547,0.9285714030265808
l_curve_0,721,0.21085326373577118,0.9285714030265808
l_curve_0,722,0.21050868928432465,0.9285714030265808
l_curve_0,723,0.21012575924396515,0.9285714030265808
l_curve_0,724,0.20982496440410614,0.9285714030265808
l_curve_0,725,0.20923388004302979,0.9285714030265808
l_curve_0,726,0.20875392854213715,0.9285714030265808
l_curve_0,727,0.2083168774843216,0.9285714030265808
l_curve_0,728,0.2079346925020218,0.9285714030265808
l_curve_0,729,0.20741121470928192,0.9285714030265808
l_curve_0,730,0.20687294006347656,0.9285714030265808
l_curve_0,731,0.20651276409626007,0.9285714030265808
l_curve_0,732,0.20601984858512878,0.9285714030265808
l_curve_0,733,0.20563670992851257,0.9285714030265808
l_curve_0,734,0.20534536242485046,0.9285714030265808
l_curve_0,735,0.20481981337070465,0.9285714030265808
l_curve_0,736,0.20439855754375458,0.9285714030265808
l_curve_0,737,0.20383603870868683,0.9285714030265808
l_curve_0,738,0.20350655913352966,0.9285714030265808
l_curve_0,739,0.2031329721212387,0.9285714030265808
l_curve_0,740,0.20258593559265137,0.9285714030265808
l_curve_0,741,0.2021651268005371,0.9285714030265808
l_curve_0,742,0.2017429620027542,0.9285714030265808
l_curve_0,743,0.20131497085094452,0.9285714030265808
l_curve_0,744,0.2009287178516388,0.9285714030265808
l_curve_0,745,0.20041342079639435,0.9285714030265808
l_curve_0,746,0.1999913603067398,0.9285714030265808
l_curve_0,747,0.19952969253063202,0.9285714030265808
l_curve_0,748,0.19887042045593262,0.9285714030265808
l_curve_0,749,0.19845281541347504,0.9285714030265808
l_curve_0,750,0.19815091788768768,0.9285714030265808
l_curve_0,751,0.19770322740077972,0.9285714030265808
l_curve_0,752,0.1971774846315384,0.9285714030265808
l_curve_0,753,0.19681774079799652,0.9285714030265808
l_curve_0,754,0.19627562165260315,0.9285714030265808
l_curve_0,755,0.19590766727924347,0.9285714030265808
l_curve_0,756,0.19560575485229492,0.9285714030265808
l_curve_0,757,0.19503600895404816,0.9285714030265808
l_curve_0,758,0.19465328752994537,0.9285714030265808
l_curve_0,759,0.19424520432949066,0.9285714030265808
l_curve_0,760,0.19378234446048737,0.9285714030265808
l_curve_0,761,0.19310535490512848,0.9285714030265808
l_curve_0,762,0.1925152689218521,0.9285714030265808
l_curve_0,763,0.19216105341911316,0.9285714030265808
l_curve_0,764,0.19192717969417572,0.9285714030265808
l_curve_0,765,0.19153179228305817,0.9285714030265808
l_curve_0,766,0.1911247819662094,0.9285714030265808
l_curve_0,767,0.19061975181102753,0.9285714030265808
l_curve_0,768,0.19007886946201324,0.9285714030265808
l_curve_0,769,0.18958984315395355,0.9285714030265808
l_curve_0,770,0.1892099380493164,0.9285714030265808
l_curve_0,771,0.1887977421283722,0.9285714030265808
l_curve_0,772,0.18840301036834717,0.9285714030265808
l_curve_0,773,0.18779873847961426,0.9285714030265808
l_curve_0,774,0.18749907612800598,0.9285714030265808
l_curve_0,775,0.18711256980895996,0.9285714030265808
l_curve_0,776,0.18660929799079895,0.9285714030265808
l_curve_0,777,0.18625882267951965,0.9285714030265808
l_curve_0,778,0.18603399395942688,0.9285714030265808
l_curve_0,779,0.18559864163398743,0.9285714030265808
l_curve_0,780,0.18510523438453674,0.9285714030265808
l_curve_0,781,0.1845053881406784,0.9285714030265808
l_curve_0,782,0.18404482305049896,0.9285714030265808
l_curve_0,783,0.183733269572258,0.9285714030265808
l_curve_0,784,0.18321526050567627,0.9285714030265808
l_curve_0,785,0.1830146610736847,0.9285714030265808
l_curve_0,786,0.18253304064273834,0.9285714030265808
l_curve_0,787,0.18217694759368896,0.9285714030265808
l_curve_0,788,0.18174457550048828,0.9285714030265808
l_curve_0,789,0.18133540451526642,0.9285714030265808
l_curve_0,790,0.18095210194587708,0.9285714030265808
l_curve_0,791,0.18048639595508575,0.9285714030265808
l_curve_0,792,0.18000943958759308,0.9285714030265808
l_curve_0,793,0.17957016825675964,0.9285714030265808
l_curve_0,794,0.17912054061889648,0.9285714030265808
l_curve_0,795,0.17884767055511475,0.9285714030265808
l_curve_0,796,0.17834758758544922,0.9285714030265808
l_curve_0,797,0.17817653715610504,0.9285714030265808
l_curve_0,798,0.1778283417224884,0.9285714030265808
l_curve_0,799,0.17740674316883087,0.9285714030265808
l_curve_0,800,0.17697535455226898,0.9285714030265808
l_curve_0,801,0.1764545440673828,0.9285714030265808
l_curve_0,802,0.17617665231227875,0.9285714030265808
l_curve_0,803,0.17579033970832825,0.9285714030265808
l_curve_0,804,0.17527034878730774,0.9285714030265808
l_curve_0,805,0.17477118968963623,0.9285714030265808
l_curve_0,806,0.17439031600952148,0.9285714030265808
l_curve_0,807,0.1740972101688385,0.9285714030265808
l_curve_0,808,0.17379975318908691,0.9285714030265808
l_curve_0,809,0.17335234582424164,0.9285714030265808
l_curve_0,810,0.17296811938285828,0.9285714030265808
l_curve_0,811,0.17265284061431885,0.9285714030265808
l_curve_0,812,0.17220847308635712,0.9285714030265808
l_curve_0,813,0.171726256608963,0.9285714030265808
l_curve_0,814,0.17155465483665466,0.9285714030265808
l_curve_0,815,0.17111127078533173,0.9285714030265808
l_curve_0,816,0.17075364291667938,0.9285714030265808
l_curve_0,817,0.17031539976596832,0.9464285969734192
l_curve_0,818,0.16989541053771973,0.9464285969734192
l_curve_0,819,0.16948828101158142,0.9464285969734192
l_curve_0,820,0.16917072236537933,0.9464285969734192
l_curve_0,821,0.16870583593845367,0.9464285969734192
l_curve_0,822,0.1683482825756073,0.9464285969734192
l_curve_0,823,0.16792358458042145,0.9464285969734192
l_curve_0,824,0.16762761771678925,0.9464285969734192
l_curve_0,825,0.1673962026834488,0.9464285969734192
l_curve_0,826,0.16695375740528107,0.9464285969734192
l_curve_0,827,0.1664735972881317,0.9464285969734192
l_curve_0,828,0.16626736521720886,0.9464285969734192
l_curve_0,829,0.16597063839435577,0.9464285969734192
l_curve_0,830,0.1655924767255783,0.9464285969734192
l_curve_0,831,0.16519151628017426,0.9464285969734192
l_curve_0,832,0.1647714227437973,0.9464285969734192
l_curve_0,833,0.16447721421718597,0.9464285969734192
l_curve_0,834,0.16411280632019043,0.9464285969734192
l_curve_0,835,0.16364867985248566,0.9464285969734192
l_curve_0,836,0.16316832602024078,0.9464285969734192
l_curve_0,837,0.16277243196964264,0.9464285969734192
l_curve_0,838,0.16250967979431152,0.9464285969734192
l_curve_0,839,0.1621631234884262,0.9464285969734192
l_curve_0,840,0.16178669035434723,0.9464285969734192
l_curve_0,841,0.16135171055793762,0.9464285969734192
l_curve_0,842,0.16110007464885712,0.9464285969734192
l_curve_0,843,0.16075699031352997,0.9464285969734192
l_curve_0,844,0.16045022010803223,0.9464285969734192
l_curve_0,845,0.16009147465229034,0.9464285969734192
l_curve_0,846,0.15975363552570343,0.9464285969734192
l_curve_0,847,0.15932834148406982,0.9464285969734192
l_curve_0,848,0.15900442004203796,0.9464285969734192
l_curve_0,849,0.15851320326328278,0.9464285969734192
l_curve_0,850,0.15818464756011963,0.9464285969734192
l_curve_0,851,0.15775881707668304,0.9464285969734192
l_curve_0,852,0.15740370750427246,0.9464285969734192
l_curve_0,853,0.15706399083137512,0.9464285969734192
l_curve_0,854,0.1566641628742218,0.9464285969734192
l_curve_0,855,0.15639492869377136,0.9464285969734192
l_curve_0,856,0.1562313288450241,0.9464285969734192
l_curve_0,857,0.15582075715065002,0.9464285969734192
l_curve_0,858,0.15535148978233337,0.9464285969734192
l_curve_0,859,0.15494833886623383,0.9464285969734192
l_curve_0,860,0.15459974110126495,0.9464285969734192
l_curve_0,861,0.1542961299419403,0.9464285969734192
l_curve_0,862,0.1540304273366928,0.9464285969734192
l_curve_0,863,0.1537298709154129,0.9464285969734192
l_curve_0,864,0.1533265858888626,0.9464285969734192
l_curve_0,865,0.15308573842048645,0.9464285969734192
l_curve_0,866,0.1527034193277359,0.9464285969734192
l_curve_0,867,0.1522362232208252,0.9464285969734192
l_curve_0,868,0.15200629830360413,0.9464285969734192
l_curve_0,869,0.1515369713306427,0.9464285969734192
l_curve_0,870,0.15113353729248047,0.9464285969734192
l_curve_0,871,0.15081655979156494,0.9464285969734192
l_curve_0,872,0.15048764646053314,0.9464285969734192
l_curve_0,873,0.15006621181964874,0.9464285969734192
l_curve_0,874,0.14972244203090668,0.9464285969734192
l_curve_0,875,0.14957891404628754,0.9464285969734192
l_curve_0,876,0.149222731590271,0.9464285969734192
l_curve_0,877,0.14894746243953705,0.9464285969734192
l_curve_0,878,0.1484060287475586,0.9464285969734192
l_curve_0,879,0.1479422152042389,0.9464285969734192
l_curve_0,880,0.1476026326417923,0.9464285969734192
l_curve_0,881,0.14732448756694794,0.9464285969734192
l_curve_0,882,0.14696785807609558,0.9464285969734192
l_curve_0,883,0.1467287838459015,0.9464285969734192
l_curve_0,884,0.14627578854560852,0.9464285969734192
l_curve_0,885,0.14604593813419342,0.9464285969734192
l_curve_0,886,0.14593864977359772,0.9464285969734192
l_curve_0,887,0.1454189121723175,0.9464285969734192
l_curve_0,888,0.14505457878112793,0.9464285969734192
l_curve_0,889,0.14472831785678864,0.9464285969734192
l_curve_0,890,0.14433638751506805,0.9464285969734192
l_curve_0,891,0.14402790367603302,0.9464285969734192
l_curve_0,892,0.14380452036857605,0.9464285969734192
l_curve_0,893,0.14336629211902618,0.9464285969734192
l_curve_0,894,0.1430840939283371,0.9464285969734192
l_curve_0,895,0.1427512913942337,0.9464285969734192
l_curve_0,896,0.1423340141773224,0.9464285969734192
l_curve_0,897,0.1421336531639099,0.9464285969734192
l_curve_0,898,0.14180366694927216,0.9464285969734192
l_curve_0,899,0.14154407382011414,0.9464285969734192
l_curve_0,900,0.14113223552703857,0.9464285969734192
l_curve_0,901,0.14090870320796967,0.9464285969734192
l_curve_0,902,0.14055804908275604,0.9464285969734192
l_curve_0,903,0.14021611213684082,0.9464285969734192
l_curve_0,904,0.1398715376853943,0.9464285969734192
l_curve_0,905,0.13956597447395325,0.9464285969734192
l_curve_0,906,0.1391417533159256,0.9464285969734192
l_curve_0,907,0.13873885571956635,0.9464285969734192
l_curve_0,908,0.13856153190135956,0.9464285969734192
l_curve_0,909,0.13818620145320892,0.9464285969734192
l_curve_0,910,0.13790743052959442,0.9464285969734192
l_curve_0,911,0.13761664927005768,0.9464285969734192
l_curve_0,912,0.1371910125017166,0.9464285969734192
l_curve_0,913,0.1368228942155838,0.9464285969734192
l_curve_0,914,0.13658665120601654,0.9464285969734192
l_curve_0,915,0.13627848029136658,0.9464285969734192
l_curve_0,916,0.13603375852108002,0.9464285969734192
l_curve_0,917,0.1357097327709198,0.9464285969734192
l_curve_0,918,0.13547955453395844,0.9464285969734192
l_curve_0,919,0.13515739142894745,0.9464285969734192
l_curve_0,920,0.13462863862514496,0.9464285969734192
l_curve_0,921,0.13434304296970367,0.9464285969734192
l_curve_0,922,0.13412363827228546,0.9464285969734192
l_curve_0,923,0.13389147818088531,0.9464285969734192
l_curve_0,924,0.13354232907295227,0.9464285969734192
l_curve_0,925,0.13312353193759918,0.9464285969734192
l_curve_0,926,0.13297557830810547,0.9464285969734192
l_curve_0,927,0.13254377245903015,0.9464285969734192
l_curve_0,928,0.13230352103710175,0.9464285969734192
l_curve_0,929,0.13201981782913208,0.9464285969734192
l_curve_0,930,0.13175220787525177,0.9464285969734192
l_curve_0,931,0.13129626214504242,0.9464285969734192
l_curve_0,932,0.13102836906909943,0.9464285969734192
l_curve_0,933,0.13077794015407562,0.9464285969734192
l_curve_0,934,0.13044951856136322,0.9464285969734192
l_curve_0,935,0.1302472949028015,0.9464285969734192
l_curve_0,936,0.129799485206604,0.9464285969734192
l_curve_0,937,0.12945905327796936,0.9464285969734192
l_curve_0,938,0.12909813225269318,0.9464285969734192
l_curve_0,939,0.12893281877040863,0.9464285969734192
l_curve_0,940,0.12879396975040436,0.9464285969734192
l_curve_0,941,0.12835781276226044,0.9464285969734192
l_curve_0,942,0.12792541086673737,0.9464285969734192
l_curve_0,943,0.12763234972953796,0.9464285969734192
l_curve_0,944,0.1274433583021164,0.9464285969734192
l_curve_0,945,0.1271924078464508,0.9464285969734192
l_curve_0,946,0.12687717378139496,0.9464285969734192
l_curve_0,947,0.12649741768836975,0.9642857313156128
l_curve_0,948,0.12632696330547333,0.9464285969734192
l_curve_0,949,0.1260174661874771,0.9642857313156128
l_curve_0,950,0.12564900517463684,0.9642857313156128
l_curve_0,951,0.12529326975345612,0.9642857313156128
l_curve_0,952,0.12495023012161255,0.9642857313156128
l_curve_0,953,0.12464845180511475,0.9642857313156128
l_curve_0,954,0.12438953667879105,0.9642857313156128
l_curve_0,955,0.12423934042453766,0.9642857313156128
l_curve_0,956,0.12393645942211151,0.9642857313156128
l_curve_0,957,0.12372207641601562,0.9642857313156128
l_curve_0,958,0.1234121322631836,0.9642857313156128
l_curve_0,959,0.12313050776720047,0.9642857313156128
l_curve_0,960,0.12281044572591782,0.9642857313156128
l_curve_0,961,0.12246938794851303,0.9642857313156128
l_curve_0,962,0.12213699519634247,0.9642857313156128
l_curve_0,963,0.12180527299642563,0.9642857313156128
l_curve_0,964,0.12154541909694672,0.9821428656578064
l_curve_0,965,0.12137594074010849,0.9821428656578064
l_curve_0,966,0.1210295781493187,0.9821428656578064
l_curve_0,967,0.12086546421051025,0.9821428656578064
l_curve_0,968,0.12050233036279678,0.9821428656578064
l_curve_0,969,0.12019564211368561,0.9821428656578064
l_curve_0,970,0.11999334394931793,0.9821428656578064
l_curve_0,971,0.11965042352676392,0.9821428656578064
l_curve_0,972,0.11933200806379318,0.9821428656578064
l_curve_0,973,0.11904407292604446,0.9821428656578064
l_curve_0,974,0.11889443546533585,0.9821428656578064
l_curve_0,975,0.11865247040987015,0.9821428656578064
l_curve_0,976,0.11833538115024567,0.9821428656578064
l_curve_0,977,0.1179046481847763,0.9821428656578064
l_curve_0,978,0.11758140474557877,0.9821428656578064
l_curve_0,979,0.11740509420633316,0.9821428656578064
l_curve_0,980,0.11725684255361557,0.9821428656578064
l_curve_0,981,0.11698351800441742,0.9821428656578064
l_curve_0,982,0.11666829884052277,0.9821428656578064
l_curve_0,983,0.11630868911743164,0.9821428656578064
l_curve_0,984,0.11608462780714035,0.9821428656578064
l_curve_0,985,0.11576806753873825,0.9821428656578064
l_curve_0,986,0.1154702752828598,0.9821428656578064
l_curve_0,987,0.1152605190873146,0.9821428656578064
l_curve_0,988,0.11506608873605728,0.9821428656578064
l_curve_0,989,0.11476225405931473,0.9821428656578064
l_curve_0,990,0.11450864374637604,0.9821428656578064
l_curve_0,991,0.114131860435009,0.9821428656578064
l_curve_0,992,0.11380789428949356,0.9821428656578064
l_curve_0,993,0.11359722912311554,0.9821428656578064
l_curve_0,994,0.11334548145532608,0.9821428656578064
l_curve_0,995,0.11311117559671402,0.9821428656578064
l_curve_0,996,0.11291682720184326,0.9821428656578064
l_curve_0,997,0.11262134462594986,0.9821428656578064
l_curve_0,998,0.1123013123869896,0.9821428656578064
l_curve_0,999,0.11206968873739243,0.9821428656578064
l_curve_0,1000,0.11176150292158127,0.9821428656578064
l_curve_0,1000,0.11176150292158127,0.9821428656578064
