client,round,loss,accuracy
l_curve_1,1,1.0742896795272827,0.5714285969734192
l_curve_1,2,1.053707480430603,0.5714285969734192
l_curve_1,3,1.0336483716964722,0.5714285969734192
l_curve_1,4,1.0142725706100464,0.5714285969734192
l_curve_1,5,0.9955548048019409,0.5714285969734192
l_curve_1,6,0.9779120087623596,0.5714285969734192
l_curve_1,7,0.9606798887252808,0.5714285969734192
l_curve_1,8,0.9442182779312134,0.5714285969734192
l_curve_1,9,0.9281312823295593,0.5714285969734192
l_curve_1,10,0.9128532409667969,0.5714285969734192
l_curve_1,11,0.8982381224632263,0.5714285969734192
l_curve_1,12,0.8839194178581238,0.5714285969734192
l_curve_1,13,0.8701966404914856,0.5714285969734192
l_curve_1,14,0.8571025133132935,0.5714285969734192
l_curve_1,15,0.8443804979324341,0.5714285969734192
l_curve_1,16,0.8322606682777405,0.5714285969734192
l_curve_1,17,0.8206602931022644,0.5714285969734192
l_curve_1,18,0.8095389008522034,0.5714285969734192
l_curve_1,19,0.798827588558197,0.5714285969734192
l_curve_1,20,0.7884265184402466,0.5714285969734192
l_curve_1,21,0.7784539461135864,0.5714285969734192
l_curve_1,22,0.7689482569694519,0.5714285969734192
l_curve_1,23,0.7597078680992126,0.5714285969734192
l_curve_1,24,0.7509617209434509,0.5892857313156128
l_curve_1,25,0.7424628138542175,0.6071428656578064
l_curve_1,26,0.7342500686645508,0.6071428656578064
l_curve_1,27,0.7263315916061401,0.625
l_curve_1,28,0.7186970114707947,0.625
l_curve_1,29,0.7113235592842102,0.6607142686843872
l_curve_1,30,0.7042620778083801,0.6607142686843872
l_curve_1,31,0.6974002122879028,0.6607142686843872
l_curve_1,32,0.690729022026062,0.6785714030265808
l_curve_1,33,0.684291422367096,0.6785714030265808
l_curve_1,34,0.6780662536621094,0.6785714030265808
l_curve_1,35,0.6720013618469238,0.6785714030265808
l_curve_1,36,0.6661164164543152,0.6785714030265808
l_curve_1,37,0.6604753136634827,0.6785714030265808
l_curve_1,38,0.6548704504966736,0.6964285969734192
l_curve_1,39,0.6495308876037598,0.6964285969734192
l_curve_1,40,0.644252359867096,0.7142857313156128
l_curve_1,41,0.6391471028327942,0.7142857313156128
l_curve_1,42,0.6340863108634949,0.7142857313156128
l_curve_1,43,0.6291569471359253,0.7321428656578064
l_curve_1,44,0.6243742108345032,0.7321428656578064
l_curve_1,45,0.6196616291999817,0.7321428656578064
l_curve_1,46,0.6150509119033813,0.6964285969734192
l_curve_1,47,0.6105719804763794,0.6964285969734192
l_curve_1,48,0.6061491370201111,0.6785714030265808
l_curve_1,49,0.6018033623695374,0.6964285969734192
l_curve_1,50,0.5975018739700317,0.6964285969734192
l_curve_1,51,0.5932914018630981,0.6964285969734192
l_curve_1,52,0.5891245603561401,0.6964285969734192
l_curve_1,53,0.5849694609642029,0.6964285969734192
l_curve_1,54,0.5810266137123108,0.7142857313156128
l_curve_1,55,0.5770512223243713,0.7142857313156128
l_curve_1,56,0.5732279419898987,0.7142857313156128
l_curve_1,57,0.5692797303199768,0.6964285969734192
l_curve_1,58,0.5654792785644531,0.6964285969734192
l_curve_1,59,0.5617823004722595,0.6964285969734192
l_curve_1,60,0.558218777179718,0.6964285969734192
l_curve_1,61,0.5545228123664856,0.6964285969734192
l_curve_1,62,0.5510064363479614,0.7142857313156128
l_curve_1,63,0.5474532246589661,0.7142857313156128
l_curve_1,64,0.5439990162849426,0.7142857313156128
l_curve_1,65,0.5407060384750366,0.7142857313156128
l_curve_1,66,0.5374587178230286,0.7321428656578064
l_curve_1,67,0.5340691804885864,0.75
l_curve_1,68,0.5307589173316956,0.75
l_curve_1,69,0.5275052785873413,0.75
l_curve_1,70,0.5243019461631775,0.75
l_curve_1,71,0.5212392210960388,0.75
l_curve_1,72,0.5181809663772583,0.75
l_curve_1,73,0.515162467956543,0.75
l_curve_1,74,0.5121036171913147,0.75
l_curve_1,75,0.509210467338562,0.75
l_curve_1,76,0.5062848925590515,0.7678571343421936
l_curve_1,77,0.5033677220344543,0.7678571343421936
l_curve_1,78,0.5005334615707397,0.7857142686843872
l_curve_1,79,0.4977671802043915,0.7857142686843872
l_curve_1,80,0.4950161278247833,0.8035714030265808
l_curve_1,81,0.4923262596130371,0.8035714030265808
l_curve_1,82,0.48975855112075806,0.8035714030265808
l_curve_1,83,0.4870269000530243,0.8035714030265808
l_curve_1,84,0.4844602942466736,0.8035714030265808
l_curve_1,85,0.48186102509498596,0.8035714030265808
l_curve_1,86,0.4793712794780731,0.8035714030265808
l_curve_1,87,0.4768655002117157,0.8035714030265808
l_curve_1,88,0.47437596321105957,0.8035714030265808
l_curve_1,89,0.47190597653388977,0.8214285969734192
l_curve_1,90,0.4695184528827667,0.8214285969734192
l_curve_1,91,0.4671957790851593,0.8214285969734192
l_curve_1,92,0.46486902236938477,0.8214285969734192
l_curve_1,93,0.4626011252403259,0.8214285969734192
l_curve_1,94,0.46031251549720764,0.8214285969734192
l_curve_1,95,0.45813003182411194,0.8214285969734192
l_curve_1,96,0.45593398809432983,0.8214285969734192
l_curve_1,97,0.4537826180458069,0.8214285969734192
l_curve_1,98,0.451639324426651,0.8214285969734192
l_curve_1,99,0.44941335916519165,0.8214285969734192
l_curve_1,100,0.44741910696029663,0.8214285969734192
l_curve_1,101,0.44533371925354004,0.8214285969734192
l_curve_1,102,0.4433114230632782,0.8214285969734192
l_curve_1,103,0.44134077429771423,0.8214285969734192
l_curve_1,104,0.43939849734306335,0.8214285969734192
l_curve_1,105,0.4374749958515167,0.8214285969734192
l_curve_1,106,0.43558451533317566,0.8214285969734192
l_curve_1,107,0.43372178077697754,0.8214285969734192
l_curve_1,108,0.4317951202392578,0.8214285969734192
l_curve_1,109,0.42989110946655273,0.8214285969734192
l_curve_1,110,0.4280843138694763,0.8214285969734192
l_curve_1,111,0.42628034949302673,0.8214285969734192
l_curve_1,112,0.42451921105384827,0.8214285969734192
l_curve_1,113,0.4227351248264313,0.8214285969734192
l_curve_1,114,0.42097949981689453,0.8214285969734192
l_curve_1,115,0.41933807730674744,0.8214285969734192
l_curve_1,116,0.4176329970359802,0.8214285969734192
l_curve_1,117,0.41599032282829285,0.8214285969734192
l_curve_1,118,0.4143402874469757,0.8214285969734192
l_curve_1,119,0.41275185346603394,0.8214285969734192
l_curve_1,120,0.4110845923423767,0.8392857313156128
l_curve_1,121,0.40946340560913086,0.8392857313156128
l_curve_1,122,0.40788763761520386,0.8392857313156128
l_curve_1,123,0.40638861060142517,0.8392857313156128
l_curve_1,124,0.4048849642276764,0.8392857313156128
l_curve_1,125,0.40339693427085876,0.8392857313156128
l_curve_1,126,0.40189313888549805,0.8392857313156128
l_curve_1,127,0.4004322588443756,0.8392857313156128
l_curve_1,128,0.3989289104938507,0.8392857313156128
l_curve_1,129,0.3974728584289551,0.8392857313156128
l_curve_1,130,0.3960573971271515,0.8392857313156128
l_curve_1,131,0.3946225345134735,0.8392857313156128
l_curve_1,132,0.39324063062667847,0.8392857313156128
l_curve_1,133,0.39193883538246155,0.8392857313156128
l_curve_1,134,0.39061006903648376,0.8392857313156128
l_curve_1,135,0.3893056809902191,0.8392857313156128
l_curve_1,136,0.38799425959587097,0.8392857313156128
l_curve_1,137,0.3866882026195526,0.8392857313156128
l_curve_1,138,0.38543373346328735,0.8392857313156128
l_curve_1,139,0.38419845700263977,0.8392857313156128
l_curve_1,140,0.38289326429367065,0.8392857313156128
l_curve_1,141,0.38164573907852173,0.8392857313156128
l_curve_1,142,0.3804236948490143,0.8392857313156128
l_curve_1,143,0.379268616437912,0.8392857313156128
l_curve_1,144,0.3781047463417053,0.8392857313156128
l_curve_1,145,0.37694528698921204,0.8392857313156128
l_curve_1,146,0.37580952048301697,0.8392857313156128
l_curve_1,147,0.37468644976615906,0.8392857313156128
l_curve_1,148,0.3735746741294861,0.8392857313156128
l_curve_1,149,0.37253108620643616,0.8392857313156128
l_curve_1,150,0.37141555547714233,0.8392857313156128
l_curve_1,151,0.37035155296325684,0.8392857313156128
l_curve_1,152,0.3693212866783142,0.8392857313156128
l_curve_1,153,0.36828356981277466,0.8392857313156128
l_curve_1,154,0.36725977063179016,0.8392857313156128
l_curve_1,155,0.36626577377319336,0.8392857313156128
l_curve_1,156,0.3652608096599579,0.8392857313156128
l_curve_1,157,0.3643273413181305,0.8392857313156128
l_curve_1,158,0.3634012043476105,0.8392857313156128
l_curve_1,159,0.3624621033668518,0.8392857313156128
l_curve_1,160,0.36156320571899414,0.8392857313156128
l_curve_1,161,0.3606564998626709,0.8392857313156128
l_curve_1,162,0.35977786779403687,0.8392857313156128
l_curve_1,163,0.3589335083961487,0.8392857313156128
l_curve_1,164,0.35808587074279785,0.8392857313156128
l_curve_1,165,0.35722336173057556,0.8392857313156128
l_curve_1,166,0.3563724160194397,0.8392857313156128
l_curve_1,167,0.35559940338134766,0.8571428656578064
l_curve_1,168,0.3548312783241272,0.8571428656578064
l_curve_1,169,0.3540649116039276,0.8571428656578064
l_curve_1,170,0.35331153869628906,0.8571428656578064
l_curve_1,171,0.3525649607181549,0.8571428656578064
l_curve_1,172,0.35184183716773987,0.8571428656578064
l_curve_1,173,0.3511408865451813,0.8571428656578064
l_curve_1,174,0.3504595458507538,0.8571428656578064
l_curve_1,175,0.34980377554893494,0.8571428656578064
l_curve_1,176,0.3491387367248535,0.8571428656578064
l_curve_1,177,0.3484790027141571,0.8571428656578064
l_curve_1,178,0.3478517532348633,0.8571428656578064
l_curve_1,179,0.3472480773925781,0.8571428656578064
l_curve_1,180,0.346623957157135,0.8571428656578064
l_curve_1,181,0.34603914618492126,0.8571428656578064
l_curve_1,182,0.3454539179801941,0.8571428656578064
l_curve_1,183,0.34487342834472656,0.8571428656578064
l_curve_1,184,0.34431979060173035,0.8571428656578064
l_curve_1,185,0.3437895178794861,0.8571428656578064
l_curve_1,186,0.3432629406452179,0.8571428656578064
l_curve_1,187,0.34276267886161804,0.8571428656578064
l_curve_1,188,0.3422591984272003,0.8571428656578064
l_curve_1,189,0.3417664170265198,0.8571428656578064
l_curve_1,190,0.34129053354263306,0.8571428656578064
l_curve_1,191,0.34084680676460266,0.8571428656578064
l_curve_1,192,0.34038954973220825,0.8571428656578064
l_curve_1,193,0.33993977308273315,0.8571428656578064
l_curve_1,194,0.33951452374458313,0.8571428656578064
l_curve_1,195,0.33911797404289246,0.8571428656578064
l_curve_1,196,0.3386998176574707,0.8571428656578064
l_curve_1,197,0.33830949664115906,0.8571428656578064
l_curve_1,198,0.33792513608932495,0.8571428656578064
l_curve_1,199,0.337534099817276,0.8571428656578064
l_curve_1,200,0.33718371391296387,0.8571428656578064
l_curve_1,201,0.336822509765625,0.8571428656578064
l_curve_1,202,0.336486279964447,0.8571428656578064
l_curve_1,203,0.33616119623184204,0.8571428656578064
l_curve_1,204,0.33583882451057434,0.8571428656578064
l_curve_1,205,0.3355248272418976,0.8571428656578064
l_curve_1,206,0.3352353274822235,0.8571428656578064
l_curve_1,207,0.3349488079547882,0.8571428656578064
l_curve_1,208,0.3346715569496155,0.8571428656578064
l_curve_1,209,0.3343871533870697,0.8571428656578064
l_curve_1,210,0.33411213755607605,0.8571428656578064
l_curve_1,211,0.3338513970375061,0.8571428656578064
l_curve_1,212,0.33359941840171814,0.8571428656578064
l_curve_1,213,0.33334383368492126,0.8571428656578064
l_curve_1,214,0.3331029713153839,0.8571428656578064
l_curve_1,215,0.3328833281993866,0.8571428656578064
l_curve_1,216,0.33267635107040405,0.8571428656578064
l_curve_1,217,0.33247655630111694,0.8571428656578064
l_curve_1,218,0.33227354288101196,0.8571428656578064
l_curve_1,219,0.33206066489219666,0.8571428656578064
l_curve_1,220,0.3318770229816437,0.8571428656578064
l_curve_1,221,0.33168962597846985,0.8571428656578064
l_curve_1,222,0.33149829506874084,0.8571428656578064
l_curve_1,223,0.3313440680503845,0.8571428656578064
l_curve_1,224,0.3311762809753418,0.8571428656578064
l_curve_1,225,0.33100536465644836,0.8571428656578064
l_curve_1,226,0.330863893032074,0.8571428656578064
l_curve_1,227,0.33072540163993835,0.8571428656578064
l_curve_1,228,0.33057841658592224,0.8571428656578064
l_curve_1,229,0.3304401934146881,0.8571428656578064
l_curve_1,230,0.3303224444389343,0.8571428656578064
l_curve_1,231,0.33019590377807617,0.875
l_curve_1,232,0.3300645351409912,0.875
l_curve_1,233,0.32992789149284363,0.875
l_curve_1,234,0.32981064915657043,0.875
l_curve_1,235,0.3297273516654968,0.875
l_curve_1,236,0.329632967710495,0.875
l_curve_1,237,0.32955071330070496,0.875
l_curve_1,238,0.32944366335868835,0.875
l_curve_1,239,0.32933956384658813,0.875
l_curve_1,240,0.3292558491230011,0.875
l_curve_1,241,0.3291836678981781,0.875
l_curve_1,242,0.32909923791885376,0.875
l_curve_1,243,0.3290303349494934,0.875
l_curve_1,244,0.32895371317863464,0.875
l_curve_1,245,0.32890790700912476,0.875
l_curve_1,246,0.32881975173950195,0.875
l_curve_1,247,0.3287617266178131,0.875
l_curve_1,248,0.32873600721359253,0.875
l_curve_1,249,0.3286704123020172,0.875
l_curve_1,250,0.32861343026161194,0.875
l_curve_1,251,0.3285483419895172,0.875
l_curve_1,252,0.3285258710384369,0.875
l_curve_1,253,0.3284997344017029,0.875
l_curve_1,254,0.3284613788127899,0.875
l_curve_1,255,0.32838550209999084,0.875
l_curve_1,256,0.3284012973308563,0.875
l_curve_1,257,0.32834306359291077,0.875
l_curve_1,258,0.3283059597015381,0.875
l_curve_1,259,0.32829147577285767,0.875
l_curve_1,260,0.32823723554611206,0.875
l_curve_1,261,0.32820960879325867,0.875
l_curve_1,262,0.32814857363700867,0.875
l_curve_1,263,0.3281024992465973,0.875
l_curve_1,264,0.3281506597995758,0.875
l_curve_1,265,0.32811522483825684,0.875
l_curve_1,266,0.3281572461128235,0.875
l_curve_1,267,0.32811254262924194,0.875
l_curve_1,268,0.32816001772880554,0.875
l_curve_1,269,0.32814890146255493,0.875
l_curve_1,270,0.32813677191734314,0.875
l_curve_1,271,0.3281410038471222,0.875
l_curve_1,272,0.32810598611831665,0.875
l_curve_1,273,0.328145831823349,0.875
l_curve_1,274,0.32814693450927734,0.875
l_curve_1,275,0.32813331484794617,0.875
l_curve_1,276,0.32814261317253113,0.875
l_curve_1,277,0.3281690180301666,0.875
l_curve_1,278,0.32814821600914,0.875
l_curve_1,279,0.32818588614463806,0.875
l_curve_1,280,0.32821375131607056,0.875
l_curve_1,281,0.32820385694503784,0.875
l_curve_1,282,0.3282047212123871,0.875
l_curve_1,283,0.32827630639076233,0.875
l_curve_1,284,0.32829761505126953,0.875
l_curve_1,285,0.32830196619033813,0.875
l_curve_1,286,0.3283013701438904,0.875
l_curve_1,287,0.3283216953277588,0.875
l_curve_1,288,0.32836034893989563,0.875
l_curve_1,289,0.32836467027664185,0.875
l_curve_1,290,0.32831668853759766,0.875
l_curve_1,291,0.32834523916244507,0.875
l_curve_1,292,0.32838010787963867,0.875
l_curve_1,293,0.32847151160240173,0.875
l_curve_1,294,0.3284292221069336,0.875
l_curve_1,295,0.328463613986969,0.875
l_curve_1,296,0.32850441336631775,0.875
l_curve_1,297,0.328521728515625,0.875
l_curve_1,298,0.3285842537879944,0.875
l_curve_1,299,0.32859960198402405,0.875
l_curve_1,300,0.32854148745536804,0.875
l_curve_1,301,0.32859161496162415,0.875
l_curve_1,302,0.3285963237285614,0.875
l_curve_1,303,0.32873234152793884,0.875
l_curve_1,304,0.3287322223186493,0.875
l_curve_1,305,0.32878297567367554,0.875
l_curve_1,306,0.3287723958492279,0.875
l_curve_1,307,0.3287530243396759,0.875
l_curve_1,308,0.3288399279117584,0.875
l_curve_1,309,0.32886791229248047,0.875
l_curve_1,310,0.32891055941581726,0.875
l_curve_1,311,0.32892799377441406,0.875
l_curve_1,312,0.3289583623409271,0.875
l_curve_1,313,0.3289685845375061,0.875
l_curve_1,314,0.32910045981407166,0.875
l_curve_1,315,0.3291187584400177,0.875
l_curve_1,316,0.3291034698486328,0.875
l_curve_1,317,0.32918351888656616,0.875
l_curve_1,318,0.329193115234375,0.875
l_curve_1,319,0.32916775345802307,0.875
l_curve_1,320,0.32920053601264954,0.875
l_curve_1,321,0.3292361795902252,0.875
l_curve_1,322,0.3292662501335144,0.875
l_curve_1,323,0.32925134897232056,0.875
l_curve_1,324,0.3292342722415924,0.875
l_curve_1,325,0.32935795187950134,0.875
l_curve_1,326,0.3294064402580261,0.875
l_curve_1,327,0.3294300436973572,0.875
l_curve_1,328,0.32943907380104065,0.875
l_curve_1,329,0.32947251200675964,0.875
l_curve_1,330,0.3294985890388489,0.875
l_curve_1,331,0.32961124181747437,0.875
l_curve_1,332,0.329575777053833,0.875
l_curve_1,333,0.32962459325790405,0.875
l_curve_1,334,0.3295978009700775,0.875
l_curve_1,335,0.3296060860157013,0.875
l_curve_1,336,0.3297235667705536,0.875
l_curve_1,337,0.32978472113609314,0.875
l_curve_1,338,0.32982656359672546,0.875
l_curve_1,339,0.32975345849990845,0.875
l_curve_1,340,0.3298007845878601,0.875
l_curve_1,341,0.32979482412338257,0.875
l_curve_1,342,0.3298474848270416,0.875
l_curve_1,343,0.32984501123428345,0.875
l_curve_1,344,0.3299493193626404,0.875
l_curve_1,345,0.33001041412353516,0.875
l_curve_1,346,0.33007845282554626,0.875
l_curve_1,347,0.33013492822647095,0.875
l_curve_1,348,0.33009418845176697,0.875
l_curve_1,349,0.33006149530410767,0.875
l_curve_1,350,0.330075740814209,0.875
l_curve_1,351,0.3301469385623932,0.875
l_curve_1,352,0.33012792468070984,0.875
l_curve_1,353,0.3300955593585968,0.875
l_curve_1,354,0.3302147388458252,0.875
l_curve_1,355,0.33025211095809937,0.875
l_curve_1,356,0.3302612602710724,0.875
l_curve_1,357,0.3302030563354492,0.875
l_curve_1,358,0.33022525906562805,0.875
l_curve_1,359,0.33034542202949524,0.875
l_curve_1,360,0.33034035563468933,0.875
l_curve_1,361,0.3303402364253998,0.875
l_curve_1,362,0.3303508162498474,0.875
l_curve_1,363,0.3304313123226166,0.875
l_curve_1,364,0.330470472574234,0.875
l_curve_1,365,0.3304656445980072,0.875
l_curve_1,366,0.3304462432861328,0.875
l_curve_1,367,0.33039093017578125,0.875
l_curve_1,368,0.3303774893283844,0.875
l_curve_1,369,0.33041951060295105,0.875
l_curve_1,370,0.33036789298057556,0.875
l_curve_1,371,0.3303980827331543,0.875
l_curve_1,372,0.3303947448730469,0.875
l_curve_1,373,0.3304239809513092,0.875
l_curve_1,374,0.33039188385009766,0.875
l_curve_1,375,0.3305136263370514,0.875
l_curve_1,376,0.3305344879627228,0.875
l_curve_1,377,0.3304316997528076,0.875
l_curve_1,378,0.33048945665359497,0.875
l_curve_1,379,0.33045700192451477,0.875
l_curve_1,380,0.3304448127746582,0.875
l_curve_1,381,0.3304438591003418,0.875
l_curve_1,382,0.330510675907135,0.875
l_curve_1,383,0.3304137587547302,0.875
l_curve_1,384,0.3303811252117157,0.875
l_curve_1,385,0.33040833473205566,0.875
l_curve_1,386,0.33044224977493286,0.875
l_curve_1,387,0.330459326505661,0.875
l_curve_1,388,0.3304223418235779,0.875
l_curve_1,389,0.33048132061958313,0.875
l_curve_1,390,0.33046451210975647,0.875
l_curve_1,391,0.33033958077430725,0.875
l_curve_1,392,0.33032581210136414,0.875
l_curve_1,393,0.3303241729736328,0.875
l_curve_1,394,0.33033159375190735,0.875
l_curve_1,395,0.3302640914916992,0.875
l_curve_1,396,0.3302178382873535,0.875
l_curve_1,397,0.33019617199897766,0.875
l_curve_1,398,0.3301832973957062,0.875
l_curve_1,399,0.3302200436592102,0.875
l_curve_1,400,0.3302591145038605,0.875
l_curve_1,401,0.3302535116672516,0.875
l_curve_1,402,0.3302158713340759,0.875
l_curve_1,403,0.3301466107368469,0.875
l_curve_1,404,0.3300700783729553,0.875
l_curve_1,405,0.32999226450920105,0.875
l_curve_1,406,0.3299424946308136,0.875
l_curve_1,407,0.32994794845581055,0.875
l_curve_1,408,0.3300330638885498,0.875
l_curve_1,409,0.33007004857063293,0.875
l_curve_1,410,0.32991528511047363,0.875
l_curve_1,411,0.32993265986442566,0.875
l_curve_1,412,0.32985860109329224,0.875
l_curve_1,413,0.32969388365745544,0.875
l_curve_1,414,0.329671174287796,0.875
l_curve_1,415,0.32954517006874084,0.875
l_curve_1,416,0.3295334279537201,0.875
l_curve_1,417,0.3296504318714142,0.875
l_curve_1,418,0.32953760027885437,0.875
l_curve_1,419,0.32941415905952454,0.875
l_curve_1,420,0.32938915491104126,0.875
l_curve_1,421,0.3293379247188568,0.875
l_curve_1,422,0.32928207516670227,0.875
l_curve_1,423,0.3292441964149475,0.875
l_curve_1,424,0.32916244864463806,0.875
l_curve_1,425,0.3291192054748535,0.875
l_curve_1,426,0.3290445804595947,0.875
l_curve_1,427,0.32899007201194763,0.875
l_curve_1,428,0.32889679074287415,0.875
l_curve_1,429,0.328852117061615,0.875
l_curve_1,430,0.3287603557109833,0.875
l_curve_1,431,0.3286721408367157,0.875
l_curve_1,432,0.3286955654621124,0.875
l_curve_1,433,0.32861247658729553,0.875
l_curve_1,434,0.32849839329719543,0.875
l_curve_1,435,0.328375905752182,0.875
l_curve_1,436,0.32832765579223633,0.875
l_curve_1,437,0.328319787979126,0.875
l_curve_1,438,0.32822051644325256,0.875
l_curve_1,439,0.3281206786632538,0.875
l_curve_1,440,0.3280000686645508,0.875
l_curve_1,441,0.32785895466804504,0.875
l_curve_1,442,0.32789966464042664,0.875
l_curve_1,443,0.3278317153453827,0.875
l_curve_1,444,0.32768887281417847,0.875
l_curve_1,445,0.32758134603500366,0.875
l_curve_1,446,0.32747289538383484,0.875
l_curve_1,447,0.3274040222167969,0.875
l_curve_1,448,0.32732194662094116,0.875
l_curve_1,449,0.32724928855895996,0.875
l_curve_1,450,0.32705697417259216,0.875
l_curve_1,451,0.32693997025489807,0.875
l_curve_1,452,0.3267195224761963,0.875
l_curve_1,453,0.3266472816467285,0.875
l_curve_1,454,0.32666903734207153,0.875
l_curve_1,455,0.3265596926212311,0.875
l_curve_1,456,0.32645225524902344,0.875
l_curve_1,457,0.32628870010375977,0.875
l_curve_1,458,0.3261259198188782,0.875
l_curve_1,459,0.32600948214530945,0.875
l_curve_1,460,0.3259541392326355,0.875
l_curve_1,461,0.32584136724472046,0.875
l_curve_1,462,0.32576027512550354,0.875
l_curve_1,463,0.32556942105293274,0.875
l_curve_1,464,0.3255116641521454,0.875
l_curve_1,465,0.32538604736328125,0.875
l_curve_1,466,0.32532820105552673,0.875
l_curve_1,467,0.3251402974128723,0.875
l_curve_1,468,0.32501575350761414,0.875
l_curve_1,469,0.3249584138393402,0.875
l_curve_1,470,0.32484546303749084,0.875
l_curve_1,471,0.324672132730484,0.875
l_curve_1,472,0.3245229125022888,0.875
l_curve_1,473,0.3245157301425934,0.875
l_curve_1,474,0.32452279329299927,0.875
l_curve_1,475,0.32430601119995117,0.875
l_curve_1,476,0.3241305947303772,0.875
l_curve_1,477,0.32381656765937805,0.875
l_curve_1,478,0.3236566185951233,0.875
l_curve_1,479,0.3233557343482971,0.875
l_curve_1,480,0.3232586979866028,0.875
l_curve_1,481,0.3232848346233368,0.875
l_curve_1,482,0.3231828510761261,0.875
l_curve_1,483,0.32302290201187134,0.875
l_curve_1,484,0.3229970633983612,0.875
l_curve_1,485,0.3228396773338318,0.875
l_curve_1,486,0.32263702154159546,0.875
l_curve_1,487,0.3224347233772278,0.875
l_curve_1,488,0.3223859667778015,0.875
l_curve_1,489,0.32212939858436584,0.875
l_curve_1,490,0.32203346490859985,0.875
l_curve_1,491,0.3218011260032654,0.875
l_curve_1,492,0.32169419527053833,0.875
l_curve_1,493,0.32151851058006287,0.875
l_curve_1,494,0.3213457465171814,0.875
l_curve_1,495,0.321276992559433,0.875
l_curve_1,496,0.32121869921684265,0.875
l_curve_1,497,0.320981502532959,0.875
l_curve_1,498,0.32072943449020386,0.875
l_curve_1,499,0.32047075033187866,0.875
l_curve_1,500,0.3203611969947815,0.875
l_curve_1,501,0.320238322019577,0.875
l_curve_1,502,0.32004907727241516,0.875
l_curve_1,503,0.3200130760669708,0.875
l_curve_1,504,0.31983447074890137,0.875
l_curve_1,505,0.31965383887290955,0.875
l_curve_1,506,0.3196025490760803,0.875
l_curve_1,507,0.31944459676742554,0.875
l_curve_1,508,0.319119393825531,0.875
l_curve_1,509,0.3188972473144531,0.875
l_curve_1,510,0.3187294006347656,0.875
l_curve_1,511,0.3186304271221161,0.875
l_curve_1,512,0.3184686005115509,0.875
l_curve_1,513,0.3182287812232971,0.875
l_curve_1,514,0.3180522322654724,0.875
l_curve_1,515,0.31786495447158813,0.875
l_curve_1,516,0.31765344738960266,0.875
l_curve_1,517,0.3174247145652771,0.875
l_curve_1,518,0.31723812222480774,0.875
l_curve_1,519,0.3170962333679199,0.875
l_curve_1,520,0.3169199526309967,0.875
l_curve_1,521,0.31673553586006165,0.875
l_curve_1,522,0.31637731194496155,0.875
l_curve_1,523,0.3161954879760742,0.875
l_curve_1,524,0.31603166460990906,0.875
l_curve_1,525,0.31591206789016724,0.875
l_curve_1,526,0.31568601727485657,0.875
l_curve_1,527,0.3155486285686493,0.875
l_curve_1,528,0.3153092861175537,0.875
l_curve_1,529,0.3151039481163025,0.875
l_curve_1,530,0.31486421823501587,0.875
l_curve_1,531,0.3146791160106659,0.875
l_curve_1,532,0.3145909905433655,0.875
l_curve_1,533,0.31434082984924316,0.875
l_curve_1,534,0.31414058804512024,0.875
l_curve_1,535,0.3139277994632721,0.875
l_curve_1,536,0.31372037529945374,0.875
l_curve_1,537,0.31341227889060974,0.875
l_curve_1,538,0.31322142481803894,0.875
l_curve_1,539,0.31297221779823303,0.875
l_curve_1,540,0.3126855492591858,0.875
l_curve_1,541,0.31244415044784546,0.875
l_curve_1,542,0.31226325035095215,0.875
l_curve_1,543,0.3121131360530853,0.875
l_curve_1,544,0.3118595778942108,0.875
l_curve_1,545,0.31175389885902405,0.875
l_curve_1,546,0.3114754259586334,0.875
l_curve_1,547,0.31119993329048157,0.875
l_curve_1,548,0.3109370172023773,0.875
l_curve_1,549,0.31081628799438477,0.875
l_curve_1,550,0.31058603525161743,0.875
l_curve_1,551,0.31027093529701233,0.875
l_curve_1,552,0.31002077460289,0.875
l_curve_1,553,0.30981260538101196,0.875
l_curve_1,554,0.30963632464408875,0.875
l_curve_1,555,0.30936381220817566,0.875
l_curve_1,556,0.3091881573200226,0.875
l_curve_1,557,0.3089692294597626,0.875
l_curve_1,558,0.308723509311676,0.875
l_curve_1,559,0.3083934783935547,0.875
l_curve_1,560,0.3080873191356659,0.875
l_curve_1,561,0.3078553080558777,0.875
l_curve_1,562,0.3076023459434509,0.875
l_curve_1,563,0.30732622742652893,0.875
l_curve_1,564,0.3070502281188965,0.875
l_curve_1,565,0.3067851960659027,0.875
l_curve_1,566,0.306526243686676,0.875
l_curve_1,567,0.3063073754310608,0.875
l_curve_1,568,0.30613088607788086,0.875
l_curve_1,569,0.30591168999671936,0.875
l_curve_1,570,0.3057001233100891,0.875
l_curve_1,571,0.30526280403137207,0.875
l_curve_1,572,0.3049803376197815,0.875
l_curve_1,573,0.30474430322647095,0.875
l_curve_1,574,0.304503858089447,0.875
l_curve_1,575,0.30433741211891174,0.875
l_curve_1,576,0.3039609491825104,0.875
l_curve_1,577,0.30353879928588867,0.875
l_curve_1,578,0.3032437860965729,0.875
l_curve_1,579,0.3031121790409088,0.875
l_curve_1,580,0.30275359749794006,0.875
l_curve_1,581,0.30254000425338745,0.875
l_curve_1,582,0.3022182285785675,0.875
l_curve_1,583,0.3019828498363495,0.875
l_curve_1,584,0.30173927545547485,0.875
l_curve_1,585,0.3016258776187897,0.875
l_curve_1,586,0.30128127336502075,0.875
l_curve_1,587,0.30098533630371094,0.875
l_curve_1,588,0.30071285367012024,0.875
l_curve_1,589,0.30041152238845825,0.875
l_curve_1,590,0.30009031295776367,0.875
l_curve_1,591,0.2997688353061676,0.875
l_curve_1,592,0.29934877157211304,0.875
l_curve_1,593,0.299011766910553,0.875
l_curve_1,594,0.2987349331378937,0.875
l_curve_1,595,0.29840996861457825,0.875
l_curve_1,596,0.2981671988964081,0.875
l_curve_1,597,0.2979387640953064,0.875
l_curve_1,598,0.29760047793388367,0.875
l_curve_1,599,0.2972765564918518,0.875
l_curve_1,600,0.2969784438610077,0.875
l_curve_1,601,0.2965981662273407,0.875
l_curve_1,602,0.2963506281375885,0.875
l_curve_1,603,0.29604700207710266,0.875
l_curve_1,604,0.29567617177963257,0.875
l_curve_1,605,0.29544681310653687,0.875
l_curve_1,606,0.29510921239852905,0.875
l_curve_1,607,0.2947928011417389,0.875
l_curve_1,608,0.29439577460289,0.875
l_curve_1,609,0.29412081837654114,0.875
l_curve_1,610,0.29373472929000854,0.8928571343421936
l_curve_1,611,0.2934363782405853,0.8928571343421936
l_curve_1,612,0.29323866963386536,0.8928571343421936
l_curve_1,613,0.2927626967430115,0.8928571343421936
l_curve_1,614,0.2925563156604767,0.8928571343421936
l_curve_1,615,0.29222774505615234,0.8928571343421936
l_curve_1,616,0.29183706641197205,0.8928571343421936
l_curve_1,617,0.29155024886131287,0.8928571343421936
l_curve_1,618,0.29118508100509644,0.8928571343421936
l_curve_1,619,0.2908289432525635,0.8928571343421936
l_curve_1,620,0.2904776632785797,0.8928571343421936
l_curve_1,621,0.29016903042793274,0.8928571343421936
l_curve_1,622,0.2898290455341339,0.8928571343421936
l_curve_1,623,0.2894638478755951,0.8928571343421936
l_curve_1,624,0.2891824543476105,0.8928571343421936
l_curve_1,625,0.2886795997619629,0.8928571343421936
l_curve_1,626,0.28840166330337524,0.8928571343421936
l_curve_1,627,0.28799208998680115,0.8928571343421936
l_curve_1,628,0.2876569628715515,0.8928571343421936
l_curve_1,629,0.2871287763118744,0.8928571343421936
l_curve_1,630,0.28696340322494507,0.8928571343421936
l_curve_1,631,0.28678378462791443,0.8928571343421936
l_curve_1,632,0.2863210141658783,0.8928571343421936
l_curve_1,633,0.28592321276664734,0.8928571343421936
l_curve_1,634,0.285430908203125,0.8928571343421936
l_curve_1,635,0.28517717123031616,0.8928571343421936
l_curve_1,636,0.28485381603240967,0.8928571343421936
l_curve_1,637,0.2845709025859833,0.8928571343421936
l_curve_1,638,0.2840711176395416,0.8928571343421936
l_curve_1,639,0.28369584679603577,0.8928571343421936
l_curve_1,640,0.2833011746406555,0.8928571343421936
l_curve_1,641,0.28296026587486267,0.8928571343421936
l_curve_1,642,0.2825961410999298,0.8928571343421936
l_curve_1,643,0.28231823444366455,0.8928571343421936
l_curve_1,644,0.28194931149482727,0.8928571343421936
l_curve_1,645,0.2815228998661041,0.8928571343421936
l_curve_1,646,0.2812073528766632,0.8928571343421936
l_curve_1,647,0.28073549270629883,0.8928571343421936
l_curve_1,648,0.28038015961647034,0.8928571343421936
l_curve_1,649,0.279875248670578,0.8928571343421936
l_curve_1,650,0.2795787751674652,0.8928571343421936
l_curve_1,651,0.2792796194553375,0.8928571343421936
l_curve_1,652,0.27893325686454773,0.8928571343421936
l_curve_1,653,0.27847832441329956,0.8928571343421936
l_curve_1,654,0.2781877815723419,0.8928571343421936
l_curve_1,655,0.27779945731163025,0.8928571343421936
l_curve_1,656,0.2773361802101135,0.8928571343421936
l_curve_1,657,0.2768683433532715,0.8928571343421936
l_curve_1,658,0.27655237913131714,0.8928571343421936
l_curve_1,659,0.2761647403240204,0.8928571343421936
l_curve_1,660,0.27574875950813293,0.8928571343421936
l_curve_1,661,0.27545565366744995,0.8928571343421936
l_curve_1,662,0.2750478684902191,0.8928571343421936
l_curve_1,663,0.27463260293006897,0.8928571343421936
l_curve_1,664,0.27415966987609863,0.8928571343421936
l_curve_1,665,0.2737809121608734,0.8928571343421936
l_curve_1,666,0.2733824551105499,0.8928571343421936
l_curve_1,667,0.27296167612075806,0.8928571343421936
l_curve_1,668,0.27241307497024536,0.8928571343421936
l_curve_1,669,0.27201125025749207,0.8928571343421936
l_curve_1,670,0.27162501215934753,0.8928571343421936
l_curve_1,671,0.2713281810283661,0.8928571343421936
l_curve_1,672,0.27094823122024536,0.8928571343421936
l_curve_1,673,0.2706284821033478,0.8928571343421936
l_curve_1,674,0.2700701355934143,0.8928571343421936
l_curve_1,675,0.26966607570648193,0.8928571343421936
l_curve_1,676,0.26923704147338867,0.8928571343421936
l_curve_1,677,0.2689400017261505,0.8928571343421936
l_curve_1,678,0.2684190273284912,0.8928571343421936
l_curve_1,679,0.26799076795578003,0.8928571343421936
l_curve_1,680,0.2676084041595459,0.8928571343421936
l_curve_1,681,0.2671319842338562,0.8928571343421936
l_curve_1,682,0.26675450801849365,0.8928571343421936
l_curve_1,683,0.2663744390010834,0.8928571343421936
l_curve_1,684,0.2659932076931,0.8928571343421936
l_curve_1,685,0.2655578553676605,0.8928571343421936
l_curve_1,686,0.2651713788509369,0.8928571343421936
l_curve_1,687,0.2648124694824219,0.8928571343421936
l_curve_1,688,0.26427778601646423,0.8928571343421936
l_curve_1,689,0.2638377249240875,0.8928571343421936
l_curve_1,690,0.2634454667568207,0.8928571343421936
l_curve_1,691,0.26301711797714233,0.8928571343421936
l_curve_1,692,0.26259151101112366,0.8928571343421936
l_curve_1,693,0.2620593011379242,0.8928571343421936
l_curve_1,694,0.26182061433792114,0.8928571343421936
l_curve_1,695,0.26140716671943665,0.8928571343421936
l_curve_1,696,0.26085636019706726,0.8928571343421936
l_curve_1,697,0.26030412316322327,0.8928571343421936
l_curve_1,698,0.2598784565925598,0.8928571343421936
l_curve_1,699,0.2594909369945526,0.8928571343421936
l_curve_1,700,0.25925710797309875,0.8928571343421936
l_curve_1,701,0.258712500333786,0.8928571343421936
l_curve_1,702,0.25825029611587524,0.8928571343421936
l_curve_1,703,0.2577372193336487,0.8928571343421936
l_curve_1,704,0.2573072910308838,0.8928571343421936
l_curve_1,705,0.25689083337783813,0.8928571343421936
l_curve_1,706,0.256462424993515,0.8928571343421936
l_curve_1,707,0.2561095058917999,0.8928571343421936
l_curve_1,708,0.255614310503006,0.8928571343421936
l_curve_1,709,0.25525689125061035,0.8928571343421936
l_curve_1,710,0.2548590302467346,0.8928571343421936
l_curve_1,711,0.25434157252311707,0.8928571343421936
l_curve_1,712,0.2538270950317383,0.8928571343421936
l_curve_1,713,0.25333043932914734,0.8928571343421936
l_curve_1,714,0.25286737084388733,0.8928571343421936
l_curve_1,715,0.2524198591709137,0.8928571343421936
l_curve_1,716,0.25201523303985596,0.8928571343421936
l_curve_1,717,0.2516660690307617,0.8928571343421936
l_curve_1,718,0.2511751651763916,0.8928571343421936
l_curve_1,719,0.25071853399276733,0.8928571343421936
l_curve_1,720,0.25031742453575134,0.8928571343421936
l_curve_1,721,0.2498684823513031,0.8928571343421936
l_curve_1,722,0.24932242929935455,0.8928571343421936
l_curve_1,723,0.24882173538208008,0.8928571343421936
l_curve_1,724,0.24836628139019012,0.8928571343421936
l_curve_1,725,0.2480301856994629,0.8928571343421936
l_curve_1,726,0.2476288229227066,0.8928571343421936
l_curve_1,727,0.2470490038394928,0.8928571343421936
l_curve_1,728,0.2466447353363037,0.8928571343421936
l_curve_1,729,0.2462516874074936,0.8928571343421936
l_curve_1,730,0.24586428701877594,0.8928571343421936
l_curve_1,731,0.2452964037656784,0.8928571343421936
l_curve_1,732,0.24487943947315216,0.8928571343421936
l_curve_1,733,0.24436506628990173,0.8928571343421936
l_curve_1,734,0.24374519288539886,0.8928571343421936
l_curve_1,735,0.2433939129114151,0.8928571343421936
l_curve_1,736,0.2429034411907196,0.8928571343421936
l_curve_1,737,0.24253030121326447,0.8928571343421936
l_curve_1,738,0.24193178117275238,0.8928571343421936
l_curve_1,739,0.2414497286081314,0.8928571343421936
l_curve_1,740,0.2408967763185501,0.8928571343421936
l_curve_1,741,0.24058713018894196,0.8928571343421936
l_curve_1,742,0.2399977445602417,0.8928571343421936
l_curve_1,743,0.23965194821357727,0.8928571343421936
l_curve_1,744,0.23913396894931793,0.8928571343421936
l_curve_1,745,0.23867617547512054,0.8928571343421936
l_curve_1,746,0.2381579875946045,0.8928571343421936
l_curve_1,747,0.23776306211948395,0.8928571343421936
l_curve_1,748,0.23744075000286102,0.8928571343421936
l_curve_1,749,0.23697121441364288,0.8928571343421936
l_curve_1,750,0.23645608127117157,0.8928571343421936
l_curve_1,751,0.23582659661769867,0.8928571343421936
l_curve_1,752,0.2354089319705963,0.8928571343421936
l_curve_1,753,0.23485973477363586,0.8928571343421936
l_curve_1,754,0.23445113003253937,0.8928571343421936
l_curve_1,755,0.23386427760124207,0.8928571343421936
l_curve_1,756,0.23331664502620697,0.8928571343421936
l_curve_1,757,0.23301434516906738,0.8928571343421936
l_curve_1,758,0.23251305520534515,0.8928571343421936
l_curve_1,759,0.23202171921730042,0.8928571343421936
l_curve_1,760,0.23166489601135254,0.8928571343421936
l_curve_1,761,0.23135493695735931,0.8928571343421936
l_curve_1,762,0.23106607794761658,0.8928571343421936
l_curve_1,763,0.2302822321653366,0.8928571343421936
l_curve_1,764,0.22969135642051697,0.8928571343421936
l_curve_1,765,0.2291567027568817,0.8928571343421936
l_curve_1,766,0.22869229316711426,0.8928571343421936
l_curve_1,767,0.2283177673816681,0.8928571343421936
l_curve_1,768,0.22791267931461334,0.8928571343421936
l_curve_1,769,0.2274300754070282,0.8928571343421936
l_curve_1,770,0.2268444299697876,0.8928571343421936
l_curve_1,771,0.22637081146240234,0.8928571343421936
l_curve_1,772,0.2259112447500229,0.8928571343421936
l_curve_1,773,0.2255927175283432,0.8928571343421936
l_curve_1,774,0.22487695515155792,0.8928571343421936
l_curve_1,775,0.22445376217365265,0.8928571343421936
l_curve_1,776,0.22409376502037048,0.8928571343421936
l_curve_1,777,0.2235829383134842,0.8928571343421936
l_curve_1,778,0.22303186357021332,0.8928571343421936
l_curve_1,779,0.22261741757392883,0.8928571343421936
l_curve_1,780,0.22213353216648102,0.8928571343421936
l_curve_1,781,0.22171370685100555,0.8928571343421936
l_curve_1,782,0.22118327021598816,0.8928571343421936
l_curve_1,783,0.2208433896303177,0.8928571343421936
l_curve_1,784,0.2203255593776703,0.8928571343421936
l_curve_1,785,0.2198265641927719,0.8928571343421936
l_curve_1,786,0.21938268840312958,0.8928571343421936
l_curve_1,787,0.2188718616962433,0.8928571343421936
l_curve_1,788,0.21845851838588715,0.8928571343421936
l_curve_1,789,0.21786202490329742,0.8928571343421936
l_curve_1,790,0.21744950115680695,0.8928571343421936
l_curve_1,791,0.2169678509235382,0.8928571343421936
l_curve_1,792,0.2164483219385147,0.8928571343421936
l_curve_1,793,0.21610014140605927,0.8928571343421936
l_curve_1,794,0.21560971438884735,0.8928571343421936
l_curve_1,795,0.2150956094264984,0.8928571343421936
l_curve_1,796,0.2146897166967392,0.8928571343421936
l_curve_1,797,0.21412499248981476,0.8928571343421936
l_curve_1,798,0.21363882720470428,0.8928571343421936
l_curve_1,799,0.2130950540304184,0.8928571343421936
l_curve_1,800,0.21264800429344177,0.8928571343421936
l_curve_1,801,0.21224746108055115,0.8928571343421936
l_curve_1,802,0.2117219716310501,0.8928571343421936
l_curve_1,803,0.21128787100315094,0.8928571343421936
l_curve_1,804,0.21087397634983063,0.8928571343421936
l_curve_1,805,0.2104683816432953,0.8928571343421936
l_curve_1,806,0.2099987268447876,0.8928571343421936
l_curve_1,807,0.2096375972032547,0.8928571343421936
l_curve_1,808,0.20913274586200714,0.8928571343421936
l_curve_1,809,0.20872490108013153,0.8928571343421936
l_curve_1,810,0.20827148854732513,0.8928571343421936
l_curve_1,811,0.20768989622592926,0.8928571343421936
l_curve_1,812,0.2072463035583496,0.8928571343421936
l_curve_1,813,0.20679208636283875,0.8928571343421936
l_curve_1,814,0.20623640716075897,0.8928571343421936
l_curve_1,815,0.20582696795463562,0.8928571343421936
l_curve_1,816,0.2052755355834961,0.8928571343421936
l_curve_1,817,0.20479781925678253,0.8928571343421936
l_curve_1,818,0.2043883055448532,0.8928571343421936
l_curve_1,819,0.20392672717571259,0.8928571343421936
l_curve_1,820,0.20345906913280487,0.8928571343421936
l_curve_1,821,0.20311596989631653,0.8928571343421936
l_curve_1,822,0.20267589390277863,0.8928571343421936
l_curve_1,823,0.20213834941387177,0.8928571343421936
l_curve_1,824,0.20160531997680664,0.8928571343421936
l_curve_1,825,0.2010851949453354,0.8928571343421936
l_curve_1,826,0.20065543055534363,0.8928571343421936
l_curve_1,827,0.20035569369792938,0.8928571343421936
l_curve_1,828,0.19977770745754242,0.8928571343421936
l_curve_1,829,0.19941852986812592,0.8928571343421936
l_curve_1,830,0.19904635846614838,0.8928571343421936
l_curve_1,831,0.19858254492282867,0.8928571343421936
l_curve_1,832,0.198103666305542,0.8928571343421936
l_curve_1,833,0.19762887060642242,0.8928571343421936
l_curve_1,834,0.19704143702983856,0.8928571343421936
l_curve_1,835,0.1967574805021286,0.8928571343421936
l_curve_1,836,0.19634778797626495,0.8928571343421936
l_curve_1,837,0.19587090611457825,0.8928571343421936
l_curve_1,838,0.19532814621925354,0.8928571343421936
l_curve_1,839,0.19495585560798645,0.8928571343421936
l_curve_1,840,0.19456982612609863,0.8928571343421936
l_curve_1,841,0.19411544501781464,0.8928571343421936
l_curve_1,842,0.1936798095703125,0.8928571343421936
l_curve_1,843,0.19319868087768555,0.8928571343421936
l_curve_1,844,0.19262583553791046,0.8928571343421936
l_curve_1,845,0.1921352595090866,0.8928571343421936
l_curve_1,846,0.19175371527671814,0.8928571343421936
l_curve_1,847,0.1913517564535141,0.8928571343421936
l_curve_1,848,0.19093438982963562,0.8928571343421936
l_curve_1,849,0.1905537098646164,0.8928571343421936
l_curve_1,850,0.19002588093280792,0.8928571343421936
l_curve_1,851,0.18962931632995605,0.8928571343421936
l_curve_1,852,0.18924067914485931,0.8928571343421936
l_curve_1,853,0.18872904777526855,0.8928571343421936
l_curve_1,854,0.18843314051628113,0.8928571343421936
l_curve_1,855,0.1878940314054489,0.8928571343421936
l_curve_1,856,0.1874096691608429,0.8928571343421936
l_curve_1,857,0.1868819147348404,0.8928571343421936
l_curve_1,858,0.1865307241678238,0.8928571343421936
l_curve_1,859,0.1862364560365677,0.8928571343421936
l_curve_1,860,0.18578970432281494,0.8928571343421936
l_curve_1,861,0.18532760441303253,0.8928571343421936
l_curve_1,862,0.18484891951084137,0.8928571343421936
l_curve_1,863,0.1844082623720169,0.8928571343421936
l_curve_1,864,0.18398144841194153,0.8928571343421936
l_curve_1,865,0.18353107571601868,0.8928571343421936
l_curve_1,866,0.18306967616081238,0.8928571343421936
l_curve_1,867,0.18273912370204926,0.8928571343421936
l_curve_1,868,0.18230506777763367,0.8928571343421936
l_curve_1,869,0.18197152018547058,0.8928571343421936
l_curve_1,870,0.18158043920993805,0.8928571343421936
l_curve_1,871,0.18120267987251282,0.8928571343421936
l_curve_1,872,0.18073974549770355,0.8928571343421936
l_curve_1,873,0.18030159175395966,0.8928571343421936
l_curve_1,874,0.17982687056064606,0.8928571343421936
l_curve_1,875,0.17934690415859222,0.8928571343421936
l_curve_1,876,0.17890970408916473,0.8928571343421936
l_curve_1,877,0.1784704476594925,0.8928571343421936
l_curve_1,878,0.17821036279201508,0.8928571343421936
l_curve_1,879,0.17780159413814545,0.8928571343421936
l_curve_1,880,0.17745593190193176,0.8928571343421936
l_curve_1,881,0.17715811729431152,0.8928571343421936
l_curve_1,882,0.17665593326091766,0.8928571343421936
l_curve_1,883,0.17611615359783173,0.8928571343421936
l_curve_1,884,0.175788015127182,0.8928571343421936
l_curve_1,885,0.17532560229301453,0.8928571343421936
l_curve_1,886,0.17487044632434845,0.8928571343421936
l_curve_1,887,0.17454542219638824,0.8928571343421936
l_curve_1,888,0.17412735521793365,0.8928571343421936
l_curve_1,889,0.17364025115966797,0.8928571343421936
l_curve_1,890,0.17332656681537628,0.8928571343421936
l_curve_1,891,0.17302091419696808,0.8928571343421936
l_curve_1,892,0.17255160212516785,0.8928571343421936
l_curve_1,893,0.1721285730600357,0.8928571343421936
l_curve_1,894,0.17183223366737366,0.8928571343421936
l_curve_1,895,0.1713084876537323,0.8928571343421936
l_curve_1,896,0.17087139189243317,0.8928571343421936
l_curve_1,897,0.17055092751979828,0.8928571343421936
l_curve_1,898,0.17019960284233093,0.8928571343421936
l_curve_1,899,0.16967299580574036,0.8928571343421936
l_curve_1,900,0.16918858885765076,0.8928571343421936
l_curve_1,901,0.1688602715730667,0.8928571343421936
l_curve_1,902,0.16854159533977509,0.8928571343421936
l_curve_1,903,0.16814754903316498,0.8928571343421936
l_curve_1,904,0.16772295534610748,0.8928571343421936
l_curve_1,905,0.1673721969127655,0.8928571343421936
l_curve_1,906,0.16701702773571014,0.8928571343421936
l_curve_1,907,0.16673710942268372,0.8928571343421936
l_curve_1,908,0.16636444628238678,0.8928571343421936
l_curve_1,909,0.16599495708942413,0.8928571343421936
l_curve_1,910,0.1654834896326065,0.8928571343421936
l_curve_1,911,0.16494126617908478,0.8928571343421936
l_curve_1,912,0.16460926830768585,0.8928571343421936
l_curve_1,913,0.16436393558979034,0.8928571343421936
l_curve_1,914,0.16390360891819,0.8928571343421936
l_curve_1,915,0.163553386926651,0.8928571343421936
l_curve_1,916,0.16315563023090363,0.8928571343421936
l_curve_1,917,0.1628749519586563,0.8928571343421936
l_curve_1,918,0.1624295860528946,0.8928571343421936
l_curve_1,919,0.1620260626077652,0.8928571343421936
l_curve_1,920,0.16168718039989471,0.8928571343421936
l_curve_1,921,0.16133512556552887,0.8928571343421936
l_curve_1,922,0.160866379737854,0.8928571343421936
l_curve_1,923,0.16045720875263214,0.8928571343421936
l_curve_1,924,0.16016735136508942,0.8928571343421936
l_curve_1,925,0.15977047383785248,0.8928571343421936
l_curve_1,926,0.15935833752155304,0.8928571343421936
l_curve_1,927,0.1589953899383545,0.8928571343421936
l_curve_1,928,0.15864171087741852,0.8928571343421936
l_curve_1,929,0.15825165808200836,0.8928571343421936
l_curve_1,930,0.15787672996520996,0.8928571343421936
l_curve_1,931,0.15747007727622986,0.8928571343421936
l_curve_1,932,0.1571427434682846,0.8928571343421936
l_curve_1,933,0.1567772775888443,0.8928571343421936
l_curve_1,934,0.15656569600105286,0.8928571343421936
l_curve_1,935,0.1561620533466339,0.8928571343421936
l_curve_1,936,0.15577633678913116,0.8928571343421936
l_curve_1,937,0.15545670688152313,0.8928571343421936
l_curve_1,938,0.15517984330654144,0.8928571343421936
l_curve_1,939,0.1547105610370636,0.8928571343421936
l_curve_1,940,0.15435899794101715,0.9107142686843872
l_curve_1,941,0.15387022495269775,0.9107142686843872
l_curve_1,942,0.15347358584403992,0.9107142686843872
l_curve_1,943,0.15323598682880402,0.9107142686843872
l_curve_1,944,0.1529519408941269,0.9107142686843872
l_curve_1,945,0.15256094932556152,0.9107142686843872
l_curve_1,946,0.15214334428310394,0.9107142686843872
l_curve_1,947,0.15187165141105652,0.9107142686843872
l_curve_1,948,0.15156152844429016,0.9107142686843872
l_curve_1,949,0.15118983387947083,0.9107142686843872
l_curve_1,950,0.1509263515472412,0.9107142686843872
l_curve_1,951,0.15044400095939636,0.9107142686843872
l_curve_1,952,0.150025874376297,0.9107142686843872
l_curve_1,953,0.14977505803108215,0.9107142686843872
l_curve_1,954,0.1494886428117752,0.9107142686843872
l_curve_1,955,0.14898574352264404,0.9107142686843872
l_curve_1,956,0.14869992434978485,0.9107142686843872
l_curve_1,957,0.1484033167362213,0.9107142686843872
l_curve_1,958,0.14801645278930664,0.9107142686843872
l_curve_1,959,0.1476537138223648,0.9107142686843872
l_curve_1,960,0.14734287559986115,0.9107142686843872
l_curve_1,961,0.14695501327514648,0.9107142686843872
l_curve_1,962,0.14671477675437927,0.9107142686843872
l_curve_1,963,0.1463489830493927,0.9107142686843872
l_curve_1,964,0.14597786962985992,0.9107142686843872
l_curve_1,965,0.1456872671842575,0.9107142686843872
l_curve_1,966,0.1453455537557602,0.9107142686843872
l_curve_1,967,0.14498023688793182,0.9107142686843872
l_curve_1,968,0.14469695091247559,0.9107142686843872
l_curve_1,969,0.1444045454263687,0.9107142686843872
l_curve_1,970,0.14409565925598145,0.9107142686843872
l_curve_1,971,0.14374004304409027,0.9107142686843872
l_curve_1,972,0.14338290691375732,0.9107142686843872
l_curve_1,973,0.14308689534664154,0.9107142686843872
l_curve_1,974,0.14270272850990295,0.9107142686843872
l_curve_1,975,0.1424073874950409,0.9107142686843872
l_curve_1,976,0.14199505746364594,0.9107142686843872
l_curve_1,977,0.1416805535554886,0.9107142686843872
l_curve_1,978,0.14144738018512726,0.9107142686843872
l_curve_1,979,0.14110462367534637,0.9107142686843872
l_curve_1,980,0.14074869453907013,0.9107142686843872
l_curve_1,981,0.14038632810115814,0.9107142686843872
l_curve_1,982,0.14014723896980286,0.9107142686843872
l_curve_1,983,0.1397751271724701,0.9107142686843872
l_curve_1,984,0.13938872516155243,0.9107142686843872
l_curve_1,985,0.13914945721626282,0.9107142686843872
l_curve_1,986,0.13873997330665588,0.9285714030265808
l_curve_1,987,0.13851623237133026,0.9285714030265808
l_curve_1,988,0.13813516497612,0.9285714030265808
l_curve_1,989,0.1379048228263855,0.9285714030265808
l_curve_1,990,0.13764116168022156,0.9285714030265808
l_curve_1,991,0.13726477324962616,0.9285714030265808
l_curve_1,992,0.13682106137275696,0.9285714030265808
l_curve_1,993,0.13648860156536102,0.9285714030265808
l_curve_1,994,0.13622061908245087,0.9285714030265808
l_curve_1,995,0.1359882950782776,0.9285714030265808
l_curve_1,996,0.13563887774944305,0.9285714030265808
l_curve_1,997,0.1353723406791687,0.9285714030265808
l_curve_1,998,0.13509055972099304,0.9285714030265808
l_curve_1,999,0.13481372594833374,0.9285714030265808
l_curve_1,1000,0.13448521494865417,0.9285714030265808
l_curve_1,1000,0.13448521494865417,0.9285714030265808
