client,round,loss,accuracy
nofed,1,0.7842791676521301,0.21875
nofed,2,0.7783910632133484,0.21875
nofed,3,0.7726642489433289,0.234375
nofed,4,0.7671300172805786,0.25
nofed,5,0.7616900205612183,0.25
nofed,6,0.756439208984375,0.265625
nofed,7,0.7514131665229797,0.28125
nofed,8,0.7464866638183594,0.265625
nofed,9,0.7417517900466919,0.375
nofed,10,0.7369272112846375,0.5
nofed,11,0.7321553230285645,0.5
nofed,12,0.7274667024612427,0.5
nofed,13,0.722881019115448,0.453125
nofed,14,0.7182363271713257,0.46875
nofed,15,0.713624119758606,0.46875
nofed,16,0.7090777158737183,0.484375
nofed,17,0.7043728828430176,0.484375
nofed,18,0.6997255086898804,0.484375
nofed,19,0.6948451995849609,0.484375
nofed,20,0.6901212930679321,0.484375
nofed,21,0.685245931148529,0.5
nofed,22,0.6802340745925903,0.53125
nofed,23,0.675294041633606,0.546875
nofed,24,0.6701341271400452,0.546875
nofed,25,0.6648876070976257,0.609375
nofed,26,0.6595569849014282,0.625
nofed,27,0.6542253494262695,0.65625
nofed,28,0.648587703704834,0.71875
nofed,29,0.6429711580276489,0.78125
nofed,30,0.6374163031578064,0.765625
nofed,31,0.631600022315979,0.796875
nofed,32,0.6256138682365417,0.828125
nofed,33,0.6194743514060974,0.84375
nofed,34,0.6133513450622559,0.84375
nofed,35,0.6070719361305237,0.84375
nofed,36,0.6006361246109009,0.84375
nofed,37,0.5940309166908264,0.828125
nofed,38,0.587579607963562,0.828125
nofed,39,0.5810918807983398,0.8125
nofed,40,0.5745018720626831,0.8125
nofed,41,0.5678011178970337,0.8125
nofed,42,0.5610194206237793,0.8125
nofed,43,0.5544624328613281,0.8125
nofed,44,0.5477941632270813,0.8125
nofed,45,0.5410985946655273,0.828125
nofed,46,0.5346264839172363,0.828125
nofed,47,0.5280426740646362,0.828125
nofed,48,0.5215121507644653,0.828125
nofed,49,0.5151084065437317,0.84375
nofed,50,0.5087242126464844,0.84375
nofed,51,0.5026392936706543,0.84375
nofed,52,0.4965572953224182,0.84375
nofed,53,0.4906766414642334,0.84375
nofed,54,0.4850045144557953,0.84375
nofed,55,0.4793679416179657,0.84375
nofed,56,0.47388696670532227,0.84375
nofed,57,0.46865975856781006,0.84375
nofed,58,0.4634472131729126,0.84375
nofed,59,0.4585159122943878,0.828125
nofed,60,0.45367521047592163,0.828125
nofed,61,0.4491550326347351,0.828125
nofed,62,0.4446600675582886,0.828125
nofed,63,0.440303772687912,0.8125
nofed,64,0.4361829161643982,0.8125
nofed,65,0.4322688579559326,0.8125
nofed,66,0.42836907505989075,0.8125
nofed,67,0.42475563287734985,0.8125
nofed,68,0.42130154371261597,0.8125
nofed,69,0.41801732778549194,0.828125
nofed,70,0.4148586392402649,0.828125
nofed,71,0.4117136597633362,0.828125
nofed,72,0.4087825417518616,0.828125
nofed,73,0.4059818983078003,0.828125
nofed,74,0.4034392833709717,0.828125
nofed,75,0.40092089772224426,0.828125
nofed,76,0.39840641617774963,0.828125
nofed,77,0.39602938294410706,0.828125
nofed,78,0.39388522505760193,0.828125
nofed,79,0.3917142152786255,0.828125
nofed,80,0.3896074891090393,0.828125
nofed,81,0.38761627674102783,0.828125
nofed,82,0.3857057988643646,0.828125
nofed,83,0.38392308354377747,0.828125
nofed,84,0.3821658790111542,0.828125
nofed,85,0.38052186369895935,0.828125
nofed,86,0.3789726197719574,0.828125
nofed,87,0.37744343280792236,0.828125
nofed,88,0.3759573698043823,0.828125
nofed,89,0.3745155930519104,0.828125
nofed,90,0.3731306791305542,0.828125
nofed,91,0.37177467346191406,0.828125
nofed,92,0.37040960788726807,0.828125
nofed,93,0.3692704439163208,0.828125
nofed,94,0.36805590987205505,0.828125
nofed,95,0.3669596016407013,0.828125
nofed,96,0.36580607295036316,0.828125
nofed,97,0.3647700548171997,0.828125
nofed,98,0.36374351382255554,0.828125
nofed,99,0.362684041261673,0.828125
nofed,100,0.36172789335250854,0.828125
nofed,101,0.360821008682251,0.828125
nofed,102,0.3598499894142151,0.828125
nofed,103,0.3589322566986084,0.828125
nofed,104,0.3580198287963867,0.828125
nofed,105,0.3571564555168152,0.828125
nofed,106,0.3563729524612427,0.828125
nofed,107,0.3555607795715332,0.828125
nofed,108,0.35479485988616943,0.828125
nofed,109,0.35406550765037537,0.828125
nofed,110,0.3532487154006958,0.828125
nofed,111,0.35259103775024414,0.828125
nofed,112,0.35188618302345276,0.828125
nofed,113,0.35123971104621887,0.828125
nofed,114,0.35062551498413086,0.828125
nofed,115,0.34992438554763794,0.828125
nofed,116,0.34930917620658875,0.828125
nofed,117,0.3487001061439514,0.828125
nofed,118,0.3481028079986572,0.828125
nofed,119,0.34753990173339844,0.8125
nofed,120,0.3468993306159973,0.828125
nofed,121,0.3463987112045288,0.828125
nofed,122,0.34576869010925293,0.828125
nofed,123,0.3453536629676819,0.828125
nofed,124,0.3448145091533661,0.828125
nofed,125,0.3443499505519867,0.828125
nofed,126,0.34382155537605286,0.828125
nofed,127,0.34342822432518005,0.828125
nofed,128,0.3430062532424927,0.828125
nofed,129,0.34247928857803345,0.84375
nofed,130,0.34206423163414,0.84375
nofed,131,0.3416106104850769,0.84375
nofed,132,0.3412351608276367,0.84375
nofed,133,0.3407128155231476,0.84375
nofed,134,0.34025439620018005,0.84375
nofed,135,0.33992815017700195,0.84375
nofed,136,0.339499294757843,0.84375
nofed,137,0.33923718333244324,0.84375
nofed,138,0.33898571133613586,0.84375
nofed,139,0.33863306045532227,0.84375
nofed,140,0.3383529782295227,0.84375
nofed,141,0.33810919523239136,0.84375
nofed,142,0.3377225995063782,0.84375
nofed,143,0.33736327290534973,0.84375
nofed,144,0.33705437183380127,0.84375
nofed,145,0.33680498600006104,0.84375
nofed,146,0.3365830183029175,0.84375
nofed,147,0.3362186551094055,0.84375
nofed,148,0.3359900712966919,0.84375
nofed,149,0.3358335793018341,0.84375
nofed,150,0.3356360197067261,0.84375
nofed,151,0.3354024291038513,0.84375
nofed,152,0.33518582582473755,0.84375
nofed,153,0.3350398540496826,0.84375
nofed,154,0.33474481105804443,0.84375
nofed,155,0.33459001779556274,0.84375
nofed,156,0.3343008756637573,0.84375
nofed,157,0.33418118953704834,0.84375
nofed,158,0.3339189291000366,0.84375
nofed,159,0.3337283134460449,0.84375
nofed,160,0.33354663848876953,0.84375
nofed,161,0.3333843946456909,0.84375
nofed,162,0.3332895338535309,0.84375
nofed,163,0.33313214778900146,0.84375
nofed,164,0.3329734206199646,0.84375
nofed,165,0.332790732383728,0.84375
nofed,166,0.33275067806243896,0.84375
nofed,167,0.33254289627075195,0.84375
nofed,168,0.33244219422340393,0.84375
nofed,169,0.332217276096344,0.84375
nofed,170,0.3321308195590973,0.84375
nofed,171,0.33204203844070435,0.84375
nofed,172,0.3319079577922821,0.84375
nofed,173,0.3317048251628876,0.84375
nofed,174,0.3316798210144043,0.84375
nofed,175,0.3316129446029663,0.84375
nofed,176,0.33147257566452026,0.84375
nofed,177,0.33135688304901123,0.84375
nofed,178,0.3312358856201172,0.84375
nofed,179,0.33125796914100647,0.84375
nofed,180,0.33103036880493164,0.84375
nofed,181,0.3309706449508667,0.84375
nofed,182,0.3309851288795471,0.84375
nofed,183,0.33083152770996094,0.84375
nofed,184,0.33071357011795044,0.84375
nofed,185,0.33060750365257263,0.84375
nofed,186,0.3305346369743347,0.84375
nofed,187,0.33041924238204956,0.84375
nofed,188,0.33037474751472473,0.84375
nofed,189,0.33029603958129883,0.84375
nofed,190,0.3301743268966675,0.84375
nofed,191,0.3301807641983032,0.84375
nofed,192,0.3300313353538513,0.859375
nofed,193,0.3299393355846405,0.859375
nofed,194,0.32991838455200195,0.859375
nofed,195,0.3298147916793823,0.859375
nofed,196,0.32979816198349,0.859375
nofed,197,0.32972562313079834,0.859375
nofed,198,0.32970356941223145,0.84375
nofed,199,0.3296660780906677,0.84375
nofed,200,0.3295779526233673,0.84375
nofed,201,0.32947877049446106,0.859375
nofed,202,0.32955899834632874,0.84375
nofed,203,0.32946455478668213,0.84375
nofed,204,0.3293241858482361,0.859375
nofed,205,0.3293098211288452,0.859375
nofed,206,0.3291623890399933,0.859375
nofed,207,0.3291689157485962,0.859375
nofed,208,0.329068660736084,0.859375
nofed,209,0.32902759313583374,0.859375
nofed,210,0.3290173411369324,0.859375
nofed,211,0.3289780020713806,0.859375
nofed,212,0.32893192768096924,0.859375
nofed,213,0.32879722118377686,0.859375
nofed,214,0.3286799192428589,0.859375
nofed,215,0.328750878572464,0.859375
nofed,216,0.32868263125419617,0.859375
nofed,217,0.3286249041557312,0.859375
nofed,218,0.3286271393299103,0.859375
nofed,219,0.32860267162323,0.859375
nofed,220,0.3286069929599762,0.859375
nofed,221,0.32859838008880615,0.84375
nofed,222,0.3284909129142761,0.859375
nofed,223,0.3284357488155365,0.859375
nofed,224,0.32835498452186584,0.859375
nofed,225,0.32827645540237427,0.859375
nofed,226,0.32831183075904846,0.859375
nofed,227,0.32830244302749634,0.84375
nofed,228,0.32815462350845337,0.859375
nofed,229,0.3281489312648773,0.859375
nofed,230,0.3281443119049072,0.859375
nofed,231,0.3281044065952301,0.859375
nofed,232,0.32803013920783997,0.859375
nofed,233,0.3280227482318878,0.859375
nofed,234,0.3279957175254822,0.859375
nofed,235,0.3279837667942047,0.859375
nofed,236,0.3279939889907837,0.859375
nofed,237,0.3278924822807312,0.859375
nofed,238,0.32782721519470215,0.859375
nofed,239,0.3278135657310486,0.859375
nofed,240,0.3278964161872864,0.84375
nofed,241,0.32778191566467285,0.859375
nofed,242,0.32784172892570496,0.84375
nofed,243,0.32774263620376587,0.859375
nofed,244,0.3277169466018677,0.859375
nofed,245,0.32758939266204834,0.859375
nofed,246,0.32761549949645996,0.859375
nofed,247,0.32758629322052,0.859375
nofed,248,0.327514111995697,0.859375
nofed,249,0.3274591267108917,0.859375
nofed,250,0.3275179862976074,0.859375
nofed,251,0.32746121287345886,0.859375
nofed,252,0.32748687267303467,0.859375
nofed,253,0.3274554908275604,0.859375
nofed,254,0.32745376229286194,0.859375
nofed,255,0.327312171459198,0.859375
nofed,256,0.3273252248764038,0.859375
nofed,257,0.327312171459198,0.859375
nofed,258,0.32723987102508545,0.859375
nofed,259,0.3272770643234253,0.859375
nofed,260,0.32731133699417114,0.859375
nofed,261,0.3272261917591095,0.859375
nofed,262,0.3270973563194275,0.859375
nofed,263,0.32705724239349365,0.859375
nofed,264,0.32700157165527344,0.859375
nofed,265,0.3271181583404541,0.859375
nofed,266,0.32701271772384644,0.859375
nofed,267,0.3270360231399536,0.859375
nofed,268,0.32692956924438477,0.859375
nofed,269,0.3269783854484558,0.859375
nofed,270,0.32703253626823425,0.84375
nofed,271,0.32695990800857544,0.859375
nofed,272,0.32693567872047424,0.859375
nofed,273,0.3268357813358307,0.859375
nofed,274,0.3268499970436096,0.859375
nofed,275,0.326897531747818,0.84375
nofed,276,0.3268921673297882,0.859375
nofed,277,0.32681819796562195,0.859375
nofed,278,0.3267785310745239,0.859375
nofed,279,0.3268563151359558,0.84375
nofed,280,0.32677847146987915,0.84375
nofed,281,0.32670700550079346,0.859375
nofed,282,0.32664191722869873,0.859375
nofed,283,0.3266388177871704,0.859375
nofed,284,0.3266523778438568,0.859375
nofed,285,0.32660746574401855,0.859375
nofed,286,0.32657498121261597,0.859375
nofed,287,0.326559454202652,0.859375
nofed,288,0.3265610337257385,0.859375
nofed,289,0.3265670835971832,0.859375
nofed,290,0.32655441761016846,0.859375
nofed,291,0.326463520526886,0.859375
nofed,292,0.32649028301239014,0.859375
nofed,293,0.32640987634658813,0.859375
nofed,294,0.3264405131340027,0.859375
nofed,295,0.32643768191337585,0.859375
nofed,296,0.32640165090560913,0.859375
nofed,297,0.32631832361221313,0.859375
nofed,298,0.3263312578201294,0.859375
nofed,299,0.3263125419616699,0.859375
nofed,300,0.3262809216976166,0.859375
nofed,301,0.32625845074653625,0.859375
nofed,302,0.32623928785324097,0.859375
nofed,303,0.3262174725532532,0.859375
nofed,304,0.3262677788734436,0.84375
nofed,305,0.3262083828449249,0.859375
nofed,306,0.3262077569961548,0.859375
nofed,307,0.32615530490875244,0.859375
nofed,308,0.32608383893966675,0.859375
nofed,309,0.32608354091644287,0.859375
nofed,310,0.3261201083660126,0.859375
nofed,311,0.32609397172927856,0.859375
nofed,312,0.32598990201950073,0.859375
nofed,313,0.3259883522987366,0.859375
nofed,314,0.32596319913864136,0.859375
nofed,315,0.326002299785614,0.84375
nofed,316,0.3260291814804077,0.84375
nofed,317,0.3259866237640381,0.84375
nofed,318,0.325908899307251,0.859375
nofed,319,0.32588261365890503,0.859375
nofed,320,0.32588106393814087,0.859375
nofed,321,0.3258347511291504,0.859375
nofed,322,0.3258509337902069,0.859375
nofed,323,0.3257811963558197,0.859375
nofed,324,0.32573986053466797,0.859375
nofed,325,0.32578110694885254,0.859375
nofed,326,0.3257150948047638,0.859375
nofed,327,0.32570886611938477,0.859375
nofed,328,0.3256846070289612,0.859375
nofed,329,0.32579541206359863,0.84375
nofed,330,0.32584521174430847,0.84375
nofed,331,0.3257237672805786,0.859375
nofed,332,0.32565879821777344,0.859375
nofed,333,0.32572242617607117,0.84375
nofed,334,0.3256687521934509,0.84375
nofed,335,0.325586199760437,0.859375
nofed,336,0.32561928033828735,0.84375
nofed,337,0.3256029486656189,0.84375
nofed,338,0.3255060911178589,0.859375
nofed,339,0.32554733753204346,0.84375
nofed,340,0.3255540430545807,0.84375
nofed,341,0.3254510760307312,0.859375
nofed,342,0.3255116045475006,0.84375
nofed,343,0.32558339834213257,0.84375
nofed,344,0.32541152834892273,0.859375
nofed,345,0.32547348737716675,0.84375
nofed,346,0.3253241777420044,0.859375
nofed,347,0.3253796100616455,0.859375
nofed,348,0.3254029452800751,0.859375
nofed,349,0.3254496455192566,0.84375
nofed,350,0.32544177770614624,0.84375
nofed,351,0.3253704905509949,0.84375
nofed,352,0.32529115676879883,0.859375
nofed,353,0.32527410984039307,0.84375
nofed,354,0.32534554600715637,0.84375
nofed,355,0.325377494096756,0.84375
nofed,356,0.3252106010913849,0.84375
nofed,357,0.32520344853401184,0.84375
nofed,358,0.3252377510070801,0.84375
nofed,359,0.3251340389251709,0.84375
nofed,360,0.32520657777786255,0.84375
nofed,361,0.3251311480998993,0.84375
nofed,362,0.32520920038223267,0.84375
nofed,363,0.3251960277557373,0.84375
nofed,364,0.3251663148403168,0.84375
nofed,365,0.325162798166275,0.84375
nofed,366,0.3250752389431,0.84375
nofed,367,0.32506680488586426,0.84375
nofed,368,0.3250235319137573,0.84375
nofed,369,0.32508569955825806,0.84375
nofed,370,0.3251142203807831,0.84375
nofed,371,0.3250587582588196,0.84375
nofed,372,0.325044184923172,0.84375
nofed,373,0.3248971700668335,0.84375
nofed,374,0.32492077350616455,0.84375
nofed,375,0.3249334692955017,0.84375
nofed,376,0.324900358915329,0.84375
nofed,377,0.3248351216316223,0.859375
nofed,378,0.3248870372772217,0.84375
nofed,379,0.3249770402908325,0.84375
nofed,380,0.32489991188049316,0.84375
nofed,381,0.324801504611969,0.84375
nofed,382,0.32482248544692993,0.84375
nofed,383,0.32486459612846375,0.84375
nofed,384,0.32490745186805725,0.84375
nofed,385,0.32480502128601074,0.84375
nofed,386,0.32477590441703796,0.84375
nofed,387,0.3247191905975342,0.84375
nofed,388,0.3247542679309845,0.84375
nofed,389,0.32472822070121765,0.84375
nofed,390,0.32455819845199585,0.84375
nofed,391,0.3246076703071594,0.84375
nofed,392,0.32463696599006653,0.84375
nofed,393,0.32457470893859863,0.84375
nofed,394,0.3246142268180847,0.84375
nofed,395,0.3245677947998047,0.84375
nofed,396,0.3246086537837982,0.84375
nofed,397,0.3245375454425812,0.84375
nofed,398,0.32447969913482666,0.84375
nofed,399,0.32455378770828247,0.84375
nofed,400,0.3245125412940979,0.84375
nofed,401,0.3245035409927368,0.84375
nofed,402,0.32449203729629517,0.84375
nofed,403,0.3244614005088806,0.84375
nofed,404,0.32440075278282166,0.84375
nofed,405,0.3244282007217407,0.84375
nofed,406,0.32446300983428955,0.84375
nofed,407,0.3244659900665283,0.84375
nofed,408,0.32440581917762756,0.84375
nofed,409,0.32431161403656006,0.84375
nofed,410,0.32436686754226685,0.84375
nofed,411,0.3243619203567505,0.84375
nofed,412,0.32439881563186646,0.84375
nofed,413,0.3244628608226776,0.84375
nofed,414,0.3243979811668396,0.84375
nofed,415,0.3244091868400574,0.84375
nofed,416,0.32439684867858887,0.84375
nofed,417,0.32430803775787354,0.84375
nofed,418,0.3241398334503174,0.84375
nofed,419,0.3242890238761902,0.84375
nofed,420,0.32422566413879395,0.84375
nofed,421,0.3241444230079651,0.84375
nofed,422,0.32413798570632935,0.84375
nofed,423,0.3240613043308258,0.84375
nofed,424,0.3242046535015106,0.84375
nofed,425,0.32411226630210876,0.84375
nofed,426,0.3240623474121094,0.84375
nofed,427,0.3240729868412018,0.84375
nofed,428,0.32409799098968506,0.84375
nofed,429,0.3240693509578705,0.84375
nofed,430,0.32400429248809814,0.84375
nofed,431,0.32397717237472534,0.84375
nofed,432,0.3240374028682709,0.84375
nofed,433,0.32406312227249146,0.84375
nofed,434,0.32402145862579346,0.84375
nofed,435,0.324079692363739,0.84375
nofed,436,0.3240162134170532,0.84375
nofed,437,0.3239363431930542,0.84375
nofed,438,0.323891818523407,0.84375
nofed,439,0.3239870071411133,0.84375
nofed,440,0.3239676356315613,0.84375
nofed,441,0.3238615393638611,0.84375
nofed,442,0.32387930154800415,0.84375
nofed,443,0.3238565921783447,0.84375
nofed,444,0.3238786458969116,0.84375
nofed,445,0.3238725960254669,0.84375
nofed,446,0.3238826394081116,0.84375
nofed,447,0.3238755166530609,0.84375
nofed,448,0.3237535059452057,0.84375
nofed,449,0.323846697807312,0.84375
nofed,450,0.3238736689090729,0.84375
nofed,451,0.32384222745895386,0.84375
nofed,452,0.3238448202610016,0.84375
nofed,453,0.3237379193305969,0.84375
nofed,454,0.3237682580947876,0.84375
nofed,455,0.32371610403060913,0.84375
nofed,456,0.3236817717552185,0.84375
nofed,457,0.32365041971206665,0.84375
nofed,458,0.3237212002277374,0.84375
nofed,459,0.32356682419776917,0.84375
nofed,460,0.3236965239048004,0.84375
nofed,461,0.32366272807121277,0.84375
nofed,462,0.3236284852027893,0.84375
nofed,463,0.3236275911331177,0.84375
nofed,464,0.32356178760528564,0.84375
nofed,465,0.3236035406589508,0.84375
nofed,466,0.32357490062713623,0.84375
nofed,467,0.32354819774627686,0.84375
nofed,468,0.32348743081092834,0.84375
nofed,469,0.32347241044044495,0.84375
nofed,470,0.32338279485702515,0.84375
nofed,471,0.3234676122665405,0.84375
nofed,472,0.323487788438797,0.84375
nofed,473,0.3234705328941345,0.84375
nofed,474,0.32340312004089355,0.84375
nofed,475,0.32339805364608765,0.84375
nofed,476,0.3234846293926239,0.84375
nofed,477,0.3234400749206543,0.84375
nofed,478,0.3234088718891144,0.84375
nofed,479,0.32338666915893555,0.84375
nofed,480,0.3234364986419678,0.84375
nofed,481,0.3234848976135254,0.84375
nofed,482,0.3233673870563507,0.84375
nofed,483,0.32337433099746704,0.84375
nofed,484,0.32340893149375916,0.84375
nofed,485,0.32339417934417725,0.84375
nofed,486,0.32330596446990967,0.84375
nofed,487,0.3232106566429138,0.84375
nofed,488,0.3231968283653259,0.84375
nofed,489,0.32323211431503296,0.84375
nofed,490,0.32321012020111084,0.84375
nofed,491,0.32328230142593384,0.84375
nofed,492,0.3233445882797241,0.84375
nofed,493,0.3233220875263214,0.84375
nofed,494,0.32329338788986206,0.84375
nofed,495,0.32327526807785034,0.84375
nofed,496,0.3231881558895111,0.84375
nofed,497,0.3232113718986511,0.84375
nofed,498,0.32314732670783997,0.84375
nofed,499,0.3231327533721924,0.84375
nofed,500,0.32302597165107727,0.84375
nofed,501,0.32304394245147705,0.84375
nofed,502,0.3231690526008606,0.84375
nofed,503,0.3230454623699188,0.84375
nofed,504,0.3231017291545868,0.84375
nofed,505,0.3230518698692322,0.84375
nofed,506,0.32306182384490967,0.84375
nofed,507,0.3230118751525879,0.84375
nofed,508,0.3229679465293884,0.84375
nofed,509,0.3230316936969757,0.84375
nofed,510,0.32295727729797363,0.84375
nofed,511,0.32296329736709595,0.84375
nofed,512,0.3229035437107086,0.84375
nofed,513,0.322937548160553,0.84375
nofed,514,0.32298827171325684,0.84375
nofed,515,0.3229348659515381,0.84375
nofed,516,0.3228262662887573,0.84375
nofed,517,0.32277005910873413,0.84375
nofed,518,0.3228428363800049,0.84375
nofed,519,0.322922945022583,0.84375
nofed,520,0.32283705472946167,0.84375
nofed,521,0.32284462451934814,0.84375
nofed,522,0.32288962602615356,0.84375
nofed,523,0.32278478145599365,0.84375
nofed,524,0.3227752447128296,0.84375
nofed,525,0.3228278160095215,0.84375
nofed,526,0.32286614179611206,0.84375
nofed,527,0.32280343770980835,0.84375
nofed,528,0.32280203700065613,0.84375
nofed,529,0.32270944118499756,0.84375
nofed,530,0.3227453827857971,0.84375
nofed,531,0.32273441553115845,0.84375
nofed,532,0.32278281450271606,0.84375
nofed,533,0.3227922022342682,0.84375
nofed,534,0.3227474093437195,0.84375
nofed,535,0.3227367699146271,0.84375
nofed,536,0.32284408807754517,0.84375
nofed,537,0.3227158486843109,0.84375
nofed,538,0.3226211667060852,0.84375
nofed,539,0.32258424162864685,0.84375
nofed,540,0.3225916624069214,0.84375
nofed,541,0.32256609201431274,0.84375
nofed,542,0.3224819302558899,0.84375
nofed,543,0.3225739002227783,0.84375
nofed,544,0.3225107491016388,0.84375
nofed,545,0.32256025075912476,0.84375
nofed,546,0.3225024342536926,0.84375
nofed,547,0.32247743010520935,0.84375
nofed,548,0.32242295145988464,0.84375
nofed,549,0.3224508464336395,0.84375
nofed,550,0.3224075734615326,0.84375
nofed,551,0.3223358988761902,0.84375
nofed,552,0.32236194610595703,0.84375
nofed,553,0.3223944306373596,0.84375
nofed,554,0.32244372367858887,0.84375
nofed,555,0.32256919145584106,0.84375
nofed,556,0.3225805163383484,0.84375
nofed,557,0.3225857615470886,0.84375
nofed,558,0.322492778301239,0.84375
nofed,559,0.3224315047264099,0.84375
nofed,560,0.3224100172519684,0.84375
nofed,561,0.3223869800567627,0.84375
nofed,562,0.3223485052585602,0.84375
nofed,563,0.3222249746322632,0.84375
nofed,564,0.322331964969635,0.84375
nofed,565,0.3223520517349243,0.84375
nofed,566,0.32232439517974854,0.84375
nofed,567,0.3223319947719574,0.84375
nofed,568,0.32231390476226807,0.84375
nofed,569,0.32225629687309265,0.84375
nofed,570,0.32224923372268677,0.84375
nofed,571,0.32221299409866333,0.84375
nofed,572,0.3221282958984375,0.84375
nofed,573,0.322246253490448,0.84375
nofed,574,0.3221226930618286,0.84375
nofed,575,0.3221338391304016,0.84375
nofed,576,0.3221728503704071,0.84375
nofed,577,0.3222459852695465,0.84375
nofed,578,0.32222092151641846,0.84375
nofed,579,0.32224035263061523,0.84375
nofed,580,0.3220272660255432,0.84375
nofed,581,0.3221743404865265,0.84375
nofed,582,0.32204997539520264,0.84375
nofed,583,0.3221316933631897,0.84375
nofed,584,0.3220106363296509,0.84375
nofed,585,0.32200974225997925,0.84375
nofed,586,0.32209327816963196,0.84375
nofed,587,0.32204023003578186,0.84375
nofed,588,0.32206034660339355,0.84375
nofed,589,0.32200193405151367,0.84375
nofed,590,0.32207345962524414,0.84375
nofed,591,0.322107195854187,0.84375
nofed,592,0.3220411539077759,0.84375
nofed,593,0.3220473527908325,0.84375
nofed,594,0.32209086418151855,0.84375
nofed,595,0.32196545600891113,0.84375
nofed,596,0.3219456672668457,0.84375
nofed,597,0.3218676745891571,0.84375
nofed,598,0.32200318574905396,0.84375
nofed,599,0.3219183385372162,0.84375
nofed,600,0.32197391986846924,0.84375
nofed,601,0.32193073630332947,0.84375
nofed,602,0.3218616247177124,0.84375
nofed,603,0.32181912660598755,0.84375
nofed,604,0.3218872547149658,0.84375
nofed,605,0.32186511158943176,0.84375
nofed,606,0.32179999351501465,0.84375
nofed,607,0.32192909717559814,0.84375
nofed,608,0.32186439633369446,0.84375
nofed,609,0.321905255317688,0.84375
nofed,610,0.32188257575035095,0.84375
nofed,611,0.3218965530395508,0.84375
nofed,612,0.3218567967414856,0.84375
nofed,613,0.32182204723358154,0.84375
nofed,614,0.32175886631011963,0.84375
nofed,615,0.3217434883117676,0.84375
nofed,616,0.32178765535354614,0.84375
nofed,617,0.32174938917160034,0.84375
nofed,618,0.321662038564682,0.84375
nofed,619,0.3217126131057739,0.84375
nofed,620,0.32170993089675903,0.84375
nofed,621,0.32175660133361816,0.84375
nofed,622,0.3217521905899048,0.84375
nofed,623,0.321632444858551,0.84375
nofed,624,0.32166919112205505,0.84375
nofed,625,0.3216209411621094,0.84375
nofed,626,0.32171499729156494,0.84375
nofed,627,0.32167208194732666,0.84375
nofed,628,0.3217064440250397,0.84375
nofed,629,0.3215625286102295,0.84375
nofed,630,0.32152634859085083,0.84375
nofed,631,0.3214232325553894,0.84375
nofed,632,0.32146430015563965,0.84375
nofed,633,0.32162195444107056,0.84375
nofed,634,0.32155993580818176,0.84375
nofed,635,0.3214470446109772,0.84375
nofed,636,0.3214401602745056,0.84375
nofed,637,0.321472704410553,0.84375
nofed,638,0.3214982748031616,0.84375
nofed,639,0.32152727246284485,0.84375
nofed,640,0.3214866518974304,0.84375
nofed,641,0.3214995563030243,0.84375
nofed,642,0.3215112090110779,0.84375
nofed,643,0.32143348455429077,0.84375
nofed,644,0.3214910626411438,0.84375
nofed,645,0.3214172124862671,0.84375
nofed,646,0.32141393423080444,0.84375
nofed,647,0.3215455710887909,0.84375
nofed,648,0.32153719663619995,0.84375
nofed,649,0.3214835226535797,0.84375
nofed,650,0.3214447498321533,0.84375
nofed,651,0.3214108645915985,0.84375
nofed,652,0.3214554786682129,0.84375
nofed,653,0.321466326713562,0.84375
nofed,654,0.3213399052619934,0.84375
nofed,655,0.3213483691215515,0.84375
nofed,656,0.32124418020248413,0.84375
nofed,657,0.32131636142730713,0.84375
nofed,658,0.3214259147644043,0.84375
nofed,659,0.32140451669692993,0.84375
nofed,660,0.3213009536266327,0.84375
nofed,661,0.32130345702171326,0.84375
nofed,662,0.3213447034358978,0.84375
nofed,663,0.3213213086128235,0.84375
nofed,664,0.3212774395942688,0.84375
nofed,665,0.3212246298789978,0.84375
nofed,666,0.3212284743785858,0.84375
nofed,667,0.3212682902812958,0.84375
nofed,668,0.3210904002189636,0.84375
nofed,669,0.3210703134536743,0.84375
nofed,670,0.3211492896080017,0.84375
nofed,671,0.3212302625179291,0.84375
nofed,672,0.3211368918418884,0.84375
nofed,673,0.32121169567108154,0.84375
nofed,674,0.32119905948638916,0.84375
nofed,675,0.3212504982948303,0.84375
nofed,676,0.32118523120880127,0.84375
nofed,677,0.3211963474750519,0.84375
nofed,678,0.32117751240730286,0.84375
nofed,679,0.3211987316608429,0.84375
nofed,680,0.3211369514465332,0.84375
nofed,681,0.3210573196411133,0.84375
nofed,682,0.3211785554885864,0.84375
nofed,683,0.32107481360435486,0.84375
nofed,684,0.3210395574569702,0.84375
nofed,685,0.3210342526435852,0.84375
nofed,686,0.32120704650878906,0.828125
nofed,687,0.32103246450424194,0.84375
nofed,688,0.3210115134716034,0.84375
nofed,689,0.3210434913635254,0.84375
nofed,690,0.3209885358810425,0.84375
nofed,691,0.3209899961948395,0.84375
nofed,692,0.3209614157676697,0.84375
nofed,693,0.32091522216796875,0.84375
nofed,694,0.32105809450149536,0.84375
nofed,695,0.32103878259658813,0.84375
nofed,696,0.32104337215423584,0.84375
nofed,697,0.32097047567367554,0.84375
nofed,698,0.32101672887802124,0.84375
nofed,699,0.32099586725234985,0.84375
nofed,700,0.3211137652397156,0.828125
nofed,701,0.3209344148635864,0.84375
nofed,702,0.3208453357219696,0.84375
nofed,703,0.32074761390686035,0.84375
nofed,704,0.3208731412887573,0.84375
nofed,705,0.32092246413230896,0.84375
nofed,706,0.3208862245082855,0.84375
nofed,707,0.32081902027130127,0.84375
nofed,708,0.3207474648952484,0.84375
nofed,709,0.3209267854690552,0.84375
nofed,710,0.3208956718444824,0.84375
nofed,711,0.32081741094589233,0.84375
nofed,712,0.32077667117118835,0.84375
nofed,713,0.3208658695220947,0.84375
nofed,714,0.3208591341972351,0.84375
nofed,715,0.32067880034446716,0.84375
nofed,716,0.3207375407218933,0.84375
nofed,717,0.32083699107170105,0.84375
nofed,718,0.3208707869052887,0.84375
nofed,719,0.3208901286125183,0.84375
nofed,720,0.32078996300697327,0.84375
nofed,721,0.32076793909072876,0.84375
nofed,722,0.3206879198551178,0.84375
nofed,723,0.3206765353679657,0.84375
nofed,724,0.32061567902565,0.84375
nofed,725,0.32063028216362,0.84375
nofed,726,0.32065820693969727,0.84375
nofed,727,0.3206672668457031,0.84375
nofed,728,0.32072702050209045,0.84375
nofed,729,0.3207457959651947,0.84375
nofed,730,0.3207092881202698,0.84375
nofed,731,0.320686012506485,0.84375
nofed,732,0.32068854570388794,0.828125
nofed,733,0.3206161856651306,0.84375
nofed,734,0.32068008184432983,0.84375
nofed,735,0.32062289118766785,0.84375
nofed,736,0.3206077814102173,0.84375
nofed,737,0.32059144973754883,0.84375
nofed,738,0.32048487663269043,0.84375
nofed,739,0.32060760259628296,0.84375
nofed,740,0.3206022083759308,0.84375
nofed,741,0.32051926851272583,0.84375
nofed,742,0.3205376863479614,0.84375
nofed,743,0.3204813301563263,0.84375
nofed,744,0.3205009698867798,0.84375
nofed,745,0.32046669721603394,0.84375
nofed,746,0.32045477628707886,0.84375
nofed,747,0.3204578161239624,0.84375
nofed,748,0.32052934169769287,0.84375
nofed,749,0.3205023407936096,0.84375
nofed,750,0.3205620348453522,0.84375
nofed,751,0.32057031989097595,0.84375
nofed,752,0.32047951221466064,0.84375
nofed,753,0.3204461932182312,0.84375
nofed,754,0.3204702138900757,0.84375
nofed,755,0.3205304443836212,0.84375
nofed,756,0.32052260637283325,0.84375
nofed,757,0.3204984664916992,0.84375
nofed,758,0.32051610946655273,0.84375
nofed,759,0.3204217553138733,0.84375
nofed,760,0.3203825056552887,0.84375
nofed,761,0.3203556537628174,0.84375
nofed,762,0.320328027009964,0.84375
nofed,763,0.32027602195739746,0.84375
nofed,764,0.3203975558280945,0.84375
nofed,765,0.32036077976226807,0.84375
nofed,766,0.32036009430885315,0.84375
nofed,767,0.3203583359718323,0.84375
nofed,768,0.3203323781490326,0.84375
nofed,769,0.32025086879730225,0.84375
nofed,770,0.3203745186328888,0.84375
nofed,771,0.32033801078796387,0.84375
nofed,772,0.32023680210113525,0.84375
nofed,773,0.32008713483810425,0.84375
nofed,774,0.3201466500759125,0.84375
nofed,775,0.3201722204685211,0.84375
nofed,776,0.32012784481048584,0.84375
nofed,777,0.32029423117637634,0.84375
nofed,778,0.3202589452266693,0.84375
nofed,779,0.3203756809234619,0.828125
nofed,780,0.3202744126319885,0.84375
nofed,781,0.32013431191444397,0.84375
nofed,782,0.3202178478240967,0.84375
nofed,783,0.3201395571231842,0.84375
nofed,784,0.3200984001159668,0.84375
nofed,785,0.3202054500579834,0.84375
nofed,786,0.3202074468135834,0.84375
nofed,787,0.32025083899497986,0.84375
nofed,788,0.3202195167541504,0.84375
nofed,789,0.3201897144317627,0.84375
nofed,790,0.3201697766780853,0.84375
nofed,791,0.32019513845443726,0.84375
nofed,792,0.3200812339782715,0.84375
nofed,793,0.32012081146240234,0.84375
nofed,794,0.32016581296920776,0.84375
nofed,795,0.320097953081131,0.84375
nofed,796,0.31994765996932983,0.84375
nofed,797,0.3199189007282257,0.84375
nofed,798,0.31993424892425537,0.84375
nofed,799,0.31994906067848206,0.84375
nofed,800,0.3200119137763977,0.84375
nofed,801,0.320001482963562,0.84375
nofed,802,0.32003316283226013,0.84375
nofed,803,0.320007860660553,0.84375
nofed,804,0.3199971318244934,0.84375
nofed,805,0.3200511634349823,0.84375
nofed,806,0.3200452923774719,0.84375
nofed,807,0.320011168718338,0.84375
nofed,808,0.3200990557670593,0.828125
nofed,809,0.3200231194496155,0.84375
nofed,810,0.3200802206993103,0.84375
nofed,811,0.3199778199195862,0.84375
nofed,812,0.3199615776538849,0.84375
nofed,813,0.32000625133514404,0.84375
nofed,814,0.3199356198310852,0.84375
nofed,815,0.31990864872932434,0.84375
nofed,816,0.3199922442436218,0.84375
nofed,817,0.3198656439781189,0.84375
nofed,818,0.3199922442436218,0.84375
nofed,819,0.32000577449798584,0.84375
nofed,820,0.3199322521686554,0.84375
nofed,821,0.31986522674560547,0.84375
nofed,822,0.3198031187057495,0.84375
nofed,823,0.3198596239089966,0.84375
nofed,824,0.3198002278804779,0.84375
nofed,825,0.3198072910308838,0.84375
nofed,826,0.3197803199291229,0.84375
nofed,827,0.3198673129081726,0.84375
nofed,828,0.3198949694633484,0.84375
nofed,829,0.3198237419128418,0.84375
nofed,830,0.3198699355125427,0.84375
nofed,831,0.3197745382785797,0.84375
nofed,832,0.31976109743118286,0.84375
nofed,833,0.31972336769104004,0.84375
nofed,834,0.31985676288604736,0.84375
nofed,835,0.31986725330352783,0.84375
nofed,836,0.31972676515579224,0.84375
nofed,837,0.3196997046470642,0.84375
nofed,838,0.3197782039642334,0.84375
nofed,839,0.31980764865875244,0.84375
nofed,840,0.319724440574646,0.84375
nofed,841,0.3196956217288971,0.84375
nofed,842,0.3196834921836853,0.84375
nofed,843,0.3197110891342163,0.84375
nofed,844,0.31963738799095154,0.84375
nofed,845,0.31964927911758423,0.84375
nofed,846,0.31974056363105774,0.84375
nofed,847,0.31978797912597656,0.84375
nofed,848,0.31978845596313477,0.828125
nofed,849,0.3197161853313446,0.84375
nofed,850,0.31965482234954834,0.84375
nofed,851,0.3196403384208679,0.84375
nofed,852,0.31962910294532776,0.84375
nofed,853,0.3195800185203552,0.84375
nofed,854,0.31957119703292847,0.84375
nofed,855,0.3196151554584503,0.84375
nofed,856,0.3197315037250519,0.84375
nofed,857,0.31961363554000854,0.84375
nofed,858,0.31953853368759155,0.84375
nofed,859,0.3195023238658905,0.84375
nofed,860,0.31962132453918457,0.84375
nofed,861,0.31967291235923767,0.84375
nofed,862,0.3197575807571411,0.828125
nofed,863,0.3195804953575134,0.84375
nofed,864,0.3196370005607605,0.84375
nofed,865,0.3196865916252136,0.828125
nofed,866,0.319612979888916,0.84375
nofed,867,0.31953251361846924,0.84375
nofed,868,0.3196137547492981,0.84375
nofed,869,0.31952011585235596,0.84375
nofed,870,0.31943243741989136,0.84375
nofed,871,0.3195580244064331,0.84375
nofed,872,0.31943801045417786,0.84375
nofed,873,0.31944936513900757,0.84375
nofed,874,0.3195064961910248,0.84375
nofed,875,0.3195885419845581,0.84375
nofed,876,0.319598913192749,0.828125
nofed,877,0.31951063871383667,0.84375
nofed,878,0.319425493478775,0.84375
nofed,879,0.3194607198238373,0.84375
nofed,880,0.31947261095046997,0.84375
nofed,881,0.3194308578968048,0.84375
nofed,882,0.31947261095046997,0.84375
nofed,883,0.31942445039749146,0.84375
nofed,884,0.31945180892944336,0.84375
nofed,885,0.31945645809173584,0.84375
nofed,886,0.3193871080875397,0.84375
nofed,887,0.31941449642181396,0.84375
nofed,888,0.3194009065628052,0.84375
nofed,889,0.3194262981414795,0.84375
nofed,890,0.31921184062957764,0.84375
nofed,891,0.3192960023880005,0.84375
nofed,892,0.3193274736404419,0.84375
nofed,893,0.31934884190559387,0.84375
nofed,894,0.31936708092689514,0.84375
nofed,895,0.3193866014480591,0.84375
nofed,896,0.3193419575691223,0.84375
nofed,897,0.3193485140800476,0.84375
nofed,898,0.3193373382091522,0.84375
nofed,899,0.3192787170410156,0.84375
nofed,900,0.3192020058631897,0.84375
nofed,901,0.3192102909088135,0.84375
nofed,902,0.31931978464126587,0.84375
nofed,903,0.31937485933303833,0.828125
nofed,904,0.31934094429016113,0.828125
nofed,905,0.31931325793266296,0.84375
nofed,906,0.3191898465156555,0.84375
nofed,907,0.31921419501304626,0.84375
nofed,908,0.31915056705474854,0.84375
nofed,909,0.31929874420166016,0.84375
nofed,910,0.31929680705070496,0.828125
nofed,911,0.31934651732444763,0.84375
nofed,912,0.3193175196647644,0.828125
nofed,913,0.3192344307899475,0.84375
nofed,914,0.31921881437301636,0.84375
nofed,915,0.3191227614879608,0.84375
nofed,916,0.3191940188407898,0.84375
nofed,917,0.3191690742969513,0.84375
nofed,918,0.3191298842430115,0.84375
nofed,919,0.3191409111022949,0.84375
nofed,920,0.3191213309764862,0.84375
nofed,921,0.3191167116165161,0.84375
nofed,922,0.31920474767684937,0.84375
nofed,923,0.31911930441856384,0.84375
nofed,924,0.31914228200912476,0.84375
nofed,925,0.3190610408782959,0.84375
nofed,926,0.3191554546356201,0.84375
nofed,927,0.3190346956253052,0.84375
nofed,928,0.3191118836402893,0.84375
nofed,929,0.31918472051620483,0.84375
nofed,930,0.3193061947822571,0.828125
nofed,931,0.3190106153488159,0.84375
nofed,932,0.31891196966171265,0.84375
nofed,933,0.31891655921936035,0.84375
nofed,934,0.31898099184036255,0.84375
nofed,935,0.31910982728004456,0.84375
nofed,936,0.31889742612838745,0.84375
nofed,937,0.3189505338668823,0.84375
nofed,938,0.31905555725097656,0.84375
nofed,939,0.318990021944046,0.84375
nofed,940,0.31914347410202026,0.828125
nofed,941,0.31907138228416443,0.84375
nofed,942,0.31898605823516846,0.84375
nofed,943,0.3190370798110962,0.84375
nofed,944,0.31903743743896484,0.84375
nofed,945,0.3190155625343323,0.84375
nofed,946,0.3189660310745239,0.84375
nofed,947,0.31892910599708557,0.84375
nofed,948,0.3188926875591278,0.84375
nofed,949,0.3188503384590149,0.84375
nofed,950,0.3189828395843506,0.828125
nofed,951,0.31893110275268555,0.84375
nofed,952,0.3189055621623993,0.84375
nofed,953,0.3189208507537842,0.84375
nofed,954,0.31899869441986084,0.828125
nofed,955,0.31895971298217773,0.828125
nofed,956,0.318897545337677,0.84375
nofed,957,0.3187907934188843,0.84375
nofed,958,0.318881094455719,0.84375
nofed,959,0.31898409128189087,0.84375
nofed,960,0.3188595771789551,0.84375
nofed,961,0.31888633966445923,0.84375
nofed,962,0.31890106201171875,0.84375
nofed,963,0.3188842535018921,0.84375
nofed,964,0.3188834488391876,0.84375
nofed,965,0.31883734464645386,0.84375
nofed,966,0.31880104541778564,0.84375
nofed,967,0.3187578618526459,0.84375
nofed,968,0.3187359571456909,0.84375
nofed,969,0.3187323808670044,0.84375
nofed,970,0.3187626004219055,0.84375
nofed,971,0.318752259016037,0.84375
nofed,972,0.318855345249176,0.84375
nofed,973,0.3188888430595398,0.84375
nofed,974,0.31880635023117065,0.84375
nofed,975,0.318723201751709,0.84375
nofed,976,0.31880128383636475,0.84375
nofed,977,0.31870782375335693,0.84375
nofed,978,0.3188222050666809,0.84375
nofed,979,0.3187323808670044,0.84375
nofed,980,0.3188301920890808,0.84375
nofed,981,0.31897151470184326,0.828125
nofed,982,0.31866639852523804,0.84375
nofed,983,0.3187057673931122,0.84375
nofed,984,0.3186403512954712,0.84375
nofed,985,0.3186100125312805,0.84375
nofed,986,0.31863075494766235,0.84375
nofed,987,0.31864941120147705,0.84375
nofed,988,0.3187160789966583,0.84375
nofed,989,0.3186596632003784,0.84375
nofed,990,0.3187199831008911,0.84375
nofed,991,0.3186452388763428,0.84375
nofed,992,0.3186721205711365,0.84375
nofed,993,0.3186268210411072,0.84375
nofed,994,0.31860363483428955,0.84375
nofed,995,0.3186235725879669,0.84375
nofed,996,0.3186323642730713,0.84375
nofed,997,0.3186330497264862,0.84375
nofed,998,0.31859028339385986,0.84375
nofed,999,0.31862497329711914,0.84375
nofed,1000,0.31863585114479065,0.84375
nofed,1001,0.3186792731285095,0.828125
nofed,1002,0.3185504078865051,0.84375
nofed,1003,0.3185081481933594,0.84375
nofed,1004,0.31857821345329285,0.84375
nofed,1005,0.3184677064418793,0.84375
nofed,1006,0.31852105259895325,0.84375
nofed,1007,0.3185533881187439,0.84375
nofed,1008,0.3184971213340759,0.84375
nofed,1009,0.31854575872421265,0.84375
nofed,1010,0.31850001215934753,0.84375
nofed,1011,0.3185383081436157,0.84375
nofed,1012,0.3185439109802246,0.84375
nofed,1013,0.3185760974884033,0.84375
nofed,1014,0.3185604512691498,0.84375
nofed,1015,0.31854867935180664,0.84375
nofed,1016,0.3184899687767029,0.84375
nofed,1017,0.3186146914958954,0.828125
nofed,1018,0.31852734088897705,0.84375
nofed,1019,0.3184625506401062,0.84375
nofed,1020,0.318347692489624,0.84375
nofed,1021,0.3183973729610443,0.84375
nofed,1022,0.31845271587371826,0.84375
nofed,1023,0.31842613220214844,0.84375
nofed,1024,0.31842532753944397,0.84375
nofed,1025,0.31837669014930725,0.84375
nofed,1026,0.318307489156723,0.84375
nofed,1027,0.3183899521827698,0.84375
nofed,1028,0.3183840215206146,0.84375
nofed,1029,0.3184707462787628,0.828125
nofed,1030,0.31849372386932373,0.828125
nofed,1031,0.31836405396461487,0.84375
nofed,1032,0.3183685839176178,0.84375
nofed,1033,0.31831079721450806,0.84375
nofed,1034,0.3184094727039337,0.84375
nofed,1035,0.31843167543411255,0.84375
nofed,1036,0.3184577226638794,0.828125
nofed,1037,0.31851035356521606,0.828125
nofed,1038,0.31845521926879883,0.828125
nofed,1039,0.3184305429458618,0.828125
nofed,1040,0.3184863328933716,0.828125
nofed,1041,0.3181825280189514,0.84375
nofed,1042,0.31820857524871826,0.84375
nofed,1043,0.31828516721725464,0.84375
nofed,1044,0.3183613419532776,0.84375
nofed,1045,0.31843000650405884,0.828125
nofed,1046,0.3183777332305908,0.84375
nofed,1047,0.3183844983577728,0.828125
nofed,1048,0.31834879517555237,0.828125
nofed,1049,0.318279504776001,0.84375
nofed,1050,0.3181975483894348,0.84375
nofed,1051,0.31818604469299316,0.84375
nofed,1052,0.3182039260864258,0.84375
nofed,1053,0.31818246841430664,0.84375
nofed,1054,0.31819725036621094,0.84375
nofed,1055,0.31828320026397705,0.84375
nofed,1056,0.3182685375213623,0.84375
nofed,1057,0.31832993030548096,0.828125
nofed,1058,0.3182639479637146,0.828125
nofed,1059,0.3181823790073395,0.84375
nofed,1060,0.3181533217430115,0.84375
nofed,1061,0.3182368874549866,0.828125
nofed,1062,0.31822729110717773,0.828125
nofed,1063,0.318242609500885,0.828125
nofed,1064,0.31828412413597107,0.828125
nofed,1065,0.3181525468826294,0.84375
nofed,1066,0.3183247148990631,0.828125
nofed,1067,0.3180779814720154,0.84375
nofed,1068,0.31805795431137085,0.84375
nofed,1069,0.318065881729126,0.828125
nofed,1070,0.3182517886161804,0.828125
nofed,1071,0.31816914677619934,0.828125
nofed,1072,0.3181781470775604,0.828125
nofed,1073,0.3180762827396393,0.84375
nofed,1074,0.31792786717414856,0.84375
nofed,1075,0.31805866956710815,0.828125
nofed,1076,0.3180354833602905,0.828125
nofed,1077,0.3180151581764221,0.828125
nofed,1078,0.31810128688812256,0.828125
nofed,1079,0.31789571046829224,0.84375
nofed,1080,0.3178837299346924,0.84375
nofed,1081,0.31808915734291077,0.828125
nofed,1082,0.3180447220802307,0.828125
nofed,1083,0.3180255889892578,0.828125
nofed,1084,0.3179897665977478,0.828125
nofed,1085,0.31802791357040405,0.828125
nofed,1086,0.31802576780319214,0.828125
nofed,1087,0.31796661019325256,0.828125
nofed,1088,0.3179089426994324,0.828125
nofed,1089,0.31803953647613525,0.828125
nofed,1090,0.3180966377258301,0.828125
nofed,1091,0.31797462701797485,0.828125
nofed,1092,0.3180542588233948,0.828125
nofed,1093,0.3180162310600281,0.828125
nofed,1094,0.31788650155067444,0.828125
nofed,1095,0.31796795129776,0.828125
nofed,1096,0.31790822744369507,0.828125
nofed,1097,0.3179088830947876,0.828125
nofed,1098,0.31782305240631104,0.828125
nofed,1099,0.31767743825912476,0.828125
nofed,1100,0.3177383244037628,0.828125
nofed,1101,0.3176693022251129,0.828125
nofed,1102,0.31775152683258057,0.828125
nofed,1103,0.3177807331085205,0.828125
nofed,1104,0.31774815917015076,0.828125
nofed,1105,0.3177485466003418,0.828125
nofed,1106,0.31767043471336365,0.828125
nofed,1107,0.3177148103713989,0.828125
nofed,1108,0.31774982810020447,0.828125
nofed,1109,0.3176546096801758,0.828125
nofed,1110,0.3177015781402588,0.828125
nofed,1111,0.3175917863845825,0.828125
nofed,1112,0.3175804018974304,0.828125
nofed,1113,0.31770220398902893,0.828125
nofed,1114,0.3176080286502838,0.828125
nofed,1115,0.3176145553588867,0.828125
nofed,1116,0.3175826668739319,0.828125
nofed,1117,0.3175462484359741,0.828125
nofed,1118,0.31760281324386597,0.828125
nofed,1119,0.31758248805999756,0.828125
nofed,1120,0.3175528943538666,0.828125
nofed,1121,0.3175070881843567,0.828125
nofed,1122,0.31732743978500366,0.828125
nofed,1123,0.31746792793273926,0.828125
nofed,1124,0.3174050748348236,0.828125
nofed,1125,0.3173474371433258,0.828125
nofed,1126,0.3173861503601074,0.828125
nofed,1127,0.31749942898750305,0.828125
nofed,1128,0.31733420491218567,0.828125
nofed,1129,0.31735947728157043,0.828125
nofed,1130,0.3172762989997864,0.828125
nofed,1131,0.31722596287727356,0.828125
nofed,1132,0.31729477643966675,0.828125
nofed,1133,0.3172602355480194,0.828125
nofed,1134,0.31726735830307007,0.828125
nofed,1135,0.31722185015678406,0.828125
nofed,1136,0.31718868017196655,0.828125
nofed,1137,0.3173316717147827,0.828125
nofed,1138,0.31714436411857605,0.828125
nofed,1139,0.31714990735054016,0.828125
nofed,1140,0.3172502815723419,0.828125
nofed,1141,0.317371666431427,0.828125
nofed,1142,0.31723231077194214,0.828125
nofed,1143,0.3172093331813812,0.828125
nofed,1144,0.3170813024044037,0.828125
nofed,1145,0.3171193301677704,0.828125
nofed,1146,0.3171783685684204,0.828125
nofed,1147,0.31694847345352173,0.828125
nofed,1148,0.31689131259918213,0.828125
nofed,1149,0.3169194459915161,0.828125
nofed,1150,0.3169577419757843,0.828125
nofed,1151,0.31692224740982056,0.828125
nofed,1152,0.3168641924858093,0.828125
nofed,1153,0.3168445825576782,0.828125
nofed,1154,0.3168802261352539,0.828125
nofed,1155,0.3168014883995056,0.828125
nofed,1156,0.3166791498661041,0.828125
nofed,1157,0.31669357419013977,0.828125
nofed,1158,0.3166760802268982,0.828125
nofed,1159,0.31678080558776855,0.828125
nofed,1160,0.3167046308517456,0.828125
nofed,1161,0.31674063205718994,0.828125
nofed,1162,0.3166804611682892,0.828125
nofed,1163,0.316601037979126,0.828125
nofed,1164,0.3166707754135132,0.828125
nofed,1165,0.3165704607963562,0.828125
nofed,1166,0.316581130027771,0.828125
nofed,1167,0.3165871500968933,0.828125
nofed,1168,0.31659063696861267,0.828125
nofed,1169,0.31660598516464233,0.828125
nofed,1170,0.316571980714798,0.828125
nofed,1171,0.3164960443973541,0.828125
nofed,1172,0.31646639108657837,0.828125
nofed,1173,0.31637856364250183,0.828125
nofed,1174,0.3163219094276428,0.828125
nofed,1175,0.3163260221481323,0.828125
nofed,1176,0.31629931926727295,0.828125
nofed,1177,0.31618183851242065,0.828125
nofed,1178,0.31620657444000244,0.828125
nofed,1179,0.3161719739437103,0.828125
nofed,1180,0.3161660432815552,0.828125
nofed,1181,0.31612375378608704,0.828125
nofed,1182,0.3161344826221466,0.828125
nofed,1183,0.3160834014415741,0.828125
nofed,1184,0.3161075711250305,0.828125
nofed,1185,0.3159836530685425,0.828125
nofed,1186,0.3161269426345825,0.828125
nofed,1187,0.3160725235939026,0.828125
nofed,1188,0.3160094618797302,0.828125
nofed,1189,0.31602364778518677,0.828125
nofed,1190,0.3159995973110199,0.828125
nofed,1191,0.3158242106437683,0.828125
nofed,1192,0.31596195697784424,0.828125
nofed,1193,0.3159269690513611,0.828125
nofed,1194,0.3158411979675293,0.828125
nofed,1195,0.3157441318035126,0.828125
nofed,1196,0.3157370090484619,0.828125
nofed,1197,0.31564775109291077,0.828125
nofed,1198,0.3157516121864319,0.828125
nofed,1199,0.3156105577945709,0.828125
nofed,1200,0.31572091579437256,0.828125
nofed,1201,0.3156968355178833,0.828125
nofed,1202,0.31569844484329224,0.828125
nofed,1203,0.31562280654907227,0.828125
nofed,1204,0.3155379891395569,0.828125
nofed,1205,0.3154885172843933,0.828125
nofed,1206,0.31570351123809814,0.828125
nofed,1207,0.3156225085258484,0.828125
nofed,1208,0.31551599502563477,0.828125
nofed,1209,0.31546905636787415,0.828125
nofed,1210,0.31533339619636536,0.828125
nofed,1211,0.31528162956237793,0.828125
nofed,1212,0.3153139352798462,0.828125
nofed,1213,0.3153201937675476,0.828125
nofed,1214,0.31524696946144104,0.828125
nofed,1215,0.31536760926246643,0.828125
nofed,1216,0.3152872920036316,0.828125
nofed,1217,0.31523144245147705,0.828125
nofed,1218,0.3150326609611511,0.828125
nofed,1219,0.31515562534332275,0.828125
nofed,1220,0.31518256664276123,0.828125
nofed,1221,0.31501707434654236,0.828125
nofed,1222,0.31508225202560425,0.828125
nofed,1223,0.31496408581733704,0.828125
nofed,1224,0.31491243839263916,0.828125
nofed,1225,0.3148915767669678,0.828125
nofed,1226,0.3148163855075836,0.828125
nofed,1227,0.3148844838142395,0.828125
nofed,1228,0.3149641156196594,0.828125
nofed,1229,0.31476426124572754,0.828125
nofed,1230,0.3148305416107178,0.828125
nofed,1231,0.31471458077430725,0.828125
nofed,1232,0.31460750102996826,0.828125
nofed,1233,0.31457120180130005,0.828125
nofed,1234,0.3146803379058838,0.828125
nofed,1235,0.3146500885486603,0.828125
nofed,1236,0.31460458040237427,0.828125
nofed,1237,0.31459125876426697,0.828125
nofed,1238,0.3145964741706848,0.828125
nofed,1239,0.3145466446876526,0.828125
nofed,1240,0.31439876556396484,0.828125
nofed,1241,0.3144223392009735,0.828125
nofed,1242,0.3144182860851288,0.828125
nofed,1243,0.3143002986907959,0.828125
nofed,1244,0.31425681710243225,0.828125
nofed,1245,0.31420594453811646,0.828125
nofed,1246,0.31420376896858215,0.828125
nofed,1247,0.3142129182815552,0.828125
nofed,1248,0.31421101093292236,0.828125
nofed,1249,0.31418126821517944,0.828125
nofed,1250,0.31393691897392273,0.828125
nofed,1251,0.313992440700531,0.828125
nofed,1252,0.3139742612838745,0.828125
nofed,1253,0.3139895796775818,0.828125
nofed,1254,0.3140149712562561,0.828125
nofed,1255,0.3137792944908142,0.828125
nofed,1256,0.3136966824531555,0.828125
nofed,1257,0.31383800506591797,0.828125
nofed,1258,0.3136935532093048,0.828125
nofed,1259,0.31363216042518616,0.828125
nofed,1260,0.3135727345943451,0.828125
nofed,1261,0.3137277066707611,0.828125
nofed,1262,0.3136182427406311,0.828125
nofed,1263,0.31369805335998535,0.828125
nofed,1264,0.31363755464553833,0.828125
nofed,1265,0.3135116696357727,0.828125
nofed,1266,0.3134876787662506,0.828125
nofed,1267,0.3135925829410553,0.828125
nofed,1268,0.31342095136642456,0.828125
nofed,1269,0.31337496638298035,0.828125
nofed,1270,0.3133833408355713,0.828125
nofed,1271,0.31341153383255005,0.828125
nofed,1272,0.31317323446273804,0.828125
nofed,1273,0.31328505277633667,0.828125
nofed,1274,0.31325870752334595,0.828125
nofed,1275,0.3133225440979004,0.828125
nofed,1276,0.31313684582710266,0.828125
nofed,1277,0.31293249130249023,0.828125
nofed,1278,0.31295260787010193,0.828125
nofed,1279,0.3129417300224304,0.828125
nofed,1280,0.3129512369632721,0.828125
nofed,1281,0.3128320574760437,0.828125
nofed,1282,0.3127717673778534,0.828125
nofed,1283,0.3128710985183716,0.828125
nofed,1284,0.31276795268058777,0.828125
nofed,1285,0.3127283453941345,0.828125
nofed,1286,0.31287723779678345,0.828125
nofed,1287,0.3126668334007263,0.828125
nofed,1288,0.31262025237083435,0.828125
nofed,1289,0.3126720190048218,0.828125
nofed,1290,0.31249505281448364,0.828125
nofed,1291,0.3125033378601074,0.828125
nofed,1292,0.3125495910644531,0.828125
nofed,1293,0.31233638525009155,0.828125
nofed,1294,0.3123519718647003,0.828125
nofed,1295,0.3121342062950134,0.828125
nofed,1296,0.3122124671936035,0.828125
nofed,1297,0.3120836019515991,0.828125
nofed,1298,0.31216177344322205,0.828125
nofed,1299,0.3119875192642212,0.828125
nofed,1300,0.3119391202926636,0.828125
nofed,1301,0.311958372592926,0.828125
nofed,1302,0.311955064535141,0.828125
nofed,1303,0.31190526485443115,0.828125
nofed,1304,0.3119332790374756,0.828125
nofed,1305,0.31183290481567383,0.828125
nofed,1306,0.31179434061050415,0.828125
nofed,1307,0.3117046654224396,0.828125
nofed,1308,0.3117833733558655,0.828125
nofed,1309,0.3117451071739197,0.828125
nofed,1310,0.3117149770259857,0.828125
nofed,1311,0.31161704659461975,0.828125
nofed,1312,0.311424195766449,0.828125
nofed,1313,0.3115135431289673,0.828125
nofed,1314,0.3114786744117737,0.828125
nofed,1315,0.3114093840122223,0.828125
nofed,1316,0.3112795352935791,0.828125
nofed,1317,0.3113001585006714,0.828125
nofed,1318,0.31121522188186646,0.828125
nofed,1319,0.31112194061279297,0.828125
nofed,1320,0.3111072778701782,0.828125
nofed,1321,0.3110450506210327,0.828125
nofed,1322,0.3109753429889679,0.828125
nofed,1323,0.31098082661628723,0.828125
nofed,1324,0.31102460622787476,0.828125
nofed,1325,0.3110201358795166,0.828125
nofed,1326,0.3108444809913635,0.828125
nofed,1327,0.3108253479003906,0.828125
nofed,1328,0.31073781847953796,0.828125
nofed,1329,0.3105594515800476,0.828125
nofed,1330,0.310531884431839,0.828125
nofed,1331,0.3104555606842041,0.828125
nofed,1332,0.31037256121635437,0.828125
nofed,1333,0.31050339341163635,0.828125
nofed,1334,0.31047242879867554,0.828125
nofed,1335,0.3103777766227722,0.828125
nofed,1336,0.31027787923812866,0.828125
nofed,1337,0.310159295797348,0.828125
nofed,1338,0.31008607149124146,0.828125
nofed,1339,0.3101181387901306,0.828125
nofed,1340,0.31002089381217957,0.828125
nofed,1341,0.31004124879837036,0.828125
nofed,1342,0.30995750427246094,0.828125
nofed,1343,0.3099057376384735,0.828125
nofed,1344,0.30999699234962463,0.828125
nofed,1345,0.3098643720149994,0.828125
nofed,1346,0.30978840589523315,0.828125
nofed,1347,0.3096749186515808,0.828125
nofed,1348,0.3097321391105652,0.828125
nofed,1349,0.3096981644630432,0.828125
nofed,1350,0.3095836043357849,0.828125
nofed,1351,0.309414803981781,0.828125
nofed,1352,0.3093530237674713,0.828125
nofed,1353,0.3093516528606415,0.828125
nofed,1354,0.3093712329864502,0.828125
nofed,1355,0.30929458141326904,0.828125
nofed,1356,0.3091052174568176,0.828125
nofed,1357,0.30909228324890137,0.828125
nofed,1358,0.30912473797798157,0.828125
nofed,1359,0.3090074956417084,0.828125
nofed,1360,0.3088083863258362,0.828125
nofed,1361,0.3088326156139374,0.828125
nofed,1362,0.3089461922645569,0.828125
nofed,1363,0.30875393748283386,0.828125
nofed,1364,0.3087005615234375,0.828125
nofed,1365,0.3086862862110138,0.828125
nofed,1366,0.30863940715789795,0.828125
nofed,1367,0.30851081013679504,0.828125
nofed,1368,0.3085341453552246,0.828125
nofed,1369,0.30844151973724365,0.828125
nofed,1370,0.308380126953125,0.828125
nofed,1371,0.30831092596054077,0.828125
nofed,1372,0.3083082139492035,0.828125
nofed,1373,0.3082108795642853,0.828125
nofed,1374,0.308122843503952,0.828125
nofed,1375,0.30811527371406555,0.828125
nofed,1376,0.3081362247467041,0.828125
nofed,1377,0.30795079469680786,0.828125
nofed,1378,0.30783137679100037,0.828125
nofed,1379,0.3077467679977417,0.828125
nofed,1380,0.30782780051231384,0.828125
nofed,1381,0.30787134170532227,0.828125
nofed,1382,0.30755889415740967,0.828125
nofed,1383,0.30745363235473633,0.828125
nofed,1384,0.30753645300865173,0.828125
nofed,1385,0.3072827458381653,0.828125
nofed,1386,0.307300329208374,0.828125
nofed,1387,0.30735427141189575,0.828125
nofed,1388,0.3073508143424988,0.828125
nofed,1389,0.30726271867752075,0.828125
nofed,1390,0.3073272705078125,0.828125
nofed,1391,0.3070955276489258,0.828125
nofed,1392,0.307043194770813,0.828125
nofed,1393,0.30696165561676025,0.828125
nofed,1394,0.30686381459236145,0.828125
nofed,1395,0.30689018964767456,0.828125
nofed,1396,0.30672183632850647,0.828125
nofed,1397,0.30651408433914185,0.828125
nofed,1398,0.3065354824066162,0.828125
nofed,1399,0.306583046913147,0.828125
nofed,1400,0.3066346049308777,0.828125
nofed,1401,0.3065221905708313,0.828125
nofed,1402,0.3064108192920685,0.828125
nofed,1403,0.30624398589134216,0.828125
nofed,1404,0.3062531352043152,0.828125
nofed,1405,0.30625787377357483,0.828125
nofed,1406,0.3061521351337433,0.828125
nofed,1407,0.30592185258865356,0.828125
nofed,1408,0.30590856075286865,0.828125
nofed,1409,0.30588293075561523,0.828125
nofed,1410,0.3056899905204773,0.828125
nofed,1411,0.30566298961639404,0.828125
nofed,1412,0.3055219054222107,0.828125
nofed,1413,0.3055818974971771,0.828125
nofed,1414,0.30552324652671814,0.828125
nofed,1415,0.3054887056350708,0.828125
nofed,1416,0.3055011034011841,0.828125
nofed,1417,0.3053815960884094,0.828125
nofed,1418,0.3052253723144531,0.828125
nofed,1419,0.3052282929420471,0.828125
nofed,1420,0.3050684928894043,0.828125
nofed,1421,0.30497074127197266,0.828125
nofed,1422,0.3051021695137024,0.828125
nofed,1423,0.30490976572036743,0.828125
nofed,1424,0.304874062538147,0.828125
nofed,1425,0.3048631548881531,0.828125
nofed,1426,0.3048369884490967,0.828125
nofed,1427,0.30454668402671814,0.828125
nofed,1428,0.30465084314346313,0.828125
nofed,1429,0.30452388525009155,0.828125
nofed,1430,0.3044906258583069,0.828125
nofed,1431,0.30430522561073303,0.828125
nofed,1432,0.30425769090652466,0.828125
nofed,1433,0.30420440435409546,0.828125
nofed,1434,0.304160475730896,0.828125
nofed,1435,0.30393004417419434,0.828125
nofed,1436,0.3039003312587738,0.828125
nofed,1437,0.3037770390510559,0.828125
nofed,1438,0.3037163019180298,0.828125
nofed,1439,0.3038046956062317,0.828125
nofed,1440,0.30364495515823364,0.828125
nofed,1441,0.3036937713623047,0.828125
nofed,1442,0.3035236895084381,0.828125
nofed,1443,0.30361461639404297,0.828125
nofed,1444,0.30342477560043335,0.828125
nofed,1445,0.30353304743766785,0.828125
nofed,1446,0.303378701210022,0.828125
nofed,1447,0.3031965494155884,0.828125
nofed,1448,0.30319055914878845,0.828125
nofed,1449,0.3030899465084076,0.828125
nofed,1450,0.30283141136169434,0.828125
nofed,1451,0.30283379554748535,0.828125
nofed,1452,0.30257630348205566,0.828125
nofed,1453,0.3025468587875366,0.828125
nofed,1454,0.302620530128479,0.828125
nofed,1455,0.30258506536483765,0.828125
nofed,1456,0.3024900555610657,0.828125
nofed,1457,0.302287220954895,0.828125
nofed,1458,0.30244624614715576,0.828125
nofed,1459,0.30216023325920105,0.828125
nofed,1460,0.3021782636642456,0.828125
nofed,1461,0.3021114468574524,0.828125
nofed,1462,0.30186575651168823,0.828125
nofed,1463,0.30203354358673096,0.828125
nofed,1464,0.3019367456436157,0.828125
nofed,1465,0.3018590211868286,0.828125
nofed,1466,0.301891565322876,0.828125
nofed,1467,0.30167561769485474,0.828125
nofed,1468,0.3015725612640381,0.828125
nofed,1469,0.30137908458709717,0.828125
nofed,1470,0.3013761043548584,0.828125
nofed,1471,0.30118292570114136,0.828125
nofed,1472,0.3010976016521454,0.828125
nofed,1473,0.3010358214378357,0.828125
nofed,1474,0.3008737564086914,0.828125
nofed,1475,0.30079588294029236,0.828125
nofed,1476,0.3007449507713318,0.828125
nofed,1477,0.30073368549346924,0.828125
nofed,1478,0.30078843235969543,0.828125
nofed,1479,0.30065226554870605,0.828125
nofed,1480,0.3004421591758728,0.828125
nofed,1481,0.30039793252944946,0.828125
nofed,1482,0.3002646565437317,0.828125
nofed,1483,0.30009639263153076,0.828125
nofed,1484,0.3001220226287842,0.828125
nofed,1485,0.3002036213874817,0.828125
nofed,1486,0.29999303817749023,0.828125
nofed,1487,0.29995906352996826,0.828125
nofed,1488,0.29976174235343933,0.828125
nofed,1489,0.2996852993965149,0.828125
nofed,1490,0.29968637228012085,0.828125
nofed,1491,0.2995299696922302,0.828125
nofed,1492,0.2995455265045166,0.828125
nofed,1493,0.2993828058242798,0.828125
nofed,1494,0.29930025339126587,0.828125
nofed,1495,0.29921165108680725,0.828125
nofed,1496,0.29889947175979614,0.828125
nofed,1497,0.2988697290420532,0.828125
nofed,1498,0.2989625930786133,0.828125
nofed,1499,0.2988930642604828,0.828125
nofed,1500,0.2986961603164673,0.828125
nofed,1501,0.2985442876815796,0.828125
nofed,1502,0.29845041036605835,0.828125
nofed,1503,0.29852503538131714,0.828125
nofed,1504,0.29835838079452515,0.828125
nofed,1505,0.29820847511291504,0.828125
nofed,1506,0.29798752069473267,0.828125
nofed,1507,0.297874391078949,0.828125
nofed,1508,0.297770619392395,0.828125
nofed,1509,0.2977086305618286,0.828125
nofed,1510,0.29759272933006287,0.828125
nofed,1511,0.29749947786331177,0.828125
nofed,1512,0.29746317863464355,0.828125
nofed,1513,0.2974916398525238,0.828125
nofed,1514,0.2972414195537567,0.828125
nofed,1515,0.2972540855407715,0.828125
nofed,1516,0.2971653938293457,0.828125
nofed,1517,0.2970036566257477,0.828125
nofed,1518,0.2968645989894867,0.828125
nofed,1519,0.29665741324424744,0.828125
nofed,1520,0.2966846227645874,0.828125
nofed,1521,0.2965257167816162,0.828125
nofed,1522,0.2964215874671936,0.828125
nofed,1523,0.2963351011276245,0.828125
nofed,1524,0.2961167097091675,0.828125
nofed,1525,0.29624950885772705,0.828125
nofed,1526,0.2959882616996765,0.828125
nofed,1527,0.295875608921051,0.828125
nofed,1528,0.29572564363479614,0.828125
nofed,1529,0.2956865131855011,0.828125
nofed,1530,0.2954910397529602,0.828125
nofed,1531,0.2954587936401367,0.828125
nofed,1532,0.2953343391418457,0.828125
nofed,1533,0.29531601071357727,0.828125
nofed,1534,0.2952355742454529,0.828125
nofed,1535,0.295096218585968,0.828125
nofed,1536,0.2948670983314514,0.828125
nofed,1537,0.2945902943611145,0.828125
nofed,1538,0.29456856846809387,0.828125
nofed,1539,0.2944532036781311,0.828125
nofed,1540,0.2943062484264374,0.828125
nofed,1541,0.2940637469291687,0.828125
nofed,1542,0.29404908418655396,0.828125
nofed,1543,0.2939613163471222,0.828125
nofed,1544,0.29395315051078796,0.828125
nofed,1545,0.29386889934539795,0.828125
nofed,1546,0.2936410903930664,0.828125
nofed,1547,0.2935296595096588,0.828125
nofed,1548,0.29330483078956604,0.828125
nofed,1549,0.29314279556274414,0.828125
nofed,1550,0.29322710633277893,0.828125
nofed,1551,0.2930215001106262,0.828125
nofed,1552,0.2927747964859009,0.828125
nofed,1553,0.29256561398506165,0.828125
nofed,1554,0.29254552721977234,0.828125
nofed,1555,0.2923508286476135,0.828125
nofed,1556,0.29226750135421753,0.828125
nofed,1557,0.2920368015766144,0.828125
nofed,1558,0.2919446527957916,0.828125
nofed,1559,0.2919120788574219,0.828125
nofed,1560,0.29167014360427856,0.828125
nofed,1561,0.2914409041404724,0.828125
nofed,1562,0.29140162467956543,0.828125
nofed,1563,0.29128891229629517,0.828125
nofed,1564,0.29128870368003845,0.828125
nofed,1565,0.2909865379333496,0.828125
nofed,1566,0.2907698154449463,0.828125
nofed,1567,0.290614515542984,0.828125
nofed,1568,0.2905399799346924,0.828125
nofed,1569,0.29044309258461,0.828125
nofed,1570,0.29016923904418945,0.828125
nofed,1571,0.2899321913719177,0.828125
nofed,1572,0.2898789644241333,0.828125
nofed,1573,0.2896120846271515,0.828125
nofed,1574,0.2894189953804016,0.828125
nofed,1575,0.2892281413078308,0.828125
nofed,1576,0.28928208351135254,0.828125
nofed,1577,0.2891051769256592,0.828125
nofed,1578,0.28890541195869446,0.828125
nofed,1579,0.28854435682296753,0.828125
nofed,1580,0.2885458767414093,0.828125
nofed,1581,0.28845661878585815,0.828125
nofed,1582,0.28803113102912903,0.828125
nofed,1583,0.2877585291862488,0.828125
nofed,1584,0.28775694966316223,0.828125
nofed,1585,0.2875887453556061,0.828125
nofed,1586,0.2875629663467407,0.828125
nofed,1587,0.2873650789260864,0.828125
nofed,1588,0.2870290279388428,0.828125
nofed,1589,0.2867397665977478,0.828125
nofed,1590,0.2867385149002075,0.828125
nofed,1591,0.2864471673965454,0.828125
nofed,1592,0.28627729415893555,0.828125
nofed,1593,0.2860928177833557,0.828125
nofed,1594,0.28585952520370483,0.828125
nofed,1595,0.2857919931411743,0.828125
nofed,1596,0.2856094241142273,0.828125
nofed,1597,0.28539204597473145,0.828125
nofed,1598,0.2850990295410156,0.828125
nofed,1599,0.2850276231765747,0.828125
nofed,1600,0.284781277179718,0.828125
nofed,1601,0.28457754850387573,0.828125
nofed,1602,0.2842417359352112,0.828125
nofed,1603,0.284061998128891,0.828125
nofed,1604,0.2839760184288025,0.828125
nofed,1605,0.28366053104400635,0.828125
nofed,1606,0.283392995595932,0.828125
nofed,1607,0.2831586003303528,0.828125
nofed,1608,0.282939076423645,0.828125
nofed,1609,0.28262045979499817,0.828125
nofed,1610,0.2824738621711731,0.828125
nofed,1611,0.28225210309028625,0.828125
nofed,1612,0.2819727659225464,0.828125
nofed,1613,0.2817568778991699,0.828125
nofed,1614,0.2814413905143738,0.828125
nofed,1615,0.2813813090324402,0.828125
nofed,1616,0.28127187490463257,0.828125
nofed,1617,0.2807232141494751,0.828125
nofed,1618,0.2803502678871155,0.828125
nofed,1619,0.28027981519699097,0.828125
nofed,1620,0.28009071946144104,0.828125
nofed,1621,0.27977901697158813,0.828125
nofed,1622,0.279701292514801,0.828125
nofed,1623,0.279390811920166,0.828125
nofed,1624,0.27890288829803467,0.828125
nofed,1625,0.27865439653396606,0.828125
nofed,1626,0.27833354473114014,0.828125
nofed,1627,0.27820393443107605,0.828125
nofed,1628,0.2779088616371155,0.828125
nofed,1629,0.2777635455131531,0.828125
nofed,1630,0.2773197889328003,0.828125
nofed,1631,0.2771083116531372,0.828125
nofed,1632,0.27662980556488037,0.828125
nofed,1633,0.27640441060066223,0.828125
nofed,1634,0.27612873911857605,0.828125
nofed,1635,0.27578526735305786,0.828125
nofed,1636,0.27564167976379395,0.828125
nofed,1637,0.2754824757575989,0.828125
nofed,1638,0.27503857016563416,0.828125
nofed,1639,0.2747509479522705,0.828125
nofed,1640,0.2743229269981384,0.84375
nofed,1641,0.27405911684036255,0.84375
nofed,1642,0.273794949054718,0.84375
nofed,1643,0.2733360528945923,0.84375
nofed,1644,0.2729870676994324,0.84375
nofed,1645,0.27266770601272583,0.84375
nofed,1646,0.2723691761493683,0.84375
nofed,1647,0.2719443738460541,0.859375
nofed,1648,0.27175968885421753,0.84375
nofed,1649,0.2713105082511902,0.859375
nofed,1650,0.2710660696029663,0.859375
nofed,1651,0.27076011896133423,0.859375
nofed,1652,0.270415723323822,0.859375
nofed,1653,0.270007461309433,0.859375
nofed,1654,0.26953643560409546,0.859375
nofed,1655,0.26913172006607056,0.859375
nofed,1656,0.268690288066864,0.859375
nofed,1657,0.2684550881385803,0.859375
nofed,1658,0.2680433392524719,0.859375
nofed,1659,0.26749157905578613,0.859375
nofed,1660,0.2671889066696167,0.859375
nofed,1661,0.26685652136802673,0.859375
nofed,1662,0.2665754556655884,0.859375
nofed,1663,0.2660697102546692,0.859375
nofed,1664,0.26568326354026794,0.859375
nofed,1665,0.26517850160598755,0.859375
nofed,1666,0.2648928761482239,0.859375
nofed,1667,0.26437634229660034,0.859375
nofed,1668,0.263994038105011,0.859375
nofed,1669,0.2633662521839142,0.859375
nofed,1670,0.2630058526992798,0.859375
nofed,1671,0.26250189542770386,0.859375
nofed,1672,0.26207154989242554,0.859375
nofed,1673,0.2617495656013489,0.859375
nofed,1674,0.2613980174064636,0.859375
nofed,1675,0.26083794236183167,0.859375
nofed,1676,0.26050981879234314,0.859375
nofed,1677,0.2600872814655304,0.859375
nofed,1678,0.25958919525146484,0.859375
nofed,1679,0.2590373158454895,0.859375
nofed,1680,0.25849202275276184,0.859375
nofed,1681,0.25810590386390686,0.859375
nofed,1682,0.2576293349266052,0.859375
nofed,1683,0.25713783502578735,0.859375
nofed,1684,0.2566346824169159,0.859375
nofed,1685,0.2561793923377991,0.859375
nofed,1686,0.255588173866272,0.859375
nofed,1687,0.2550268769264221,0.859375
nofed,1688,0.25454819202423096,0.859375
nofed,1689,0.25409752130508423,0.859375
nofed,1690,0.25362280011177063,0.859375
nofed,1691,0.25302350521087646,0.859375
nofed,1692,0.25252386927604675,0.859375
nofed,1693,0.2521249055862427,0.859375
nofed,1694,0.25144731998443604,0.859375
nofed,1695,0.25093162059783936,0.859375
nofed,1696,0.2503131031990051,0.859375
nofed,1697,0.24988168478012085,0.859375
nofed,1698,0.2493281066417694,0.859375
nofed,1699,0.2486930787563324,0.859375
nofed,1700,0.24818862974643707,0.859375
nofed,1701,0.2476436197757721,0.859375
nofed,1702,0.24699610471725464,0.875
nofed,1703,0.24642452597618103,0.875
nofed,1704,0.24595743417739868,0.875
nofed,1705,0.24535077810287476,0.875
nofed,1706,0.24481169879436493,0.875
nofed,1707,0.24407260119915009,0.890625
nofed,1708,0.24334701895713806,0.890625
nofed,1709,0.2428768277168274,0.890625
nofed,1710,0.24225765466690063,0.890625
nofed,1711,0.2417263239622116,0.890625
nofed,1712,0.24110008776187897,0.890625
nofed,1713,0.24049848318099976,0.890625
nofed,1714,0.23972181975841522,0.890625
nofed,1715,0.23919370770454407,0.890625
nofed,1716,0.238599956035614,0.890625
nofed,1717,0.2378288060426712,0.890625
nofed,1718,0.23726215958595276,0.890625
nofed,1719,0.23672403395175934,0.890625
nofed,1720,0.2361149936914444,0.890625
nofed,1721,0.23536843061447144,0.890625
nofed,1722,0.23462346196174622,0.890625
nofed,1723,0.23401454091072083,0.890625
nofed,1724,0.23339253664016724,0.890625
nofed,1725,0.2326318323612213,0.890625
nofed,1726,0.2320687472820282,0.890625
nofed,1727,0.23132456839084625,0.890625
nofed,1728,0.2306801676750183,0.890625
nofed,1729,0.23020756244659424,0.90625
nofed,1730,0.22936609387397766,0.890625
nofed,1731,0.22861889004707336,0.890625
nofed,1732,0.22793202102184296,0.90625
nofed,1733,0.2272164225578308,0.90625
nofed,1734,0.22660714387893677,0.90625
nofed,1735,0.22593215107917786,0.90625
nofed,1736,0.22524003684520721,0.90625
nofed,1737,0.22452980279922485,0.90625
nofed,1738,0.2236936092376709,0.90625
nofed,1739,0.22305934131145477,0.90625
nofed,1740,0.22240105271339417,0.90625
nofed,1741,0.2215767204761505,0.90625
nofed,1742,0.22083702683448792,0.90625
nofed,1743,0.22007054090499878,0.90625
nofed,1744,0.21938712894916534,0.90625
nofed,1745,0.21865400671958923,0.90625
nofed,1746,0.2179557830095291,0.90625
nofed,1747,0.21718910336494446,0.921875
nofed,1748,0.2165108621120453,0.921875
nofed,1749,0.21574948728084564,0.921875
nofed,1750,0.21499091386795044,0.921875
nofed,1751,0.21430468559265137,0.921875
nofed,1752,0.21348929405212402,0.921875
nofed,1753,0.21271872520446777,0.921875
nofed,1754,0.21198664605617523,0.921875
nofed,1755,0.21118056774139404,0.921875
nofed,1756,0.21046791970729828,0.921875
nofed,1757,0.20973004400730133,0.921875
nofed,1758,0.20903849601745605,0.921875
nofed,1759,0.20829370617866516,0.921875
nofed,1760,0.2075057029724121,0.921875
nofed,1761,0.2066643238067627,0.921875
nofed,1762,0.20604050159454346,0.9375
nofed,1763,0.20529311895370483,0.9375
nofed,1764,0.20446982979774475,0.9375
nofed,1765,0.20364435017108917,0.9375
nofed,1766,0.20285719633102417,0.9375
nofed,1767,0.20207402110099792,0.9375
nofed,1768,0.20129674673080444,0.9375
nofed,1769,0.20050178468227386,0.9375
nofed,1770,0.19966837763786316,0.9375
nofed,1771,0.19905149936676025,0.9375
nofed,1772,0.19819509983062744,0.9375
nofed,1773,0.19736161828041077,0.9375
nofed,1774,0.1966906487941742,0.9375
nofed,1775,0.19584929943084717,0.9375
nofed,1776,0.19507290422916412,0.9375
nofed,1777,0.19429939985275269,0.9375
nofed,1778,0.19346700608730316,0.9375
nofed,1779,0.1927829533815384,0.9375
nofed,1780,0.1919931173324585,0.9375
nofed,1781,0.19119904935359955,0.9375
nofed,1782,0.19038668274879456,0.9375
nofed,1783,0.18961024284362793,0.9375
nofed,1784,0.18876218795776367,0.9375
nofed,1785,0.18796221911907196,0.9375
nofed,1786,0.18726003170013428,0.9375
nofed,1787,0.18648284673690796,0.9375
nofed,1788,0.1857556700706482,0.9375
nofed,1789,0.1850174069404602,0.9375
nofed,1790,0.18423062562942505,0.9375
nofed,1791,0.18349507451057434,0.9375
nofed,1792,0.1826450228691101,0.9375
nofed,1793,0.18181777000427246,0.9375
nofed,1794,0.18106809258460999,0.9375
nofed,1795,0.18023759126663208,0.9375
nofed,1796,0.1794934868812561,0.9375
nofed,1797,0.17876671254634857,0.9375
nofed,1798,0.1780661642551422,0.9375
nofed,1799,0.1771804690361023,0.9375
nofed,1800,0.17647214233875275,0.9375
nofed,1801,0.17568059265613556,0.9375
nofed,1802,0.17478761076927185,0.9375
nofed,1803,0.1741723120212555,0.9375
nofed,1804,0.17340725660324097,0.9375
nofed,1805,0.1726161539554596,0.9375
nofed,1806,0.17190665006637573,0.9375
nofed,1807,0.17117348313331604,0.9375
nofed,1808,0.1703948974609375,0.9375
nofed,1809,0.16963328421115875,0.9375
nofed,1810,0.1689125895500183,0.9375
nofed,1811,0.1682288944721222,0.9375
nofed,1812,0.1674012541770935,0.9375
nofed,1813,0.16675244271755219,0.9375
nofed,1814,0.16602271795272827,0.9375
nofed,1815,0.16522526741027832,0.9375
nofed,1816,0.16458098590373993,0.9375
nofed,1817,0.16376495361328125,0.9375
nofed,1818,0.16310670971870422,0.9375
nofed,1819,0.1624125838279724,0.9375
nofed,1820,0.16164398193359375,0.9375
nofed,1821,0.1609320044517517,0.953125
nofed,1822,0.16020794212818146,0.953125
nofed,1823,0.15953034162521362,0.953125
nofed,1824,0.1587943285703659,0.953125
nofed,1825,0.1580645740032196,0.953125
nofed,1826,0.15733927488327026,0.953125
nofed,1827,0.15669389069080353,0.953125
nofed,1828,0.1559990644454956,0.953125
nofed,1829,0.15528523921966553,0.953125
nofed,1830,0.15453554689884186,0.953125
nofed,1831,0.1537741720676422,0.953125
nofed,1832,0.153123140335083,0.953125
nofed,1833,0.1524871587753296,0.953125
nofed,1834,0.15186308324337006,0.953125
nofed,1835,0.1512259840965271,0.953125
nofed,1836,0.15058118104934692,0.953125
nofed,1837,0.14984653890132904,0.953125
nofed,1838,0.1491101086139679,0.953125
nofed,1839,0.14847609400749207,0.96875
nofed,1840,0.1478809267282486,0.96875
nofed,1841,0.14719417691230774,0.96875
nofed,1842,0.14654852449893951,0.96875
nofed,1843,0.14581815898418427,0.96875
nofed,1844,0.14518675208091736,0.96875
nofed,1845,0.14451435208320618,0.96875
nofed,1846,0.14396554231643677,0.96875
nofed,1847,0.14323092997074127,0.96875
nofed,1848,0.14267808198928833,0.984375
nofed,1849,0.1420828402042389,0.984375
nofed,1850,0.1414411962032318,0.984375
nofed,1851,0.1407448947429657,0.984375
nofed,1852,0.14012813568115234,0.984375
nofed,1853,0.1396006941795349,0.984375
nofed,1854,0.1389414370059967,0.984375
nofed,1855,0.13829928636550903,0.984375
nofed,1856,0.13776421546936035,0.984375
nofed,1857,0.1371435821056366,0.984375
nofed,1858,0.13654057681560516,0.984375
nofed,1859,0.13600510358810425,0.984375
nofed,1860,0.1353704333305359,0.984375
nofed,1861,0.1347733438014984,0.984375
nofed,1862,0.13419154286384583,0.984375
nofed,1863,0.13360200822353363,0.984375
nofed,1864,0.13299457728862762,0.984375
nofed,1865,0.13246473670005798,1.0
nofed,1866,0.13189756870269775,1.0
nofed,1867,0.13126513361930847,1.0
nofed,1868,0.13062594830989838,1.0
nofed,1869,0.13012635707855225,1.0
nofed,1870,0.12962818145751953,1.0
nofed,1871,0.12903501093387604,1.0
nofed,1872,0.12847423553466797,1.0
nofed,1873,0.127958744764328,1.0
nofed,1874,0.12741360068321228,1.0
nofed,1875,0.1268562525510788,1.0
nofed,1876,0.1263044774532318,1.0
nofed,1877,0.125725656747818,1.0
nofed,1878,0.1252184361219406,1.0
nofed,1879,0.12470194697380066,1.0
nofed,1880,0.12416303902864456,1.0
nofed,1881,0.12368789315223694,1.0
nofed,1882,0.12316389381885529,1.0
nofed,1883,0.12267234921455383,1.0
nofed,1884,0.12216009944677353,1.0
nofed,1885,0.12169027328491211,1.0
nofed,1886,0.12117577344179153,1.0
nofed,1887,0.1206294447183609,1.0
nofed,1888,0.12015028297901154,1.0
nofed,1889,0.11962719261646271,1.0
nofed,1890,0.11909902095794678,1.0
nofed,1891,0.11857259273529053,1.0
nofed,1892,0.11808469146490097,1.0
nofed,1893,0.11769608408212662,1.0
nofed,1894,0.11723966896533966,1.0
nofed,1895,0.11667881906032562,1.0
nofed,1896,0.1163003146648407,1.0
nofed,1897,0.11576445400714874,1.0
nofed,1898,0.11528162658214569,1.0
nofed,1899,0.11482904851436615,1.0
nofed,1900,0.1144532859325409,1.0
nofed,1901,0.11396351456642151,1.0
nofed,1902,0.11343825608491898,1.0
nofed,1903,0.1129865050315857,1.0
nofed,1904,0.11249998211860657,1.0
nofed,1905,0.11210332810878754,1.0
nofed,1906,0.11167710274457932,1.0
nofed,1907,0.11118052899837494,1.0
nofed,1908,0.11075490713119507,1.0
nofed,1909,0.11028985679149628,1.0
nofed,1910,0.10999132692813873,1.0
nofed,1911,0.10954013466835022,1.0
nofed,1912,0.10911257565021515,1.0
nofed,1913,0.10866554826498032,1.0
nofed,1914,0.10820029675960541,1.0
nofed,1915,0.1078086718916893,1.0
nofed,1916,0.10745229572057724,1.0
nofed,1917,0.10705084353685379,1.0
nofed,1918,0.10658873617649078,1.0
nofed,1919,0.106198251247406,1.0
nofed,1920,0.10578621923923492,1.0
nofed,1921,0.10546670109033585,1.0
nofed,1922,0.1050855740904808,1.0
nofed,1923,0.10463357716798782,1.0
nofed,1924,0.10422136634588242,1.0
nofed,1925,0.10384786874055862,1.0
nofed,1926,0.10335420817136765,1.0
nofed,1927,0.10312643647193909,1.0
nofed,1928,0.10272138565778732,1.0
nofed,1929,0.10237421095371246,1.0
nofed,1930,0.10182948410511017,1.0
nofed,1931,0.10146515816450119,1.0
nofed,1932,0.101202592253685,1.0
nofed,1933,0.10083520412445068,1.0
nofed,1934,0.10047564655542374,1.0
nofed,1935,0.10005307197570801,1.0
nofed,1936,0.09977234154939651,1.0
nofed,1937,0.09942826628684998,1.0
nofed,1938,0.09902152419090271,1.0
nofed,1939,0.09874029457569122,1.0
nofed,1940,0.09844206273555756,1.0
nofed,1941,0.09808728843927383,1.0
nofed,1942,0.09769824892282486,1.0
nofed,1943,0.09729479998350143,1.0
nofed,1944,0.09697681665420532,1.0
nofed,1945,0.09671583026647568,1.0
nofed,1946,0.09636938571929932,1.0
nofed,1947,0.09604211151599884,1.0
nofed,1948,0.09575226157903671,1.0
nofed,1949,0.09542026370763779,1.0
nofed,1950,0.09509588032960892,1.0
nofed,1951,0.09465914219617844,1.0
nofed,1952,0.0942920669913292,1.0
nofed,1953,0.09405507892370224,1.0
nofed,1954,0.09366630017757416,1.0
nofed,1955,0.09342914819717407,1.0
nofed,1956,0.0931805968284607,1.0
nofed,1957,0.09288550913333893,1.0
nofed,1958,0.09254231303930283,1.0
nofed,1959,0.09218625724315643,1.0
nofed,1960,0.09188108891248703,1.0
nofed,1961,0.09161415696144104,1.0
nofed,1962,0.09127986431121826,1.0
nofed,1963,0.09107805043458939,1.0
nofed,1964,0.09080334007740021,1.0
nofed,1965,0.09055978059768677,1.0
nofed,1966,0.09032091498374939,1.0
nofed,1967,0.08990387618541718,1.0
nofed,1968,0.08956882357597351,1.0
nofed,1969,0.08926825225353241,1.0
nofed,1970,0.08916667103767395,1.0
nofed,1971,0.08879163861274719,1.0
nofed,1972,0.08854775875806808,1.0
nofed,1973,0.08826231211423874,1.0
nofed,1974,0.08800076693296432,1.0
nofed,1975,0.08771783858537674,1.0
nofed,1976,0.08749816566705704,1.0
nofed,1977,0.08725674450397491,1.0
nofed,1978,0.08688239753246307,1.0
nofed,1979,0.08668388426303864,1.0
nofed,1980,0.08642347902059555,1.0
nofed,1981,0.08618789911270142,1.0
nofed,1982,0.08596603572368622,1.0
nofed,1983,0.08568571507930756,1.0
nofed,1984,0.08537937700748444,1.0
nofed,1985,0.08504121005535126,1.0
nofed,1986,0.08471350371837616,1.0
nofed,1987,0.08454665541648865,1.0
nofed,1988,0.08433979004621506,1.0
nofed,1989,0.08410423249006271,1.0
nofed,1990,0.0838792473077774,1.0
nofed,1991,0.0836576521396637,1.0
nofed,1992,0.08355480432510376,1.0
nofed,1993,0.08319123089313507,1.0
nofed,1994,0.08282069861888885,1.0
nofed,1995,0.08271051943302155,1.0
nofed,1996,0.0824369341135025,1.0
nofed,1997,0.08230765163898468,1.0
nofed,1998,0.08223412930965424,1.0
nofed,1999,0.081837497651577,1.0
