client,round,loss,accuracy
l_curve_1,1,0.686180830001831,0.6176470518112183
l_curve_1,2,0.6700277328491211,0.6176470518112183
l_curve_1,3,0.6566218137741089,0.6176470518112183
l_curve_1,4,0.6446758508682251,0.5882353186607361
l_curve_1,5,0.6344707608222961,0.5882353186607361
l_curve_1,6,0.6257122755050659,0.5588235259056091
l_curve_1,7,0.6185930967330933,0.529411792755127
l_curve_1,8,0.6121802926063538,0.5588235259056091
l_curve_1,9,0.6070783138275146,0.5588235259056091
l_curve_1,10,0.6020241975784302,0.5588235259056091
l_curve_1,11,0.5959954261779785,0.5588235259056091
l_curve_1,12,0.5914786458015442,0.5588235259056091
l_curve_1,13,0.5865530967712402,0.5588235259056091
l_curve_1,14,0.5815282464027405,0.5588235259056091
l_curve_1,15,0.5765522718429565,0.5588235259056091
l_curve_1,16,0.5720980167388916,0.5588235259056091
l_curve_1,17,0.5678877234458923,0.6176470518112183
l_curve_1,18,0.5635702610015869,0.6176470518112183
l_curve_1,19,0.5591410994529724,0.6176470518112183
l_curve_1,20,0.5550755858421326,0.6176470518112183
l_curve_1,21,0.5509189367294312,0.6176470518112183
l_curve_1,22,0.5467702150344849,0.6176470518112183
l_curve_1,23,0.5431833863258362,0.6176470518112183
l_curve_1,24,0.5397178530693054,0.6176470518112183
l_curve_1,25,0.5357537269592285,0.6176470518112183
l_curve_1,26,0.5322446227073669,0.6176470518112183
l_curve_1,27,0.5296247005462646,0.6176470518112183
l_curve_1,28,0.5269028544425964,0.6176470518112183
l_curve_1,29,0.5238184332847595,0.6176470518112183
l_curve_1,30,0.5202804803848267,0.6176470518112183
l_curve_1,31,0.5165526866912842,0.6176470518112183
l_curve_1,32,0.5133736729621887,0.6176470518112183
l_curve_1,33,0.5106461644172668,0.6764705777168274
l_curve_1,34,0.5072875022888184,0.6764705777168274
l_curve_1,35,0.5045577883720398,0.6764705777168274
l_curve_1,36,0.5012509822845459,0.6764705777168274
l_curve_1,37,0.4979034960269928,0.6764705777168274
l_curve_1,38,0.4945330321788788,0.6764705777168274
l_curve_1,39,0.49093931913375854,0.6764705777168274
l_curve_1,40,0.48772627115249634,0.6764705777168274
l_curve_1,41,0.4845154583454132,0.6764705777168274
l_curve_1,42,0.48164793848991394,0.6764705777168274
l_curve_1,43,0.4797586500644684,0.7058823704719543
l_curve_1,44,0.4775482714176178,0.7058823704719543
l_curve_1,45,0.47488200664520264,0.7058823704719543
l_curve_1,46,0.47159329056739807,0.7058823704719543
l_curve_1,47,0.4682542085647583,0.7058823704719543
l_curve_1,48,0.465483158826828,0.7058823704719543
l_curve_1,49,0.4622151851654053,0.7058823704719543
l_curve_1,50,0.4591493606567383,0.7058823704719543
l_curve_1,51,0.4562859833240509,0.7058823704719543
l_curve_1,52,0.4537746012210846,0.7058823704719543
l_curve_1,53,0.45123010873794556,0.7058823704719543
l_curve_1,54,0.44898471236228943,0.7058823704719543
l_curve_1,55,0.4458126723766327,0.7058823704719543
l_curve_1,56,0.4431225061416626,0.7058823704719543
l_curve_1,57,0.441404789686203,0.7058823704719543
l_curve_1,58,0.43978622555732727,0.7058823704719543
l_curve_1,59,0.43710455298423767,0.7058823704719543
l_curve_1,60,0.4341677129268646,0.7352941036224365
l_curve_1,61,0.43172866106033325,0.7352941036224365
l_curve_1,62,0.42959117889404297,0.7352941036224365
l_curve_1,63,0.42674365639686584,0.7352941036224365
l_curve_1,64,0.4243444800376892,0.7352941036224365
l_curve_1,65,0.4217798113822937,0.7352941036224365
l_curve_1,66,0.41885337233543396,0.7352941036224365
l_curve_1,67,0.4161987900733948,0.7352941036224365
l_curve_1,68,0.41399723291397095,0.7647058963775635
l_curve_1,69,0.41106978058815,0.7647058963775635
l_curve_1,70,0.40872371196746826,0.7647058963775635
l_curve_1,71,0.40585920214653015,0.7647058963775635
l_curve_1,72,0.403935968875885,0.7647058963775635
l_curve_1,73,0.4016849994659424,0.7647058963775635
l_curve_1,74,0.39844897389411926,0.7647058963775635
l_curve_1,75,0.39576348662376404,0.7647058963775635
l_curve_1,76,0.3926454484462738,0.7647058963775635
l_curve_1,77,0.3902053236961365,0.7647058963775635
l_curve_1,78,0.3879847228527069,0.7647058963775635
l_curve_1,79,0.38502588868141174,0.7647058963775635
l_curve_1,80,0.3819684386253357,0.7647058963775635
l_curve_1,81,0.37953054904937744,0.7647058963775635
l_curve_1,82,0.377332866191864,0.7647058963775635
l_curve_1,83,0.3752579092979431,0.7647058963775635
l_curve_1,84,0.3734363317489624,0.7647058963775635
l_curve_1,85,0.371493935585022,0.7647058963775635
l_curve_1,86,0.36944380402565,0.7941176295280457
l_curve_1,87,0.36765363812446594,0.7941176295280457
l_curve_1,88,0.36538952589035034,0.7941176295280457
l_curve_1,89,0.3624298572540283,0.7941176295280457
l_curve_1,90,0.3602253496646881,0.7941176295280457
l_curve_1,91,0.3583243191242218,0.7941176295280457
l_curve_1,92,0.3564823269844055,0.7941176295280457
l_curve_1,93,0.3538876175880432,0.7941176295280457
l_curve_1,94,0.35080692172050476,0.7941176295280457
l_curve_1,95,0.3481897711753845,0.7941176295280457
l_curve_1,96,0.34656861424446106,0.7941176295280457
l_curve_1,97,0.3448851704597473,0.7941176295280457
l_curve_1,98,0.34291717410087585,0.7941176295280457
l_curve_1,99,0.34047430753707886,0.7941176295280457
l_curve_1,100,0.33825165033340454,0.7941176295280457
l_curve_1,101,0.3365582227706909,0.7941176295280457
l_curve_1,102,0.33450841903686523,0.7941176295280457
l_curve_1,103,0.33265212178230286,0.7941176295280457
l_curve_1,104,0.3305288255214691,0.7941176295280457
l_curve_1,105,0.32813790440559387,0.7941176295280457
l_curve_1,106,0.32519736886024475,0.7941176295280457
l_curve_1,107,0.32342812418937683,0.7941176295280457
l_curve_1,108,0.3213982880115509,0.7941176295280457
l_curve_1,109,0.3197060823440552,0.7941176295280457
l_curve_1,110,0.31823211908340454,0.7941176295280457
l_curve_1,111,0.31638431549072266,0.7941176295280457
l_curve_1,112,0.3142910897731781,0.7941176295280457
l_curve_1,113,0.31297439336776733,0.7941176295280457
l_curve_1,114,0.311145544052124,0.7941176295280457
l_curve_1,115,0.30907055735588074,0.7941176295280457
l_curve_1,116,0.3073273003101349,0.7941176295280457
l_curve_1,117,0.305419921875,0.7941176295280457
l_curve_1,118,0.3028985261917114,0.7941176295280457
l_curve_1,119,0.3009936213493347,0.8235294222831726
l_curve_1,120,0.2992946207523346,0.8235294222831726
l_curve_1,121,0.2974320948123932,0.8235294222831726
l_curve_1,122,0.2961644232273102,0.8235294222831726
l_curve_1,123,0.2948879599571228,0.8235294222831726
l_curve_1,124,0.2935226857662201,0.8235294222831726
l_curve_1,125,0.29220032691955566,0.8235294222831726
l_curve_1,126,0.29068315029144287,0.8235294222831726
l_curve_1,127,0.28926774859428406,0.8235294222831726
l_curve_1,128,0.2883276045322418,0.8235294222831726
l_curve_1,129,0.2878463864326477,0.8235294222831726
l_curve_1,130,0.2873572111129761,0.8235294222831726
l_curve_1,131,0.2867353856563568,0.8235294222831726
l_curve_1,132,0.2856002151966095,0.8235294222831726
l_curve_1,133,0.2841207683086395,0.8235294222831726
l_curve_1,134,0.2827448844909668,0.8235294222831726
l_curve_1,135,0.28161895275115967,0.8235294222831726
l_curve_1,136,0.281027227640152,0.8235294222831726
l_curve_1,137,0.27986010909080505,0.8235294222831726
l_curve_1,138,0.2781902551651001,0.8235294222831726
l_curve_1,139,0.2774678170681,0.8235294222831726
l_curve_1,140,0.2768690884113312,0.8529411554336548
l_curve_1,141,0.27568358182907104,0.8529411554336548
l_curve_1,142,0.27424702048301697,0.8235294222831726
l_curve_1,143,0.27279067039489746,0.8529411554336548
l_curve_1,144,0.27256083488464355,0.8529411554336548
l_curve_1,145,0.2724471688270569,0.8529411554336548
l_curve_1,146,0.2724287211894989,0.8529411554336548
l_curve_1,147,0.2713562846183777,0.8529411554336548
l_curve_1,148,0.27061954140663147,0.8823529481887817
l_curve_1,149,0.2694522738456726,0.8823529481887817
l_curve_1,150,0.26860812306404114,0.8823529481887817
l_curve_1,151,0.26778465509414673,0.8823529481887817
l_curve_1,152,0.2669236958026886,0.8823529481887817
l_curve_1,153,0.2664793133735657,0.8823529481887817
l_curve_1,154,0.26537108421325684,0.8823529481887817
l_curve_1,155,0.26467400789260864,0.8823529481887817
l_curve_1,156,0.26399627327919006,0.8823529481887817
l_curve_1,157,0.2636168599128723,0.8823529481887817
l_curve_1,158,0.2631582021713257,0.8823529481887817
l_curve_1,159,0.2625974714756012,0.8823529481887817
l_curve_1,160,0.26214900612831116,0.8823529481887817
l_curve_1,161,0.26149189472198486,0.8823529481887817
l_curve_1,162,0.26095977425575256,0.8823529481887817
l_curve_1,163,0.26086360216140747,0.8823529481887817
l_curve_1,164,0.2608940005302429,0.8823529481887817
l_curve_1,165,0.2603146731853485,0.8823529481887817
l_curve_1,166,0.260181188583374,0.8823529481887817
l_curve_1,167,0.25986242294311523,0.8823529481887817
l_curve_1,168,0.25913262367248535,0.8823529481887817
l_curve_1,169,0.2580428719520569,0.8823529481887817
l_curve_1,170,0.25757071375846863,0.8823529481887817
l_curve_1,171,0.2567615807056427,0.8823529481887817
l_curve_1,172,0.2558336853981018,0.8823529481887817
l_curve_1,173,0.2551690638065338,0.8823529481887817
l_curve_1,174,0.25526106357574463,0.8823529481887817
l_curve_1,175,0.2549428343772888,0.8823529481887817
l_curve_1,176,0.25455331802368164,0.8823529481887817
l_curve_1,177,0.2540082335472107,0.8823529481887817
l_curve_1,178,0.2531394958496094,0.8823529481887817
l_curve_1,179,0.2523843050003052,0.8823529481887817
l_curve_1,180,0.2520345151424408,0.8823529481887817
l_curve_1,181,0.2516781687736511,0.8823529481887817
l_curve_1,182,0.25072863698005676,0.8823529481887817
l_curve_1,183,0.25020530819892883,0.8823529481887817
l_curve_1,184,0.24960848689079285,0.8823529481887817
l_curve_1,185,0.2490745484828949,0.8823529481887817
l_curve_1,186,0.24828891456127167,0.8823529481887817
l_curve_1,187,0.24773511290550232,0.8823529481887817
l_curve_1,188,0.2475525289773941,0.8823529481887817
l_curve_1,189,0.2472216635942459,0.8823529481887817
l_curve_1,190,0.24650223553180695,0.8823529481887817
l_curve_1,191,0.24665695428848267,0.8823529481887817
l_curve_1,192,0.24670426547527313,0.8823529481887817
l_curve_1,193,0.24630962312221527,0.8823529481887817
l_curve_1,194,0.2455059289932251,0.8823529481887817
l_curve_1,195,0.24462483823299408,0.8823529481887817
l_curve_1,196,0.24424631893634796,0.8823529481887817
l_curve_1,197,0.24409154057502747,0.8823529481887817
l_curve_1,198,0.2439296990633011,0.8823529481887817
l_curve_1,199,0.24357274174690247,0.8823529481887817
l_curve_1,200,0.24257399141788483,0.8823529481887817
l_curve_1,201,0.2418988198041916,0.8823529481887817
l_curve_1,202,0.24171622097492218,0.8823529481887817
l_curve_1,203,0.24104468524456024,0.8823529481887817
l_curve_1,204,0.24047835171222687,0.8823529481887817
l_curve_1,205,0.24041736125946045,0.8823529481887817
l_curve_1,206,0.24018481373786926,0.8823529481887817
l_curve_1,207,0.24006475508213043,0.8823529481887817
l_curve_1,208,0.2391444891691208,0.8823529481887817
l_curve_1,209,0.23811191320419312,0.8823529481887817
l_curve_1,210,0.23744557797908783,0.8823529481887817
l_curve_1,211,0.2373391091823578,0.8823529481887817
l_curve_1,212,0.2366744428873062,0.8823529481887817
l_curve_1,213,0.236263245344162,0.8823529481887817
l_curve_1,214,0.23609428107738495,0.8823529481887817
l_curve_1,215,0.23586133122444153,0.8823529481887817
l_curve_1,216,0.2357390969991684,0.8823529481887817
l_curve_1,217,0.23556998372077942,0.8823529481887817
l_curve_1,218,0.23475369811058044,0.8823529481887817
l_curve_1,219,0.23441846668720245,0.8823529481887817
l_curve_1,220,0.23429878056049347,0.8823529481887817
l_curve_1,221,0.23399481177330017,0.8823529481887817
l_curve_1,222,0.23361581563949585,0.8823529481887817
l_curve_1,223,0.23345106840133667,0.8823529481887817
l_curve_1,224,0.2331303507089615,0.8823529481887817
l_curve_1,225,0.23284751176834106,0.8823529481887817
l_curve_1,226,0.2326737940311432,0.8823529481887817
l_curve_1,227,0.23219943046569824,0.8823529481887817
l_curve_1,228,0.2319626659154892,0.8823529481887817
l_curve_1,229,0.23155324161052704,0.8823529481887817
l_curve_1,230,0.23142141103744507,0.8823529481887817
l_curve_1,231,0.23100611567497253,0.8823529481887817
l_curve_1,232,0.2312486469745636,0.8823529481887817
l_curve_1,233,0.23131512105464935,0.8823529481887817
l_curve_1,234,0.231016144156456,0.8823529481887817
l_curve_1,235,0.23061202466487885,0.8823529481887817
l_curve_1,236,0.22971700131893158,0.8823529481887817
l_curve_1,237,0.22866646945476532,0.8823529481887817
l_curve_1,238,0.2285337597131729,0.8823529481887817
l_curve_1,239,0.22871148586273193,0.8823529481887817
l_curve_1,240,0.22840715944766998,0.8823529481887817
l_curve_1,241,0.2280147522687912,0.8823529481887817
l_curve_1,242,0.22784917056560516,0.8823529481887817
l_curve_1,243,0.22733977437019348,0.8823529481887817
l_curve_1,244,0.22610816359519958,0.8823529481887817
l_curve_1,245,0.2258540838956833,0.8823529481887817
l_curve_1,246,0.2250402420759201,0.8823529481887817
l_curve_1,247,0.22424231469631195,0.8823529481887817
l_curve_1,248,0.22369690239429474,0.8823529481887817
l_curve_1,249,0.22315099835395813,0.8823529481887817
l_curve_1,250,0.2226952761411667,0.8823529481887817
l_curve_1,251,0.2226306051015854,0.8823529481887817
l_curve_1,252,0.22250430285930634,0.8823529481887817
l_curve_1,253,0.22222387790679932,0.8823529481887817
l_curve_1,254,0.22155950963497162,0.8823529481887817
l_curve_1,255,0.2207258641719818,0.8823529481887817
l_curve_1,256,0.2199818640947342,0.8823529481887817
l_curve_1,257,0.21933305263519287,0.8823529481887817
l_curve_1,258,0.21889984607696533,0.8823529481887817
l_curve_1,259,0.21837487816810608,0.8823529481887817
l_curve_1,260,0.21768055856227875,0.8823529481887817
l_curve_1,261,0.21730980277061462,0.8823529481887817
l_curve_1,262,0.2170175462961197,0.8823529481887817
l_curve_1,263,0.21640901267528534,0.8823529481887817
l_curve_1,264,0.2157968133687973,0.8823529481887817
l_curve_1,265,0.21573017537593842,0.8823529481887817
l_curve_1,266,0.21527349948883057,0.8823529481887817
l_curve_1,267,0.21476104855537415,0.8823529481887817
l_curve_1,268,0.2146044820547104,0.8823529481887817
l_curve_1,269,0.21460536122322083,0.8823529481887817
l_curve_1,270,0.2138790637254715,0.8823529481887817
l_curve_1,271,0.21336807310581207,0.8823529481887817
l_curve_1,272,0.21271578967571259,0.8823529481887817
l_curve_1,273,0.21223194897174835,0.8823529481887817
l_curve_1,274,0.2116585373878479,0.8823529481887817
l_curve_1,275,0.21072423458099365,0.8823529481887817
l_curve_1,276,0.2101365625858307,0.8823529481887817
l_curve_1,277,0.20918482542037964,0.8823529481887817
l_curve_1,278,0.2084028720855713,0.8823529481887817
l_curve_1,279,0.20709547400474548,0.8823529481887817
l_curve_1,280,0.20677560567855835,0.8823529481887817
l_curve_1,281,0.20655299723148346,0.8823529481887817
l_curve_1,282,0.20582763850688934,0.8823529481887817
l_curve_1,283,0.2049291580915451,0.8823529481887817
l_curve_1,284,0.20406438410282135,0.8823529481887817
l_curve_1,285,0.2034149467945099,0.8823529481887817
l_curve_1,286,0.2028985619544983,0.8823529481887817
l_curve_1,287,0.2023906111717224,0.8823529481887817
l_curve_1,288,0.20170046389102936,0.8823529481887817
l_curve_1,289,0.20131434500217438,0.8823529481887817
l_curve_1,290,0.20094844698905945,0.8823529481887817
l_curve_1,291,0.20063894987106323,0.8823529481887817
l_curve_1,292,0.20087724924087524,0.8823529481887817
l_curve_1,293,0.20022106170654297,0.8823529481887817
l_curve_1,294,0.1996210515499115,0.8823529481887817
l_curve_1,295,0.19845050573349,0.8823529481887817
l_curve_1,296,0.19717776775360107,0.8823529481887817
l_curve_1,297,0.1964014768600464,0.8823529481887817
l_curve_1,298,0.1961507946252823,0.8823529481887817
l_curve_1,299,0.1958913952112198,0.8823529481887817
l_curve_1,300,0.19484128057956696,0.8823529481887817
l_curve_1,301,0.1935609132051468,0.8823529481887817
l_curve_1,302,0.19261789321899414,0.8823529481887817
l_curve_1,303,0.19164998829364777,0.8823529481887817
l_curve_1,304,0.19079940021038055,0.8823529481887817
l_curve_1,305,0.19013923406600952,0.8823529481887817
l_curve_1,306,0.18920600414276123,0.8823529481887817
l_curve_1,307,0.18840385973453522,0.8823529481887817
l_curve_1,308,0.18810969591140747,0.8823529481887817
l_curve_1,309,0.18766367435455322,0.8823529481887817
l_curve_1,310,0.1871449202299118,0.8823529481887817
l_curve_1,311,0.18626165390014648,0.8823529481887817
l_curve_1,312,0.18529711663722992,0.8823529481887817
l_curve_1,313,0.18460220098495483,0.8823529481887817
l_curve_1,314,0.18373548984527588,0.8823529481887817
l_curve_1,315,0.18294863402843475,0.8823529481887817
l_curve_1,316,0.1818450391292572,0.9117646813392639
l_curve_1,317,0.18085069954395294,0.9117646813392639
l_curve_1,318,0.17973460257053375,0.9117646813392639
l_curve_1,319,0.17915549874305725,0.9117646813392639
l_curve_1,320,0.17830707132816315,0.9117646813392639
l_curve_1,321,0.17735032737255096,0.9411764740943909
l_curve_1,322,0.17653831839561462,0.9411764740943909
l_curve_1,323,0.17557142674922943,0.9411764740943909
l_curve_1,324,0.1746179163455963,0.9411764740943909
l_curve_1,325,0.17385824024677277,0.9411764740943909
l_curve_1,326,0.17307963967323303,0.9411764740943909
l_curve_1,327,0.1724318265914917,0.9411764740943909
l_curve_1,328,0.1710921674966812,0.9411764740943909
l_curve_1,329,0.17048025131225586,0.9411764740943909
l_curve_1,330,0.16991885006427765,0.970588207244873
l_curve_1,331,0.16903600096702576,0.970588207244873
l_curve_1,332,0.16819553077220917,0.970588207244873
l_curve_1,333,0.16758759319782257,0.970588207244873
l_curve_1,334,0.16656862199306488,0.970588207244873
l_curve_1,335,0.1657634824514389,0.970588207244873
l_curve_1,336,0.16483008861541748,0.970588207244873
l_curve_1,337,0.1635928899049759,0.970588207244873
l_curve_1,338,0.16255588829517365,0.970588207244873
l_curve_1,339,0.16248753666877747,0.970588207244873
l_curve_1,340,0.16206790506839752,0.970588207244873
l_curve_1,341,0.1611073613166809,0.970588207244873
l_curve_1,342,0.1602763682603836,0.970588207244873
l_curve_1,343,0.1591382622718811,0.970588207244873
l_curve_1,344,0.1578156054019928,0.970588207244873
l_curve_1,345,0.1567104458808899,0.970588207244873
l_curve_1,346,0.1560882329940796,0.970588207244873
l_curve_1,347,0.15527114272117615,0.970588207244873
l_curve_1,348,0.15459993481636047,0.970588207244873
l_curve_1,349,0.1533627212047577,0.970588207244873
l_curve_1,350,0.1527220606803894,0.970588207244873
l_curve_1,351,0.1519274264574051,0.970588207244873
l_curve_1,352,0.15089501440525055,0.970588207244873
l_curve_1,353,0.15000252425670624,0.970588207244873
l_curve_1,354,0.14899004995822906,1.0
l_curve_1,355,0.14808616042137146,1.0
l_curve_1,356,0.1472059041261673,1.0
l_curve_1,357,0.1458478569984436,1.0
l_curve_1,358,0.1445944756269455,1.0
l_curve_1,359,0.1433492749929428,1.0
l_curve_1,360,0.14279426634311676,1.0
l_curve_1,361,0.14189985394477844,1.0
l_curve_1,362,0.14127695560455322,1.0
l_curve_1,363,0.1407867670059204,1.0
l_curve_1,364,0.13987158238887787,1.0
l_curve_1,365,0.1385371834039688,1.0
l_curve_1,366,0.13777698576450348,1.0
l_curve_1,367,0.1369505673646927,1.0
l_curve_1,368,0.13606436550617218,1.0
l_curve_1,369,0.13538530468940735,1.0
l_curve_1,370,0.13470764458179474,1.0
l_curve_1,371,0.13392941653728485,1.0
l_curve_1,372,0.13305117189884186,1.0
l_curve_1,373,0.13184446096420288,1.0
l_curve_1,374,0.13090097904205322,1.0
l_curve_1,375,0.1300685554742813,1.0
l_curve_1,376,0.12948910892009735,1.0
l_curve_1,377,0.12891894578933716,1.0
l_curve_1,378,0.12810444831848145,1.0
l_curve_1,379,0.1271596997976303,1.0
l_curve_1,380,0.12562277913093567,1.0
l_curve_1,381,0.12455550581216812,1.0
l_curve_1,382,0.1238752007484436,1.0
l_curve_1,383,0.12332838028669357,1.0
l_curve_1,384,0.12231003493070602,1.0
l_curve_1,385,0.12167126685380936,1.0
l_curve_1,386,0.12104769051074982,1.0
l_curve_1,387,0.1200886219739914,1.0
l_curve_1,388,0.11905250698328018,1.0
l_curve_1,389,0.1184217780828476,1.0
l_curve_1,390,0.11764958500862122,1.0
l_curve_1,391,0.11652753502130508,1.0
l_curve_1,392,0.11576619744300842,1.0
l_curve_1,393,0.11497464030981064,1.0
l_curve_1,394,0.11434643715620041,1.0
l_curve_1,395,0.11365760117769241,1.0
l_curve_1,396,0.11284708231687546,1.0
l_curve_1,397,0.11201804876327515,1.0
l_curve_1,398,0.11169296503067017,1.0
l_curve_1,399,0.1110810786485672,1.0
l_curve_1,400,0.11009882390499115,1.0
l_curve_1,401,0.10943112522363663,1.0
l_curve_1,402,0.10885505378246307,1.0
l_curve_1,403,0.10828973352909088,1.0
l_curve_1,404,0.10747083276510239,1.0
l_curve_1,405,0.10662472993135452,1.0
l_curve_1,406,0.10597354918718338,1.0
l_curve_1,407,0.105279840528965,1.0
l_curve_1,408,0.10453159362077713,1.0
l_curve_1,409,0.10374816507101059,1.0
l_curve_1,410,0.10311148315668106,1.0
l_curve_1,411,0.10248806327581406,1.0
l_curve_1,412,0.10201926529407501,1.0
l_curve_1,413,0.10112690180540085,1.0
l_curve_1,414,0.10053924471139908,1.0
l_curve_1,415,0.09964191913604736,1.0
l_curve_1,416,0.09893135726451874,1.0
l_curve_1,417,0.09846232831478119,1.0
l_curve_1,418,0.09805223345756531,1.0
l_curve_1,419,0.09736146032810211,1.0
l_curve_1,420,0.09671451151371002,1.0
l_curve_1,421,0.09561188519001007,1.0
l_curve_1,422,0.09460436552762985,1.0
l_curve_1,423,0.09403365850448608,1.0
l_curve_1,424,0.09327316284179688,1.0
l_curve_1,425,0.0926942378282547,1.0
l_curve_1,426,0.09231693297624588,1.0
l_curve_1,427,0.09169310331344604,1.0
l_curve_1,428,0.09109802544116974,1.0
l_curve_1,429,0.09039691835641861,1.0
l_curve_1,430,0.08988393098115921,1.0
l_curve_1,431,0.08938106894493103,1.0
l_curve_1,432,0.08898748457431793,1.0
l_curve_1,433,0.08858272433280945,1.0
l_curve_1,434,0.08764360100030899,1.0
l_curve_1,435,0.08666470646858215,1.0
l_curve_1,436,0.086089126765728,1.0
l_curve_1,437,0.08548584580421448,1.0
l_curve_1,438,0.08479263633489609,1.0
l_curve_1,439,0.08407492190599442,1.0
l_curve_1,440,0.08346531540155411,1.0
l_curve_1,441,0.08279022574424744,1.0
l_curve_1,442,0.08216554671525955,1.0
l_curve_1,443,0.08160406351089478,1.0
l_curve_1,444,0.08075372129678726,1.0
l_curve_1,445,0.08047612756490707,1.0
l_curve_1,446,0.08021197468042374,1.0
l_curve_1,447,0.07996276766061783,1.0
l_curve_1,448,0.07937993109226227,1.0
l_curve_1,449,0.07882437109947205,1.0
l_curve_1,450,0.07832343876361847,1.0
l_curve_1,451,0.07787000387907028,1.0
l_curve_1,452,0.07765716314315796,1.0
l_curve_1,453,0.0771079808473587,1.0
l_curve_1,454,0.07639867067337036,1.0
l_curve_1,455,0.0755944550037384,1.0
l_curve_1,456,0.07524626702070236,1.0
l_curve_1,457,0.07488782703876495,1.0
l_curve_1,458,0.07450755685567856,1.0
l_curve_1,459,0.07405345886945724,1.0
l_curve_1,460,0.0737917497754097,1.0
l_curve_1,461,0.07327042520046234,1.0
l_curve_1,462,0.07277650386095047,1.0
l_curve_1,463,0.07236021012067795,1.0
l_curve_1,464,0.07184939086437225,1.0
l_curve_1,465,0.07152007520198822,1.0
l_curve_1,466,0.07115351408720016,1.0
l_curve_1,467,0.07080841809511185,1.0
l_curve_1,468,0.07012888044118881,1.0
l_curve_1,469,0.06955702602863312,1.0
l_curve_1,470,0.06909151375293732,1.0
l_curve_1,471,0.06886497139930725,1.0
l_curve_1,472,0.06854783743619919,1.0
l_curve_1,473,0.06776323169469833,1.0
l_curve_1,474,0.06719274818897247,1.0
l_curve_1,475,0.0668620765209198,1.0
l_curve_1,476,0.06642528623342514,1.0
l_curve_1,477,0.0660317987203598,1.0
l_curve_1,478,0.06575856357812881,1.0
l_curve_1,479,0.06506118178367615,1.0
l_curve_1,480,0.0643625259399414,1.0
l_curve_1,481,0.06371495127677917,1.0
l_curve_1,482,0.06312758475542068,1.0
l_curve_1,483,0.06283893436193466,1.0
l_curve_1,484,0.06280000507831573,1.0
l_curve_1,485,0.062421590089797974,1.0
l_curve_1,486,0.06223071366548538,1.0
l_curve_1,487,0.06165197491645813,1.0
l_curve_1,488,0.061199840158224106,1.0
l_curve_1,489,0.06073322892189026,1.0
l_curve_1,490,0.060498666018247604,1.0
l_curve_1,491,0.06007106974720955,1.0
l_curve_1,492,0.05990193039178848,1.0
l_curve_1,493,0.05962264537811279,1.0
l_curve_1,494,0.05930206924676895,1.0
l_curve_1,495,0.058914072811603546,1.0
l_curve_1,496,0.05817103385925293,1.0
l_curve_1,497,0.05773463845252991,1.0
l_curve_1,498,0.05732019990682602,1.0
l_curve_1,499,0.05686467885971069,1.0
l_curve_1,500,0.05655008181929588,1.0
l_curve_1,501,0.05594990774989128,1.0
l_curve_1,502,0.05549964681267738,1.0
l_curve_1,503,0.05538390949368477,1.0
l_curve_1,504,0.055406272411346436,1.0
l_curve_1,505,0.05512639135122299,1.0
l_curve_1,506,0.05484003201127052,1.0
l_curve_1,507,0.05437035486102104,1.0
l_curve_1,508,0.053992487490177155,1.0
l_curve_1,509,0.05364905297756195,1.0
l_curve_1,510,0.05335912108421326,1.0
l_curve_1,511,0.05293465778231621,1.0
l_curve_1,512,0.05259065702557564,1.0
l_curve_1,513,0.052382998168468475,1.0
l_curve_1,514,0.05191474407911301,1.0
l_curve_1,515,0.05154664069414139,1.0
l_curve_1,516,0.051063455641269684,1.0
l_curve_1,517,0.05086258798837662,1.0
l_curve_1,518,0.05059786140918732,1.0
l_curve_1,519,0.050439268350601196,1.0
l_curve_1,520,0.0503179170191288,1.0
l_curve_1,521,0.049971505999565125,1.0
l_curve_1,522,0.04970109835267067,1.0
l_curve_1,523,0.04919575899839401,1.0
l_curve_1,524,0.048986390233039856,1.0
l_curve_1,525,0.04851207509636879,1.0
l_curve_1,526,0.04830052703619003,1.0
l_curve_1,527,0.048030972480773926,1.0
l_curve_1,528,0.047614213079214096,1.0
l_curve_1,529,0.047182343900203705,1.0
l_curve_1,530,0.04690500721335411,1.0
l_curve_1,531,0.046428974717855453,1.0
l_curve_1,532,0.046110186725854874,1.0
l_curve_1,533,0.0459340438246727,1.0
l_curve_1,534,0.04566286876797676,1.0
l_curve_1,535,0.04531066119670868,1.0
l_curve_1,536,0.045074712485075,1.0
l_curve_1,537,0.0447767935693264,1.0
l_curve_1,538,0.04448515549302101,1.0
l_curve_1,539,0.044145554304122925,1.0
l_curve_1,540,0.043832674622535706,1.0
l_curve_1,541,0.04372573643922806,1.0
l_curve_1,542,0.043622370809316635,1.0
l_curve_1,543,0.0434199720621109,1.0
l_curve_1,544,0.04319959506392479,1.0
l_curve_1,545,0.04311311990022659,1.0
l_curve_1,546,0.04284697771072388,1.0
l_curve_1,547,0.04238603636622429,1.0
l_curve_1,548,0.042096253484487534,1.0
l_curve_1,549,0.04163159430027008,1.0
l_curve_1,550,0.04116493836045265,1.0
l_curve_1,551,0.040888044983148575,1.0
l_curve_1,552,0.040712520480155945,1.0
l_curve_1,553,0.0404757484793663,1.0
l_curve_1,554,0.04005441069602966,1.0
l_curve_1,555,0.039726272225379944,1.0
l_curve_1,556,0.039868708699941635,1.0
l_curve_1,557,0.03963669389486313,1.0
l_curve_1,558,0.03946581855416298,1.0
l_curve_1,559,0.03913791850209236,1.0
l_curve_1,560,0.03897298872470856,1.0
l_curve_1,561,0.038801129907369614,1.0
l_curve_1,562,0.038676824420690536,1.0
l_curve_1,563,0.03840534761548042,1.0
l_curve_1,564,0.03829037398099899,1.0
l_curve_1,565,0.03793704882264137,1.0
l_curve_1,566,0.03754777833819389,1.0
l_curve_1,567,0.037351641803979874,1.0
l_curve_1,568,0.037168461829423904,1.0
l_curve_1,569,0.037018783390522,1.0
l_curve_1,570,0.03710753098130226,1.0
l_curve_1,571,0.03686601668596268,1.0
l_curve_1,572,0.03653078153729439,1.0
l_curve_1,573,0.036095112562179565,1.0
l_curve_1,574,0.03616228699684143,1.0
l_curve_1,575,0.036228299140930176,1.0
l_curve_1,576,0.03597122058272362,1.0
l_curve_1,577,0.035710565745830536,1.0
l_curve_1,578,0.035506900399923325,1.0
l_curve_1,579,0.035096269100904465,1.0
l_curve_1,580,0.03476433828473091,1.0
l_curve_1,581,0.034612201154232025,1.0
l_curve_1,582,0.034339096397161484,1.0
l_curve_1,583,0.03411345183849335,1.0
l_curve_1,584,0.033929675817489624,1.0
l_curve_1,585,0.03387332335114479,1.0
l_curve_1,586,0.03353693708777428,1.0
l_curve_1,587,0.033307239413261414,1.0
l_curve_1,588,0.033021457493305206,1.0
l_curve_1,589,0.03301910683512688,1.0
l_curve_1,590,0.03280535340309143,1.0
l_curve_1,591,0.03257739171385765,1.0
l_curve_1,592,0.03244926407933235,1.0
l_curve_1,593,0.03228399530053139,1.0
l_curve_1,594,0.03222561627626419,1.0
l_curve_1,595,0.032001569867134094,1.0
l_curve_1,596,0.03200884908437729,1.0
l_curve_1,597,0.031832318753004074,1.0
l_curve_1,598,0.031461913138628006,1.0
l_curve_1,599,0.031069675460457802,1.0
l_curve_1,600,0.030798641964793205,1.0
l_curve_1,601,0.030514899641275406,1.0
l_curve_1,602,0.030431874096393585,1.0
l_curve_1,603,0.030260130763053894,1.0
l_curve_1,604,0.030184265226125717,1.0
l_curve_1,605,0.030072864145040512,1.0
l_curve_1,606,0.029971381649374962,1.0
l_curve_1,607,0.029909729957580566,1.0
l_curve_1,608,0.029546527191996574,1.0
l_curve_1,609,0.029345383867621422,1.0
l_curve_1,610,0.029172636568546295,1.0
l_curve_1,611,0.028907498344779015,1.0
l_curve_1,612,0.028629856184124947,1.0
l_curve_1,613,0.028401175513863564,1.0
l_curve_1,614,0.02847408503293991,1.0
l_curve_1,615,0.028332367539405823,1.0
l_curve_1,616,0.028154565021395683,1.0
l_curve_1,617,0.02797912247478962,1.0
l_curve_1,618,0.027611156925559044,1.0
l_curve_1,619,0.02750629372894764,1.0
l_curve_1,620,0.027349697425961494,1.0
l_curve_1,621,0.027110546827316284,1.0
l_curve_1,622,0.027045927941799164,1.0
l_curve_1,623,0.02690688706934452,1.0
l_curve_1,624,0.02679893746972084,1.0
l_curve_1,625,0.027010805904865265,1.0
l_curve_1,626,0.02684146538376808,1.0
l_curve_1,627,0.02659248746931553,1.0
l_curve_1,628,0.026463277637958527,1.0
l_curve_1,629,0.02636248990893364,1.0
l_curve_1,630,0.02617924101650715,1.0
l_curve_1,631,0.0258969534188509,1.0
l_curve_1,632,0.025669153779745102,1.0
l_curve_1,633,0.025700876489281654,1.0
l_curve_1,634,0.025546103715896606,1.0
l_curve_1,635,0.025498714298009872,1.0
l_curve_1,636,0.025402383878827095,1.0
l_curve_1,637,0.025180542841553688,1.0
l_curve_1,638,0.025134949013590813,1.0
l_curve_1,639,0.02498221956193447,1.0
l_curve_1,640,0.02488020434975624,1.0
l_curve_1,641,0.024728694930672646,1.0
l_curve_1,642,0.024517595767974854,1.0
l_curve_1,643,0.02425551973283291,1.0
l_curve_1,644,0.024116579443216324,1.0
l_curve_1,645,0.02402389422059059,1.0
l_curve_1,646,0.023805230855941772,1.0
l_curve_1,647,0.023663656786084175,1.0
l_curve_1,648,0.02368931658565998,1.0
l_curve_1,649,0.0235734935849905,1.0
l_curve_1,650,0.023604614660143852,1.0
l_curve_1,651,0.02340433932840824,1.0
l_curve_1,652,0.023253589868545532,1.0
l_curve_1,653,0.02308799885213375,1.0
l_curve_1,654,0.02298711985349655,1.0
l_curve_1,655,0.02290326915681362,1.0
l_curve_1,656,0.022842267528176308,1.0
l_curve_1,657,0.02298218011856079,1.0
l_curve_1,658,0.02307555265724659,1.0
l_curve_1,659,0.023031946271657944,1.0
l_curve_1,660,0.022750291973352432,1.0
l_curve_1,661,0.022376731038093567,1.0
l_curve_1,662,0.02210729569196701,1.0
l_curve_1,663,0.02194969169795513,1.0
l_curve_1,664,0.021862046793103218,1.0
l_curve_1,665,0.021620504558086395,1.0
l_curve_1,666,0.02151024155318737,1.0
l_curve_1,667,0.0213440153747797,1.0
l_curve_1,668,0.020988762378692627,1.0
l_curve_1,669,0.02082478068768978,1.0
l_curve_1,670,0.020842941477894783,1.0
l_curve_1,671,0.020818255841732025,1.0
l_curve_1,672,0.020762041211128235,1.0
l_curve_1,673,0.020493842661380768,1.0
l_curve_1,674,0.02041354402899742,1.0
l_curve_1,675,0.020419325679540634,1.0
l_curve_1,676,0.020285412669181824,1.0
l_curve_1,677,0.02033105492591858,1.0
l_curve_1,678,0.02043408341705799,1.0
l_curve_1,679,0.020308371633291245,1.0
l_curve_1,680,0.020098399370908737,1.0
l_curve_1,681,0.019842304289340973,1.0
l_curve_1,682,0.019777294248342514,1.0
l_curve_1,683,0.01961532048881054,1.0
l_curve_1,684,0.019519459456205368,1.0
l_curve_1,685,0.019412590190768242,1.0
l_curve_1,686,0.019313331693410873,1.0
l_curve_1,687,0.01936187967658043,1.0
l_curve_1,688,0.019493823871016502,1.0
l_curve_1,689,0.019335048273205757,1.0
l_curve_1,690,0.019182858988642693,1.0
l_curve_1,691,0.019144892692565918,1.0
l_curve_1,692,0.01898396760225296,1.0
l_curve_1,693,0.0189191997051239,1.0
l_curve_1,694,0.018775831907987595,1.0
l_curve_1,695,0.018570657819509506,1.0
l_curve_1,696,0.01847945898771286,1.0
l_curve_1,697,0.01830970123410225,1.0
l_curve_1,698,0.01816515624523163,1.0
l_curve_1,699,0.017999013885855675,1.0
l_curve_1,700,0.01789114437997341,1.0
l_curve_1,701,0.018064141273498535,1.0
l_curve_1,702,0.018159085884690285,1.0
l_curve_1,703,0.018206840381026268,1.0
l_curve_1,704,0.018088335171341896,1.0
l_curve_1,705,0.017812713980674744,1.0
l_curve_1,706,0.01767466776072979,1.0
l_curve_1,707,0.017691902816295624,1.0
l_curve_1,708,0.01744343526661396,1.0
l_curve_1,709,0.017192263156175613,1.0
l_curve_1,710,0.01708773523569107,1.0
l_curve_1,711,0.017104431986808777,1.0
l_curve_1,712,0.01703737862408161,1.0
l_curve_1,713,0.017006738111376762,1.0
l_curve_1,714,0.01686270348727703,1.0
l_curve_1,715,0.016757501289248466,1.0
l_curve_1,716,0.01655936799943447,1.0
l_curve_1,717,0.016359692439436913,1.0
l_curve_1,718,0.016238020732998848,1.0
l_curve_1,719,0.01616947166621685,1.0
l_curve_1,720,0.015999039635062218,1.0
l_curve_1,721,0.01592041552066803,1.0
l_curve_1,722,0.015767555683851242,1.0
l_curve_1,723,0.015629339963197708,1.0
l_curve_1,724,0.015585650689899921,1.0
l_curve_1,725,0.015517985448241234,1.0
l_curve_1,726,0.015503211878240108,1.0
l_curve_1,727,0.015362178906798363,1.0
l_curve_1,728,0.01530576590448618,1.0
l_curve_1,729,0.015269589610397816,1.0
l_curve_1,730,0.015208140946924686,1.0
l_curve_1,731,0.015183943323791027,1.0
l_curve_1,732,0.015132609754800797,1.0
l_curve_1,733,0.0150228226557374,1.0
l_curve_1,734,0.01509533915668726,1.0
l_curve_1,735,0.015064354985952377,1.0
l_curve_1,736,0.015100966207683086,1.0
l_curve_1,737,0.014963814057409763,1.0
l_curve_1,738,0.014868997037410736,1.0
l_curve_1,739,0.014819378033280373,1.0
l_curve_1,740,0.014795657247304916,1.0
l_curve_1,741,0.014693260192871094,1.0
l_curve_1,742,0.014427714049816132,1.0
l_curve_1,743,0.014248870313167572,1.0
l_curve_1,744,0.014221086166799068,1.0
l_curve_1,745,0.014144175685942173,1.0
l_curve_1,746,0.014195507392287254,1.0
l_curve_1,747,0.014221332967281342,1.0
l_curve_1,748,0.014226281084120274,1.0
l_curve_1,749,0.014047001488506794,1.0
l_curve_1,750,0.013843728229403496,1.0
l_curve_1,751,0.013751774094998837,1.0
l_curve_1,752,0.013688154518604279,1.0
l_curve_1,753,0.013781710527837276,1.0
l_curve_1,754,0.013739218935370445,1.0
l_curve_1,755,0.013568487018346786,1.0
l_curve_1,756,0.013455509208142757,1.0
l_curve_1,757,0.013350042514503002,1.0
l_curve_1,758,0.013210087083280087,1.0
l_curve_1,759,0.013160708360373974,1.0
l_curve_1,760,0.013001389801502228,1.0
l_curve_1,761,0.012976650148630142,1.0
l_curve_1,762,0.012911948375403881,1.0
l_curve_1,763,0.012798342853784561,1.0
l_curve_1,764,0.012873795814812183,1.0
l_curve_1,765,0.012887871824204922,1.0
l_curve_1,766,0.0127442991361022,1.0
l_curve_1,767,0.012565837241709232,1.0
l_curve_1,768,0.012546095065772533,1.0
l_curve_1,769,0.012509745545685291,1.0
l_curve_1,770,0.01242134440690279,1.0
l_curve_1,771,0.012428248301148415,1.0
l_curve_1,772,0.01244522724300623,1.0
l_curve_1,773,0.012340288609266281,1.0
l_curve_1,774,0.01236794050782919,1.0
l_curve_1,775,0.012211179360747337,1.0
l_curve_1,776,0.012167857959866524,1.0
l_curve_1,777,0.012171557173132896,1.0
l_curve_1,778,0.011978005059063435,1.0
l_curve_1,779,0.01184574794024229,1.0
l_curve_1,780,0.011697803623974323,1.0
l_curve_1,781,0.011751201935112476,1.0
l_curve_1,782,0.01165946014225483,1.0
l_curve_1,783,0.01159075926989317,1.0
l_curve_1,784,0.011566970497369766,1.0
l_curve_1,785,0.011491005308926105,1.0
l_curve_1,786,0.011377980001270771,1.0
l_curve_1,787,0.011341044679284096,1.0
l_curve_1,788,0.011262251995503902,1.0
l_curve_1,789,0.01125373039394617,1.0
l_curve_1,790,0.011163629591464996,1.0
l_curve_1,791,0.01115403138101101,1.0
l_curve_1,792,0.011144356802105904,1.0
l_curve_1,793,0.011225457303225994,1.0
l_curve_1,794,0.011212687939405441,1.0
l_curve_1,795,0.011074172332882881,1.0
l_curve_1,796,0.010852443054318428,1.0
l_curve_1,797,0.01067369058728218,1.0
l_curve_1,798,0.010694602504372597,1.0
l_curve_1,799,0.010606168769299984,1.0
l_curve_1,800,0.010617629624903202,1.0
l_curve_1,801,0.010639959946274757,1.0
l_curve_1,802,0.010601229965686798,1.0
l_curve_1,803,0.010613798163831234,1.0
l_curve_1,804,0.010534949600696564,1.0
l_curve_1,805,0.0104675916954875,1.0
l_curve_1,806,0.010489181615412235,1.0
l_curve_1,807,0.010464321821928024,1.0
l_curve_1,808,0.010431399568915367,1.0
l_curve_1,809,0.010291090235114098,1.0
l_curve_1,810,0.010192484594881535,1.0
l_curve_1,811,0.010121873579919338,1.0
l_curve_1,812,0.0101339565590024,1.0
l_curve_1,813,0.010045569390058517,1.0
l_curve_1,814,0.009997972287237644,1.0
l_curve_1,815,0.00997411273419857,1.0
l_curve_1,816,0.009814726188778877,1.0
l_curve_1,817,0.00969482958316803,1.0
l_curve_1,818,0.009661068208515644,1.0
l_curve_1,819,0.00963178463280201,1.0
l_curve_1,820,0.009685026481747627,1.0
l_curve_1,821,0.009726330637931824,1.0
l_curve_1,822,0.009695585817098618,1.0
l_curve_1,823,0.009540657512843609,1.0
l_curve_1,824,0.009452144615352154,1.0
l_curve_1,825,0.009402045980095863,1.0
l_curve_1,826,0.009317673742771149,1.0
l_curve_1,827,0.009274008683860302,1.0
l_curve_1,828,0.009239367209374905,1.0
l_curve_1,829,0.009202552028000355,1.0
l_curve_1,830,0.009170714765787125,1.0
l_curve_1,831,0.009116153232753277,1.0
l_curve_1,832,0.00905336532741785,1.0
l_curve_1,833,0.008999244309961796,1.0
l_curve_1,834,0.008954222314059734,1.0
l_curve_1,835,0.009036330506205559,1.0
l_curve_1,836,0.00904778204858303,1.0
l_curve_1,837,0.008908392861485481,1.0
l_curve_1,838,0.008886974304914474,1.0
l_curve_1,839,0.008913817815482616,1.0
l_curve_1,840,0.00888051651418209,1.0
l_curve_1,841,0.008751215413212776,1.0
l_curve_1,842,0.00873807817697525,1.0
l_curve_1,843,0.00868853460997343,1.0
l_curve_1,844,0.008600116707384586,1.0
l_curve_1,845,0.008485174737870693,1.0
l_curve_1,846,0.008537357673048973,1.0
l_curve_1,847,0.008541000075638294,1.0
l_curve_1,848,0.00847720168530941,1.0
l_curve_1,849,0.008450599387288094,1.0
l_curve_1,850,0.008407782763242722,1.0
l_curve_1,851,0.008293408900499344,1.0
l_curve_1,852,0.008297530934214592,1.0
l_curve_1,853,0.00829287152737379,1.0
l_curve_1,854,0.008279340341687202,1.0
l_curve_1,855,0.008231179788708687,1.0
l_curve_1,856,0.008169962093234062,1.0
l_curve_1,857,0.008187409490346909,1.0
l_curve_1,858,0.00818368885666132,1.0
l_curve_1,859,0.008242051117122173,1.0
l_curve_1,860,0.008221759460866451,1.0
l_curve_1,861,0.008154638111591339,1.0
l_curve_1,862,0.008116977289319038,1.0
l_curve_1,863,0.00798333901911974,1.0
l_curve_1,864,0.007975021377205849,1.0
l_curve_1,865,0.007980654016137123,1.0
l_curve_1,866,0.007958482950925827,1.0
l_curve_1,867,0.007897513918578625,1.0
l_curve_1,868,0.00783477071672678,1.0
l_curve_1,869,0.007757589221000671,1.0
l_curve_1,870,0.0077057271264493465,1.0
l_curve_1,871,0.0075997887179255486,1.0
l_curve_1,872,0.007569663692265749,1.0
l_curve_1,873,0.007584776263684034,1.0
l_curve_1,874,0.007515903562307358,1.0
l_curve_1,875,0.007518355268985033,1.0
l_curve_1,876,0.007504500914365053,1.0
l_curve_1,877,0.007403985597193241,1.0
l_curve_1,878,0.0073399776592850685,1.0
l_curve_1,879,0.0072807492688298225,1.0
l_curve_1,880,0.007228031288832426,1.0
l_curve_1,881,0.007226545829325914,1.0
l_curve_1,882,0.007171903271228075,1.0
l_curve_1,883,0.007254681084305048,1.0
l_curve_1,884,0.0072418153285980225,1.0
l_curve_1,885,0.0071213096380233765,1.0
l_curve_1,886,0.007064211647957563,1.0
l_curve_1,887,0.007073201704770327,1.0
l_curve_1,888,0.007103352807462215,1.0
l_curve_1,889,0.007017618045210838,1.0
l_curve_1,890,0.006952537689357996,1.0
l_curve_1,891,0.006875679362565279,1.0
l_curve_1,892,0.006930364295840263,1.0
l_curve_1,893,0.006924810819327831,1.0
l_curve_1,894,0.006933149881660938,1.0
l_curve_1,895,0.006846809759736061,1.0
l_curve_1,896,0.0068443515338003635,1.0
l_curve_1,897,0.0068100085482001305,1.0
l_curve_1,898,0.006743686739355326,1.0
l_curve_1,899,0.006773967295885086,1.0
l_curve_1,900,0.006799926981329918,1.0
l_curve_1,901,0.006714139133691788,1.0
l_curve_1,902,0.00662127323448658,1.0
l_curve_1,903,0.006560078822076321,1.0
l_curve_1,904,0.006546646356582642,1.0
l_curve_1,905,0.006513475906103849,1.0
l_curve_1,906,0.006637307349592447,1.0
l_curve_1,907,0.006679328624159098,1.0
l_curve_1,908,0.006659587845206261,1.0
l_curve_1,909,0.006566337309777737,1.0
l_curve_1,910,0.006453517824411392,1.0
l_curve_1,911,0.0064972261898219585,1.0
l_curve_1,912,0.006474287714809179,1.0
l_curve_1,913,0.006472628563642502,1.0
l_curve_1,914,0.006421704310923815,1.0
l_curve_1,915,0.006313089281320572,1.0
l_curve_1,916,0.006265665870159864,1.0
l_curve_1,917,0.006236209534108639,1.0
l_curve_1,918,0.006210829596966505,1.0
l_curve_1,919,0.006168094463646412,1.0
l_curve_1,920,0.006056913174688816,1.0
l_curve_1,921,0.00600099191069603,1.0
l_curve_1,922,0.006054988130927086,1.0
l_curve_1,923,0.006035988684743643,1.0
l_curve_1,924,0.0061269765719771385,1.0
l_curve_1,925,0.006184982135891914,1.0
l_curve_1,926,0.006095899268984795,1.0
l_curve_1,927,0.006089317612349987,1.0
l_curve_1,928,0.006003130227327347,1.0
l_curve_1,929,0.0059527866542339325,1.0
l_curve_1,930,0.005879837088286877,1.0
l_curve_1,931,0.005811091046780348,1.0
l_curve_1,932,0.005757402162998915,1.0
l_curve_1,933,0.00575509387999773,1.0
l_curve_1,934,0.005775086116045713,1.0
l_curve_1,935,0.005755989346653223,1.0
l_curve_1,936,0.005771859548985958,1.0
l_curve_1,937,0.005736787803471088,1.0
l_curve_1,938,0.005646136589348316,1.0
l_curve_1,939,0.005600288510322571,1.0
l_curve_1,940,0.005582893267273903,1.0
l_curve_1,941,0.005535229574888945,1.0
l_curve_1,942,0.0054781753569841385,1.0
l_curve_1,943,0.005432640202343464,1.0
l_curve_1,944,0.0053661055862903595,1.0
l_curve_1,945,0.005316231399774551,1.0
l_curve_1,946,0.005299666430801153,1.0
l_curve_1,947,0.005212141200900078,1.0
l_curve_1,948,0.005217754747718573,1.0
l_curve_1,949,0.005253800190985203,1.0
l_curve_1,950,0.0052157677710056305,1.0
l_curve_1,951,0.00522155687212944,1.0
l_curve_1,952,0.005232227500528097,1.0
l_curve_1,953,0.0052132816053926945,1.0
l_curve_1,954,0.005144487600773573,1.0
l_curve_1,955,0.005139520391821861,1.0
l_curve_1,956,0.00514410063624382,1.0
l_curve_1,957,0.005102719180285931,1.0
l_curve_1,958,0.005053742788732052,1.0
l_curve_1,959,0.005026935134083033,1.0
l_curve_1,960,0.005048518069088459,1.0
l_curve_1,961,0.005063238553702831,1.0
l_curve_1,962,0.0050862072966992855,1.0
l_curve_1,963,0.00505413394421339,1.0
l_curve_1,964,0.005011463072150946,1.0
l_curve_1,965,0.004880382213741541,1.0
l_curve_1,966,0.004788867197930813,1.0
l_curve_1,967,0.004808173980563879,1.0
l_curve_1,968,0.004775823559612036,1.0
l_curve_1,969,0.004770656581968069,1.0
l_curve_1,970,0.004738107323646545,1.0
l_curve_1,971,0.004780997522175312,1.0
l_curve_1,972,0.004733921028673649,1.0
l_curve_1,973,0.004729178734123707,1.0
l_curve_1,974,0.0047088125720620155,1.0
l_curve_1,975,0.004626413807272911,1.0
l_curve_1,976,0.00464670080691576,1.0
l_curve_1,977,0.004687897861003876,1.0
l_curve_1,978,0.004651308991014957,1.0
l_curve_1,979,0.004645213950425386,1.0
l_curve_1,980,0.004601531662046909,1.0
l_curve_1,981,0.004587918054312468,1.0
l_curve_1,982,0.004551819525659084,1.0
l_curve_1,983,0.0045093996450304985,1.0
l_curve_1,984,0.00451993104070425,1.0
l_curve_1,985,0.0045593660324811935,1.0
l_curve_1,986,0.004534614738076925,1.0
l_curve_1,987,0.004484976641833782,1.0
l_curve_1,988,0.004452437162399292,1.0
l_curve_1,989,0.004429873079061508,1.0
l_curve_1,990,0.004441631957888603,1.0
l_curve_1,991,0.004379783291369677,1.0
l_curve_1,992,0.004315153229981661,1.0
l_curve_1,993,0.0042707715183496475,1.0
l_curve_1,994,0.004335298202931881,1.0
l_curve_1,995,0.004354661330580711,1.0
l_curve_1,996,0.004291228950023651,1.0
l_curve_1,997,0.004201887641102076,1.0
l_curve_1,998,0.004109958186745644,1.0
l_curve_1,999,0.004085765220224857,1.0
l_curve_1,1000,0.004115643445402384,1.0
l_curve_1,1000,0.004115643445402384,1.0
