client,round,loss,accuracy
l_curve_3,1,0.702009916305542,0.5588235259056091
l_curve_3,2,0.6746548414230347,0.5882353186607361
l_curve_3,3,0.6517979502677917,0.6764705777168274
l_curve_3,4,0.631164014339447,0.7352941036224365
l_curve_3,5,0.6134916543960571,0.7058823704719543
l_curve_3,6,0.5984674692153931,0.7058823704719543
l_curve_3,7,0.5866686105728149,0.7352941036224365
l_curve_3,8,0.5762526988983154,0.7352941036224365
l_curve_3,9,0.568554162979126,0.7352941036224365
l_curve_3,10,0.5608814358711243,0.7352941036224365
l_curve_3,11,0.5511188507080078,0.7352941036224365
l_curve_3,12,0.544440746307373,0.7352941036224365
l_curve_3,13,0.536867082118988,0.7352941036224365
l_curve_3,14,0.5290732979774475,0.7352941036224365
l_curve_3,15,0.5214211344718933,0.7352941036224365
l_curve_3,16,0.5148777961730957,0.7352941036224365
l_curve_3,17,0.5087817907333374,0.7352941036224365
l_curve_3,18,0.5025131702423096,0.7647058963775635
l_curve_3,19,0.4960044324398041,0.7647058963775635
l_curve_3,20,0.49023616313934326,0.7647058963775635
l_curve_3,21,0.4844016432762146,0.7647058963775635
l_curve_3,22,0.4785236418247223,0.7647058963775635
l_curve_3,23,0.47367343306541443,0.7647058963775635
l_curve_3,24,0.4690725803375244,0.7647058963775635
l_curve_3,25,0.46348053216934204,0.7647058963775635
l_curve_3,26,0.4587264358997345,0.7647058963775635
l_curve_3,27,0.45559680461883545,0.7647058963775635
l_curve_3,28,0.45235389471054077,0.7647058963775635
l_curve_3,29,0.448715478181839,0.7647058963775635
l_curve_3,30,0.4440975487232208,0.7647058963775635
l_curve_3,31,0.4390219449996948,0.7647058963775635
l_curve_3,32,0.4349505305290222,0.7647058963775635
l_curve_3,33,0.4317477345466614,0.7647058963775635
l_curve_3,34,0.42748621106147766,0.7647058963775635
l_curve_3,35,0.4242534041404724,0.7647058963775635
l_curve_3,36,0.42004266381263733,0.7647058963775635
l_curve_3,37,0.41571879386901855,0.7647058963775635
l_curve_3,38,0.4112606644630432,0.7647058963775635
l_curve_3,39,0.40653717517852783,0.7647058963775635
l_curve_3,40,0.40254998207092285,0.7941176295280457
l_curve_3,41,0.39836055040359497,0.7941176295280457
l_curve_3,42,0.39496976137161255,0.7941176295280457
l_curve_3,43,0.3932003080844879,0.7941176295280457
l_curve_3,44,0.3908475339412689,0.7941176295280457
l_curve_3,45,0.387643963098526,0.8235294222831726
l_curve_3,46,0.3833182752132416,0.8235294222831726
l_curve_3,47,0.3790951371192932,0.8235294222831726
l_curve_3,48,0.37589049339294434,0.8235294222831726
l_curve_3,49,0.3718983829021454,0.8235294222831726
l_curve_3,50,0.36823326349258423,0.8235294222831726
l_curve_3,51,0.36482203006744385,0.8235294222831726
l_curve_3,52,0.36197078227996826,0.8235294222831726
l_curve_3,53,0.3589324951171875,0.8235294222831726
l_curve_3,54,0.35661157965660095,0.8235294222831726
l_curve_3,55,0.3528725802898407,0.8235294222831726
l_curve_3,56,0.3497900068759918,0.8235294222831726
l_curve_3,57,0.3482764959335327,0.8235294222831726
l_curve_3,58,0.3469846546649933,0.8235294222831726
l_curve_3,59,0.3438403308391571,0.8235294222831726
l_curve_3,60,0.34032583236694336,0.8235294222831726
l_curve_3,61,0.33739233016967773,0.8235294222831726
l_curve_3,62,0.3349180817604065,0.8235294222831726
l_curve_3,63,0.33155983686447144,0.8235294222831726
l_curve_3,64,0.3287458121776581,0.8235294222831726
l_curve_3,65,0.32580962777137756,0.8235294222831726
l_curve_3,66,0.32221323251724243,0.8235294222831726
l_curve_3,67,0.31914007663726807,0.8235294222831726
l_curve_3,68,0.3167211413383484,0.8235294222831726
l_curve_3,69,0.3130899965763092,0.8235294222831726
l_curve_3,70,0.310433954000473,0.8235294222831726
l_curve_3,71,0.3067495822906494,0.8235294222831726
l_curve_3,72,0.3045300841331482,0.8235294222831726
l_curve_3,73,0.30188775062561035,0.8529411554336548
l_curve_3,74,0.29777824878692627,0.8235294222831726
l_curve_3,75,0.29437389969825745,0.8529411554336548
l_curve_3,76,0.29065966606140137,0.8529411554336548
l_curve_3,77,0.28799334168434143,0.8823529481887817
l_curve_3,78,0.28553396463394165,0.8823529481887817
l_curve_3,79,0.2817441523075104,0.8823529481887817
l_curve_3,80,0.2777811884880066,0.8823529481887817
l_curve_3,81,0.2747320532798767,0.8823529481887817
l_curve_3,82,0.27219653129577637,0.8823529481887817
l_curve_3,83,0.26990175247192383,0.8823529481887817
l_curve_3,84,0.2679768204689026,0.8823529481887817
l_curve_3,85,0.2657427191734314,0.8823529481887817
l_curve_3,86,0.2634333670139313,0.8823529481887817
l_curve_3,87,0.26158636808395386,0.8823529481887817
l_curve_3,88,0.2588832378387451,0.8823529481887817
l_curve_3,89,0.25523239374160767,0.8823529481887817
l_curve_3,90,0.2527117431163788,0.8823529481887817
l_curve_3,91,0.2505846321582794,0.8823529481887817
l_curve_3,92,0.24830633401870728,0.8823529481887817
l_curve_3,93,0.24493534862995148,0.8823529481887817
l_curve_3,94,0.24077379703521729,0.8823529481887817
l_curve_3,95,0.23758304119110107,0.8823529481887817
l_curve_3,96,0.23582220077514648,0.8823529481887817
l_curve_3,97,0.2341439574956894,0.8823529481887817
l_curve_3,98,0.2319873720407486,0.8823529481887817
l_curve_3,99,0.22895242273807526,0.8823529481887817
l_curve_3,100,0.22618280351161957,0.8823529481887817
l_curve_3,101,0.22425052523612976,0.8823529481887817
l_curve_3,102,0.22169014811515808,0.8823529481887817
l_curve_3,103,0.21961693465709686,0.8823529481887817
l_curve_3,104,0.21684671938419342,0.8823529481887817
l_curve_3,105,0.21369825303554535,0.8823529481887817
l_curve_3,106,0.20964497327804565,0.8823529481887817
l_curve_3,107,0.20774959027767181,0.8823529481887817
l_curve_3,108,0.2054443210363388,0.8823529481887817
l_curve_3,109,0.20360451936721802,0.8823529481887817
l_curve_3,110,0.20211294293403625,0.8823529481887817
l_curve_3,111,0.19999530911445618,0.8823529481887817
l_curve_3,112,0.1975853145122528,0.8823529481887817
l_curve_3,113,0.19646009802818298,0.8823529481887817
l_curve_3,114,0.19434936344623566,0.8823529481887817
l_curve_3,115,0.19172044098377228,0.9117646813392639
l_curve_3,116,0.189644917845726,0.9117646813392639
l_curve_3,117,0.18716108798980713,0.9117646813392639
l_curve_3,118,0.1839071661233902,0.9117646813392639
l_curve_3,119,0.18152567744255066,0.9117646813392639
l_curve_3,120,0.1793258637189865,0.9117646813392639
l_curve_3,121,0.17685745656490326,0.9117646813392639
l_curve_3,122,0.17552030086517334,0.9411764740943909
l_curve_3,123,0.17393288016319275,0.9411764740943909
l_curve_3,124,0.17234589159488678,0.9411764740943909
l_curve_3,125,0.17077940702438354,0.9411764740943909
l_curve_3,126,0.16894695162773132,0.9411764740943909
l_curve_3,127,0.16726674139499664,0.9411764740943909
l_curve_3,128,0.1662157028913498,0.970588207244873
l_curve_3,129,0.1660701036453247,0.970588207244873
l_curve_3,130,0.16591811180114746,0.970588207244873
l_curve_3,131,0.1652539223432541,0.970588207244873
l_curve_3,132,0.16367758810520172,0.970588207244873
l_curve_3,133,0.16163599491119385,0.970588207244873
l_curve_3,134,0.15979959070682526,0.970588207244873
l_curve_3,135,0.1584496796131134,0.970588207244873
l_curve_3,136,0.15791721642017365,0.970588207244873
l_curve_3,137,0.15626928210258484,0.970588207244873
l_curve_3,138,0.15386053919792175,0.970588207244873
l_curve_3,139,0.1531616449356079,0.970588207244873
l_curve_3,140,0.1526648849248886,0.970588207244873
l_curve_3,141,0.15113197267055511,0.970588207244873
l_curve_3,142,0.149052232503891,0.970588207244873
l_curve_3,143,0.146919384598732,0.970588207244873
l_curve_3,144,0.1471012383699417,0.970588207244873
l_curve_3,145,0.1473761796951294,0.970588207244873
l_curve_3,146,0.14779198169708252,0.970588207244873
l_curve_3,147,0.14633533358573914,0.970588207244873
l_curve_3,148,0.14560897648334503,0.970588207244873
l_curve_3,149,0.1440315693616867,0.970588207244873
l_curve_3,150,0.1431647092103958,0.970588207244873
l_curve_3,151,0.14219486713409424,0.970588207244873
l_curve_3,152,0.14129793643951416,0.970588207244873
l_curve_3,153,0.1409229189157486,0.970588207244873
l_curve_3,154,0.1393927037715912,0.970588207244873
l_curve_3,155,0.13860459625720978,0.970588207244873
l_curve_3,156,0.13781726360321045,0.970588207244873
l_curve_3,157,0.13764528930187225,0.970588207244873
l_curve_3,158,0.13745130598545074,0.970588207244873
l_curve_3,159,0.13687922060489655,0.970588207244873
l_curve_3,160,0.13647077977657318,0.970588207244873
l_curve_3,161,0.13589666783809662,0.970588207244873
l_curve_3,162,0.13532693684101105,0.970588207244873
l_curve_3,163,0.13568979501724243,0.970588207244873
l_curve_3,164,0.13619780540466309,0.970588207244873
l_curve_3,165,0.13567355275154114,0.970588207244873
l_curve_3,166,0.13583214581012726,0.970588207244873
l_curve_3,167,0.13566716015338898,0.970588207244873
l_curve_3,168,0.1349133849143982,0.970588207244873
l_curve_3,169,0.13370312750339508,1.0
l_curve_3,170,0.13330082595348358,1.0
l_curve_3,171,0.13222664594650269,1.0
l_curve_3,172,0.13083291053771973,1.0
l_curve_3,173,0.1300194263458252,1.0
l_curve_3,174,0.13052435219287872,1.0
l_curve_3,175,0.1303231418132782,1.0
l_curve_3,176,0.13018472492694855,1.0
l_curve_3,177,0.12971146404743195,1.0
l_curve_3,178,0.12858423590660095,1.0
l_curve_3,179,0.12774716317653656,1.0
l_curve_3,180,0.12770989537239075,1.0
l_curve_3,181,0.12752863764762878,1.0
l_curve_3,182,0.1262974888086319,1.0
l_curve_3,183,0.12584681808948517,1.0
l_curve_3,184,0.1251140832901001,1.0
l_curve_3,185,0.12461799383163452,1.0
l_curve_3,186,0.12376173585653305,1.0
l_curve_3,187,0.12319400906562805,1.0
l_curve_3,188,0.12328286468982697,1.0
l_curve_3,189,0.12312459945678711,1.0
l_curve_3,190,0.12253203243017197,1.0
l_curve_3,191,0.12320034950971603,1.0
l_curve_3,192,0.12367401272058487,1.0
l_curve_3,193,0.12345372885465622,1.0
l_curve_3,194,0.12252221256494522,1.0
l_curve_3,195,0.12142928689718246,1.0
l_curve_3,196,0.12122088670730591,1.0
l_curve_3,197,0.12129709124565125,1.0
l_curve_3,198,0.12145043909549713,1.0
l_curve_3,199,0.12120990455150604,1.0
l_curve_3,200,0.12015525251626968,1.0
l_curve_3,201,0.11954889446496964,1.0
l_curve_3,202,0.11954983323812485,1.0
l_curve_3,203,0.11873942613601685,1.0
l_curve_3,204,0.11825522035360336,1.0
l_curve_3,205,0.11858067661523819,1.0
l_curve_3,206,0.11862513422966003,1.0
l_curve_3,207,0.11876735836267471,1.0
l_curve_3,208,0.11765499413013458,1.0
l_curve_3,209,0.11623580008745193,1.0
l_curve_3,210,0.11550658941268921,1.0
l_curve_3,211,0.11569152027368546,1.0
l_curve_3,212,0.11497467756271362,1.0
l_curve_3,213,0.11457420885562897,1.0
l_curve_3,214,0.11466889083385468,1.0
l_curve_3,215,0.11464473605155945,1.0
l_curve_3,216,0.11483213305473328,1.0
l_curve_3,217,0.11486154049634933,1.0
l_curve_3,218,0.11376997083425522,1.0
l_curve_3,219,0.11348005384206772,1.0
l_curve_3,220,0.1136687621474266,1.0
l_curve_3,221,0.11354292184114456,1.0
l_curve_3,222,0.11323367804288864,1.0
l_curve_3,223,0.11342009156942368,1.0
l_curve_3,224,0.113305002450943,1.0
l_curve_3,225,0.11310449987649918,1.0
l_curve_3,226,0.11311644315719604,1.0
l_curve_3,227,0.1125505343079567,1.0
l_curve_3,228,0.11256721615791321,1.0
l_curve_3,229,0.1122874766588211,1.0
l_curve_3,230,0.11247630417346954,1.0
l_curve_3,231,0.11213576048612595,1.0
l_curve_3,232,0.11269433051347733,1.0
l_curve_3,233,0.11296860873699188,1.0
l_curve_3,234,0.11272817850112915,1.0
l_curve_3,235,0.11240758746862411,1.0
l_curve_3,236,0.11124983429908752,1.0
l_curve_3,237,0.10982959717512131,1.0
l_curve_3,238,0.10997968912124634,1.0
l_curve_3,239,0.11079329997301102,1.0
l_curve_3,240,0.11069368571043015,1.0
l_curve_3,241,0.11050384491682053,1.0
l_curve_3,242,0.11082375049591064,1.0
l_curve_3,243,0.1102934256196022,1.0
l_curve_3,244,0.10890593379735947,1.0
l_curve_3,245,0.1089305505156517,1.0
l_curve_3,246,0.10812938958406448,1.0
l_curve_3,247,0.10734689980745316,1.0
l_curve_3,248,0.10685893148183823,1.0
l_curve_3,249,0.10623563081026077,1.0
l_curve_3,250,0.1057886853814125,1.0
l_curve_3,251,0.10596206784248352,1.0
l_curve_3,252,0.10601223260164261,1.0
l_curve_3,253,0.105776846408844,1.0
l_curve_3,254,0.10527585446834564,1.0
l_curve_3,255,0.10430826246738434,1.0
l_curve_3,256,0.10347670316696167,1.0
l_curve_3,257,0.10282327979803085,1.0
l_curve_3,258,0.10254562646150589,1.0
l_curve_3,259,0.10209478437900543,1.0
l_curve_3,260,0.10155194252729416,1.0
l_curve_3,261,0.10156046599149704,1.0
l_curve_3,262,0.1016560047864914,1.0
l_curve_3,263,0.10120350122451782,1.0
l_curve_3,264,0.10060389339923859,1.0
l_curve_3,265,0.10079532116651535,1.0
l_curve_3,266,0.10062358528375626,1.0
l_curve_3,267,0.10031824558973312,1.0
l_curve_3,268,0.10047402232885361,1.0
l_curve_3,269,0.10090155899524689,1.0
l_curve_3,270,0.10041864216327667,1.0
l_curve_3,271,0.10011105239391327,1.0
l_curve_3,272,0.09983862936496735,1.0
l_curve_3,273,0.09945852309465408,1.0
l_curve_3,274,0.09895925223827362,1.0
l_curve_3,275,0.09819652140140533,1.0
l_curve_3,276,0.09795833379030228,1.0
l_curve_3,277,0.09730558097362518,1.0
l_curve_3,278,0.09677428007125854,1.0
l_curve_3,279,0.09535722434520721,1.0
l_curve_3,280,0.09530703723430634,1.0
l_curve_3,281,0.0954129621386528,1.0
l_curve_3,282,0.0947180688381195,1.0
l_curve_3,283,0.09410331398248672,1.0
l_curve_3,284,0.09355032444000244,1.0
l_curve_3,285,0.0932685136795044,1.0
l_curve_3,286,0.09323582053184509,1.0
l_curve_3,287,0.09310059249401093,1.0
l_curve_3,288,0.09282474964857101,1.0
l_curve_3,289,0.09290333837270737,1.0
l_curve_3,290,0.0929889902472496,1.0
l_curve_3,291,0.09323151409626007,1.0
l_curve_3,292,0.09416015446186066,1.0
l_curve_3,293,0.09382019191980362,1.0
l_curve_3,294,0.09339958429336548,1.0
l_curve_3,295,0.09225131571292877,1.0
l_curve_3,296,0.09109944105148315,1.0
l_curve_3,297,0.09080945700407028,1.0
l_curve_3,298,0.09126880764961243,1.0
l_curve_3,299,0.0916811004281044,1.0
l_curve_3,300,0.09078039973974228,1.0
l_curve_3,301,0.08968088775873184,1.0
l_curve_3,302,0.0889846682548523,1.0
l_curve_3,303,0.08840640634298325,1.0
l_curve_3,304,0.08770432323217392,1.0
l_curve_3,305,0.08753993362188339,1.0
l_curve_3,306,0.08684668689966202,1.0
l_curve_3,307,0.08632275462150574,1.0
l_curve_3,308,0.08661836385726929,1.0
l_curve_3,309,0.08659998327493668,1.0
l_curve_3,310,0.08656513690948486,1.0
l_curve_3,311,0.08608193695545197,1.0
l_curve_3,312,0.08558353781700134,1.0
l_curve_3,313,0.0856073871254921,1.0
l_curve_3,314,0.08532577753067017,1.0
l_curve_3,315,0.08507801592350006,1.0
l_curve_3,316,0.08453283458948135,1.0
l_curve_3,317,0.08380435407161713,1.0
l_curve_3,318,0.08295125514268875,1.0
l_curve_3,319,0.08306516706943512,1.0
l_curve_3,320,0.08267597109079361,1.0
l_curve_3,321,0.08205384016036987,1.0
l_curve_3,322,0.08168040961027145,1.0
l_curve_3,323,0.0811387151479721,1.0
l_curve_3,324,0.08067169040441513,1.0
l_curve_3,325,0.08033420890569687,1.0
l_curve_3,326,0.0800672248005867,1.0
l_curve_3,327,0.08001250773668289,1.0
l_curve_3,328,0.07907401770353317,1.0
l_curve_3,329,0.07923415303230286,1.0
l_curve_3,330,0.07957785576581955,1.0
l_curve_3,331,0.07937271893024445,1.0
l_curve_3,332,0.0787845179438591,1.0
l_curve_3,333,0.07853132486343384,1.0
l_curve_3,334,0.07792603969573975,1.0
l_curve_3,335,0.07769246399402618,1.0
l_curve_3,336,0.07744675129652023,1.0
l_curve_3,337,0.07691706717014313,1.0
l_curve_3,338,0.07654768973588943,1.0
l_curve_3,339,0.07756233215332031,1.0
l_curve_3,340,0.07817742228507996,1.0
l_curve_3,341,0.07760187238454819,1.0
l_curve_3,342,0.07744187861680984,1.0
l_curve_3,343,0.07676197588443756,1.0
l_curve_3,344,0.07574865221977234,1.0
l_curve_3,345,0.0752149224281311,1.0
l_curve_3,346,0.07533897459506989,1.0
l_curve_3,347,0.07508943974971771,1.0
l_curve_3,348,0.07477337121963501,1.0
l_curve_3,349,0.07384384423494339,1.0
l_curve_3,350,0.07383416593074799,1.0
l_curve_3,351,0.07363671064376831,1.0
l_curve_3,352,0.07324032485485077,1.0
l_curve_3,353,0.07305769622325897,1.0
l_curve_3,354,0.07258959859609604,1.0
l_curve_3,355,0.07239484041929245,1.0
l_curve_3,356,0.07212166488170624,1.0
l_curve_3,357,0.07128730416297913,1.0
l_curve_3,358,0.07077039778232574,1.0
l_curve_3,359,0.0702444538474083,1.0
l_curve_3,360,0.07049719989299774,1.0
l_curve_3,361,0.07020924985408783,1.0
l_curve_3,362,0.07026420533657074,1.0
l_curve_3,363,0.0703313872218132,1.0
l_curve_3,364,0.06993374228477478,1.0
l_curve_3,365,0.06915022432804108,1.0
l_curve_3,366,0.06905597448348999,1.0
l_curve_3,367,0.06852846592664719,1.0
l_curve_3,368,0.06808985769748688,1.0
l_curve_3,369,0.06813953816890717,1.0
l_curve_3,370,0.0681997761130333,1.0
l_curve_3,371,0.06802047044038773,1.0
l_curve_3,372,0.06743413209915161,1.0
l_curve_3,373,0.06655596196651459,1.0
l_curve_3,374,0.06617798656225204,1.0
l_curve_3,375,0.06603962182998657,1.0
l_curve_3,376,0.06595440953969955,1.0
l_curve_3,377,0.06603832542896271,1.0
l_curve_3,378,0.06596356630325317,1.0
l_curve_3,379,0.0652397945523262,1.0
l_curve_3,380,0.06421082466840744,1.0
l_curve_3,381,0.06366056203842163,1.0
l_curve_3,382,0.0636388435959816,1.0
l_curve_3,383,0.063726507127285,1.0
l_curve_3,384,0.06339140236377716,1.0
l_curve_3,385,0.06327445805072784,1.0
l_curve_3,386,0.0632736086845398,1.0
l_curve_3,387,0.06271492689847946,1.0
l_curve_3,388,0.06215550750494003,1.0
l_curve_3,389,0.06212883070111275,1.0
l_curve_3,390,0.06182456016540527,1.0
l_curve_3,391,0.061406493186950684,1.0
l_curve_3,392,0.06113336235284805,1.0
l_curve_3,393,0.06070876121520996,1.0
l_curve_3,394,0.06041796877980232,1.0
l_curve_3,395,0.060128968209028244,1.0
l_curve_3,396,0.05970935896039009,1.0
l_curve_3,397,0.05932915210723877,1.0
l_curve_3,398,0.059620436280965805,1.0
l_curve_3,399,0.05947309359908104,1.0
l_curve_3,400,0.05901249125599861,1.0
l_curve_3,401,0.05864861607551575,1.0
l_curve_3,402,0.05834471061825752,1.0
l_curve_3,403,0.05823991820216179,1.0
l_curve_3,404,0.05770012363791466,1.0
l_curve_3,405,0.057027481496334076,1.0
l_curve_3,406,0.05693039670586586,1.0
l_curve_3,407,0.056814271956682205,1.0
l_curve_3,408,0.056750088930130005,1.0
l_curve_3,409,0.056720368564128876,1.0
l_curve_3,410,0.05654299259185791,1.0
l_curve_3,411,0.05626625940203667,1.0
l_curve_3,412,0.056403763592243195,1.0
l_curve_3,413,0.0560719333589077,1.0
l_curve_3,414,0.055730778723955154,1.0
l_curve_3,415,0.054940205067396164,1.0
l_curve_3,416,0.05497274547815323,1.0
l_curve_3,417,0.05507710576057434,1.0
l_curve_3,418,0.05511835590004921,1.0
l_curve_3,419,0.054917722940444946,1.0
l_curve_3,420,0.054739490151405334,1.0
l_curve_3,421,0.05386295169591904,1.0
l_curve_3,422,0.05282270163297653,1.0
l_curve_3,423,0.052440546452999115,1.0
l_curve_3,424,0.051919132471084595,1.0
l_curve_3,425,0.05184250697493553,1.0
l_curve_3,426,0.0518433079123497,1.0
l_curve_3,427,0.051688291132450104,1.0
l_curve_3,428,0.05141632258892059,1.0
l_curve_3,429,0.05111813172698021,1.0
l_curve_3,430,0.0510755255818367,1.0
l_curve_3,431,0.050874028354883194,1.0
l_curve_3,432,0.05117228254675865,1.0
l_curve_3,433,0.05120456963777542,1.0
l_curve_3,434,0.05055394768714905,1.0
l_curve_3,435,0.04981901869177818,1.0
l_curve_3,436,0.0495317280292511,1.0
l_curve_3,437,0.049046337604522705,1.0
l_curve_3,438,0.04844598472118378,1.0
l_curve_3,439,0.04793620854616165,1.0
l_curve_3,440,0.04777240380644798,1.0
l_curve_3,441,0.047504834830760956,1.0
l_curve_3,442,0.047210466116666794,1.0
l_curve_3,443,0.046954989433288574,1.0
l_curve_3,444,0.04643426463007927,1.0
l_curve_3,445,0.04655655845999718,1.0
l_curve_3,446,0.046835221350193024,1.0
l_curve_3,447,0.04699903354048729,1.0
l_curve_3,448,0.04652989283204079,1.0
l_curve_3,449,0.04615042731165886,1.0
l_curve_3,450,0.04584970697760582,1.0
l_curve_3,451,0.04567965865135193,1.0
l_curve_3,452,0.04589691385626793,1.0
l_curve_3,453,0.045707397162914276,1.0
l_curve_3,454,0.04518439248204231,1.0
l_curve_3,455,0.04489367827773094,1.0
l_curve_3,456,0.04493541643023491,1.0
l_curve_3,457,0.04505833610892296,1.0
l_curve_3,458,0.04513603821396828,1.0
l_curve_3,459,0.044876616448163986,1.0
l_curve_3,460,0.04476837441325188,1.0
l_curve_3,461,0.0444391705095768,1.0
l_curve_3,462,0.04417755454778671,1.0
l_curve_3,463,0.044052835553884506,1.0
l_curve_3,464,0.04378586262464523,1.0
l_curve_3,465,0.04368136078119278,1.0
l_curve_3,466,0.04349616542458534,1.0
l_curve_3,467,0.04346321523189545,1.0
l_curve_3,468,0.04300558567047119,1.0
l_curve_3,469,0.042613353580236435,1.0
l_curve_3,470,0.04240280017256737,1.0
l_curve_3,471,0.04259619861841202,1.0
l_curve_3,472,0.04248388484120369,1.0
l_curve_3,473,0.041590552777051926,1.0
l_curve_3,474,0.04110131040215492,1.0
l_curve_3,475,0.041020650416612625,1.0
l_curve_3,476,0.040865812450647354,1.0
l_curve_3,477,0.04081976041197777,1.0
l_curve_3,478,0.04083190858364105,1.0
l_curve_3,479,0.04032982513308525,1.0
l_curve_3,480,0.03986283019185066,1.0
l_curve_3,481,0.039445485919713974,1.0
l_curve_3,482,0.0389711894094944,1.0
l_curve_3,483,0.03884150832891464,1.0
l_curve_3,484,0.03932774066925049,1.0
l_curve_3,485,0.03941306471824646,1.0
l_curve_3,486,0.039517562836408615,1.0
l_curve_3,487,0.03911011293530464,1.0
l_curve_3,488,0.03887319192290306,1.0
l_curve_3,489,0.038602352142333984,1.0
l_curve_3,490,0.03858793154358864,1.0
l_curve_3,491,0.0384322851896286,1.0
l_curve_3,492,0.038909152150154114,1.0
l_curve_3,493,0.038882941007614136,1.0
l_curve_3,494,0.03882727026939392,1.0
l_curve_3,495,0.03857692703604698,1.0
l_curve_3,496,0.037820588797330856,1.0
l_curve_3,497,0.03723538666963577,1.0
l_curve_3,498,0.036866702139377594,1.0
l_curve_3,499,0.03635745868086815,1.0
l_curve_3,500,0.036189641803503036,1.0
l_curve_3,501,0.03573959320783615,1.0
l_curve_3,502,0.03560326248407364,1.0
l_curve_3,503,0.03602249547839165,1.0
l_curve_3,504,0.03637239336967468,1.0
l_curve_3,505,0.03617943823337555,1.0
l_curve_3,506,0.03598099574446678,1.0
l_curve_3,507,0.03550261631608009,1.0
l_curve_3,508,0.035554416477680206,1.0
l_curve_3,509,0.035288117825984955,1.0
l_curve_3,510,0.03504154458642006,1.0
l_curve_3,511,0.03460231423377991,1.0
l_curve_3,512,0.03443121910095215,1.0
l_curve_3,513,0.034646596759557724,1.0
l_curve_3,514,0.03451232239603996,1.0
l_curve_3,515,0.03440415859222412,1.0
l_curve_3,516,0.03393793851137161,1.0
l_curve_3,517,0.03390287607908249,1.0
l_curve_3,518,0.033667854964733124,1.0
l_curve_3,519,0.03374132513999939,1.0
l_curve_3,520,0.034083183854818344,1.0
l_curve_3,521,0.033808138221502304,1.0
l_curve_3,522,0.033603329211473465,1.0
l_curve_3,523,0.033346403390169144,1.0
l_curve_3,524,0.03324723243713379,1.0
l_curve_3,525,0.032880790531635284,1.0
l_curve_3,526,0.033003270626068115,1.0
l_curve_3,527,0.03306887671351433,1.0
l_curve_3,528,0.032808929681777954,1.0
l_curve_3,529,0.03258243575692177,1.0
l_curve_3,530,0.03245700150728226,1.0
l_curve_3,531,0.03192734718322754,1.0
l_curve_3,532,0.03157797455787659,1.0
l_curve_3,533,0.031425245106220245,1.0
l_curve_3,534,0.03134547919034958,1.0
l_curve_3,535,0.031087026000022888,1.0
l_curve_3,536,0.030879564583301544,1.0
l_curve_3,537,0.030549529939889908,1.0
l_curve_3,538,0.03030381165444851,1.0
l_curve_3,539,0.0299480352550745,1.0
l_curve_3,540,0.029956599697470665,1.0
l_curve_3,541,0.030218282714486122,1.0
l_curve_3,542,0.030392451211810112,1.0
l_curve_3,543,0.03038967400789261,1.0
l_curve_3,544,0.030374810099601746,1.0
l_curve_3,545,0.03025820665061474,1.0
l_curve_3,546,0.030175086110830307,1.0
l_curve_3,547,0.029784413054585457,1.0
l_curve_3,548,0.029620662331581116,1.0
l_curve_3,549,0.02932942658662796,1.0
l_curve_3,550,0.029103638604283333,1.0
l_curve_3,551,0.029128815978765488,1.0
l_curve_3,552,0.029235372319817543,1.0
l_curve_3,553,0.029042959213256836,1.0
l_curve_3,554,0.028618713840842247,1.0
l_curve_3,555,0.028202015906572342,1.0
l_curve_3,556,0.028589650988578796,1.0
l_curve_3,557,0.028534594923257828,1.0
l_curve_3,558,0.028564320877194405,1.0
l_curve_3,559,0.028477327898144722,1.0
l_curve_3,560,0.028497498482465744,1.0
l_curve_3,561,0.02840249240398407,1.0
l_curve_3,562,0.028267808258533478,1.0
l_curve_3,563,0.027997925877571106,1.0
l_curve_3,564,0.02785128355026245,1.0
l_curve_3,565,0.027323639020323753,1.0
l_curve_3,566,0.026865022256970406,1.0
l_curve_3,567,0.026607368141412735,1.0
l_curve_3,568,0.02643316052854061,1.0
l_curve_3,569,0.02659374475479126,1.0
l_curve_3,570,0.027000626549124718,1.0
l_curve_3,571,0.02685198001563549,1.0
l_curve_3,572,0.026531236246228218,1.0
l_curve_3,573,0.026136282831430435,1.0
l_curve_3,574,0.026504769921302795,1.0
l_curve_3,575,0.026925982907414436,1.0
l_curve_3,576,0.026874568313360214,1.0
l_curve_3,577,0.02666117623448372,1.0
l_curve_3,578,0.026607075706124306,1.0
l_curve_3,579,0.026235928758978844,1.0
l_curve_3,580,0.025998905301094055,1.0
l_curve_3,581,0.025937911123037338,1.0
l_curve_3,582,0.02583216316998005,1.0
l_curve_3,583,0.025676017627120018,1.0
l_curve_3,584,0.025547750294208527,1.0
l_curve_3,585,0.025608180090785027,1.0
l_curve_3,586,0.02526681125164032,1.0
l_curve_3,587,0.025165587663650513,1.0
l_curve_3,588,0.024916773661971092,1.0
l_curve_3,589,0.02505473978817463,1.0
l_curve_3,590,0.024887824431061745,1.0
l_curve_3,591,0.024698570370674133,1.0
l_curve_3,592,0.024653881788253784,1.0
l_curve_3,593,0.024714939296245575,1.0
l_curve_3,594,0.024873703718185425,1.0
l_curve_3,595,0.024785863235592842,1.0
l_curve_3,596,0.025056973099708557,1.0
l_curve_3,597,0.024956924840807915,1.0
l_curve_3,598,0.024487866088747978,1.0
l_curve_3,599,0.023783154785633087,1.0
l_curve_3,600,0.023499786853790283,1.0
l_curve_3,601,0.02327216975390911,1.0
l_curve_3,602,0.023276759311556816,1.0
l_curve_3,603,0.023292476311326027,1.0
l_curve_3,604,0.023355351760983467,1.0
l_curve_3,605,0.023447200655937195,1.0
l_curve_3,606,0.023573175072669983,1.0
l_curve_3,607,0.02376045472919941,1.0
l_curve_3,608,0.023339899256825447,1.0
l_curve_3,609,0.02326359413564205,1.0
l_curve_3,610,0.02319677174091339,1.0
l_curve_3,611,0.022832760587334633,1.0
l_curve_3,612,0.022576497867703438,1.0
l_curve_3,613,0.022452371194958687,1.0
l_curve_3,614,0.02268403396010399,1.0
l_curve_3,615,0.022652598097920418,1.0
l_curve_3,616,0.02246665582060814,1.0
l_curve_3,617,0.022197887301445007,1.0
l_curve_3,618,0.02184237912297249,1.0
l_curve_3,619,0.021685807034373283,1.0
l_curve_3,620,0.02149113081395626,1.0
l_curve_3,621,0.02133609913289547,1.0
l_curve_3,622,0.021403219550848007,1.0
l_curve_3,623,0.021419569849967957,1.0
l_curve_3,624,0.02137409895658493,1.0
l_curve_3,625,0.021821409463882446,1.0
l_curve_3,626,0.02162911742925644,1.0
l_curve_3,627,0.02136533334851265,1.0
l_curve_3,628,0.021292850375175476,1.0
l_curve_3,629,0.021381009370088577,1.0
l_curve_3,630,0.02119578793644905,1.0
l_curve_3,631,0.02085980586707592,1.0
l_curve_3,632,0.020532362163066864,1.0
l_curve_3,633,0.020725443959236145,1.0
l_curve_3,634,0.020691674202680588,1.0
l_curve_3,635,0.020744191482663155,1.0
l_curve_3,636,0.020610252395272255,1.0
l_curve_3,637,0.02046831324696541,1.0
l_curve_3,638,0.020600449293851852,1.0
l_curve_3,639,0.02045493945479393,1.0
l_curve_3,640,0.020364845171570778,1.0
l_curve_3,641,0.020146256312727928,1.0
l_curve_3,642,0.019963091239333153,1.0
l_curve_3,643,0.019580036401748657,1.0
l_curve_3,644,0.019400015473365784,1.0
l_curve_3,645,0.01921292208135128,1.0
l_curve_3,646,0.01894848607480526,1.0
l_curve_3,647,0.0188123919069767,1.0
l_curve_3,648,0.019013969227671623,1.0
l_curve_3,649,0.018933391198515892,1.0
l_curve_3,650,0.019160989671945572,1.0
l_curve_3,651,0.019055411219596863,1.0
l_curve_3,652,0.019045330584049225,1.0
l_curve_3,653,0.018967846408486366,1.0
l_curve_3,654,0.018885817378759384,1.0
l_curve_3,655,0.018790483474731445,1.0
l_curve_3,656,0.01883014850318432,1.0
l_curve_3,657,0.019092001020908356,1.0
l_curve_3,658,0.019356394186615944,1.0
l_curve_3,659,0.019442304968833923,1.0
l_curve_3,660,0.0192165095359087,1.0
l_curve_3,661,0.01874665543437004,1.0
l_curve_3,662,0.0183041300624609,1.0
l_curve_3,663,0.018154501914978027,1.0
l_curve_3,664,0.018099738284945488,1.0
l_curve_3,665,0.01803113892674446,1.0
l_curve_3,666,0.017978666350245476,1.0
l_curve_3,667,0.017795903608202934,1.0
l_curve_3,668,0.017398176714777946,1.0
l_curve_3,669,0.01735132373869419,1.0
l_curve_3,670,0.017516691237688065,1.0
l_curve_3,671,0.01763048768043518,1.0
l_curve_3,672,0.017610300332307816,1.0
l_curve_3,673,0.017292894423007965,1.0
l_curve_3,674,0.017204347997903824,1.0
l_curve_3,675,0.017268206924200058,1.0
l_curve_3,676,0.017153829336166382,1.0
l_curve_3,677,0.01731744594871998,1.0
l_curve_3,678,0.017546625807881355,1.0
l_curve_3,679,0.017401304095983505,1.0
l_curve_3,680,0.017097974196076393,1.0
l_curve_3,681,0.016774581745266914,1.0
l_curve_3,682,0.01685270480811596,1.0
l_curve_3,683,0.01672629825770855,1.0
l_curve_3,684,0.0166370440274477,1.0
l_curve_3,685,0.01654485985636711,1.0
l_curve_3,686,0.01647125370800495,1.0
l_curve_3,687,0.016590960323810577,1.0
l_curve_3,688,0.016878418624401093,1.0
l_curve_3,689,0.016670256853103638,1.0
l_curve_3,690,0.01654542237520218,1.0
l_curve_3,691,0.01661248505115509,1.0
l_curve_3,692,0.01649400033056736,1.0
l_curve_3,693,0.016654416918754578,1.0
l_curve_3,694,0.016595011577010155,1.0
l_curve_3,695,0.016396308317780495,1.0
l_curve_3,696,0.016322782263159752,1.0
l_curve_3,697,0.016131199896335602,1.0
l_curve_3,698,0.015943309292197227,1.0
l_curve_3,699,0.015749581158161163,1.0
l_curve_3,700,0.015672026202082634,1.0
l_curve_3,701,0.016004230827093124,1.0
l_curve_3,702,0.016242967918515205,1.0
l_curve_3,703,0.0163956917822361,1.0
l_curve_3,704,0.01631368137896061,1.0
l_curve_3,705,0.015938671305775642,1.0
l_curve_3,706,0.015789465978741646,1.0
l_curve_3,707,0.01592007651925087,1.0
l_curve_3,708,0.01554129272699356,1.0
l_curve_3,709,0.015183502808213234,1.0
l_curve_3,710,0.015079205855727196,1.0
l_curve_3,711,0.015209509991109371,1.0
l_curve_3,712,0.015181781724095345,1.0
l_curve_3,713,0.015156437642872334,1.0
l_curve_3,714,0.015034900046885014,1.0
l_curve_3,715,0.014968223869800568,1.0
l_curve_3,716,0.014744929037988186,1.0
l_curve_3,717,0.014641662128269672,1.0
l_curve_3,718,0.01452806405723095,1.0
l_curve_3,719,0.014500766061246395,1.0
l_curve_3,720,0.014286604709923267,1.0
l_curve_3,721,0.014273606240749359,1.0
l_curve_3,722,0.0142184067517519,1.0
l_curve_3,723,0.014075416140258312,1.0
l_curve_3,724,0.014098593033850193,1.0
l_curve_3,725,0.01407981850206852,1.0
l_curve_3,726,0.014177956618368626,1.0
l_curve_3,727,0.014226598665118217,1.0
l_curve_3,728,0.014254595153033733,1.0
l_curve_3,729,0.014388610608875751,1.0
l_curve_3,730,0.014402356930077076,1.0
l_curve_3,731,0.014389876276254654,1.0
l_curve_3,732,0.01441136747598648,1.0
l_curve_3,733,0.014184259809553623,1.0
l_curve_3,734,0.014235644601285458,1.0
l_curve_3,735,0.014283649623394012,1.0
l_curve_3,736,0.014483067207038403,1.0
l_curve_3,737,0.014342290349304676,1.0
l_curve_3,738,0.014239939860999584,1.0
l_curve_3,739,0.014176428318023682,1.0
l_curve_3,740,0.014193311333656311,1.0
l_curve_3,741,0.014015485532581806,1.0
l_curve_3,742,0.013669285923242569,1.0
l_curve_3,743,0.013414964079856873,1.0
l_curve_3,744,0.013386130332946777,1.0
l_curve_3,745,0.01326658297330141,1.0
l_curve_3,746,0.013359349220991135,1.0
l_curve_3,747,0.013524225912988186,1.0
l_curve_3,748,0.013582025654613972,1.0
l_curve_3,749,0.013377704657614231,1.0
l_curve_3,750,0.013074371963739395,1.0
l_curve_3,751,0.013036616146564484,1.0
l_curve_3,752,0.012994302436709404,1.0
l_curve_3,753,0.01326096523553133,1.0
l_curve_3,754,0.013267247937619686,1.0
l_curve_3,755,0.013033820316195488,1.0
l_curve_3,756,0.012982569634914398,1.0
l_curve_3,757,0.01285588089376688,1.0
l_curve_3,758,0.012777759693562984,1.0
l_curve_3,759,0.012724901549518108,1.0
l_curve_3,760,0.012585272081196308,1.0
l_curve_3,761,0.012600606307387352,1.0
l_curve_3,762,0.012488204054534435,1.0
l_curve_3,763,0.012299811467528343,1.0
l_curve_3,764,0.012346298433840275,1.0
l_curve_3,765,0.01245894655585289,1.0
l_curve_3,766,0.01227465458214283,1.0
l_curve_3,767,0.012035714462399483,1.0
l_curve_3,768,0.012084955349564552,1.0
l_curve_3,769,0.012040765956044197,1.0
l_curve_3,770,0.011911318637430668,1.0
l_curve_3,771,0.01193331740796566,1.0
l_curve_3,772,0.01203817967325449,1.0
l_curve_3,773,0.011976521462202072,1.0
l_curve_3,774,0.01215866394340992,1.0
l_curve_3,775,0.011937304399907589,1.0
l_curve_3,776,0.01189269870519638,1.0
l_curve_3,777,0.012018552981317043,1.0
l_curve_3,778,0.011863220483064651,1.0
l_curve_3,779,0.011693109758198261,1.0
l_curve_3,780,0.011618273332715034,1.0
l_curve_3,781,0.011805349960923195,1.0
l_curve_3,782,0.011708974838256836,1.0
l_curve_3,783,0.011658972129225731,1.0
l_curve_3,784,0.011694777756929398,1.0
l_curve_3,785,0.01164728682488203,1.0
l_curve_3,786,0.011401928961277008,1.0
l_curve_3,787,0.011333010159432888,1.0
l_curve_3,788,0.011208795011043549,1.0
l_curve_3,789,0.011230990290641785,1.0
l_curve_3,790,0.011151417158544064,1.0
l_curve_3,791,0.011142674833536148,1.0
l_curve_3,792,0.011159834451973438,1.0
l_curve_3,793,0.011414722539484501,1.0
l_curve_3,794,0.011560261249542236,1.0
l_curve_3,795,0.011346813291311264,1.0
l_curve_3,796,0.011045433580875397,1.0
l_curve_3,797,0.010749178007245064,1.0
l_curve_3,798,0.0108724944293499,1.0
l_curve_3,799,0.010676995851099491,1.0
l_curve_3,800,0.010709928348660469,1.0
l_curve_3,801,0.010782809928059578,1.0
l_curve_3,802,0.010724984109401703,1.0
l_curve_3,803,0.010812298394739628,1.0
l_curve_3,804,0.010751315392553806,1.0
l_curve_3,805,0.01060690637677908,1.0
l_curve_3,806,0.010632961057126522,1.0
l_curve_3,807,0.010609609074890614,1.0
l_curve_3,808,0.010559916496276855,1.0
l_curve_3,809,0.010421408340334892,1.0
l_curve_3,810,0.010339668020606041,1.0
l_curve_3,811,0.010292038321495056,1.0
l_curve_3,812,0.010358990170061588,1.0
l_curve_3,813,0.010285628959536552,1.0
l_curve_3,814,0.010298754088580608,1.0
l_curve_3,815,0.010342185385525227,1.0
l_curve_3,816,0.010079490952193737,1.0
l_curve_3,817,0.009880785830318928,1.0
l_curve_3,818,0.009851536713540554,1.0
l_curve_3,819,0.009860915131866932,1.0
l_curve_3,820,0.009956125169992447,1.0
l_curve_3,821,0.010069755837321281,1.0
l_curve_3,822,0.010015737265348434,1.0
l_curve_3,823,0.009869150817394257,1.0
l_curve_3,824,0.009843247011303902,1.0
l_curve_3,825,0.009851887822151184,1.0
l_curve_3,826,0.009744314476847649,1.0
l_curve_3,827,0.009688866324722767,1.0
l_curve_3,828,0.009630367159843445,1.0
l_curve_3,829,0.009607799351215363,1.0
l_curve_3,830,0.009680883027613163,1.0
l_curve_3,831,0.0097294757142663,1.0
l_curve_3,832,0.009735452942550182,1.0
l_curve_3,833,0.009747677482664585,1.0
l_curve_3,834,0.009676981717348099,1.0
l_curve_3,835,0.009805230423808098,1.0
l_curve_3,836,0.009808415547013283,1.0
l_curve_3,837,0.00961210671812296,1.0
l_curve_3,838,0.009627283550798893,1.0
l_curve_3,839,0.009700339287519455,1.0
l_curve_3,840,0.009658432565629482,1.0
l_curve_3,841,0.009497281163930893,1.0
l_curve_3,842,0.009420560672879219,1.0
l_curve_3,843,0.009307499043643475,1.0
l_curve_3,844,0.0091593898832798,1.0
l_curve_3,845,0.008949901908636093,1.0
l_curve_3,846,0.009055271744728088,1.0
l_curve_3,847,0.009078271687030792,1.0
l_curve_3,848,0.009003016166388988,1.0
l_curve_3,849,0.008962533436715603,1.0
l_curve_3,850,0.008939514867961407,1.0
l_curve_3,851,0.008831040002405643,1.0
l_curve_3,852,0.008862544782459736,1.0
l_curve_3,853,0.008884797804057598,1.0
l_curve_3,854,0.008875051513314247,1.0
l_curve_3,855,0.008789035491645336,1.0
l_curve_3,856,0.008701407350599766,1.0
l_curve_3,857,0.00874636135995388,1.0
l_curve_3,858,0.008772872388362885,1.0
l_curve_3,859,0.00890357606112957,1.0
l_curve_3,860,0.008962379768490791,1.0
l_curve_3,861,0.008855163119733334,1.0
l_curve_3,862,0.00889610406011343,1.0
l_curve_3,863,0.00879288837313652,1.0
l_curve_3,864,0.008819922804832458,1.0
l_curve_3,865,0.008861711248755455,1.0
l_curve_3,866,0.008843096904456615,1.0
l_curve_3,867,0.008729883469641209,1.0
l_curve_3,868,0.00864578690379858,1.0
l_curve_3,869,0.008616314269602299,1.0
l_curve_3,870,0.008564101532101631,1.0
l_curve_3,871,0.008414944633841515,1.0
l_curve_3,872,0.00849293451756239,1.0
l_curve_3,873,0.008559144102036953,1.0
l_curve_3,874,0.00841081328690052,1.0
l_curve_3,875,0.008448012173175812,1.0
l_curve_3,876,0.008510548621416092,1.0
l_curve_3,877,0.00837668962776661,1.0
l_curve_3,878,0.00828224141150713,1.0
l_curve_3,879,0.008303066715598106,1.0
l_curve_3,880,0.008212663233280182,1.0
l_curve_3,881,0.00820550974458456,1.0
l_curve_3,882,0.008084851317107677,1.0
l_curve_3,883,0.008235998451709747,1.0
l_curve_3,884,0.00823634210973978,1.0
l_curve_3,885,0.008046935312449932,1.0
l_curve_3,886,0.007963068783283234,1.0
l_curve_3,887,0.008020498789846897,1.0
l_curve_3,888,0.008089366368949413,1.0
l_curve_3,889,0.008022528141736984,1.0
l_curve_3,890,0.007908557541668415,1.0
l_curve_3,891,0.007779835723340511,1.0
l_curve_3,892,0.007925011217594147,1.0
l_curve_3,893,0.007962321862578392,1.0
l_curve_3,894,0.008036188781261444,1.0
l_curve_3,895,0.007930590771138668,1.0
l_curve_3,896,0.007895571179687977,1.0
l_curve_3,897,0.007829103618860245,1.0
l_curve_3,898,0.007720192428678274,1.0
l_curve_3,899,0.00777655141428113,1.0
l_curve_3,900,0.007825419306755066,1.0
l_curve_3,901,0.00767730176448822,1.0
l_curve_3,902,0.007579840254038572,1.0
l_curve_3,903,0.007542254403233528,1.0
l_curve_3,904,0.0075533161871135235,1.0
l_curve_3,905,0.00750162685289979,1.0
l_curve_3,906,0.007725351024419069,1.0
l_curve_3,907,0.007766778115183115,1.0
l_curve_3,908,0.0076989769004285336,1.0
l_curve_3,909,0.0075856903567910194,1.0
l_curve_3,910,0.007385163567960262,1.0
l_curve_3,911,0.007513301447033882,1.0
l_curve_3,912,0.0075269280932843685,1.0
l_curve_3,913,0.007578954100608826,1.0
l_curve_3,914,0.007551996037364006,1.0
l_curve_3,915,0.0074103414081037045,1.0
l_curve_3,916,0.007395079825073481,1.0
l_curve_3,917,0.007427894044667482,1.0
l_curve_3,918,0.0074412086978554726,1.0
l_curve_3,919,0.0073981205932796,1.0
l_curve_3,920,0.007188108749687672,1.0
l_curve_3,921,0.00711774779483676,1.0
l_curve_3,922,0.007257227320224047,1.0
l_curve_3,923,0.007262097671627998,1.0
l_curve_3,924,0.007442301604896784,1.0
l_curve_3,925,0.007629424333572388,1.0
l_curve_3,926,0.00754451472312212,1.0
l_curve_3,927,0.007578951306641102,1.0
l_curve_3,928,0.0074315727688372135,1.0
l_curve_3,929,0.007348423823714256,1.0
l_curve_3,930,0.007230769377201796,1.0
l_curve_3,931,0.007099530193954706,1.0
l_curve_3,932,0.007038824260234833,1.0
l_curve_3,933,0.007158882450312376,1.0
l_curve_3,934,0.007258916739374399,1.0
l_curve_3,935,0.007240403909236193,1.0
l_curve_3,936,0.007264645304530859,1.0
l_curve_3,937,0.007206546608358622,1.0
l_curve_3,938,0.0070555685088038445,1.0
l_curve_3,939,0.006973014213144779,1.0
l_curve_3,940,0.00692369369789958,1.0
l_curve_3,941,0.006817718502134085,1.0
l_curve_3,942,0.006733930204063654,1.0
l_curve_3,943,0.006653361953794956,1.0
l_curve_3,944,0.006479297764599323,1.0
l_curve_3,945,0.00643032556399703,1.0
l_curve_3,946,0.0064127505756914616,1.0
l_curve_3,947,0.0063321879133582115,1.0
l_curve_3,948,0.0063572353683412075,1.0
l_curve_3,949,0.006434699520468712,1.0
l_curve_3,950,0.006447028834372759,1.0
l_curve_3,951,0.006547913886606693,1.0
l_curve_3,952,0.006601457949727774,1.0
l_curve_3,953,0.006576268933713436,1.0
l_curve_3,954,0.006472061853855848,1.0
l_curve_3,955,0.00647193007171154,1.0
l_curve_3,956,0.006622915621846914,1.0
l_curve_3,957,0.006611160933971405,1.0
l_curve_3,958,0.006518395617604256,1.0
l_curve_3,959,0.006479356437921524,1.0
l_curve_3,960,0.006588535849004984,1.0
l_curve_3,961,0.006622644141316414,1.0
l_curve_3,962,0.006653675809502602,1.0
l_curve_3,963,0.006645034998655319,1.0
l_curve_3,964,0.0065892841666936874,1.0
l_curve_3,965,0.006401725113391876,1.0
l_curve_3,966,0.006270967423915863,1.0
l_curve_3,967,0.006325025111436844,1.0
l_curve_3,968,0.006228334736078978,1.0
l_curve_3,969,0.006238790228962898,1.0
l_curve_3,970,0.006205609999597073,1.0
l_curve_3,971,0.006301496177911758,1.0
l_curve_3,972,0.006177539937198162,1.0
l_curve_3,973,0.006185343023389578,1.0
l_curve_3,974,0.006145144812762737,1.0
l_curve_3,975,0.006024904549121857,1.0
l_curve_3,976,0.006102936342358589,1.0
l_curve_3,977,0.0061495001427829266,1.0
l_curve_3,978,0.00608125701546669,1.0
l_curve_3,979,0.0061362008564174175,1.0
l_curve_3,980,0.006130282301455736,1.0
l_curve_3,981,0.006221813149750233,1.0
l_curve_3,982,0.00613718805834651,1.0
l_curve_3,983,0.0060248239897191525,1.0
l_curve_3,984,0.006035814061760902,1.0
l_curve_3,985,0.006133269518613815,1.0
l_curve_3,986,0.006105873268097639,1.0
l_curve_3,987,0.0059823463670909405,1.0
l_curve_3,988,0.005904522258788347,1.0
l_curve_3,989,0.00586566561833024,1.0
l_curve_3,990,0.005911816842854023,1.0
l_curve_3,991,0.00582716753706336,1.0
l_curve_3,992,0.005733557511121035,1.0
l_curve_3,993,0.005641157738864422,1.0
l_curve_3,994,0.005808791611343622,1.0
l_curve_3,995,0.005879351869225502,1.0
l_curve_3,996,0.005777962040156126,1.0
l_curve_3,997,0.005621253978461027,1.0
l_curve_3,998,0.005467557348310947,1.0
l_curve_3,999,0.005415230058133602,1.0
l_curve_3,1000,0.0054724011570215225,1.0
l_curve_3,1000,0.0054724011570215225,1.0
