client,round,loss,accuracy
l_curve_4,1,0.5998715162277222,0.7058823704719543
l_curve_4,2,0.5843186974525452,0.7352941036224365
l_curve_4,3,0.5711097717285156,0.7941176295280457
l_curve_4,4,0.559034526348114,0.7941176295280457
l_curve_4,5,0.5483603477478027,0.7941176295280457
l_curve_4,6,0.5389228463172913,0.7352941036224365
l_curve_4,7,0.5309220552444458,0.7352941036224365
l_curve_4,8,0.5235645771026611,0.7352941036224365
l_curve_4,9,0.5169650912284851,0.7352941036224365
l_curve_4,10,0.5107096433639526,0.7352941036224365
l_curve_4,11,0.503844141960144,0.7352941036224365
l_curve_4,12,0.4978463649749756,0.7352941036224365
l_curve_4,13,0.4917643964290619,0.7352941036224365
l_curve_4,14,0.48560917377471924,0.7352941036224365
l_curve_4,15,0.479789674282074,0.7352941036224365
l_curve_4,16,0.4743872880935669,0.7352941036224365
l_curve_4,17,0.469139039516449,0.7647058963775635
l_curve_4,18,0.4641149938106537,0.7647058963775635
l_curve_4,19,0.4591818153858185,0.7647058963775635
l_curve_4,20,0.45439186692237854,0.7647058963775635
l_curve_4,21,0.44972971081733704,0.7647058963775635
l_curve_4,22,0.44510409235954285,0.7647058963775635
l_curve_4,23,0.44074833393096924,0.7647058963775635
l_curve_4,24,0.4365489184856415,0.7647058963775635
l_curve_4,25,0.432222843170166,0.7647058963775635
l_curve_4,26,0.4281107485294342,0.7647058963775635
l_curve_4,27,0.42442047595977783,0.7647058963775635
l_curve_4,28,0.42093122005462646,0.7647058963775635
l_curve_4,29,0.41766127943992615,0.7647058963775635
l_curve_4,30,0.4140566885471344,0.7647058963775635
l_curve_4,31,0.41029092669487,0.7647058963775635
l_curve_4,32,0.40687325596809387,0.7647058963775635
l_curve_4,33,0.4038146734237671,0.7647058963775635
l_curve_4,34,0.4005582630634308,0.7647058963775635
l_curve_4,35,0.3975648880004883,0.7647058963775635
l_curve_4,36,0.3943779468536377,0.7647058963775635
l_curve_4,37,0.39118438959121704,0.7647058963775635
l_curve_4,38,0.3879811465740204,0.7941176295280457
l_curve_4,39,0.3847730755805969,0.7941176295280457
l_curve_4,40,0.3818506896495819,0.7941176295280457
l_curve_4,41,0.3788481056690216,0.7941176295280457
l_curve_4,42,0.3761918544769287,0.7941176295280457
l_curve_4,43,0.3740588426589966,0.7941176295280457
l_curve_4,44,0.3717934787273407,0.7941176295280457
l_curve_4,45,0.36928093433380127,0.7941176295280457
l_curve_4,46,0.366415411233902,0.7941176295280457
l_curve_4,47,0.36365437507629395,0.7941176295280457
l_curve_4,48,0.36126482486724854,0.7941176295280457
l_curve_4,49,0.35864749550819397,0.7941176295280457
l_curve_4,50,0.35617101192474365,0.7941176295280457
l_curve_4,51,0.3537949025630951,0.7941176295280457
l_curve_4,52,0.3516255021095276,0.7941176295280457
l_curve_4,53,0.3494369089603424,0.7941176295280457
l_curve_4,54,0.34755465388298035,0.7941176295280457
l_curve_4,55,0.3452044129371643,0.7941176295280457
l_curve_4,56,0.3430863618850708,0.7941176295280457
l_curve_4,57,0.34155455231666565,0.7941176295280457
l_curve_4,58,0.34014058113098145,0.7941176295280457
l_curve_4,59,0.3380730450153351,0.7941176295280457
l_curve_4,60,0.3358921706676483,0.7941176295280457
l_curve_4,61,0.333965927362442,0.7941176295280457
l_curve_4,62,0.3322643041610718,0.7941176295280457
l_curve_4,63,0.33022773265838623,0.7941176295280457
l_curve_4,64,0.328442245721817,0.7941176295280457
l_curve_4,65,0.3266116678714752,0.7941176295280457
l_curve_4,66,0.3245575726032257,0.7941176295280457
l_curve_4,67,0.32272398471832275,0.7941176295280457
l_curve_4,68,0.32116881012916565,0.7941176295280457
l_curve_4,69,0.319191038608551,0.7941176295280457
l_curve_4,70,0.3176179826259613,0.7941176295280457
l_curve_4,71,0.31569743156433105,0.7941176295280457
l_curve_4,72,0.31438159942626953,0.7941176295280457
l_curve_4,73,0.31291380524635315,0.8235294222831726
l_curve_4,74,0.3108794391155243,0.8235294222831726
l_curve_4,75,0.30919069051742554,0.8235294222831726
l_curve_4,76,0.30731773376464844,0.8235294222831726
l_curve_4,77,0.3058866858482361,0.8235294222831726
l_curve_4,78,0.30458974838256836,0.8235294222831726
l_curve_4,79,0.30284711718559265,0.8235294222831726
l_curve_4,80,0.3010534942150116,0.8235294222831726
l_curve_4,81,0.2996700406074524,0.8235294222831726
l_curve_4,82,0.2984780967235565,0.8235294222831726
l_curve_4,83,0.29741930961608887,0.8235294222831726
l_curve_4,84,0.2965501546859741,0.8235294222831726
l_curve_4,85,0.2956262528896332,0.8235294222831726
l_curve_4,86,0.29466143250465393,0.8235294222831726
l_curve_4,87,0.29387450218200684,0.8235294222831726
l_curve_4,88,0.29281729459762573,0.8235294222831726
l_curve_4,89,0.29134130477905273,0.8235294222831726
l_curve_4,90,0.2903621196746826,0.8235294222831726
l_curve_4,91,0.28960615396499634,0.8529411554336548
l_curve_4,92,0.2888917922973633,0.8529411554336548
l_curve_4,93,0.2877296209335327,0.8529411554336548
l_curve_4,94,0.28633809089660645,0.8529411554336548
l_curve_4,95,0.2852286100387573,0.8529411554336548
l_curve_4,96,0.2848011553287506,0.8529411554336548
l_curve_4,97,0.28431588411331177,0.8529411554336548
l_curve_4,98,0.2836533486843109,0.8529411554336548
l_curve_4,99,0.28269973397254944,0.8529411554336548
l_curve_4,100,0.2819281220436096,0.8529411554336548
l_curve_4,101,0.28149762749671936,0.8529411554336548
l_curve_4,102,0.28087925910949707,0.8529411554336548
l_curve_4,103,0.28038671612739563,0.8529411554336548
l_curve_4,104,0.27977848052978516,0.8823529481887817
l_curve_4,105,0.2790062427520752,0.8823529481887817
l_curve_4,106,0.2778932452201843,0.8529411554336548
l_curve_4,107,0.2775767743587494,0.8823529481887817
l_curve_4,108,0.2770547568798065,0.8823529481887817
l_curve_4,109,0.2768247723579407,0.8823529481887817
l_curve_4,110,0.2766963839530945,0.8823529481887817
l_curve_4,111,0.27628499269485474,0.8823529481887817
l_curve_4,112,0.27576303482055664,0.8823529481887817
l_curve_4,113,0.27577266097068787,0.8823529481887817
l_curve_4,114,0.2753869295120239,0.8823529481887817
l_curve_4,115,0.2747945487499237,0.8823529481887817
l_curve_4,116,0.27439722418785095,0.8823529481887817
l_curve_4,117,0.2739626169204712,0.8823529481887817
l_curve_4,118,0.27309709787368774,0.8823529481887817
l_curve_4,119,0.2726350426673889,0.8823529481887817
l_curve_4,120,0.2723492681980133,0.8823529481887817
l_curve_4,121,0.2718762755393982,0.8823529481887817
l_curve_4,122,0.2717985212802887,0.8823529481887817
l_curve_4,123,0.27178847789764404,0.8823529481887817
l_curve_4,124,0.27171337604522705,0.8823529481887817
l_curve_4,125,0.2715983986854553,0.8823529481887817
l_curve_4,126,0.27121779322624207,0.8823529481887817
l_curve_4,127,0.27100467681884766,0.8823529481887817
l_curve_4,128,0.2711145877838135,0.8823529481887817
l_curve_4,129,0.27163344621658325,0.8823529481887817
l_curve_4,130,0.27216655015945435,0.8823529481887817
l_curve_4,131,0.2724466621875763,0.8823529481887817
l_curve_4,132,0.2723158895969391,0.8823529481887817
l_curve_4,133,0.2719314694404602,0.8823529481887817
l_curve_4,134,0.2716635465621948,0.8823529481887817
l_curve_4,135,0.27146071195602417,0.8823529481887817
l_curve_4,136,0.27176186442375183,0.8823529481887817
l_curve_4,137,0.27153700590133667,0.8823529481887817
l_curve_4,138,0.27091097831726074,0.8823529481887817
l_curve_4,139,0.2710750102996826,0.8823529481887817
l_curve_4,140,0.27122950553894043,0.8823529481887817
l_curve_4,141,0.2709098756313324,0.8823529481887817
l_curve_4,142,0.27031534910202026,0.8823529481887817
l_curve_4,143,0.26960790157318115,0.8823529481887817
l_curve_4,144,0.2701011598110199,0.8823529481887817
l_curve_4,145,0.27068349719047546,0.8823529481887817
l_curve_4,146,0.27133384346961975,0.8823529481887817
l_curve_4,147,0.27093103528022766,0.8823529481887817
l_curve_4,148,0.27098649740219116,0.8823529481887817
l_curve_4,149,0.27063339948654175,0.8823529481887817
l_curve_4,150,0.2703760862350464,0.8823529481887817
l_curve_4,151,0.2700272798538208,0.8823529481887817
l_curve_4,152,0.2697145938873291,0.8823529481887817
l_curve_4,153,0.26984214782714844,0.8823529481887817
l_curve_4,154,0.2693895101547241,0.8823529481887817
l_curve_4,155,0.2693476378917694,0.8823529481887817
l_curve_4,156,0.2692248225212097,0.8823529481887817
l_curve_4,157,0.2694470286369324,0.8823529481887817
l_curve_4,158,0.26960352063179016,0.8823529481887817
l_curve_4,159,0.2696644961833954,0.8823529481887817
l_curve_4,160,0.26981884241104126,0.8823529481887817
l_curve_4,161,0.26962846517562866,0.8823529481887817
l_curve_4,162,0.26939353346824646,0.8823529481887817
l_curve_4,163,0.26982343196868896,0.8823529481887817
l_curve_4,164,0.2702682614326477,0.8823529481887817
l_curve_4,165,0.2701941132545471,0.8823529481887817
l_curve_4,166,0.2704806625843048,0.8823529481887817
l_curve_4,167,0.27047374844551086,0.8823529481887817
l_curve_4,168,0.2701452076435089,0.8823529481887817
l_curve_4,169,0.2693944275379181,0.8823529481887817
l_curve_4,170,0.26929202675819397,0.8823529481887817
l_curve_4,171,0.26868265867233276,0.8823529481887817
l_curve_4,172,0.26786619424819946,0.8823529481887817
l_curve_4,173,0.26738542318344116,0.8823529481887817
l_curve_4,174,0.26786789298057556,0.8823529481887817
l_curve_4,175,0.2679874002933502,0.8823529481887817
l_curve_4,176,0.26793769001960754,0.8823529481887817
l_curve_4,177,0.26771989464759827,0.8823529481887817
l_curve_4,178,0.26709628105163574,0.8823529481887817
l_curve_4,179,0.26654377579689026,0.8823529481887817
l_curve_4,180,0.26649513840675354,0.8823529481887817
l_curve_4,181,0.26649409532546997,0.8823529481887817
l_curve_4,182,0.26570919156074524,0.8823529481887817
l_curve_4,183,0.2653621733188629,0.8823529481887817
l_curve_4,184,0.265124648809433,0.8823529481887817
l_curve_4,185,0.26489466428756714,0.8823529481887817
l_curve_4,186,0.2642767131328583,0.8823529481887817
l_curve_4,187,0.2640193700790405,0.8823529481887817
l_curve_4,188,0.2641286551952362,0.8823529481887817
l_curve_4,189,0.2640344500541687,0.8823529481887817
l_curve_4,190,0.2635023295879364,0.8823529481887817
l_curve_4,191,0.2639812231063843,0.8823529481887817
l_curve_4,192,0.26425784826278687,0.9117646813392639
l_curve_4,193,0.26401829719543457,0.9117646813392639
l_curve_4,194,0.26339972019195557,0.9117646813392639
l_curve_4,195,0.26268506050109863,0.8823529481887817
l_curve_4,196,0.26270702481269836,0.8823529481887817
l_curve_4,197,0.2627516984939575,0.9117646813392639
l_curve_4,198,0.2627731263637543,0.9117646813392639
l_curve_4,199,0.2625666856765747,0.9117646813392639
l_curve_4,200,0.2616404592990875,0.9117646813392639
l_curve_4,201,0.2611856460571289,0.9117646813392639
l_curve_4,202,0.2613518238067627,0.9117646813392639
l_curve_4,203,0.26095786690711975,0.9117646813392639
l_curve_4,204,0.26046937704086304,0.9117646813392639
l_curve_4,205,0.2606015205383301,0.9117646813392639
l_curve_4,206,0.26058855652809143,0.9117646813392639
l_curve_4,207,0.2606259882450104,0.9117646813392639
l_curve_4,208,0.25964534282684326,0.9117646813392639
l_curve_4,209,0.25846368074417114,0.8823529481887817
l_curve_4,210,0.2578236162662506,0.8823529481887817
l_curve_4,211,0.258007675409317,0.9117646813392639
l_curve_4,212,0.25752294063568115,0.8823529481887817
l_curve_4,213,0.25731322169303894,0.8823529481887817
l_curve_4,214,0.2573811709880829,0.9117646813392639
l_curve_4,215,0.25733038783073425,0.9117646813392639
l_curve_4,216,0.2575018107891083,0.9117646813392639
l_curve_4,217,0.2575540840625763,0.9117646813392639
l_curve_4,218,0.2566860616207123,0.9117646813392639
l_curve_4,219,0.2565072774887085,0.9117646813392639
l_curve_4,220,0.25669801235198975,0.9117646813392639
l_curve_4,221,0.25654906034469604,0.9117646813392639
l_curve_4,222,0.2563507854938507,0.9117646813392639
l_curve_4,223,0.25625282526016235,0.9117646813392639
l_curve_4,224,0.2560810148715973,0.9117646813392639
l_curve_4,225,0.25601959228515625,0.9117646813392639
l_curve_4,226,0.2558484971523285,0.9117646813392639
l_curve_4,227,0.25539857149124146,0.9117646813392639
l_curve_4,228,0.25525525212287903,0.9117646813392639
l_curve_4,229,0.25482940673828125,0.9117646813392639
l_curve_4,230,0.254901260137558,0.9117646813392639
l_curve_4,231,0.25462865829467773,0.9117646813392639
l_curve_4,232,0.2549585700035095,0.9117646813392639
l_curve_4,233,0.25515463948249817,0.9117646813392639
l_curve_4,234,0.25486093759536743,0.9117646813392639
l_curve_4,235,0.2546366751194,0.9117646813392639
l_curve_4,236,0.253689706325531,0.9117646813392639
l_curve_4,237,0.25257229804992676,0.9117646813392639
l_curve_4,238,0.2525283992290497,0.9117646813392639
l_curve_4,239,0.2529442310333252,0.9117646813392639
l_curve_4,240,0.25270795822143555,0.9117646813392639
l_curve_4,241,0.25251057744026184,0.9117646813392639
l_curve_4,242,0.25248822569847107,0.9117646813392639
l_curve_4,243,0.25208649039268494,0.9117646813392639
l_curve_4,244,0.250744104385376,0.9117646813392639
l_curve_4,245,0.2505302131175995,0.9117646813392639
l_curve_4,246,0.24967914819717407,0.9117646813392639
l_curve_4,247,0.2489178627729416,0.9117646813392639
l_curve_4,248,0.24862754344940186,0.9117646813392639
l_curve_4,249,0.24828818440437317,0.9117646813392639
l_curve_4,250,0.24790999293327332,0.9117646813392639
l_curve_4,251,0.24796870350837708,0.9117646813392639
l_curve_4,252,0.2480013519525528,0.9117646813392639
l_curve_4,253,0.24783554673194885,0.9117646813392639
l_curve_4,254,0.24727658927440643,0.9117646813392639
l_curve_4,255,0.24640753865242004,0.9117646813392639
l_curve_4,256,0.2458098977804184,0.9117646813392639
l_curve_4,257,0.24538129568099976,0.9117646813392639
l_curve_4,258,0.2452755868434906,0.9117646813392639
l_curve_4,259,0.24491335451602936,0.9117646813392639
l_curve_4,260,0.2441335916519165,0.9117646813392639
l_curve_4,261,0.2437625229358673,0.9117646813392639
l_curve_4,262,0.2434946447610855,0.9117646813392639
l_curve_4,263,0.2429186850786209,0.9117646813392639
l_curve_4,264,0.24235312640666962,0.9117646813392639
l_curve_4,265,0.2423839271068573,0.9117646813392639
l_curve_4,266,0.24206282198429108,0.9117646813392639
l_curve_4,267,0.24174802005290985,0.9117646813392639
l_curve_4,268,0.2418680191040039,0.9117646813392639
l_curve_4,269,0.24208416044712067,0.9117646813392639
l_curve_4,270,0.24124285578727722,0.9117646813392639
l_curve_4,271,0.24058271944522858,0.9117646813392639
l_curve_4,272,0.24008166790008545,0.9117646813392639
l_curve_4,273,0.23985904455184937,0.9117646813392639
l_curve_4,274,0.23953942954540253,0.9117646813392639
l_curve_4,275,0.23868611454963684,0.9117646813392639
l_curve_4,276,0.23818495869636536,0.9117646813392639
l_curve_4,277,0.23731930553913116,0.9117646813392639
l_curve_4,278,0.23664334416389465,0.9117646813392639
l_curve_4,279,0.23512215912342072,0.9117646813392639
l_curve_4,280,0.2348911315202713,0.9117646813392639
l_curve_4,281,0.23488210141658783,0.9117646813392639
l_curve_4,282,0.23414216935634613,0.9117646813392639
l_curve_4,283,0.23313792049884796,0.9117646813392639
l_curve_4,284,0.23214882612228394,0.9117646813392639
l_curve_4,285,0.231617271900177,0.9117646813392639
l_curve_4,286,0.2312653511762619,0.9117646813392639
l_curve_4,287,0.23074248433113098,0.9117646813392639
l_curve_4,288,0.23004257678985596,0.9117646813392639
l_curve_4,289,0.22988592088222504,0.9117646813392639
l_curve_4,290,0.22973380982875824,0.9117646813392639
l_curve_4,291,0.22965899109840393,0.9117646813392639
l_curve_4,292,0.23019357025623322,0.9117646813392639
l_curve_4,293,0.22972895205020905,0.9117646813392639
l_curve_4,294,0.22932906448841095,0.9117646813392639
l_curve_4,295,0.22809243202209473,0.9117646813392639
l_curve_4,296,0.2266463041305542,0.9117646813392639
l_curve_4,297,0.22578012943267822,0.9117646813392639
l_curve_4,298,0.22557246685028076,0.9117646813392639
l_curve_4,299,0.2255399525165558,0.9117646813392639
l_curve_4,300,0.22450394928455353,0.9117646813392639
l_curve_4,301,0.2230459451675415,0.9117646813392639
l_curve_4,302,0.22211681306362152,0.9117646813392639
l_curve_4,303,0.22119295597076416,0.9117646813392639
l_curve_4,304,0.22029948234558105,0.9117646813392639
l_curve_4,305,0.21974265575408936,0.9117646813392639
l_curve_4,306,0.21873970329761505,0.9117646813392639
l_curve_4,307,0.2180359661579132,0.9117646813392639
l_curve_4,308,0.21805250644683838,0.9117646813392639
l_curve_4,309,0.2177099585533142,0.9117646813392639
l_curve_4,310,0.21737021207809448,0.9117646813392639
l_curve_4,311,0.21657013893127441,0.9117646813392639
l_curve_4,312,0.21563304960727692,0.9411764740943909
l_curve_4,313,0.21506302058696747,0.9411764740943909
l_curve_4,314,0.21421729028224945,0.9411764740943909
l_curve_4,315,0.2133808434009552,0.9411764740943909
l_curve_4,316,0.21219004690647125,0.9411764740943909
l_curve_4,317,0.21123938262462616,0.9411764740943909
l_curve_4,318,0.2100602090358734,0.9411764740943909
l_curve_4,319,0.20972906053066254,0.9411764740943909
l_curve_4,320,0.20890484750270844,0.9411764740943909
l_curve_4,321,0.20788753032684326,0.9411764740943909
l_curve_4,322,0.20712795853614807,0.9411764740943909
l_curve_4,323,0.20615558326244354,0.9411764740943909
l_curve_4,324,0.20534522831439972,0.9411764740943909
l_curve_4,325,0.2047967165708542,0.9411764740943909
l_curve_4,326,0.20406819880008698,0.9411764740943909
l_curve_4,327,0.20353782176971436,0.9411764740943909
l_curve_4,328,0.20195792615413666,0.9411764740943909
l_curve_4,329,0.2015743851661682,0.9411764740943909
l_curve_4,330,0.20122545957565308,0.9411764740943909
l_curve_4,331,0.20033451914787292,0.9411764740943909
l_curve_4,332,0.1994009166955948,0.9411764740943909
l_curve_4,333,0.19875741004943848,0.9411764740943909
l_curve_4,334,0.19763876497745514,0.9411764740943909
l_curve_4,335,0.1967981904745102,0.9411764740943909
l_curve_4,336,0.19576315581798553,0.9411764740943909
l_curve_4,337,0.19440340995788574,0.9411764740943909
l_curve_4,338,0.19328825175762177,0.9411764740943909
l_curve_4,339,0.1934383362531662,0.9411764740943909
l_curve_4,340,0.19320033490657806,0.9411764740943909
l_curve_4,341,0.1921306550502777,0.9411764740943909
l_curve_4,342,0.1914275735616684,0.9411764740943909
l_curve_4,343,0.19022157788276672,0.9411764740943909
l_curve_4,344,0.1887202262878418,0.9411764740943909
l_curve_4,345,0.1874256134033203,0.9411764740943909
l_curve_4,346,0.1868811994791031,0.9411764740943909
l_curve_4,347,0.18606211245059967,0.9411764740943909
l_curve_4,348,0.18548858165740967,0.9411764740943909
l_curve_4,349,0.18396103382110596,0.9411764740943909
l_curve_4,350,0.18340268731117249,0.9411764740943909
l_curve_4,351,0.18271982669830322,0.9411764740943909
l_curve_4,352,0.18156880140304565,0.9411764740943909
l_curve_4,353,0.180751770734787,0.9411764740943909
l_curve_4,354,0.17968341708183289,0.9411764740943909
l_curve_4,355,0.1788334995508194,0.9411764740943909
l_curve_4,356,0.17799325287342072,0.9411764740943909
l_curve_4,357,0.17628835141658783,0.9411764740943909
l_curve_4,358,0.17477965354919434,0.9411764740943909
l_curve_4,359,0.17336533963680267,0.9411764740943909
l_curve_4,360,0.17305442690849304,0.9411764740943909
l_curve_4,361,0.17209844291210175,0.9411764740943909
l_curve_4,362,0.17161425948143005,0.9411764740943909
l_curve_4,363,0.17137408256530762,0.9411764740943909
l_curve_4,364,0.17048859596252441,0.9411764740943909
l_curve_4,365,0.1689380556344986,0.9411764740943909
l_curve_4,366,0.1681208461523056,0.9411764740943909
l_curve_4,367,0.16712746024131775,0.9411764740943909
l_curve_4,368,0.16601285338401794,0.9411764740943909
l_curve_4,369,0.16543467342853546,0.9411764740943909
l_curve_4,370,0.16460473835468292,0.9411764740943909
l_curve_4,371,0.1638340950012207,0.9411764740943909
l_curve_4,372,0.163014218211174,0.9411764740943909
l_curve_4,373,0.16158103942871094,0.9411764740943909
l_curve_4,374,0.16061221063137054,0.9411764740943909
l_curve_4,375,0.1599065065383911,0.9411764740943909
l_curve_4,376,0.15948912501335144,0.9411764740943909
l_curve_4,377,0.15913620591163635,0.9411764740943909
l_curve_4,378,0.15831932425498962,0.9411764740943909
l_curve_4,379,0.15723106265068054,0.9411764740943909
l_curve_4,380,0.15522851049900055,0.9411764740943909
l_curve_4,381,0.15389308333396912,0.9411764740943909
l_curve_4,382,0.1532949060201645,0.9411764740943909
l_curve_4,383,0.1528499722480774,0.9411764740943909
l_curve_4,384,0.1516631841659546,0.9411764740943909
l_curve_4,385,0.1512141078710556,0.9411764740943909
l_curve_4,386,0.15065789222717285,0.9411764740943909
l_curve_4,387,0.1495703011751175,0.9411764740943909
l_curve_4,388,0.14835835993289948,0.9411764740943909
l_curve_4,389,0.14774474501609802,0.9411764740943909
l_curve_4,390,0.14682267606258392,0.9411764740943909
l_curve_4,391,0.1454397439956665,0.9411764740943909
l_curve_4,392,0.14469194412231445,0.9411764740943909
l_curve_4,393,0.14393708109855652,0.9411764740943909
l_curve_4,394,0.14344429969787598,0.9411764740943909
l_curve_4,395,0.14272677898406982,0.9411764740943909
l_curve_4,396,0.14188264310359955,0.9411764740943909
l_curve_4,397,0.14100465178489685,0.9411764740943909
l_curve_4,398,0.14093118906021118,0.9411764740943909
l_curve_4,399,0.14042437076568604,0.9411764740943909
l_curve_4,400,0.139265239238739,0.9411764740943909
l_curve_4,401,0.13852642476558685,0.9411764740943909
l_curve_4,402,0.13794739544391632,0.9411764740943909
l_curve_4,403,0.1373928189277649,0.9411764740943909
l_curve_4,404,0.13647198677062988,0.9411764740943909
l_curve_4,405,0.13536633551120758,0.9411764740943909
l_curve_4,406,0.13466434180736542,0.9411764740943909
l_curve_4,407,0.1339949518442154,0.9411764740943909
l_curve_4,408,0.1332228183746338,0.9411764740943909
l_curve_4,409,0.13235224783420563,0.9411764740943909
l_curve_4,410,0.13174974918365479,0.9411764740943909
l_curve_4,411,0.1310971975326538,0.9411764740943909
l_curve_4,412,0.13067744672298431,0.9411764740943909
l_curve_4,413,0.12948518991470337,0.970588207244873
l_curve_4,414,0.12875013053417206,0.970588207244873
l_curve_4,415,0.12756288051605225,0.970588207244873
l_curve_4,416,0.1267554759979248,0.970588207244873
l_curve_4,417,0.12639787793159485,0.970588207244873
l_curve_4,418,0.12625421583652496,0.970588207244873
l_curve_4,419,0.1255389302968979,0.970588207244873
l_curve_4,420,0.12497299909591675,0.970588207244873
l_curve_4,421,0.12358614802360535,0.970588207244873
l_curve_4,422,0.12221522629261017,0.970588207244873
l_curve_4,423,0.12169909477233887,0.970588207244873
l_curve_4,424,0.12076517939567566,0.970588207244873
l_curve_4,425,0.1201481819152832,0.970588207244873
l_curve_4,426,0.11994689702987671,0.970588207244873
l_curve_4,427,0.1193661093711853,0.970588207244873
l_curve_4,428,0.11875540763139725,0.970588207244873
l_curve_4,429,0.11797105520963669,0.970588207244873
l_curve_4,430,0.11752161383628845,0.970588207244873
l_curve_4,431,0.11697287857532501,0.970588207244873
l_curve_4,432,0.11660339683294296,0.970588207244873
l_curve_4,433,0.11624209582805634,0.970588207244873
l_curve_4,434,0.11496317386627197,0.970588207244873
l_curve_4,435,0.11355277895927429,0.970588207244873
l_curve_4,436,0.11290913820266724,0.970588207244873
l_curve_4,437,0.11226172745227814,0.970588207244873
l_curve_4,438,0.11148396134376526,0.970588207244873
l_curve_4,439,0.11063919216394424,0.970588207244873
l_curve_4,440,0.1099601462483406,0.970588207244873
l_curve_4,441,0.10917926579713821,0.970588207244873
l_curve_4,442,0.10844621062278748,0.970588207244873
l_curve_4,443,0.10780113935470581,0.970588207244873
l_curve_4,444,0.10659981518983841,0.970588207244873
l_curve_4,445,0.10653252899646759,0.970588207244873
l_curve_4,446,0.10644353926181793,0.970588207244873
l_curve_4,447,0.10629759728908539,0.970588207244873
l_curve_4,448,0.10562638938426971,0.970588207244873
l_curve_4,449,0.10506470501422882,0.970588207244873
l_curve_4,450,0.10460871458053589,0.970588207244873
l_curve_4,451,0.10420180857181549,0.970588207244873
l_curve_4,452,0.10418187826871872,0.970588207244873
l_curve_4,453,0.10349548608064651,0.970588207244873
l_curve_4,454,0.1024622917175293,0.970588207244873
l_curve_4,455,0.10120879858732224,0.970588207244873
l_curve_4,456,0.10091736912727356,0.970588207244873
l_curve_4,457,0.10055206716060638,0.970588207244873
l_curve_4,458,0.10016784071922302,0.970588207244873
l_curve_4,459,0.09971874952316284,0.970588207244873
l_curve_4,460,0.09956660866737366,0.970588207244873
l_curve_4,461,0.09894392639398575,0.970588207244873
l_curve_4,462,0.09840814769268036,0.970588207244873
l_curve_4,463,0.09800378978252411,0.970588207244873
l_curve_4,464,0.09737180173397064,0.970588207244873
l_curve_4,465,0.09710965305566788,0.970588207244873
l_curve_4,466,0.09678655862808228,0.970588207244873
l_curve_4,467,0.09647174179553986,0.970588207244873
l_curve_4,468,0.0955517590045929,0.970588207244873
l_curve_4,469,0.09491418302059174,0.970588207244873
l_curve_4,470,0.09432703256607056,0.970588207244873
l_curve_4,471,0.09414800256490707,0.970588207244873
l_curve_4,472,0.09384122490882874,0.970588207244873
l_curve_4,473,0.0928097665309906,0.970588207244873
l_curve_4,474,0.0921049416065216,0.970588207244873
l_curve_4,475,0.09177573025226593,0.970588207244873
l_curve_4,476,0.09125586599111557,0.970588207244873
l_curve_4,477,0.09084061533212662,0.970588207244873
l_curve_4,478,0.0905924066901207,0.970588207244873
l_curve_4,479,0.08965148031711578,0.970588207244873
l_curve_4,480,0.08862616121768951,0.970588207244873
l_curve_4,481,0.08774854242801666,0.970588207244873
l_curve_4,482,0.08702965825796127,0.970588207244873
l_curve_4,483,0.08678479492664337,0.970588207244873
l_curve_4,484,0.08700354397296906,0.970588207244873
l_curve_4,485,0.08653637021780014,0.970588207244873
l_curve_4,486,0.08651075512170792,0.970588207244873
l_curve_4,487,0.08572851121425629,0.970588207244873
l_curve_4,488,0.08513340353965759,0.970588207244873
l_curve_4,489,0.08438582718372345,0.970588207244873
l_curve_4,490,0.0841137245297432,0.970588207244873
l_curve_4,491,0.08357736468315125,0.970588207244873
l_curve_4,492,0.08349210023880005,0.970588207244873
l_curve_4,493,0.08329776674509048,0.970588207244873
l_curve_4,494,0.08306822180747986,0.970588207244873
l_curve_4,495,0.08267470449209213,0.970588207244873
l_curve_4,496,0.08155834674835205,0.970588207244873
l_curve_4,497,0.08106733113527298,0.970588207244873
l_curve_4,498,0.08064832538366318,0.970588207244873
l_curve_4,499,0.08021201193332672,0.970588207244873
l_curve_4,500,0.0799655169248581,0.970588207244873
l_curve_4,501,0.07915207743644714,0.970588207244873
l_curve_4,502,0.07860331237316132,0.970588207244873
l_curve_4,503,0.0786067470908165,0.970588207244873
l_curve_4,504,0.07893345504999161,0.970588207244873
l_curve_4,505,0.07877340167760849,0.970588207244873
l_curve_4,506,0.07850747555494308,0.970588207244873
l_curve_4,507,0.0778888389468193,0.970588207244873
l_curve_4,508,0.07727240771055222,0.970588207244873
l_curve_4,509,0.07684314250946045,0.970588207244873
l_curve_4,510,0.07655753940343857,0.970588207244873
l_curve_4,511,0.07595955580472946,0.970588207244873
l_curve_4,512,0.07558479905128479,0.970588207244873
l_curve_4,513,0.07542233169078827,0.970588207244873
l_curve_4,514,0.07472942769527435,0.970588207244873
l_curve_4,515,0.07424888759851456,0.970588207244873
l_curve_4,516,0.0736689493060112,0.970588207244873
l_curve_4,517,0.07359810173511505,0.970588207244873
l_curve_4,518,0.07339001446962357,0.970588207244873
l_curve_4,519,0.07328494638204575,0.970588207244873
l_curve_4,520,0.07309331744909286,0.970588207244873
l_curve_4,521,0.07267823815345764,0.970588207244873
l_curve_4,522,0.07244589924812317,0.970588207244873
l_curve_4,523,0.07166652381420135,0.970588207244873
l_curve_4,524,0.07152027636766434,0.970588207244873
l_curve_4,525,0.07083679735660553,0.970588207244873
l_curve_4,526,0.07059136033058167,0.970588207244873
l_curve_4,527,0.07019947469234467,0.970588207244873
l_curve_4,528,0.06957187503576279,0.970588207244873
l_curve_4,529,0.0688672736287117,0.970588207244873
l_curve_4,530,0.06854493170976639,0.970588207244873
l_curve_4,531,0.06788508594036102,0.970588207244873
l_curve_4,532,0.0675903931260109,0.970588207244873
l_curve_4,533,0.06751590222120285,0.970588207244873
l_curve_4,534,0.06720784306526184,0.970588207244873
l_curve_4,535,0.06677951663732529,0.970588207244873
l_curve_4,536,0.06657823175191879,0.970588207244873
l_curve_4,537,0.06625352054834366,0.970588207244873
l_curve_4,538,0.06594175100326538,0.970588207244873
l_curve_4,539,0.06551926583051682,0.970588207244873
l_curve_4,540,0.06498254090547562,0.970588207244873
l_curve_4,541,0.06491050124168396,0.970588207244873
l_curve_4,542,0.06490802764892578,0.970588207244873
l_curve_4,543,0.06472494453191757,0.970588207244873
l_curve_4,544,0.06443134695291519,0.970588207244873
l_curve_4,545,0.06457017362117767,0.970588207244873
l_curve_4,546,0.06419197469949722,0.970588207244873
l_curve_4,547,0.06352587044239044,0.970588207244873
l_curve_4,548,0.06320615857839584,0.970588207244873
l_curve_4,549,0.06250894069671631,0.970588207244873
l_curve_4,550,0.061725419014692307,0.970588207244873
l_curve_4,551,0.06126178056001663,0.970588207244873
l_curve_4,552,0.060956794768571854,0.970588207244873
l_curve_4,553,0.06076696887612343,0.970588207244873
l_curve_4,554,0.060153014957904816,0.970588207244873
l_curve_4,555,0.059745002537965775,0.970588207244873
l_curve_4,556,0.060135841369628906,0.970588207244873
l_curve_4,557,0.05976641923189163,0.970588207244873
l_curve_4,558,0.05961998924612999,0.970588207244873
l_curve_4,559,0.05910979211330414,0.970588207244873
l_curve_4,560,0.058934345841407776,0.970588207244873
l_curve_4,561,0.058848459273576736,0.970588207244873
l_curve_4,562,0.05893208831548691,0.970588207244873
l_curve_4,563,0.058696355670690536,0.970588207244873
l_curve_4,564,0.05871566757559776,0.970588207244873
l_curve_4,565,0.058181583881378174,0.970588207244873
l_curve_4,566,0.05754241719841957,0.970588207244873
l_curve_4,567,0.057261161506175995,0.970588207244873
l_curve_4,568,0.05703253298997879,0.970588207244873
l_curve_4,569,0.05681367591023445,0.970588207244873
l_curve_4,570,0.05711037665605545,0.970588207244873
l_curve_4,571,0.05685514211654663,0.970588207244873
l_curve_4,572,0.05647290498018265,0.970588207244873
l_curve_4,573,0.05586279556155205,0.970588207244873
l_curve_4,574,0.056098822504282,0.970588207244873
l_curve_4,575,0.05627936124801636,0.970588207244873
l_curve_4,576,0.05591985583305359,0.970588207244873
l_curve_4,577,0.05554553121328354,0.970588207244873
l_curve_4,578,0.05526289343833923,0.970588207244873
l_curve_4,579,0.054622337222099304,0.970588207244873
l_curve_4,580,0.0540882907807827,0.970588207244873
l_curve_4,581,0.05400857701897621,0.970588207244873
l_curve_4,582,0.05361412465572357,0.970588207244873
l_curve_4,583,0.05336640030145645,0.970588207244873
l_curve_4,584,0.053196981549263,0.970588207244873
l_curve_4,585,0.05325279012322426,0.970588207244873
l_curve_4,586,0.052764371037483215,0.970588207244873
l_curve_4,587,0.05248420685529709,0.970588207244873
l_curve_4,588,0.05209246277809143,0.970588207244873
l_curve_4,589,0.05229155346751213,0.970588207244873
l_curve_4,590,0.0520423948764801,0.970588207244873
l_curve_4,591,0.05172889307141304,0.970588207244873
l_curve_4,592,0.051599182188510895,0.970588207244873
l_curve_4,593,0.051322873681783676,0.970588207244873
l_curve_4,594,0.05120706558227539,0.970588207244873
l_curve_4,595,0.05084213614463806,0.970588207244873
l_curve_4,596,0.05086271092295647,0.970588207244873
l_curve_4,597,0.0506717823445797,0.970588207244873
l_curve_4,598,0.05020632594823837,0.970588207244873
l_curve_4,599,0.04976801201701164,0.970588207244873
l_curve_4,600,0.049489568918943405,0.970588207244873
l_curve_4,601,0.04913399741053581,0.970588207244873
l_curve_4,602,0.04915844649076462,0.970588207244873
l_curve_4,603,0.04888993874192238,0.970588207244873
l_curve_4,604,0.04884788766503334,0.970588207244873
l_curve_4,605,0.04866233468055725,0.970588207244873
l_curve_4,606,0.048415277153253555,0.970588207244873
l_curve_4,607,0.04828944429755211,0.970588207244873
l_curve_4,608,0.04772103205323219,0.970588207244873
l_curve_4,609,0.047496967017650604,0.970588207244873
l_curve_4,610,0.047276224941015244,0.970588207244873
l_curve_4,611,0.04703500121831894,0.970588207244873
l_curve_4,612,0.04657594859600067,0.970588207244873
l_curve_4,613,0.04628335312008858,0.970588207244873
l_curve_4,614,0.046640511602163315,0.970588207244873
l_curve_4,615,0.046513017266988754,0.970588207244873
l_curve_4,616,0.04629899933934212,0.970588207244873
l_curve_4,617,0.04613034799695015,0.970588207244873
l_curve_4,618,0.045499637722969055,0.970588207244873
l_curve_4,619,0.045512232929468155,0.970588207244873
l_curve_4,620,0.04537171870470047,0.970588207244873
l_curve_4,621,0.04495639726519585,0.970588207244873
l_curve_4,622,0.044855523854494095,0.970588207244873
l_curve_4,623,0.044643908739089966,0.970588207244873
l_curve_4,624,0.04456641152501106,0.970588207244873
l_curve_4,625,0.04509277641773224,0.970588207244873
l_curve_4,626,0.04485131427645683,0.970588207244873
l_curve_4,627,0.04437050223350525,0.970588207244873
l_curve_4,628,0.04413510859012604,0.970588207244873
l_curve_4,629,0.0439942292869091,0.970588207244873
l_curve_4,630,0.043774429708719254,0.970588207244873
l_curve_4,631,0.04338535666465759,0.970588207244873
l_curve_4,632,0.0431508906185627,0.970588207244873
l_curve_4,633,0.04338919743895531,0.970588207244873
l_curve_4,634,0.04321135953068733,0.970588207244873
l_curve_4,635,0.043168265372514725,0.970588207244873
l_curve_4,636,0.0430847629904747,0.970588207244873
l_curve_4,637,0.04266809672117233,0.970588207244873
l_curve_4,638,0.04257730767130852,0.970588207244873
l_curve_4,639,0.042317673563957214,0.970588207244873
l_curve_4,640,0.04226388409733772,0.970588207244873
l_curve_4,641,0.04223933443427086,0.970588207244873
l_curve_4,642,0.04201409965753555,0.970588207244873
l_curve_4,643,0.04172973334789276,0.970588207244873
l_curve_4,644,0.041603654623031616,0.970588207244873
l_curve_4,645,0.041581954807043076,0.970588207244873
l_curve_4,646,0.0412391759455204,0.970588207244873
l_curve_4,647,0.04107740521430969,0.970588207244873
l_curve_4,648,0.041163478046655655,0.970588207244873
l_curve_4,649,0.0410560742020607,0.970588207244873
l_curve_4,650,0.041166990995407104,0.970588207244873
l_curve_4,651,0.04074421152472496,0.970588207244873
l_curve_4,652,0.04040734842419624,0.970588207244873
l_curve_4,653,0.04012110456824303,1.0
l_curve_4,654,0.040101755410432816,1.0
l_curve_4,655,0.04005315899848938,0.970588207244873
l_curve_4,656,0.04001259058713913,0.970588207244873
l_curve_4,657,0.04047262296080589,0.970588207244873
l_curve_4,658,0.040681399405002594,0.970588207244873
l_curve_4,659,0.0406377874314785,0.970588207244873
l_curve_4,660,0.04014669731259346,0.970588207244873
l_curve_4,661,0.039556268602609634,1.0
l_curve_4,662,0.03926941752433777,1.0
l_curve_4,663,0.03907327726483345,1.0
l_curve_4,664,0.03904090076684952,1.0
l_curve_4,665,0.038439832627773285,1.0
l_curve_4,666,0.03828216344118118,1.0
l_curve_4,667,0.03806105628609657,1.0
l_curve_4,668,0.03730997070670128,1.0
l_curve_4,669,0.03697741776704788,1.0
l_curve_4,670,0.03711271286010742,1.0
l_curve_4,671,0.037142664194107056,1.0
l_curve_4,672,0.037195008248090744,1.0
l_curve_4,673,0.03674903139472008,1.0
l_curve_4,674,0.036723531782627106,1.0
l_curve_4,675,0.036811936646699905,1.0
l_curve_4,676,0.0366198755800724,1.0
l_curve_4,677,0.036688994616270065,1.0
l_curve_4,678,0.03695850819349289,1.0
l_curve_4,679,0.036798786371946335,1.0
l_curve_4,680,0.03654767572879791,1.0
l_curve_4,681,0.03616808354854584,1.0
l_curve_4,682,0.03604134917259216,1.0
l_curve_4,683,0.035801589488983154,1.0
l_curve_4,684,0.03569883853197098,1.0
l_curve_4,685,0.035591937601566315,1.0
l_curve_4,686,0.03551851585507393,1.0
l_curve_4,687,0.035732440650463104,1.0
l_curve_4,688,0.03600980341434479,1.0
l_curve_4,689,0.03576385974884033,1.0
l_curve_4,690,0.03549963980913162,1.0
l_curve_4,691,0.03549962118268013,1.0
l_curve_4,692,0.035213444381952286,1.0
l_curve_4,693,0.03497007489204407,1.0
l_curve_4,694,0.03469700738787651,1.0
l_curve_4,695,0.03432192653417587,1.0
l_curve_4,696,0.03425437584519386,1.0
l_curve_4,697,0.034054212272167206,1.0
l_curve_4,698,0.033939044922590256,1.0
l_curve_4,699,0.03367987275123596,1.0
l_curve_4,700,0.03350505232810974,1.0
l_curve_4,701,0.03391871228814125,1.0
l_curve_4,702,0.03412631154060364,1.0
l_curve_4,703,0.034212153404951096,1.0
l_curve_4,704,0.03407694399356842,1.0
l_curve_4,705,0.033689480274915695,1.0
l_curve_4,706,0.033552780747413635,1.0
l_curve_4,707,0.03367218002676964,1.0
l_curve_4,708,0.03329598531126976,1.0
l_curve_4,709,0.032895371317863464,1.0
l_curve_4,710,0.03276124596595764,1.0
l_curve_4,711,0.03283735737204552,1.0
l_curve_4,712,0.032754961401224136,1.0
l_curve_4,713,0.03281550109386444,1.0
l_curve_4,714,0.03253559395670891,1.0
l_curve_4,715,0.03244474530220032,1.0
l_curve_4,716,0.0321539007127285,1.0
l_curve_4,717,0.031710777431726456,1.0
l_curve_4,718,0.031569190323352814,1.0
l_curve_4,719,0.0315636470913887,1.0
l_curve_4,720,0.03132638335227966,1.0
l_curve_4,721,0.031164808198809624,1.0
l_curve_4,722,0.030801422894001007,1.0
l_curve_4,723,0.03061719425022602,1.0
l_curve_4,724,0.030575959011912346,1.0
l_curve_4,725,0.030378734692931175,1.0
l_curve_4,726,0.030318662524223328,1.0
l_curve_4,727,0.02981843240559101,1.0
l_curve_4,728,0.029681570827960968,1.0
l_curve_4,729,0.02950272150337696,1.0
l_curve_4,730,0.029398273676633835,1.0
l_curve_4,731,0.02945367433130741,1.0
l_curve_4,732,0.029342982918024063,1.0
l_curve_4,733,0.02929074689745903,1.0
l_curve_4,734,0.029744192957878113,1.0
l_curve_4,735,0.02977161854505539,1.0
l_curve_4,736,0.029840076342225075,1.0
l_curve_4,737,0.02957620657980442,1.0
l_curve_4,738,0.029493054375052452,1.0
l_curve_4,739,0.029565012082457542,1.0
l_curve_4,740,0.029617734253406525,1.0
l_curve_4,741,0.029625486582517624,1.0
l_curve_4,742,0.029112912714481354,1.0
l_curve_4,743,0.02878662198781967,1.0
l_curve_4,744,0.02877228520810604,1.0
l_curve_4,745,0.028709739446640015,1.0
l_curve_4,746,0.028937693685293198,1.0
l_curve_4,747,0.02894594706594944,1.0
l_curve_4,748,0.02898016944527626,1.0
l_curve_4,749,0.028599916025996208,1.0
l_curve_4,750,0.028290724381804466,1.0
l_curve_4,751,0.028022322803735733,1.0
l_curve_4,752,0.02795565500855446,1.0
l_curve_4,753,0.02818003110587597,1.0
l_curve_4,754,0.02818424254655838,1.0
l_curve_4,755,0.027974780648946762,1.0
l_curve_4,756,0.027697134763002396,1.0
l_curve_4,757,0.027588138356804848,1.0
l_curve_4,758,0.027176231145858765,1.0
l_curve_4,759,0.027195515111088753,1.0
l_curve_4,760,0.02685154415667057,1.0
l_curve_4,761,0.02691226452589035,1.0
l_curve_4,762,0.026942189782857895,1.0
l_curve_4,763,0.026874354109168053,1.0
l_curve_4,764,0.027275577187538147,1.0
l_curve_4,765,0.027358684688806534,1.0
l_curve_4,766,0.027131658047437668,1.0
l_curve_4,767,0.026785554364323616,1.0
l_curve_4,768,0.026801154017448425,1.0
l_curve_4,769,0.026820287108421326,1.0
l_curve_4,770,0.026710888370871544,1.0
l_curve_4,771,0.026874031871557236,1.0
l_curve_4,772,0.026936419308185577,1.0
l_curve_4,773,0.02668464370071888,1.0
l_curve_4,774,0.026628920808434486,1.0
l_curve_4,775,0.02639634907245636,1.0
l_curve_4,776,0.026397787034511566,1.0
l_curve_4,777,0.026297956705093384,1.0
l_curve_4,778,0.025783443823456764,1.0
l_curve_4,779,0.025614416226744652,1.0
l_curve_4,780,0.025212738662958145,1.0
l_curve_4,781,0.025341695174574852,1.0
l_curve_4,782,0.025201695039868355,1.0
l_curve_4,783,0.02507190965116024,1.0
l_curve_4,784,0.02501450851559639,1.0
l_curve_4,785,0.024935465306043625,1.0
l_curve_4,786,0.024907762184739113,1.0
l_curve_4,787,0.024950141087174416,1.0
l_curve_4,788,0.024886159226298332,1.0
l_curve_4,789,0.02494874969124794,1.0
l_curve_4,790,0.024825794622302055,1.0
l_curve_4,791,0.024945233017206192,1.0
l_curve_4,792,0.02499520033597946,1.0
l_curve_4,793,0.025088364258408546,1.0
l_curve_4,794,0.024901604279875755,1.0
l_curve_4,795,0.02466152235865593,1.0
l_curve_4,796,0.024174779653549194,1.0
l_curve_4,797,0.023862536996603012,1.0
l_curve_4,798,0.023860126733779907,1.0
l_curve_4,799,0.02380511350929737,1.0
l_curve_4,800,0.02393355779349804,1.0
l_curve_4,801,0.024095186963677406,1.0
l_curve_4,802,0.024085253477096558,1.0
l_curve_4,803,0.02410826086997986,1.0
l_curve_4,804,0.023975389078259468,1.0
l_curve_4,805,0.024023940786719322,1.0
l_curve_4,806,0.024244120344519615,1.0
l_curve_4,807,0.024330120533704758,1.0
l_curve_4,808,0.024393389001488686,1.0
l_curve_4,809,0.024039339274168015,1.0
l_curve_4,810,0.023813189938664436,1.0
l_curve_4,811,0.023675857111811638,1.0
l_curve_4,812,0.02379874885082245,1.0
l_curve_4,813,0.0235719233751297,1.0
l_curve_4,814,0.023390285670757294,1.0
l_curve_4,815,0.02329840324819088,1.0
l_curve_4,816,0.022961409762501717,1.0
l_curve_4,817,0.02273654378950596,1.0
l_curve_4,818,0.022746499627828598,1.0
l_curve_4,819,0.022671395912766457,1.0
l_curve_4,820,0.022951724007725716,1.0
l_curve_4,821,0.023119159042835236,1.0
l_curve_4,822,0.023237653076648712,1.0
l_curve_4,823,0.022795915603637695,1.0
l_curve_4,824,0.02245120331645012,1.0
l_curve_4,825,0.022270582616329193,1.0
l_curve_4,826,0.022110894322395325,1.0
l_curve_4,827,0.022111214697360992,1.0
l_curve_4,828,0.022162431851029396,1.0
l_curve_4,829,0.022149821743369102,1.0
l_curve_4,830,0.021982211619615555,1.0
l_curve_4,831,0.021703800186514854,1.0
l_curve_4,832,0.021478628739714622,1.0
l_curve_4,833,0.021295642480254173,1.0
l_curve_4,834,0.02128416858613491,1.0
l_curve_4,835,0.02158352918922901,1.0
l_curve_4,836,0.02172885835170746,1.0
l_curve_4,837,0.02139330469071865,1.0
l_curve_4,838,0.021375009790062904,1.0
l_curve_4,839,0.021484067663550377,1.0
l_curve_4,840,0.021521052345633507,1.0
l_curve_4,841,0.021215956658124924,1.0
l_curve_4,842,0.02136800065636635,1.0
l_curve_4,843,0.0213681198656559,1.0
l_curve_4,844,0.02121574990451336,1.0
l_curve_4,845,0.021009910851716995,1.0
l_curve_4,846,0.021238530054688454,1.0
l_curve_4,847,0.02136198990046978,1.0
l_curve_4,848,0.021311655640602112,1.0
l_curve_4,849,0.021360738202929497,1.0
l_curve_4,850,0.02127470262348652,1.0
l_curve_4,851,0.020953405648469925,1.0
l_curve_4,852,0.021046897396445274,1.0
l_curve_4,853,0.021087663248181343,1.0
l_curve_4,854,0.021116280928254128,1.0
l_curve_4,855,0.02109467424452305,1.0
l_curve_4,856,0.02105037122964859,1.0
l_curve_4,857,0.021176012232899666,1.0
l_curve_4,858,0.021155374124646187,1.0
l_curve_4,859,0.02129349298775196,1.0
l_curve_4,860,0.021146785467863083,1.0
l_curve_4,861,0.02116154320538044,1.0
l_curve_4,862,0.02100706286728382,1.0
l_curve_4,863,0.020509198307991028,1.0
l_curve_4,864,0.02052021399140358,1.0
l_curve_4,865,0.02056414820253849,1.0
l_curve_4,866,0.020512757822871208,1.0
l_curve_4,867,0.020486947149038315,1.0
l_curve_4,868,0.02043214440345764,1.0
l_curve_4,869,0.02013082429766655,1.0
l_curve_4,870,0.01998777501285076,1.0
l_curve_4,871,0.01970677636563778,1.0
l_curve_4,872,0.019466299563646317,1.0
l_curve_4,873,0.01951451599597931,1.0
l_curve_4,874,0.019491609185934067,1.0
l_curve_4,875,0.019568808376789093,1.0
l_curve_4,876,0.019517086446285248,1.0
l_curve_4,877,0.019297238439321518,1.0
l_curve_4,878,0.019205410033464432,1.0
l_curve_4,879,0.018997149541974068,1.0
l_curve_4,880,0.018971385434269905,1.0
l_curve_4,881,0.01905292086303234,1.0
l_curve_4,882,0.01901671290397644,1.0
l_curve_4,883,0.019345680251717567,1.0
l_curve_4,884,0.01938989944756031,1.0
l_curve_4,885,0.019144320860505104,1.0
l_curve_4,886,0.01906055584549904,1.0
l_curve_4,887,0.019096992909908295,1.0
l_curve_4,888,0.019211169332265854,1.0
l_curve_4,889,0.018939539790153503,1.0
l_curve_4,890,0.018886106088757515,1.0
l_curve_4,891,0.018856128677725792,1.0
l_curve_4,892,0.019056078046560287,1.0
l_curve_4,893,0.01906532235443592,1.0
l_curve_4,894,0.019034428521990776,1.0
l_curve_4,895,0.018780924379825592,1.0
l_curve_4,896,0.018900783732533455,1.0
l_curve_4,897,0.018916698172688484,1.0
l_curve_4,898,0.018830951303243637,1.0
l_curve_4,899,0.019016847014427185,1.0
l_curve_4,900,0.019191540777683258,1.0
l_curve_4,901,0.019044097512960434,1.0
l_curve_4,902,0.018732227385044098,1.0
l_curve_4,903,0.018503116443753242,1.0
l_curve_4,904,0.018480917438864708,1.0
l_curve_4,905,0.018457962200045586,1.0
l_curve_4,906,0.018905121833086014,1.0
l_curve_4,907,0.01916530542075634,1.0
l_curve_4,908,0.019330307841300964,1.0
l_curve_4,909,0.0190602894872427,1.0
l_curve_4,910,0.018849579617381096,1.0
l_curve_4,911,0.018965454772114754,1.0
l_curve_4,912,0.01891118474304676,1.0
l_curve_4,913,0.018806464970111847,1.0
l_curve_4,914,0.01864185556769371,1.0
l_curve_4,915,0.018358124420046806,1.0
l_curve_4,916,0.018111340701580048,1.0
l_curve_4,917,0.0179078858345747,1.0
l_curve_4,918,0.017839206382632256,1.0
l_curve_4,919,0.017761122435331345,1.0
l_curve_4,920,0.017597101628780365,1.0
l_curve_4,921,0.017539948225021362,1.0
l_curve_4,922,0.017710700631141663,1.0
l_curve_4,923,0.01767304167151451,1.0
l_curve_4,924,0.017974095419049263,1.0
l_curve_4,925,0.018083201721310616,1.0
l_curve_4,926,0.017815278843045235,1.0
l_curve_4,927,0.017812753096222878,1.0
l_curve_4,928,0.017712844535708427,1.0
l_curve_4,929,0.017694199457764626,1.0
l_curve_4,930,0.017592187970876694,1.0
l_curve_4,931,0.017574559897184372,1.0
l_curve_4,932,0.01744816266000271,1.0
l_curve_4,933,0.01724628545343876,1.0
l_curve_4,934,0.01725868694484234,1.0
l_curve_4,935,0.017302431166172028,1.0
l_curve_4,936,0.0174554493278265,1.0
l_curve_4,937,0.01739618182182312,1.0
l_curve_4,938,0.017177710309624672,1.0
l_curve_4,939,0.01706654578447342,1.0
l_curve_4,940,0.017151150852441788,1.0
l_curve_4,941,0.017142977565526962,1.0
l_curve_4,942,0.017053168267011642,1.0
l_curve_4,943,0.017008915543556213,1.0
l_curve_4,944,0.0170475784689188,1.0
l_curve_4,945,0.016948102042078972,1.0
l_curve_4,946,0.016990261152386665,1.0
l_curve_4,947,0.016645818948745728,1.0
l_curve_4,948,0.016713373363018036,1.0
l_curve_4,949,0.016848165541887283,1.0
l_curve_4,950,0.016551312059164047,1.0
l_curve_4,951,0.016412731260061264,1.0
l_curve_4,952,0.016433224081993103,1.0
l_curve_4,953,0.01647949405014515,1.0
l_curve_4,954,0.016309261322021484,1.0
l_curve_4,955,0.0163787379860878,1.0
l_curve_4,956,0.016184518113732338,1.0
l_curve_4,957,0.01603289134800434,1.0
l_curve_4,958,0.01593869738280773,1.0
l_curve_4,959,0.01591610535979271,1.0
l_curve_4,960,0.01592154987156391,1.0
l_curve_4,961,0.016082828864455223,1.0
l_curve_4,962,0.0162825845181942,1.0
l_curve_4,963,0.016193153336644173,1.0
l_curve_4,964,0.01612740196287632,1.0
l_curve_4,965,0.01564556173980236,1.0
l_curve_4,966,0.015403524972498417,1.0
l_curve_4,967,0.015486711636185646,1.0
l_curve_4,968,0.015507890842854977,1.0
l_curve_4,969,0.015536206774413586,1.0
l_curve_4,970,0.015464349649846554,1.0
l_curve_4,971,0.015631502494215965,1.0
l_curve_4,972,0.015654459595680237,1.0
l_curve_4,973,0.01573578454554081,1.0
l_curve_4,974,0.015759902074933052,1.0
l_curve_4,975,0.015525328926742077,1.0
l_curve_4,976,0.015570398420095444,1.0
l_curve_4,977,0.01594270020723343,1.0
l_curve_4,978,0.01593998447060585,1.0
l_curve_4,979,0.015879906713962555,1.0
l_curve_4,980,0.015711907297372818,1.0
l_curve_4,981,0.015464162454009056,1.0
l_curve_4,982,0.015411864034831524,1.0
l_curve_4,983,0.01543631125241518,1.0
l_curve_4,984,0.015573559328913689,1.0
l_curve_4,985,0.015775395557284355,1.0
l_curve_4,986,0.015725120902061462,1.0
l_curve_4,987,0.015728460624814034,1.0
l_curve_4,988,0.015728512778878212,1.0
l_curve_4,989,0.01571711152791977,1.0
l_curve_4,990,0.01580466702580452,1.0
l_curve_4,991,0.015643730759620667,1.0
l_curve_4,992,0.015481946989893913,1.0
l_curve_4,993,0.015456074848771095,1.0
l_curve_4,994,0.015638556331396103,1.0
l_curve_4,995,0.01566234789788723,1.0
l_curve_4,996,0.015408891253173351,1.0
l_curve_4,997,0.015124047175049782,1.0
l_curve_4,998,0.014849799685180187,1.0
l_curve_4,999,0.014898153021931648,1.0
l_curve_4,1000,0.015111825428903103,1.0
l_curve_4,1000,0.015111825428903103,1.0
