client,round,loss,accuracy
l_curve_5,1,0.8476179838180542,0.5714285969734192
l_curve_5,2,0.8133416175842285,0.5714285969734192
l_curve_5,3,0.7809881567955017,0.5714285969734192
l_curve_5,4,0.7502994537353516,0.5714285969734192
l_curve_5,5,0.7216814756393433,0.5714285969734192
l_curve_5,6,0.695374071598053,0.5714285969734192
l_curve_5,7,0.6708858609199524,0.5714285969734192
l_curve_5,8,0.6483206748962402,0.5714285969734192
l_curve_5,9,0.6277180910110474,0.5714285969734192
l_curve_5,10,0.609052836894989,0.5714285969734192
l_curve_5,11,0.5921337604522705,0.6190476417541504
l_curve_5,12,0.5770501494407654,0.6190476417541504
l_curve_5,13,0.5636358857154846,0.6666666865348816
l_curve_5,14,0.5516018867492676,0.6666666865348816
l_curve_5,15,0.5409029722213745,0.761904776096344
l_curve_5,16,0.531438946723938,0.8095238208770752
l_curve_5,17,0.5229717493057251,0.8095238208770752
l_curve_5,18,0.5154576897621155,0.8095238208770752
l_curve_5,19,0.5085934400558472,0.8571428656578064
l_curve_5,20,0.5022842884063721,0.8571428656578064
l_curve_5,21,0.49647611379623413,0.8571428656578064
l_curve_5,22,0.49108242988586426,0.8571428656578064
l_curve_5,23,0.4859461188316345,0.8571428656578064
l_curve_5,24,0.4809444844722748,0.8095238208770752
l_curve_5,25,0.4759635031223297,0.8095238208770752
l_curve_5,26,0.4710346758365631,0.8571428656578064
l_curve_5,27,0.46619993448257446,0.8571428656578064
l_curve_5,28,0.46145543456077576,0.8571428656578064
l_curve_5,29,0.4565471112728119,0.8571428656578064
l_curve_5,30,0.45173099637031555,0.9047619104385376
l_curve_5,31,0.4470036029815674,0.9047619104385376
l_curve_5,32,0.44214048981666565,0.9047619104385376
l_curve_5,33,0.4371791183948517,0.9523809552192688
l_curve_5,34,0.43202486634254456,0.9523809552192688
l_curve_5,35,0.4269183874130249,0.9047619104385376
l_curve_5,36,0.42192739248275757,0.9047619104385376
l_curve_5,37,0.41700881719589233,0.9047619104385376
l_curve_5,38,0.4120337665081024,0.9047619104385376
l_curve_5,39,0.40711045265197754,0.9047619104385376
l_curve_5,40,0.40208539366722107,0.9047619104385376
l_curve_5,41,0.39722296595573425,0.9047619104385376
l_curve_5,42,0.39237168431282043,0.9047619104385376
l_curve_5,43,0.3874571621417999,0.9047619104385376
l_curve_5,44,0.38242098689079285,0.9047619104385376
l_curve_5,45,0.3775997757911682,0.9047619104385376
l_curve_5,46,0.3728831112384796,0.9047619104385376
l_curve_5,47,0.3679850399494171,0.9047619104385376
l_curve_5,48,0.3632206320762634,0.9047619104385376
l_curve_5,49,0.3584004044532776,0.9047619104385376
l_curve_5,50,0.3538261950016022,0.9047619104385376
l_curve_5,51,0.34934163093566895,0.9047619104385376
l_curve_5,52,0.3448207378387451,0.9047619104385376
l_curve_5,53,0.34014764428138733,0.9047619104385376
l_curve_5,54,0.3356977105140686,0.9047619104385376
l_curve_5,55,0.33136290311813354,0.9047619104385376
l_curve_5,56,0.3270057141780853,0.9047619104385376
l_curve_5,57,0.32284465432167053,0.9047619104385376
l_curve_5,58,0.31880852580070496,0.9523809552192688
l_curve_5,59,0.3147912323474884,0.9523809552192688
l_curve_5,60,0.3109375834465027,0.9523809552192688
l_curve_5,61,0.30706775188446045,0.9523809552192688
l_curve_5,62,0.3033257722854614,0.9523809552192688
l_curve_5,63,0.2996177077293396,0.9523809552192688
l_curve_5,64,0.2960090935230255,0.9523809552192688
l_curve_5,65,0.2925301790237427,0.9523809552192688
l_curve_5,66,0.2889889180660248,0.9523809552192688
l_curve_5,67,0.2855404317378998,0.9523809552192688
l_curve_5,68,0.28204822540283203,0.9523809552192688
l_curve_5,69,0.2785598039627075,0.9523809552192688
l_curve_5,70,0.27535319328308105,0.9523809552192688
l_curve_5,71,0.27209705114364624,0.9523809552192688
l_curve_5,72,0.2688698172569275,0.9523809552192688
l_curve_5,73,0.2657965123653412,0.9523809552192688
l_curve_5,74,0.2626535892486572,0.9523809552192688
l_curve_5,75,0.2595970630645752,0.9523809552192688
l_curve_5,76,0.2566942572593689,0.9523809552192688
l_curve_5,77,0.2539742588996887,0.9523809552192688
l_curve_5,78,0.25104308128356934,0.9523809552192688
l_curve_5,79,0.24819152057170868,0.9523809552192688
l_curve_5,80,0.2454129010438919,0.9523809552192688
l_curve_5,81,0.2426510751247406,0.9523809552192688
l_curve_5,82,0.2399381399154663,0.9523809552192688
l_curve_5,83,0.23746317625045776,0.9523809552192688
l_curve_5,84,0.2347775250673294,0.9523809552192688
l_curve_5,85,0.23221823573112488,0.9523809552192688
l_curve_5,86,0.22953081130981445,0.9523809552192688
l_curve_5,87,0.2272215187549591,0.9523809552192688
l_curve_5,88,0.22489097714424133,0.9523809552192688
l_curve_5,89,0.22267089784145355,0.9523809552192688
l_curve_5,90,0.22055067121982574,0.9523809552192688
l_curve_5,91,0.21829120814800262,0.9523809552192688
l_curve_5,92,0.2159285843372345,0.9523809552192688
l_curve_5,93,0.21362808346748352,0.9523809552192688
l_curve_5,94,0.21139326691627502,0.9523809552192688
l_curve_5,95,0.20898571610450745,0.9523809552192688
l_curve_5,96,0.20671194791793823,0.9523809552192688
l_curve_5,97,0.20452821254730225,0.9523809552192688
l_curve_5,98,0.202229842543602,0.9523809552192688
l_curve_5,99,0.19988757371902466,0.9523809552192688
l_curve_5,100,0.19775858521461487,0.9523809552192688
l_curve_5,101,0.19593341648578644,0.9523809552192688
l_curve_5,102,0.19394263625144958,0.9523809552192688
l_curve_5,103,0.19214674830436707,0.9523809552192688
l_curve_5,104,0.1902601718902588,0.9523809552192688
l_curve_5,105,0.18839195370674133,0.9523809552192688
l_curve_5,106,0.18643136322498322,0.9523809552192688
l_curve_5,107,0.18444707989692688,0.9523809552192688
l_curve_5,108,0.1827160269021988,0.9523809552192688
l_curve_5,109,0.18077990412712097,0.9523809552192688
l_curve_5,110,0.17899687588214874,0.9523809552192688
l_curve_5,111,0.17720046639442444,0.9523809552192688
l_curve_5,112,0.17539319396018982,0.9523809552192688
l_curve_5,113,0.17379926145076752,0.9523809552192688
l_curve_5,114,0.1720953732728958,0.9523809552192688
l_curve_5,115,0.1702267974615097,0.9523809552192688
l_curve_5,116,0.16850297152996063,0.9523809552192688
l_curve_5,117,0.16688096523284912,0.9523809552192688
l_curve_5,118,0.16532893478870392,0.9523809552192688
l_curve_5,119,0.16368596255779266,0.9523809552192688
l_curve_5,120,0.16198019683361053,0.9523809552192688
l_curve_5,121,0.16005539894104004,0.9523809552192688
l_curve_5,122,0.15843559801578522,0.9523809552192688
l_curve_5,123,0.1568387746810913,0.9523809552192688
l_curve_5,124,0.15532128512859344,0.9523809552192688
l_curve_5,125,0.15363828837871552,0.9523809552192688
l_curve_5,126,0.1519637256860733,0.9523809552192688
l_curve_5,127,0.15059340000152588,0.9523809552192688
l_curve_5,128,0.14924633502960205,0.9523809552192688
l_curve_5,129,0.14796927571296692,0.9523809552192688
l_curve_5,130,0.14657315611839294,0.9523809552192688
l_curve_5,131,0.1451893299818039,0.9523809552192688
l_curve_5,132,0.14380449056625366,0.9523809552192688
l_curve_5,133,0.1425108164548874,0.9523809552192688
l_curve_5,134,0.14127877354621887,0.9523809552192688
l_curve_5,135,0.14001500606536865,0.9523809552192688
l_curve_5,136,0.138784721493721,0.9523809552192688
l_curve_5,137,0.13753193616867065,0.9523809552192688
l_curve_5,138,0.136237233877182,0.9523809552192688
l_curve_5,139,0.1349537968635559,0.9523809552192688
l_curve_5,140,0.13368579745292664,0.9523809552192688
l_curve_5,141,0.1324864625930786,0.9523809552192688
l_curve_5,142,0.13131892681121826,0.9523809552192688
l_curve_5,143,0.13007722795009613,0.9523809552192688
l_curve_5,144,0.12881943583488464,0.9523809552192688
l_curve_5,145,0.12774480879306793,0.9523809552192688
l_curve_5,146,0.12672723829746246,0.9523809552192688
l_curve_5,147,0.12552349269390106,0.9523809552192688
l_curve_5,148,0.124473437666893,0.9523809552192688
l_curve_5,149,0.12365669012069702,0.9523809552192688
l_curve_5,150,0.12277284264564514,0.9523809552192688
l_curve_5,151,0.12178988754749298,0.9523809552192688
l_curve_5,152,0.12069553136825562,0.9523809552192688
l_curve_5,153,0.11972884088754654,0.9523809552192688
l_curve_5,154,0.1188325434923172,0.9523809552192688
l_curve_5,155,0.11808235198259354,0.9523809552192688
l_curve_5,156,0.11722768843173981,0.9523809552192688
l_curve_5,157,0.11630185693502426,1.0
l_curve_5,158,0.1155327707529068,1.0
l_curve_5,159,0.11473378539085388,1.0
l_curve_5,160,0.1140470951795578,1.0
l_curve_5,161,0.1133788526058197,1.0
l_curve_5,162,0.1128387600183487,1.0
l_curve_5,163,0.11218679696321487,1.0
l_curve_5,164,0.11128399521112442,1.0
l_curve_5,165,0.11042837053537369,1.0
l_curve_5,166,0.10972388833761215,1.0
l_curve_5,167,0.1090773269534111,1.0
l_curve_5,168,0.10839644819498062,1.0
l_curve_5,169,0.10774192214012146,1.0
l_curve_5,170,0.10720200836658478,1.0
l_curve_5,171,0.10653610527515411,1.0
l_curve_5,172,0.10579924285411835,1.0
l_curve_5,173,0.10530626028776169,1.0
l_curve_5,174,0.10485483705997467,1.0
l_curve_5,175,0.10439501702785492,1.0
l_curve_5,176,0.10380943864583969,1.0
l_curve_5,177,0.10326512902975082,1.0
l_curve_5,178,0.10273615270853043,1.0
l_curve_5,179,0.10210885107517242,1.0
l_curve_5,180,0.10170808434486389,1.0
l_curve_5,181,0.10124009847640991,1.0
l_curve_5,182,0.10084566473960876,1.0
l_curve_5,183,0.10039477050304413,1.0
l_curve_5,184,0.10007155686616898,1.0
l_curve_5,185,0.0997370183467865,1.0
l_curve_5,186,0.09930898994207382,1.0
l_curve_5,187,0.0987296998500824,1.0
l_curve_5,188,0.09835334867238998,1.0
l_curve_5,189,0.09779208153486252,1.0
l_curve_5,190,0.09739713370800018,1.0
l_curve_5,191,0.0970509871840477,1.0
l_curve_5,192,0.09677091985940933,1.0
l_curve_5,193,0.09634784609079361,1.0
l_curve_5,194,0.09596356749534607,1.0
l_curve_5,195,0.09541190415620804,1.0
l_curve_5,196,0.0949963927268982,1.0
l_curve_5,197,0.09446192532777786,1.0
l_curve_5,198,0.09426017850637436,1.0
l_curve_5,199,0.09382600337266922,1.0
l_curve_5,200,0.09339066594839096,1.0
l_curve_5,201,0.09314469993114471,1.0
l_curve_5,202,0.0929938405752182,1.0
l_curve_5,203,0.09265808016061783,1.0
l_curve_5,204,0.09221361577510834,1.0
l_curve_5,205,0.09183324873447418,1.0
l_curve_5,206,0.09145744889974594,1.0
l_curve_5,207,0.09112296998500824,1.0
l_curve_5,208,0.09089726209640503,1.0
l_curve_5,209,0.09071631729602814,1.0
l_curve_5,210,0.09060977399349213,1.0
l_curve_5,211,0.09032417833805084,1.0
l_curve_5,212,0.09016121178865433,1.0
l_curve_5,213,0.08996559679508209,1.0
l_curve_5,214,0.08954471349716187,1.0
l_curve_5,215,0.089183010160923,1.0
l_curve_5,216,0.0888139083981514,1.0
l_curve_5,217,0.08855962008237839,1.0
l_curve_5,218,0.08828560262918472,1.0
l_curve_5,219,0.08798079937696457,1.0
l_curve_5,220,0.08774560689926147,1.0
l_curve_5,221,0.08742187917232513,1.0
l_curve_5,222,0.08725082129240036,1.0
l_curve_5,223,0.08711353689432144,1.0
l_curve_5,224,0.08692767471075058,1.0
l_curve_5,225,0.08680164813995361,1.0
l_curve_5,226,0.08668074011802673,1.0
l_curve_5,227,0.08654166013002396,1.0
l_curve_5,228,0.08639572560787201,1.0
l_curve_5,229,0.0861658975481987,1.0
l_curve_5,230,0.08603376895189285,1.0
l_curve_5,231,0.08581022173166275,1.0
l_curve_5,232,0.08553005009889603,1.0
l_curve_5,233,0.08522656559944153,1.0
l_curve_5,234,0.08508811891078949,1.0
l_curve_5,235,0.08482057601213455,1.0
l_curve_5,236,0.08456383645534515,1.0
l_curve_5,237,0.08439670503139496,1.0
l_curve_5,238,0.08415278792381287,1.0
l_curve_5,239,0.08407379686832428,1.0
l_curve_5,240,0.08386653661727905,1.0
l_curve_5,241,0.08361595869064331,1.0
l_curve_5,242,0.08342947065830231,1.0
l_curve_5,243,0.08320442587137222,1.0
l_curve_5,244,0.08309705555438995,1.0
l_curve_5,245,0.08281723409891129,1.0
l_curve_5,246,0.08248838037252426,1.0
l_curve_5,247,0.08205763250589371,1.0
l_curve_5,248,0.08173657953739166,1.0
l_curve_5,249,0.08143516629934311,1.0
l_curve_5,250,0.08140705525875092,1.0
l_curve_5,251,0.08111990243196487,1.0
l_curve_5,252,0.08089611679315567,1.0
l_curve_5,253,0.08076979219913483,1.0
l_curve_5,254,0.08074095100164413,1.0
l_curve_5,255,0.0807415097951889,1.0
l_curve_5,256,0.08070677518844604,1.0
l_curve_5,257,0.08060243725776672,1.0
l_curve_5,258,0.08038162440061569,1.0
l_curve_5,259,0.08010903745889664,1.0
l_curve_5,260,0.07987860590219498,1.0
l_curve_5,261,0.07957113534212112,1.0
l_curve_5,262,0.07950898259878159,1.0
l_curve_5,263,0.079457126557827,1.0
l_curve_5,264,0.0793660581111908,1.0
l_curve_5,265,0.079148069024086,1.0
l_curve_5,266,0.07902948558330536,1.0
l_curve_5,267,0.07876306027173996,1.0
l_curve_5,268,0.07852040976285934,1.0
l_curve_5,269,0.07853861898183823,1.0
l_curve_5,270,0.07857847958803177,1.0
l_curve_5,271,0.07839681953191757,1.0
l_curve_5,272,0.07827389985322952,1.0
l_curve_5,273,0.07814563810825348,1.0
l_curve_5,274,0.07798147946596146,1.0
l_curve_5,275,0.07781575620174408,1.0
l_curve_5,276,0.07751379162073135,1.0
l_curve_5,277,0.07723959535360336,1.0
l_curve_5,278,0.0769762322306633,1.0
l_curve_5,279,0.07694800943136215,1.0
l_curve_5,280,0.07687930762767792,1.0
l_curve_5,281,0.07678907364606857,1.0
l_curve_5,282,0.07687787711620331,1.0
l_curve_5,283,0.07682230323553085,1.0
l_curve_5,284,0.07674893736839294,1.0
l_curve_5,285,0.07643651962280273,1.0
l_curve_5,286,0.07617521286010742,1.0
l_curve_5,287,0.0760766863822937,1.0
l_curve_5,288,0.07592307031154633,1.0
l_curve_5,289,0.07585243135690689,1.0
l_curve_5,290,0.0758652538061142,1.0
l_curve_5,291,0.07583620399236679,1.0
l_curve_5,292,0.07585220783948898,1.0
l_curve_5,293,0.07580150663852692,1.0
l_curve_5,294,0.07571059465408325,1.0
l_curve_5,295,0.07565145194530487,1.0
l_curve_5,296,0.07551954686641693,1.0
l_curve_5,297,0.07552245259284973,1.0
l_curve_5,298,0.07551227509975433,1.0
l_curve_5,299,0.07548878341913223,1.0
l_curve_5,300,0.0753173753619194,1.0
l_curve_5,301,0.07518819719552994,1.0
l_curve_5,302,0.07514845579862595,1.0
l_curve_5,303,0.07504433393478394,1.0
l_curve_5,304,0.07501457631587982,1.0
l_curve_5,305,0.07476452738046646,1.0
l_curve_5,306,0.07459380477666855,1.0
l_curve_5,307,0.07444365322589874,1.0
l_curve_5,308,0.07437435537576675,1.0
l_curve_5,309,0.07437046617269516,1.0
l_curve_5,310,0.07443349808454514,1.0
l_curve_5,311,0.07444828748703003,1.0
l_curve_5,312,0.07449055463075638,1.0
l_curve_5,313,0.07438556104898453,1.0
l_curve_5,314,0.0742998793721199,1.0
l_curve_5,315,0.07422422617673874,1.0
l_curve_5,316,0.07400308549404144,1.0
l_curve_5,317,0.0738709568977356,1.0
l_curve_5,318,0.07395076751708984,1.0
l_curve_5,319,0.07396980375051498,1.0
l_curve_5,320,0.07382094860076904,1.0
l_curve_5,321,0.07360750436782837,1.0
l_curve_5,322,0.07353973388671875,1.0
l_curve_5,323,0.07336224615573883,1.0
l_curve_5,324,0.07314661890268326,1.0
l_curve_5,325,0.07302732020616531,1.0
l_curve_5,326,0.0730561688542366,1.0
l_curve_5,327,0.0730535015463829,1.0
l_curve_5,328,0.07316645979881287,1.0
l_curve_5,329,0.07326022535562515,1.0
l_curve_5,330,0.07337108999490738,1.0
l_curve_5,331,0.07314001768827438,1.0
l_curve_5,332,0.07295725494623184,1.0
l_curve_5,333,0.07292117923498154,1.0
l_curve_5,334,0.07276889681816101,1.0
l_curve_5,335,0.0725908875465393,1.0
l_curve_5,336,0.0725821852684021,1.0
l_curve_5,337,0.07254225015640259,1.0
l_curve_5,338,0.07251407951116562,1.0
l_curve_5,339,0.07263922691345215,1.0
l_curve_5,340,0.07257949560880661,1.0
l_curve_5,341,0.07235175371170044,1.0
l_curve_5,342,0.07225114107131958,1.0
l_curve_5,343,0.07216335088014603,1.0
l_curve_5,344,0.07234068959951401,1.0
l_curve_5,345,0.07228592038154602,1.0
l_curve_5,346,0.07232807576656342,1.0
l_curve_5,347,0.0721844807267189,1.0
l_curve_5,348,0.07220438867807388,1.0
l_curve_5,349,0.07195940613746643,1.0
l_curve_5,350,0.0717969536781311,1.0
l_curve_5,351,0.07200422883033752,1.0
l_curve_5,352,0.07203130424022675,1.0
l_curve_5,353,0.07181686162948608,1.0
l_curve_5,354,0.07177383452653885,1.0
l_curve_5,355,0.07179044187068939,1.0
l_curve_5,356,0.07175259292125702,1.0
l_curve_5,357,0.07174275070428848,1.0
l_curve_5,358,0.07151661813259125,1.0
l_curve_5,359,0.07133468240499496,1.0
l_curve_5,360,0.07128686457872391,1.0
l_curve_5,361,0.07139237225055695,1.0
l_curve_5,362,0.07129859924316406,1.0
l_curve_5,363,0.0711158961057663,1.0
l_curve_5,364,0.07102867215871811,1.0
l_curve_5,365,0.07097278535366058,1.0
l_curve_5,366,0.07097195833921432,1.0
l_curve_5,367,0.0708635225892067,1.0
l_curve_5,368,0.07078009843826294,1.0
l_curve_5,369,0.07079394906759262,1.0
l_curve_5,370,0.07058501988649368,1.0
l_curve_5,371,0.07047729939222336,1.0
l_curve_5,372,0.07044113427400589,1.0
l_curve_5,373,0.07051845639944077,1.0
l_curve_5,374,0.07053862512111664,1.0
l_curve_5,375,0.07033683359622955,1.0
l_curve_5,376,0.0701574981212616,1.0
l_curve_5,377,0.07007810473442078,1.0
l_curve_5,378,0.07008568197488785,1.0
l_curve_5,379,0.07002490758895874,1.0
l_curve_5,380,0.07002149522304535,1.0
l_curve_5,381,0.06995745748281479,1.0
l_curve_5,382,0.06976379454135895,1.0
l_curve_5,383,0.06970229744911194,1.0
l_curve_5,384,0.06960325688123703,1.0
l_curve_5,385,0.06952055543661118,1.0
l_curve_5,386,0.06946916878223419,1.0
l_curve_5,387,0.06944049894809723,1.0
l_curve_5,388,0.06944555044174194,1.0
l_curve_5,389,0.0694749504327774,1.0
l_curve_5,390,0.06941163539886475,1.0
l_curve_5,391,0.06927170604467392,1.0
l_curve_5,392,0.06924781948328018,1.0
l_curve_5,393,0.06918510049581528,1.0
l_curve_5,394,0.06914956122636795,1.0
l_curve_5,395,0.06902901828289032,1.0
l_curve_5,396,0.06898032873868942,1.0
l_curve_5,397,0.06891973316669464,1.0
l_curve_5,398,0.068946972489357,1.0
l_curve_5,399,0.06888152658939362,1.0
l_curve_5,400,0.06885609775781631,1.0
l_curve_5,401,0.06871562451124191,1.0
l_curve_5,402,0.06841035932302475,1.0
l_curve_5,403,0.06823154538869858,1.0
l_curve_5,404,0.06810778379440308,1.0
l_curve_5,405,0.0680747777223587,1.0
l_curve_5,406,0.06809363514184952,1.0
l_curve_5,407,0.06798943132162094,1.0
l_curve_5,408,0.06783828884363174,1.0
l_curve_5,409,0.06775125116109848,1.0
l_curve_5,410,0.06768617033958435,1.0
l_curve_5,411,0.06757427752017975,1.0
l_curve_5,412,0.06756234914064407,1.0
l_curve_5,413,0.0674462541937828,1.0
l_curve_5,414,0.06739677488803864,1.0
l_curve_5,415,0.06735897064208984,1.0
l_curve_5,416,0.06727135181427002,1.0
l_curve_5,417,0.06725801527500153,1.0
l_curve_5,418,0.06723317503929138,1.0
l_curve_5,419,0.06709698587656021,1.0
l_curve_5,420,0.06709033995866776,1.0
l_curve_5,421,0.06715290248394012,1.0
l_curve_5,422,0.0671238973736763,1.0
l_curve_5,423,0.06707117706537247,1.0
l_curve_5,424,0.06703651696443558,1.0
l_curve_5,425,0.06698601692914963,1.0
l_curve_5,426,0.06671219319105148,1.0
l_curve_5,427,0.06660269945859909,1.0
l_curve_5,428,0.06655173748731613,1.0
l_curve_5,429,0.06663670390844345,1.0
l_curve_5,430,0.066525898873806,1.0
l_curve_5,431,0.06642315536737442,1.0
l_curve_5,432,0.06647130101919174,1.0
l_curve_5,433,0.0664476752281189,1.0
l_curve_5,434,0.06649214774370193,1.0
l_curve_5,435,0.06647903472185135,1.0
l_curve_5,436,0.0663299486041069,1.0
l_curve_5,437,0.06621242314577103,1.0
l_curve_5,438,0.06604012101888657,1.0
l_curve_5,439,0.06597024202346802,1.0
l_curve_5,440,0.06597402691841125,1.0
l_curve_5,441,0.06580299884080887,1.0
l_curve_5,442,0.0656740665435791,1.0
l_curve_5,443,0.06569333374500275,1.0
l_curve_5,444,0.06557761877775192,1.0
l_curve_5,445,0.06554418802261353,1.0
l_curve_5,446,0.06542637944221497,1.0
l_curve_5,447,0.06535260379314423,1.0
l_curve_5,448,0.06539270281791687,1.0
l_curve_5,449,0.06529825925827026,1.0
l_curve_5,450,0.06535626947879791,1.0
l_curve_5,451,0.06528080254793167,1.0
l_curve_5,452,0.06515927612781525,1.0
l_curve_5,453,0.06500755250453949,1.0
l_curve_5,454,0.06490250676870346,1.0
l_curve_5,455,0.06501366943120956,1.0
l_curve_5,456,0.06497190147638321,1.0
l_curve_5,457,0.064737968146801,1.0
l_curve_5,458,0.06464110314846039,1.0
l_curve_5,459,0.06457076966762543,1.0
l_curve_5,460,0.06467729061841965,1.0
l_curve_5,461,0.06467156857252121,1.0
l_curve_5,462,0.06451749056577682,1.0
l_curve_5,463,0.06438430398702621,1.0
l_curve_5,464,0.06427647173404694,1.0
l_curve_5,465,0.06410282850265503,1.0
l_curve_5,466,0.06389907747507095,1.0
l_curve_5,467,0.0637897327542305,1.0
l_curve_5,468,0.06381882727146149,1.0
l_curve_5,469,0.06384441256523132,1.0
l_curve_5,470,0.0640229806303978,1.0
l_curve_5,471,0.0640074834227562,1.0
l_curve_5,472,0.06386473774909973,1.0
l_curve_5,473,0.06374959647655487,1.0
l_curve_5,474,0.06360996514558792,1.0
l_curve_5,475,0.06349160522222519,1.0
l_curve_5,476,0.06361164897680283,1.0
l_curve_5,477,0.06357594579458237,1.0
l_curve_5,478,0.06343117356300354,1.0
l_curve_5,479,0.06333331018686295,1.0
l_curve_5,480,0.06319178640842438,1.0
l_curve_5,481,0.06297452002763748,1.0
l_curve_5,482,0.0627204179763794,1.0
l_curve_5,483,0.06275823712348938,1.0
l_curve_5,484,0.06266999244689941,1.0
l_curve_5,485,0.06247507780790329,1.0
l_curve_5,486,0.06230532005429268,1.0
l_curve_5,487,0.06217145174741745,1.0
l_curve_5,488,0.062127795070409775,1.0
l_curve_5,489,0.062145113945007324,1.0
l_curve_5,490,0.06217522174119949,1.0
l_curve_5,491,0.06207000091671944,1.0
l_curve_5,492,0.061948537826538086,1.0
l_curve_5,493,0.06201288104057312,1.0
l_curve_5,494,0.061976175755262375,1.0
l_curve_5,495,0.06187780573964119,1.0
l_curve_5,496,0.062010735273361206,1.0
l_curve_5,497,0.06185609847307205,1.0
l_curve_5,498,0.0617905855178833,1.0
l_curve_5,499,0.06158282235264778,1.0
l_curve_5,500,0.0613936111330986,1.0
l_curve_5,501,0.06125103682279587,1.0
l_curve_5,502,0.0610392726957798,1.0
l_curve_5,503,0.06098479405045509,1.0
l_curve_5,504,0.06098137050867081,1.0
l_curve_5,505,0.06101828068494797,1.0
l_curve_5,506,0.06112219765782356,1.0
l_curve_5,507,0.06110876053571701,1.0
l_curve_5,508,0.061047833412885666,1.0
l_curve_5,509,0.06071534752845764,1.0
l_curve_5,510,0.060483045876026154,1.0
l_curve_5,511,0.0602901317179203,1.0
l_curve_5,512,0.06004315987229347,1.0
l_curve_5,513,0.05981510132551193,1.0
l_curve_5,514,0.059711702167987823,1.0
l_curve_5,515,0.05966584011912346,1.0
l_curve_5,516,0.059525370597839355,1.0
l_curve_5,517,0.059402815997600555,1.0
l_curve_5,518,0.05948501452803612,1.0
l_curve_5,519,0.05944884940981865,1.0
l_curve_5,520,0.059299491345882416,1.0
l_curve_5,521,0.0591336190700531,1.0
l_curve_5,522,0.05896696448326111,1.0
l_curve_5,523,0.05897871032357216,1.0
l_curve_5,524,0.05904034897685051,1.0
l_curve_5,525,0.05897923931479454,1.0
l_curve_5,526,0.058833882212638855,1.0
l_curve_5,527,0.058609724044799805,1.0
l_curve_5,528,0.058511883020401,1.0
l_curve_5,529,0.05852111056447029,1.0
l_curve_5,530,0.05864591896533966,1.0
l_curve_5,531,0.05862434208393097,1.0
l_curve_5,532,0.05855199322104454,1.0
l_curve_5,533,0.05849992483854294,1.0
l_curve_5,534,0.05828387290239334,1.0
l_curve_5,535,0.058149952441453934,1.0
l_curve_5,536,0.05812601372599602,1.0
l_curve_5,537,0.057972364127635956,1.0
l_curve_5,538,0.05789582058787346,1.0
l_curve_5,539,0.057753000408411026,1.0
l_curve_5,540,0.05763091892004013,1.0
l_curve_5,541,0.05775515362620354,1.0
l_curve_5,542,0.05788670852780342,1.0
l_curve_5,543,0.057913899421691895,1.0
l_curve_5,544,0.0576477125287056,1.0
l_curve_5,545,0.05751857906579971,1.0
l_curve_5,546,0.05735224857926369,1.0
l_curve_5,547,0.05724865570664406,1.0
l_curve_5,548,0.05735427886247635,1.0
l_curve_5,549,0.05731206759810448,1.0
l_curve_5,550,0.05721544101834297,1.0
l_curve_5,551,0.056959398090839386,1.0
l_curve_5,552,0.056645847856998444,1.0
l_curve_5,553,0.056581560522317886,1.0
l_curve_5,554,0.056329913437366486,1.0
l_curve_5,555,0.05624588951468468,1.0
l_curve_5,556,0.05616488307714462,1.0
l_curve_5,557,0.05608987808227539,1.0
l_curve_5,558,0.055963389575481415,1.0
l_curve_5,559,0.05583581328392029,1.0
l_curve_5,560,0.05579311400651932,1.0
l_curve_5,561,0.055681854486465454,1.0
l_curve_5,562,0.05563705787062645,1.0
l_curve_5,563,0.055723339319229126,1.0
l_curve_5,564,0.05555490031838417,1.0
l_curve_5,565,0.055465079843997955,1.0
l_curve_5,566,0.05535035952925682,1.0
l_curve_5,567,0.055276915431022644,1.0
l_curve_5,568,0.05512399971485138,1.0
l_curve_5,569,0.05488140136003494,1.0
l_curve_5,570,0.05494632199406624,1.0
l_curve_5,571,0.05485611781477928,1.0
l_curve_5,572,0.05480382591485977,1.0
l_curve_5,573,0.05455326288938522,1.0
l_curve_5,574,0.054449744522571564,1.0
l_curve_5,575,0.05434074252843857,1.0
l_curve_5,576,0.05436868965625763,1.0
l_curve_5,577,0.054271988570690155,1.0
l_curve_5,578,0.05420461297035217,1.0
l_curve_5,579,0.0541951023042202,1.0
l_curve_5,580,0.05423511937260628,1.0
l_curve_5,581,0.05427236109972,1.0
l_curve_5,582,0.05427519604563713,1.0
l_curve_5,583,0.05418960750102997,1.0
l_curve_5,584,0.05398722365498543,1.0
l_curve_5,585,0.053824011236429214,1.0
l_curve_5,586,0.05356486141681671,1.0
l_curve_5,587,0.053279776126146317,1.0
l_curve_5,588,0.053289055824279785,1.0
l_curve_5,589,0.05334678664803505,1.0
l_curve_5,590,0.05318261310458183,1.0
l_curve_5,591,0.05310402438044548,1.0
l_curve_5,592,0.05302339047193527,1.0
l_curve_5,593,0.05294721946120262,1.0
l_curve_5,594,0.05277123302221298,1.0
l_curve_5,595,0.05275058001279831,1.0
l_curve_5,596,0.052680451422929764,1.0
l_curve_5,597,0.0526103675365448,1.0
l_curve_5,598,0.05250938609242439,1.0
l_curve_5,599,0.05220039561390877,1.0
l_curve_5,600,0.05199906975030899,1.0
l_curve_5,601,0.05187324807047844,1.0
l_curve_5,602,0.05166486278176308,1.0
l_curve_5,603,0.05146414786577225,1.0
l_curve_5,604,0.051339536905288696,1.0
l_curve_5,605,0.0513823926448822,1.0
l_curve_5,606,0.05141134932637215,1.0
l_curve_5,607,0.05133960768580437,1.0
l_curve_5,608,0.05120110511779785,1.0
l_curve_5,609,0.051113877445459366,1.0
l_curve_5,610,0.051062971353530884,1.0
l_curve_5,611,0.05109100788831711,1.0
l_curve_5,612,0.051070474088191986,1.0
l_curve_5,613,0.05096129700541496,1.0
l_curve_5,614,0.050872690975666046,1.0
l_curve_5,615,0.05076836422085762,1.0
l_curve_5,616,0.050628550350666046,1.0
l_curve_5,617,0.05056019499897957,1.0
l_curve_5,618,0.050464779138565063,1.0
l_curve_5,619,0.050387512892484665,1.0
l_curve_5,620,0.05029415339231491,1.0
l_curve_5,621,0.05013900250196457,1.0
l_curve_5,622,0.049974095076322556,1.0
l_curve_5,623,0.04979225993156433,1.0
l_curve_5,624,0.04974892735481262,1.0
l_curve_5,625,0.04974539577960968,1.0
l_curve_5,626,0.04970933869481087,1.0
l_curve_5,627,0.04941561073064804,1.0
l_curve_5,628,0.0491611510515213,1.0
l_curve_5,629,0.04907552897930145,1.0
l_curve_5,630,0.04906361550092697,1.0
l_curve_5,631,0.049015987664461136,1.0
l_curve_5,632,0.04899662360548973,1.0
l_curve_5,633,0.04906342178583145,1.0
l_curve_5,634,0.04892660304903984,1.0
l_curve_5,635,0.04874878749251366,1.0
l_curve_5,636,0.04851457104086876,1.0
l_curve_5,637,0.04836709797382355,1.0
l_curve_5,638,0.04832756519317627,1.0
l_curve_5,639,0.04829704016447067,1.0
l_curve_5,640,0.04817257449030876,1.0
l_curve_5,641,0.0481729730963707,1.0
l_curve_5,642,0.04811625927686691,1.0
l_curve_5,643,0.04796038940548897,1.0
l_curve_5,644,0.04781217873096466,1.0
l_curve_5,645,0.047657329589128494,1.0
l_curve_5,646,0.04758748412132263,1.0
l_curve_5,647,0.04748106002807617,1.0
l_curve_5,648,0.04737337678670883,1.0
l_curve_5,649,0.04728635028004646,1.0
l_curve_5,650,0.04714662581682205,1.0
l_curve_5,651,0.04714416339993477,1.0
l_curve_5,652,0.04718553274869919,1.0
l_curve_5,653,0.04711811989545822,1.0
l_curve_5,654,0.04697990417480469,1.0
l_curve_5,655,0.04693039134144783,1.0
l_curve_5,656,0.046898253262043,1.0
l_curve_5,657,0.046714916825294495,1.0
l_curve_5,658,0.046582333743572235,1.0
l_curve_5,659,0.046442847698926926,1.0
l_curve_5,660,0.04644382745027542,1.0
l_curve_5,661,0.046343110501766205,1.0
l_curve_5,662,0.04624348506331444,1.0
l_curve_5,663,0.046237654983997345,1.0
l_curve_5,664,0.046198807656764984,1.0
l_curve_5,665,0.04600176215171814,1.0
l_curve_5,666,0.04605003818869591,1.0
l_curve_5,667,0.04598909616470337,1.0
l_curve_5,668,0.045797962695360184,1.0
l_curve_5,669,0.04564424976706505,1.0
l_curve_5,670,0.04553588107228279,1.0
l_curve_5,671,0.04546632245182991,1.0
l_curve_5,672,0.045319002121686935,1.0
l_curve_5,673,0.04533381015062332,1.0
l_curve_5,674,0.04523203521966934,1.0
l_curve_5,675,0.04519994929432869,1.0
l_curve_5,676,0.04510079324245453,1.0
l_curve_5,677,0.045168131589889526,1.0
l_curve_5,678,0.045080073177814484,1.0
l_curve_5,679,0.04493268206715584,1.0
l_curve_5,680,0.04471995681524277,1.0
l_curve_5,681,0.04459255188703537,1.0
l_curve_5,682,0.044509995728731155,1.0
l_curve_5,683,0.04452061280608177,1.0
l_curve_5,684,0.04440341889858246,1.0
l_curve_5,685,0.044245049357414246,1.0
l_curve_5,686,0.04419923946261406,1.0
l_curve_5,687,0.04404941201210022,1.0
l_curve_5,688,0.04399117827415466,1.0
l_curve_5,689,0.04388564079999924,1.0
l_curve_5,690,0.04380146786570549,1.0
l_curve_5,691,0.0436551570892334,1.0
l_curve_5,692,0.043695006519556046,1.0
l_curve_5,693,0.04365728795528412,1.0
l_curve_5,694,0.043499864637851715,1.0
l_curve_5,695,0.04334264621138573,1.0
l_curve_5,696,0.04328097775578499,1.0
l_curve_5,697,0.043139029294252396,1.0
l_curve_5,698,0.04302552714943886,1.0
l_curve_5,699,0.042971234768629074,1.0
l_curve_5,700,0.04290818050503731,1.0
l_curve_5,701,0.042863477021455765,1.0
l_curve_5,702,0.04281102865934372,1.0
l_curve_5,703,0.042682722210884094,1.0
l_curve_5,704,0.04256090894341469,1.0
l_curve_5,705,0.04248718544840813,1.0
l_curve_5,706,0.0423935204744339,1.0
l_curve_5,707,0.04233111813664436,1.0
l_curve_5,708,0.04230772331357002,1.0
l_curve_5,709,0.04230885207653046,1.0
l_curve_5,710,0.042267389595508575,1.0
l_curve_5,711,0.04209257662296295,1.0
l_curve_5,712,0.04196637496352196,1.0
l_curve_5,713,0.041974302381277084,1.0
l_curve_5,714,0.04191320762038231,1.0
l_curve_5,715,0.04179335758090019,1.0
l_curve_5,716,0.041652172803878784,1.0
l_curve_5,717,0.04159538075327873,1.0
l_curve_5,718,0.041520096361637115,1.0
l_curve_5,719,0.041454676538705826,1.0
l_curve_5,720,0.04143684729933739,1.0
l_curve_5,721,0.041394591331481934,1.0
l_curve_5,722,0.04127892106771469,1.0
l_curve_5,723,0.041112083941698074,1.0
l_curve_5,724,0.04092822223901749,1.0
l_curve_5,725,0.04075215011835098,1.0
l_curve_5,726,0.04066641256213188,1.0
l_curve_5,727,0.04056147113442421,1.0
l_curve_5,728,0.04061691090464592,1.0
l_curve_5,729,0.04056515172123909,1.0
l_curve_5,730,0.04054410755634308,1.0
l_curve_5,731,0.04047253355383873,1.0
l_curve_5,732,0.040473632514476776,1.0
l_curve_5,733,0.04045592248439789,1.0
l_curve_5,734,0.04035958647727966,1.0
l_curve_5,735,0.040326349437236786,1.0
l_curve_5,736,0.04032616317272186,1.0
l_curve_5,737,0.04037246108055115,1.0
l_curve_5,738,0.04034288600087166,1.0
l_curve_5,739,0.04023893550038338,1.0
l_curve_5,740,0.04015000909566879,1.0
l_curve_5,741,0.03998909145593643,1.0
l_curve_5,742,0.03994346782565117,1.0
l_curve_5,743,0.03989265114068985,1.0
l_curve_5,744,0.03976215049624443,1.0
l_curve_5,745,0.039637237787246704,1.0
l_curve_5,746,0.0396568663418293,1.0
l_curve_5,747,0.03962605446577072,1.0
l_curve_5,748,0.039514608681201935,1.0
l_curve_5,749,0.039383817464113235,1.0
l_curve_5,750,0.039404984563589096,1.0
l_curve_5,751,0.039360158145427704,1.0
l_curve_5,752,0.03919116407632828,1.0
l_curve_5,753,0.039060767740011215,1.0
l_curve_5,754,0.03894074633717537,1.0
l_curve_5,755,0.03880488499999046,1.0
l_curve_5,756,0.03873901069164276,1.0
l_curve_5,757,0.038715753704309464,1.0
l_curve_5,758,0.03870932385325432,1.0
l_curve_5,759,0.03864113613963127,1.0
l_curve_5,760,0.038586851209402084,1.0
l_curve_5,761,0.0385010652244091,1.0
l_curve_5,762,0.03845341131091118,1.0
l_curve_5,763,0.03835483267903328,1.0
l_curve_5,764,0.03819359838962555,1.0
l_curve_5,765,0.038085080683231354,1.0
l_curve_5,766,0.0380106195807457,1.0
l_curve_5,767,0.03798496723175049,1.0
l_curve_5,768,0.03784502297639847,1.0
l_curve_5,769,0.037722665816545486,1.0
l_curve_5,770,0.037672337144613266,1.0
l_curve_5,771,0.03754817694425583,1.0
l_curve_5,772,0.03735120967030525,1.0
l_curve_5,773,0.03723374009132385,1.0
l_curve_5,774,0.03719790279865265,1.0
l_curve_5,775,0.03720708563923836,1.0
l_curve_5,776,0.03711584955453873,1.0
l_curve_5,777,0.03698311373591423,1.0
l_curve_5,778,0.036896005272865295,1.0
l_curve_5,779,0.03703292831778526,1.0
l_curve_5,780,0.036934029310941696,1.0
l_curve_5,781,0.03687989339232445,1.0
l_curve_5,782,0.03684447705745697,1.0
l_curve_5,783,0.036747317761182785,1.0
l_curve_5,784,0.03670165687799454,1.0
l_curve_5,785,0.03661946952342987,1.0
l_curve_5,786,0.03661235049366951,1.0
l_curve_5,787,0.03658729046583176,1.0
l_curve_5,788,0.036561302840709686,1.0
l_curve_5,789,0.036534763872623444,1.0
l_curve_5,790,0.03650668263435364,1.0
l_curve_5,791,0.036517977714538574,1.0
l_curve_5,792,0.03645404055714607,1.0
l_curve_5,793,0.036317404359579086,1.0
l_curve_5,794,0.03617287054657936,1.0
l_curve_5,795,0.03607887774705887,1.0
l_curve_5,796,0.035970766097307205,1.0
l_curve_5,797,0.03592485561966896,1.0
l_curve_5,798,0.03581630811095238,1.0
l_curve_5,799,0.035753242671489716,1.0
l_curve_5,800,0.035710446536540985,1.0
l_curve_5,801,0.03561454638838768,1.0
l_curve_5,802,0.03555592522025108,1.0
l_curve_5,803,0.03551376610994339,1.0
l_curve_5,804,0.03555301949381828,1.0
l_curve_5,805,0.03542127087712288,1.0
l_curve_5,806,0.03529792279005051,1.0
l_curve_5,807,0.0351971834897995,1.0
l_curve_5,808,0.035063792020082474,1.0
l_curve_5,809,0.03492327407002449,1.0
l_curve_5,810,0.03474334999918938,1.0
l_curve_5,811,0.03460962697863579,1.0
l_curve_5,812,0.034503024071455,1.0
l_curve_5,813,0.034439247101545334,1.0
l_curve_5,814,0.03440561518073082,1.0
l_curve_5,815,0.03432599455118179,1.0
l_curve_5,816,0.034271545708179474,1.0
l_curve_5,817,0.034191738814115524,1.0
l_curve_5,818,0.03415444493293762,1.0
l_curve_5,819,0.03415389731526375,1.0
l_curve_5,820,0.03405062481760979,1.0
l_curve_5,821,0.03393330052495003,1.0
l_curve_5,822,0.03403086215257645,1.0
l_curve_5,823,0.03411784768104553,1.0
l_curve_5,824,0.03406428545713425,1.0
l_curve_5,825,0.03394696116447449,1.0
l_curve_5,826,0.03383191302418709,1.0
l_curve_5,827,0.03383038192987442,1.0
l_curve_5,828,0.033803537487983704,1.0
l_curve_5,829,0.03372354432940483,1.0
l_curve_5,830,0.03362247720360756,1.0
l_curve_5,831,0.03354935720562935,1.0
l_curve_5,832,0.033442504703998566,1.0
l_curve_5,833,0.03324705734848976,1.0
l_curve_5,834,0.03319435566663742,1.0
l_curve_5,835,0.0331132635474205,1.0
l_curve_5,836,0.03310628607869148,1.0
l_curve_5,837,0.0330609492957592,1.0
l_curve_5,838,0.032978687435388565,1.0
l_curve_5,839,0.032885801047086716,1.0
l_curve_5,840,0.03290406987071037,1.0
l_curve_5,841,0.03286781907081604,1.0
l_curve_5,842,0.0327579639852047,1.0
l_curve_5,843,0.032684020698070526,1.0
l_curve_5,844,0.0326424278318882,1.0
l_curve_5,845,0.032602306455373764,1.0
l_curve_5,846,0.03258824348449707,1.0
l_curve_5,847,0.032456718385219574,1.0
l_curve_5,848,0.03241751715540886,1.0
l_curve_5,849,0.032370004802942276,1.0
l_curve_5,850,0.032223157584667206,1.0
l_curve_5,851,0.03217966854572296,1.0
l_curve_5,852,0.03216792270541191,1.0
l_curve_5,853,0.03207464888691902,1.0
l_curve_5,854,0.032054606825113297,1.0
l_curve_5,855,0.03202304244041443,1.0
l_curve_5,856,0.03192885220050812,1.0
l_curve_5,857,0.031800586730241776,1.0
l_curve_5,858,0.031809158623218536,1.0
l_curve_5,859,0.03176966682076454,1.0
l_curve_5,860,0.03175484389066696,1.0
l_curve_5,861,0.03173203766345978,1.0
l_curve_5,862,0.03161169961094856,1.0
l_curve_5,863,0.03154332563281059,1.0
l_curve_5,864,0.031614214181900024,1.0
l_curve_5,865,0.031621165573596954,1.0
l_curve_5,866,0.03163808211684227,1.0
l_curve_5,867,0.031550370156764984,1.0
l_curve_5,868,0.03144747391343117,1.0
l_curve_5,869,0.03139922022819519,1.0
l_curve_5,870,0.03131970763206482,1.0
l_curve_5,871,0.031220827251672745,1.0
l_curve_5,872,0.031121913343667984,1.0
l_curve_5,873,0.031053738668560982,1.0
l_curve_5,874,0.030997460708022118,1.0
l_curve_5,875,0.030887028202414513,1.0
l_curve_5,876,0.03076210431754589,1.0
l_curve_5,877,0.03071827068924904,1.0
l_curve_5,878,0.03066354990005493,1.0
l_curve_5,879,0.030643632635474205,1.0
l_curve_5,880,0.03065960668027401,1.0
l_curve_5,881,0.030629798769950867,1.0
l_curve_5,882,0.030559465289115906,1.0
l_curve_5,883,0.03045755997300148,1.0
l_curve_5,884,0.030385533347725868,1.0
l_curve_5,885,0.030343884602189064,1.0
l_curve_5,886,0.030365530401468277,1.0
l_curve_5,887,0.030381711199879646,1.0
l_curve_5,888,0.03024054691195488,1.0
l_curve_5,889,0.030112436041235924,1.0
l_curve_5,890,0.030055413022637367,1.0
l_curve_5,891,0.030031010508537292,1.0
l_curve_5,892,0.029947031289339066,1.0
l_curve_5,893,0.029859110713005066,1.0
l_curve_5,894,0.02985450252890587,1.0
l_curve_5,895,0.029869601130485535,1.0
l_curve_5,896,0.02986132726073265,1.0
l_curve_5,897,0.029770970344543457,1.0
l_curve_5,898,0.029703287407755852,1.0
l_curve_5,899,0.02957378700375557,1.0
l_curve_5,900,0.029402639716863632,1.0
l_curve_5,901,0.02935195527970791,1.0
l_curve_5,902,0.02934175729751587,1.0
l_curve_5,903,0.029345175251364708,1.0
l_curve_5,904,0.02931089885532856,1.0
l_curve_5,905,0.029232490807771683,1.0
l_curve_5,906,0.029160715639591217,1.0
l_curve_5,907,0.02913574129343033,1.0
l_curve_5,908,0.029029205441474915,1.0
l_curve_5,909,0.029018286615610123,1.0
l_curve_5,910,0.02900674194097519,1.0
l_curve_5,911,0.028886599466204643,1.0
l_curve_5,912,0.028849244117736816,1.0
l_curve_5,913,0.02893284149467945,1.0
l_curve_5,914,0.028829531744122505,1.0
l_curve_5,915,0.02872520126402378,1.0
l_curve_5,916,0.02865191362798214,1.0
l_curve_5,917,0.028623348101973534,1.0
l_curve_5,918,0.0286577008664608,1.0
l_curve_5,919,0.028579548001289368,1.0
l_curve_5,920,0.028519783169031143,1.0
l_curve_5,921,0.028415560722351074,1.0
l_curve_5,922,0.02837509848177433,1.0
l_curve_5,923,0.028327401727437973,1.0
l_curve_5,924,0.02834329940378666,1.0
l_curve_5,925,0.02821698971092701,1.0
l_curve_5,926,0.028183134272694588,1.0
l_curve_5,927,0.02806294895708561,1.0
l_curve_5,928,0.028016235679388046,1.0
l_curve_5,929,0.027962185442447662,1.0
l_curve_5,930,0.027901116758584976,1.0
l_curve_5,931,0.02786463499069214,1.0
l_curve_5,932,0.02783980779349804,1.0
l_curve_5,933,0.027841683477163315,1.0
l_curve_5,934,0.027752967551350594,1.0
l_curve_5,935,0.02772410959005356,1.0
l_curve_5,936,0.027621319517493248,1.0
l_curve_5,937,0.0275343656539917,1.0
l_curve_5,938,0.02748958207666874,1.0
l_curve_5,939,0.0274277925491333,1.0
l_curve_5,940,0.027326036244630814,1.0
l_curve_5,941,0.027262801304459572,1.0
l_curve_5,942,0.02729509025812149,1.0
l_curve_5,943,0.027261236682534218,1.0
l_curve_5,944,0.027215421199798584,1.0
l_curve_5,945,0.027218123897910118,1.0
l_curve_5,946,0.027249213308095932,1.0
l_curve_5,947,0.027251293882727623,1.0
l_curve_5,948,0.027202513068914413,1.0
l_curve_5,949,0.027180492877960205,1.0
l_curve_5,950,0.027127651497721672,1.0
l_curve_5,951,0.02702927589416504,1.0
l_curve_5,952,0.026961542665958405,1.0
l_curve_5,953,0.02690054662525654,1.0
l_curve_5,954,0.026858843863010406,1.0
l_curve_5,955,0.026824934408068657,1.0
l_curve_5,956,0.02677934430539608,1.0
l_curve_5,957,0.026712235063314438,1.0
l_curve_5,958,0.026634681969881058,1.0
l_curve_5,959,0.026585720479488373,1.0
l_curve_5,960,0.026552220806479454,1.0
l_curve_5,961,0.02650964818894863,1.0
l_curve_5,962,0.026421066373586655,1.0
l_curve_5,963,0.026320990175008774,1.0
l_curve_5,964,0.026234373450279236,1.0
l_curve_5,965,0.026170341297984123,1.0
l_curve_5,966,0.026166025549173355,1.0
l_curve_5,967,0.026212476193904877,1.0
l_curve_5,968,0.026210281997919083,1.0
l_curve_5,969,0.0261765755712986,1.0
l_curve_5,970,0.0260479673743248,1.0
l_curve_5,971,0.025915758684277534,1.0
l_curve_5,972,0.0258322861045599,1.0
l_curve_5,973,0.02577650547027588,1.0
l_curve_5,974,0.025792332366108894,1.0
l_curve_5,975,0.02575647458434105,1.0
l_curve_5,976,0.02572188712656498,1.0
l_curve_5,977,0.025677485391497612,1.0
l_curve_5,978,0.02559443935751915,1.0
l_curve_5,979,0.0254835058003664,1.0
l_curve_5,980,0.025369904935359955,1.0
l_curve_5,981,0.025289731100201607,1.0
l_curve_5,982,0.025258168578147888,1.0
l_curve_5,983,0.02515382692217827,1.0
l_curve_5,984,0.025149818509817123,1.0
l_curve_5,985,0.02518639899790287,1.0
l_curve_5,986,0.02514168992638588,1.0
l_curve_5,987,0.025079812854528427,1.0
l_curve_5,988,0.024999286979436874,1.0
l_curve_5,989,0.02495826780796051,1.0
l_curve_5,990,0.02489135041832924,1.0
l_curve_5,991,0.02488492801785469,1.0
l_curve_5,992,0.02482057735323906,1.0
l_curve_5,993,0.024782694876194,1.0
l_curve_5,994,0.024758853018283844,1.0
l_curve_5,995,0.024750633165240288,1.0
l_curve_5,996,0.02468511275947094,1.0
l_curve_5,997,0.02459743246436119,1.0
l_curve_5,998,0.02451871708035469,1.0
l_curve_5,999,0.024472588673233986,1.0
l_curve_5,1000,0.024571677669882774,1.0
l_curve_5,1000,0.024571677669882774,1.0
