client,round,loss,accuracy
l_curve_4,1,0.7384238243103027,0.6666666865348816
l_curve_4,2,0.7228354215621948,0.6666666865348816
l_curve_4,3,0.7085630893707275,0.6666666865348816
l_curve_4,4,0.6956378221511841,0.6666666865348816
l_curve_4,5,0.6839514374732971,0.6666666865348816
l_curve_4,6,0.6732713580131531,0.6666666865348816
l_curve_4,7,0.6635704636573792,0.6666666865348816
l_curve_4,8,0.654809832572937,0.6666666865348816
l_curve_4,9,0.646911084651947,0.6666666865348816
l_curve_4,10,0.6398192644119263,0.6666666865348816
l_curve_4,11,0.6334111094474792,0.6666666865348816
l_curve_4,12,0.6275889277458191,0.6666666865348816
l_curve_4,13,0.6221645474433899,0.6666666865348816
l_curve_4,14,0.61704021692276,0.6666666865348816
l_curve_4,15,0.6121853590011597,0.6666666865348816
l_curve_4,16,0.6075515747070312,0.6666666865348816
l_curve_4,17,0.6030055284500122,0.6666666865348816
l_curve_4,18,0.5985609889030457,0.6666666865348816
l_curve_4,19,0.5937599539756775,0.7142857313156128
l_curve_4,20,0.5888247489929199,0.761904776096344
l_curve_4,21,0.5836763978004456,0.8571428656578064
l_curve_4,22,0.5781807899475098,0.8571428656578064
l_curve_4,23,0.5724313855171204,0.8571428656578064
l_curve_4,24,0.5668725371360779,0.8571428656578064
l_curve_4,25,0.5607457756996155,0.8571428656578064
l_curve_4,26,0.55419921875,0.8571428656578064
l_curve_4,27,0.5478121042251587,0.9047619104385376
l_curve_4,28,0.5413431525230408,0.9047619104385376
l_curve_4,29,0.5350784063339233,0.9047619104385376
l_curve_4,30,0.5287633538246155,0.8571428656578064
l_curve_4,31,0.5225061178207397,0.8571428656578064
l_curve_4,32,0.5163819193840027,0.8571428656578064
l_curve_4,33,0.5104027986526489,0.8571428656578064
l_curve_4,34,0.5044645071029663,0.8571428656578064
l_curve_4,35,0.4986516535282135,0.8571428656578064
l_curve_4,36,0.493210107088089,0.761904776096344
l_curve_4,37,0.48789554834365845,0.761904776096344
l_curve_4,38,0.48287302255630493,0.8095238208770752
l_curve_4,39,0.47797635197639465,0.8095238208770752
l_curve_4,40,0.47326502203941345,0.8095238208770752
l_curve_4,41,0.4686662554740906,0.8095238208770752
l_curve_4,42,0.4642750024795532,0.8095238208770752
l_curve_4,43,0.45995068550109863,0.8095238208770752
l_curve_4,44,0.45599037408828735,0.8095238208770752
l_curve_4,45,0.4521704316139221,0.8095238208770752
l_curve_4,46,0.44838863611221313,0.8095238208770752
l_curve_4,47,0.44469887018203735,0.8095238208770752
l_curve_4,48,0.4413164556026459,0.8095238208770752
l_curve_4,49,0.4376985430717468,0.8095238208770752
l_curve_4,50,0.4341258406639099,0.8095238208770752
l_curve_4,51,0.4309195578098297,0.8095238208770752
l_curve_4,52,0.42802777886390686,0.8095238208770752
l_curve_4,53,0.4253975450992584,0.8095238208770752
l_curve_4,54,0.4226864278316498,0.8095238208770752
l_curve_4,55,0.4201129376888275,0.8095238208770752
l_curve_4,56,0.4174986779689789,0.8095238208770752
l_curve_4,57,0.41506466269493103,0.8095238208770752
l_curve_4,58,0.41276541352272034,0.8095238208770752
l_curve_4,59,0.4101535379886627,0.8095238208770752
l_curve_4,60,0.40790167450904846,0.8095238208770752
l_curve_4,61,0.40567365288734436,0.8095238208770752
l_curve_4,62,0.4032255709171295,0.8095238208770752
l_curve_4,63,0.40087518095970154,0.8095238208770752
l_curve_4,64,0.3990119695663452,0.8095238208770752
l_curve_4,65,0.39710789918899536,0.8095238208770752
l_curve_4,66,0.3950822949409485,0.8095238208770752
l_curve_4,67,0.39302876591682434,0.8095238208770752
l_curve_4,68,0.39099302887916565,0.8095238208770752
l_curve_4,69,0.3892422616481781,0.8095238208770752
l_curve_4,70,0.3871786892414093,0.8095238208770752
l_curve_4,71,0.3853994905948639,0.8095238208770752
l_curve_4,72,0.3833276629447937,0.8095238208770752
l_curve_4,73,0.38116273283958435,0.8095238208770752
l_curve_4,74,0.3793807327747345,0.8095238208770752
l_curve_4,75,0.3778822422027588,0.8095238208770752
l_curve_4,76,0.37608009576797485,0.8095238208770752
l_curve_4,77,0.37419429421424866,0.8095238208770752
l_curve_4,78,0.37228894233703613,0.8095238208770752
l_curve_4,79,0.3704930245876312,0.8095238208770752
l_curve_4,80,0.368721604347229,0.8095238208770752
l_curve_4,81,0.36683177947998047,0.8095238208770752
l_curve_4,82,0.36496224999427795,0.8095238208770752
l_curve_4,83,0.3630644381046295,0.8095238208770752
l_curve_4,84,0.36116743087768555,0.8095238208770752
l_curve_4,85,0.3595729470252991,0.8095238208770752
l_curve_4,86,0.3581632971763611,0.8095238208770752
l_curve_4,87,0.3567485213279724,0.8095238208770752
l_curve_4,88,0.3550868332386017,0.8095238208770752
l_curve_4,89,0.3535984456539154,0.8095238208770752
l_curve_4,90,0.3519681394100189,0.8095238208770752
l_curve_4,91,0.35044291615486145,0.8095238208770752
l_curve_4,92,0.34889793395996094,0.8095238208770752
l_curve_4,93,0.3475281298160553,0.8095238208770752
l_curve_4,94,0.3457382619380951,0.8095238208770752
l_curve_4,95,0.3440905213356018,0.8095238208770752
l_curve_4,96,0.3424037992954254,0.8095238208770752
l_curve_4,97,0.34067776799201965,0.8095238208770752
l_curve_4,98,0.33938705921173096,0.8095238208770752
l_curve_4,99,0.3380371630191803,0.8095238208770752
l_curve_4,100,0.3366696834564209,0.8095238208770752
l_curve_4,101,0.3349938988685608,0.8095238208770752
l_curve_4,102,0.33351290225982666,0.8095238208770752
l_curve_4,103,0.3320809006690979,0.8571428656578064
l_curve_4,104,0.33042553067207336,0.8571428656578064
l_curve_4,105,0.328925758600235,0.8571428656578064
l_curve_4,106,0.32726815342903137,0.8571428656578064
l_curve_4,107,0.3259122669696808,0.8571428656578064
l_curve_4,108,0.32452645897865295,0.8571428656578064
l_curve_4,109,0.3230692446231842,0.8571428656578064
l_curve_4,110,0.3216359317302704,0.8571428656578064
l_curve_4,111,0.32001107931137085,0.8571428656578064
l_curve_4,112,0.31849104166030884,0.8571428656578064
l_curve_4,113,0.3172187805175781,0.8571428656578064
l_curve_4,114,0.3159630298614502,0.8571428656578064
l_curve_4,115,0.31469932198524475,0.8571428656578064
l_curve_4,116,0.3133809268474579,0.8571428656578064
l_curve_4,117,0.31231585144996643,0.8571428656578064
l_curve_4,118,0.3113322854042053,0.8571428656578064
l_curve_4,119,0.3104328215122223,0.8571428656578064
l_curve_4,120,0.3092353940010071,0.8571428656578064
l_curve_4,121,0.30804258584976196,0.8571428656578064
l_curve_4,122,0.306994765996933,0.8571428656578064
l_curve_4,123,0.3060178756713867,0.8571428656578064
l_curve_4,124,0.3047401010990143,0.8571428656578064
l_curve_4,125,0.30379757285118103,0.8571428656578064
l_curve_4,126,0.30262884497642517,0.8571428656578064
l_curve_4,127,0.3015102744102478,0.8571428656578064
l_curve_4,128,0.30052030086517334,0.8571428656578064
l_curve_4,129,0.29958105087280273,0.8571428656578064
l_curve_4,130,0.29853466153144836,0.8571428656578064
l_curve_4,131,0.29745161533355713,0.8571428656578064
l_curve_4,132,0.2964530289173126,0.8571428656578064
l_curve_4,133,0.2954113781452179,0.8571428656578064
l_curve_4,134,0.29446882009506226,0.8571428656578064
l_curve_4,135,0.29371076822280884,0.8571428656578064
l_curve_4,136,0.2929953634738922,0.8571428656578064
l_curve_4,137,0.29230350255966187,0.8571428656578064
l_curve_4,138,0.2915738523006439,0.8571428656578064
l_curve_4,139,0.29078444838523865,0.8571428656578064
l_curve_4,140,0.2902216911315918,0.8571428656578064
l_curve_4,141,0.2893983721733093,0.8571428656578064
l_curve_4,142,0.2886052131652832,0.8571428656578064
l_curve_4,143,0.28798654675483704,0.8571428656578064
l_curve_4,144,0.28725466132164,0.8571428656578064
l_curve_4,145,0.28638529777526855,0.8571428656578064
l_curve_4,146,0.28572580218315125,0.8571428656578064
l_curve_4,147,0.2850090265274048,0.8571428656578064
l_curve_4,148,0.28439629077911377,0.8571428656578064
l_curve_4,149,0.28380846977233887,0.8571428656578064
l_curve_4,150,0.28321653604507446,0.8571428656578064
l_curve_4,151,0.2826368808746338,0.8571428656578064
l_curve_4,152,0.28199273347854614,0.8571428656578064
l_curve_4,153,0.2812928557395935,0.8571428656578064
l_curve_4,154,0.28066107630729675,0.8571428656578064
l_curve_4,155,0.28021439909935,0.8571428656578064
l_curve_4,156,0.2795831561088562,0.8571428656578064
l_curve_4,157,0.27886679768562317,0.8571428656578064
l_curve_4,158,0.2782209515571594,0.8571428656578064
l_curve_4,159,0.277773916721344,0.8571428656578064
l_curve_4,160,0.27735084295272827,0.8571428656578064
l_curve_4,161,0.2770448625087738,0.8571428656578064
l_curve_4,162,0.2766532897949219,0.8571428656578064
l_curve_4,163,0.2763122022151947,0.8571428656578064
l_curve_4,164,0.2757698595523834,0.8571428656578064
l_curve_4,165,0.27529606223106384,0.8571428656578064
l_curve_4,166,0.27463844418525696,0.8571428656578064
l_curve_4,167,0.27403950691223145,0.8571428656578064
l_curve_4,168,0.27375882863998413,0.8571428656578064
l_curve_4,169,0.27348485589027405,0.8571428656578064
l_curve_4,170,0.2733059525489807,0.8571428656578064
l_curve_4,171,0.27271348237991333,0.8571428656578064
l_curve_4,172,0.27224603295326233,0.8571428656578064
l_curve_4,173,0.2718724310398102,0.8571428656578064
l_curve_4,174,0.2715507745742798,0.8571428656578064
l_curve_4,175,0.2712588608264923,0.8571428656578064
l_curve_4,176,0.27073246240615845,0.8571428656578064
l_curve_4,177,0.27031975984573364,0.8571428656578064
l_curve_4,178,0.2697884738445282,0.8571428656578064
l_curve_4,179,0.2693726420402527,0.8571428656578064
l_curve_4,180,0.26919257640838623,0.8571428656578064
l_curve_4,181,0.26889798045158386,0.8571428656578064
l_curve_4,182,0.2685812711715698,0.8571428656578064
l_curve_4,183,0.26831522583961487,0.8571428656578064
l_curve_4,184,0.26807594299316406,0.8571428656578064
l_curve_4,185,0.2677251994609833,0.8571428656578064
l_curve_4,186,0.2676251232624054,0.8571428656578064
l_curve_4,187,0.2675609886646271,0.8571428656578064
l_curve_4,188,0.2676340937614441,0.8571428656578064
l_curve_4,189,0.2675800621509552,0.8571428656578064
l_curve_4,190,0.2672926187515259,0.8571428656578064
l_curve_4,191,0.2672334611415863,0.8571428656578064
l_curve_4,192,0.266730397939682,0.8571428656578064
l_curve_4,193,0.2663462162017822,0.8571428656578064
l_curve_4,194,0.2660352289676666,0.8571428656578064
l_curve_4,195,0.2657197415828705,0.8571428656578064
l_curve_4,196,0.26546910405158997,0.8571428656578064
l_curve_4,197,0.2650463581085205,0.8571428656578064
l_curve_4,198,0.2649141550064087,0.8571428656578064
l_curve_4,199,0.2646641135215759,0.8571428656578064
l_curve_4,200,0.2643408477306366,0.8571428656578064
l_curve_4,201,0.26432231068611145,0.8571428656578064
l_curve_4,202,0.26423487067222595,0.8571428656578064
l_curve_4,203,0.26407209038734436,0.8571428656578064
l_curve_4,204,0.2637728750705719,0.8571428656578064
l_curve_4,205,0.26372337341308594,0.8571428656578064
l_curve_4,206,0.2634904980659485,0.8571428656578064
l_curve_4,207,0.2632386386394501,0.8571428656578064
l_curve_4,208,0.26302748918533325,0.8571428656578064
l_curve_4,209,0.26272743940353394,0.8571428656578064
l_curve_4,210,0.2625008523464203,0.8571428656578064
l_curve_4,211,0.2622901499271393,0.8571428656578064
l_curve_4,212,0.2623518109321594,0.8571428656578064
l_curve_4,213,0.2621384263038635,0.8571428656578064
l_curve_4,214,0.26190677285194397,0.8571428656578064
l_curve_4,215,0.2615855932235718,0.8571428656578064
l_curve_4,216,0.261370986700058,0.8571428656578064
l_curve_4,217,0.2612312138080597,0.8571428656578064
l_curve_4,218,0.26094064116477966,0.8571428656578064
l_curve_4,219,0.2606739401817322,0.8571428656578064
l_curve_4,220,0.26055461168289185,0.8571428656578064
l_curve_4,221,0.26055458188056946,0.8571428656578064
l_curve_4,222,0.26048991084098816,0.8571428656578064
l_curve_4,223,0.26040130853652954,0.8571428656578064
l_curve_4,224,0.26033294200897217,0.8571428656578064
l_curve_4,225,0.26025137305259705,0.8571428656578064
l_curve_4,226,0.26020026206970215,0.8571428656578064
l_curve_4,227,0.2601625919342041,0.8571428656578064
l_curve_4,228,0.2601111829280853,0.8571428656578064
l_curve_4,229,0.25988173484802246,0.8571428656578064
l_curve_4,230,0.25977155566215515,0.8571428656578064
l_curve_4,231,0.25984519720077515,0.8571428656578064
l_curve_4,232,0.2597523629665375,0.8571428656578064
l_curve_4,233,0.25944414734840393,0.8571428656578064
l_curve_4,234,0.25934645533561707,0.8571428656578064
l_curve_4,235,0.25927481055259705,0.8571428656578064
l_curve_4,236,0.2592589855194092,0.8571428656578064
l_curve_4,237,0.2592003643512726,0.8571428656578064
l_curve_4,238,0.25909510254859924,0.8571428656578064
l_curve_4,239,0.25892695784568787,0.8571428656578064
l_curve_4,240,0.25860124826431274,0.8571428656578064
l_curve_4,241,0.25846463441848755,0.8571428656578064
l_curve_4,242,0.2582497298717499,0.8571428656578064
l_curve_4,243,0.25821244716644287,0.8571428656578064
l_curve_4,244,0.2581695020198822,0.8571428656578064
l_curve_4,245,0.25783076882362366,0.8571428656578064
l_curve_4,246,0.25752320885658264,0.9047619104385376
l_curve_4,247,0.25745609402656555,0.9047619104385376
l_curve_4,248,0.2573157846927643,0.9047619104385376
l_curve_4,249,0.2571585178375244,0.9047619104385376
l_curve_4,250,0.2572461664676666,0.9047619104385376
l_curve_4,251,0.25710979104042053,0.9047619104385376
l_curve_4,252,0.25696608424186707,0.9047619104385376
l_curve_4,253,0.25694113969802856,0.9047619104385376
l_curve_4,254,0.2568265199661255,0.9047619104385376
l_curve_4,255,0.2566851079463959,0.9047619104385376
l_curve_4,256,0.2565896511077881,0.9047619104385376
l_curve_4,257,0.25648635625839233,0.9047619104385376
l_curve_4,258,0.2565191090106964,0.9047619104385376
l_curve_4,259,0.25628697872161865,0.9047619104385376
l_curve_4,260,0.2561812996864319,0.9047619104385376
l_curve_4,261,0.2558164894580841,0.9047619104385376
l_curve_4,262,0.25595369935035706,0.9047619104385376
l_curve_4,263,0.25612643361091614,0.9047619104385376
l_curve_4,264,0.25622791051864624,0.9047619104385376
l_curve_4,265,0.25609198212623596,0.9047619104385376
l_curve_4,266,0.2559725344181061,0.9047619104385376
l_curve_4,267,0.25571876764297485,0.9047619104385376
l_curve_4,268,0.25519824028015137,0.9047619104385376
l_curve_4,269,0.25503531098365784,0.9047619104385376
l_curve_4,270,0.2550880014896393,0.9047619104385376
l_curve_4,271,0.2550075054168701,0.9047619104385376
l_curve_4,272,0.25498872995376587,0.9047619104385376
l_curve_4,273,0.2547348141670227,0.9047619104385376
l_curve_4,274,0.25469473004341125,0.9047619104385376
l_curve_4,275,0.2548149526119232,0.9047619104385376
l_curve_4,276,0.2546401619911194,0.9047619104385376
l_curve_4,277,0.25405171513557434,0.9047619104385376
l_curve_4,278,0.253775954246521,0.9047619104385376
l_curve_4,279,0.25330066680908203,0.9047619104385376
l_curve_4,280,0.25326210260391235,0.9047619104385376
l_curve_4,281,0.25325465202331543,0.9047619104385376
l_curve_4,282,0.25327038764953613,0.9047619104385376
l_curve_4,283,0.2532360851764679,0.9047619104385376
l_curve_4,284,0.25346651673316956,0.9047619104385376
l_curve_4,285,0.2535799443721771,0.9047619104385376
l_curve_4,286,0.2536890506744385,0.9047619104385376
l_curve_4,287,0.2537849247455597,0.9047619104385376
l_curve_4,288,0.2535443603992462,0.9047619104385376
l_curve_4,289,0.25331440567970276,0.9047619104385376
l_curve_4,290,0.25334468483924866,0.9047619104385376
l_curve_4,291,0.25326141715049744,0.9047619104385376
l_curve_4,292,0.2530839145183563,0.9047619104385376
l_curve_4,293,0.25283682346343994,0.9047619104385376
l_curve_4,294,0.2524980306625366,0.9047619104385376
l_curve_4,295,0.25243958830833435,0.9047619104385376
l_curve_4,296,0.2524527609348297,0.9047619104385376
l_curve_4,297,0.2525359094142914,0.9047619104385376
l_curve_4,298,0.25250688195228577,0.9047619104385376
l_curve_4,299,0.25265684723854065,0.9047619104385376
l_curve_4,300,0.25257015228271484,0.9047619104385376
l_curve_4,301,0.25218796730041504,0.9047619104385376
l_curve_4,302,0.2519201934337616,0.9047619104385376
l_curve_4,303,0.2517707049846649,0.9047619104385376
l_curve_4,304,0.25171396136283875,0.9047619104385376
l_curve_4,305,0.25164228677749634,0.9047619104385376
l_curve_4,306,0.2516401410102844,0.9047619104385376
l_curve_4,307,0.251640260219574,0.9047619104385376
l_curve_4,308,0.25138700008392334,0.9047619104385376
l_curve_4,309,0.2512136399745941,0.9047619104385376
l_curve_4,310,0.2513963580131531,0.9047619104385376
l_curve_4,311,0.25152724981307983,0.9047619104385376
l_curve_4,312,0.2514028549194336,0.9047619104385376
l_curve_4,313,0.2513415217399597,0.9047619104385376
l_curve_4,314,0.2511705160140991,0.9047619104385376
l_curve_4,315,0.2511238753795624,0.9047619104385376
l_curve_4,316,0.2508309781551361,0.9047619104385376
l_curve_4,317,0.2509087920188904,0.9047619104385376
l_curve_4,318,0.2507931590080261,0.9047619104385376
l_curve_4,319,0.250651091337204,0.9047619104385376
l_curve_4,320,0.2504049837589264,0.9047619104385376
l_curve_4,321,0.2503055930137634,0.9047619104385376
l_curve_4,322,0.25014442205429077,0.9047619104385376
l_curve_4,323,0.25004884600639343,0.9047619104385376
l_curve_4,324,0.24971234798431396,0.9047619104385376
l_curve_4,325,0.2495688945055008,0.9047619104385376
l_curve_4,326,0.24910804629325867,0.9047619104385376
l_curve_4,327,0.24900835752487183,0.9047619104385376
l_curve_4,328,0.24897067248821259,0.9047619104385376
l_curve_4,329,0.24888792634010315,0.9047619104385376
l_curve_4,330,0.24879363179206848,0.9047619104385376
l_curve_4,331,0.248689204454422,0.9047619104385376
l_curve_4,332,0.24874596297740936,0.9047619104385376
l_curve_4,333,0.24854573607444763,0.9047619104385376
l_curve_4,334,0.2484976202249527,0.9047619104385376
l_curve_4,335,0.248320534825325,0.9047619104385376
l_curve_4,336,0.24824993312358856,0.9047619104385376
l_curve_4,337,0.24840590357780457,0.9047619104385376
l_curve_4,338,0.2484728991985321,0.9047619104385376
l_curve_4,339,0.2485457807779312,0.9047619104385376
l_curve_4,340,0.2483365833759308,0.9047619104385376
l_curve_4,341,0.24805095791816711,0.9047619104385376
l_curve_4,342,0.2479773312807083,0.9047619104385376
l_curve_4,343,0.2480529099702835,0.9047619104385376
l_curve_4,344,0.24782708287239075,0.9047619104385376
l_curve_4,345,0.24788901209831238,0.9047619104385376
l_curve_4,346,0.24796165525913239,0.9047619104385376
l_curve_4,347,0.24785491824150085,0.9047619104385376
l_curve_4,348,0.24770759046077728,0.9047619104385376
l_curve_4,349,0.247576504945755,0.9047619104385376
l_curve_4,350,0.24739478528499603,0.9047619104385376
l_curve_4,351,0.24728234112262726,0.9047619104385376
l_curve_4,352,0.2467862069606781,0.9047619104385376
l_curve_4,353,0.2466144561767578,0.9047619104385376
l_curve_4,354,0.24664218723773956,0.9047619104385376
l_curve_4,355,0.24664247035980225,0.9047619104385376
l_curve_4,356,0.24656768143177032,0.9047619104385376
l_curve_4,357,0.2466278076171875,0.9047619104385376
l_curve_4,358,0.24646152555942535,0.9047619104385376
l_curve_4,359,0.2460259050130844,0.9047619104385376
l_curve_4,360,0.2455042600631714,0.9047619104385376
l_curve_4,361,0.24526414275169373,0.9047619104385376
l_curve_4,362,0.24532659351825714,0.9047619104385376
l_curve_4,363,0.2450125366449356,0.9047619104385376
l_curve_4,364,0.24467749893665314,0.9047619104385376
l_curve_4,365,0.24449321627616882,0.9047619104385376
l_curve_4,366,0.24462345242500305,0.9047619104385376
l_curve_4,367,0.24456283450126648,0.9047619104385376
l_curve_4,368,0.2443878948688507,0.9047619104385376
l_curve_4,369,0.2442418932914734,0.9047619104385376
l_curve_4,370,0.24430054426193237,0.9047619104385376
l_curve_4,371,0.2442639023065567,0.9047619104385376
l_curve_4,372,0.24418726563453674,0.9047619104385376
l_curve_4,373,0.24408967792987823,0.9047619104385376
l_curve_4,374,0.24369357526302338,0.9047619104385376
l_curve_4,375,0.24358150362968445,0.9047619104385376
l_curve_4,376,0.24321533739566803,0.9047619104385376
l_curve_4,377,0.24307428300380707,0.9047619104385376
l_curve_4,378,0.24298813939094543,0.9047619104385376
l_curve_4,379,0.24276655912399292,0.9047619104385376
l_curve_4,380,0.2424529790878296,0.9047619104385376
l_curve_4,381,0.24219802021980286,0.9047619104385376
l_curve_4,382,0.2420695573091507,0.9047619104385376
l_curve_4,383,0.24193277955055237,0.9047619104385376
l_curve_4,384,0.24195966124534607,0.9047619104385376
l_curve_4,385,0.24183282256126404,0.9047619104385376
l_curve_4,386,0.24177516996860504,0.9047619104385376
l_curve_4,387,0.24173204600811005,0.9047619104385376
l_curve_4,388,0.24169953167438507,0.9047619104385376
l_curve_4,389,0.2412823736667633,0.9047619104385376
l_curve_4,390,0.2411934733390808,0.9047619104385376
l_curve_4,391,0.24098464846611023,0.9047619104385376
l_curve_4,392,0.24070212244987488,0.9047619104385376
l_curve_4,393,0.2405320107936859,0.9047619104385376
l_curve_4,394,0.24044011533260345,0.9047619104385376
l_curve_4,395,0.240434467792511,0.9047619104385376
l_curve_4,396,0.24038934707641602,0.9047619104385376
l_curve_4,397,0.2402856945991516,0.9047619104385376
l_curve_4,398,0.24034073948860168,0.9047619104385376
l_curve_4,399,0.24011430144309998,0.9047619104385376
l_curve_4,400,0.23987384140491486,0.9047619104385376
l_curve_4,401,0.23974913358688354,0.9047619104385376
l_curve_4,402,0.2393784523010254,0.9047619104385376
l_curve_4,403,0.2391335666179657,0.9047619104385376
l_curve_4,404,0.23907352983951569,0.9047619104385376
l_curve_4,405,0.23882459104061127,0.9047619104385376
l_curve_4,406,0.23862643539905548,0.9047619104385376
l_curve_4,407,0.23828990757465363,0.9047619104385376
l_curve_4,408,0.23821376264095306,0.9047619104385376
l_curve_4,409,0.23801353573799133,0.9047619104385376
l_curve_4,410,0.2378636747598648,0.9047619104385376
l_curve_4,411,0.2378368377685547,0.9047619104385376
l_curve_4,412,0.23777207732200623,0.9047619104385376
l_curve_4,413,0.23768118023872375,0.9047619104385376
l_curve_4,414,0.2375730723142624,0.9047619104385376
l_curve_4,415,0.23760588467121124,0.9047619104385376
l_curve_4,416,0.2376607209444046,0.9047619104385376
l_curve_4,417,0.23739351332187653,0.9047619104385376
l_curve_4,418,0.23688948154449463,0.9047619104385376
l_curve_4,419,0.23672530055046082,0.9047619104385376
l_curve_4,420,0.2365185022354126,0.9047619104385376
l_curve_4,421,0.2365250587463379,0.9047619104385376
l_curve_4,422,0.23652450740337372,0.9047619104385376
l_curve_4,423,0.23638203740119934,0.9047619104385376
l_curve_4,424,0.2362055480480194,0.9047619104385376
l_curve_4,425,0.23601141571998596,0.9047619104385376
l_curve_4,426,0.23612242937088013,0.9047619104385376
l_curve_4,427,0.2358870953321457,0.9047619104385376
l_curve_4,428,0.23572644591331482,0.9047619104385376
l_curve_4,429,0.23559853434562683,0.9047619104385376
l_curve_4,430,0.23544345796108246,0.9047619104385376
l_curve_4,431,0.23532359302043915,0.9047619104385376
l_curve_4,432,0.23509137332439423,0.9047619104385376
l_curve_4,433,0.235091432929039,0.9047619104385376
l_curve_4,434,0.23499561846256256,0.9047619104385376
l_curve_4,435,0.2348438948392868,0.9047619104385376
l_curve_4,436,0.2345905750989914,0.9047619104385376
l_curve_4,437,0.23440071940422058,0.9047619104385376
l_curve_4,438,0.23397618532180786,0.9047619104385376
l_curve_4,439,0.23355057835578918,0.9047619104385376
l_curve_4,440,0.2333732396364212,0.9047619104385376
l_curve_4,441,0.23341482877731323,0.9047619104385376
l_curve_4,442,0.2332826852798462,0.9047619104385376
l_curve_4,443,0.23317645490169525,0.9047619104385376
l_curve_4,444,0.23302339017391205,0.9047619104385376
l_curve_4,445,0.23269008100032806,0.9047619104385376
l_curve_4,446,0.23245343565940857,0.9047619104385376
l_curve_4,447,0.23244230449199677,0.9047619104385376
l_curve_4,448,0.2326178252696991,0.9047619104385376
l_curve_4,449,0.23254022002220154,0.9047619104385376
l_curve_4,450,0.23249299824237823,0.9047619104385376
l_curve_4,451,0.2321384996175766,0.9047619104385376
l_curve_4,452,0.23183199763298035,0.9047619104385376
l_curve_4,453,0.23151540756225586,0.9047619104385376
l_curve_4,454,0.2313128411769867,0.9047619104385376
l_curve_4,455,0.23108673095703125,0.9047619104385376
l_curve_4,456,0.23088563978672028,0.9047619104385376
l_curve_4,457,0.2307923436164856,0.9047619104385376
l_curve_4,458,0.23066268861293793,0.9047619104385376
l_curve_4,459,0.23071327805519104,0.9047619104385376
l_curve_4,460,0.2306860089302063,0.9047619104385376
l_curve_4,461,0.2306535392999649,0.9047619104385376
l_curve_4,462,0.23082828521728516,0.9047619104385376
l_curve_4,463,0.23069629073143005,0.9047619104385376
l_curve_4,464,0.2304268777370453,0.9047619104385376
l_curve_4,465,0.23020748794078827,0.9047619104385376
l_curve_4,466,0.22993594408035278,0.9047619104385376
l_curve_4,467,0.22973178327083588,0.9047619104385376
l_curve_4,468,0.2296539694070816,0.9047619104385376
l_curve_4,469,0.2294289767742157,0.9047619104385376
l_curve_4,470,0.22937211394309998,0.9047619104385376
l_curve_4,471,0.22918909788131714,0.9047619104385376
l_curve_4,472,0.22887375950813293,0.9047619104385376
l_curve_4,473,0.2285861074924469,0.9047619104385376
l_curve_4,474,0.22826063632965088,0.9047619104385376
l_curve_4,475,0.22837591171264648,0.9047619104385376
l_curve_4,476,0.2282739132642746,0.9047619104385376
l_curve_4,477,0.22824369370937347,0.9047619104385376
l_curve_4,478,0.22815553843975067,0.9047619104385376
l_curve_4,479,0.2280537337064743,0.9047619104385376
l_curve_4,480,0.22794592380523682,0.9047619104385376
l_curve_4,481,0.227607861161232,0.9047619104385376
l_curve_4,482,0.22774219512939453,0.9047619104385376
l_curve_4,483,0.2277173548936844,0.9047619104385376
l_curve_4,484,0.2277047485113144,0.9047619104385376
l_curve_4,485,0.22748352587223053,0.9047619104385376
l_curve_4,486,0.22712452709674835,0.9047619104385376
l_curve_4,487,0.22685228288173676,0.9047619104385376
l_curve_4,488,0.22672605514526367,0.9047619104385376
l_curve_4,489,0.22679755091667175,0.9047619104385376
l_curve_4,490,0.226951003074646,0.9047619104385376
l_curve_4,491,0.22694037854671478,0.9047619104385376
l_curve_4,492,0.22663787007331848,0.9047619104385376
l_curve_4,493,0.22623248398303986,0.9047619104385376
l_curve_4,494,0.22611673176288605,0.9047619104385376
l_curve_4,495,0.22583185136318207,0.9047619104385376
l_curve_4,496,0.22566631436347961,0.9047619104385376
l_curve_4,497,0.22532835602760315,0.9047619104385376
l_curve_4,498,0.22519293427467346,0.9047619104385376
l_curve_4,499,0.22522041201591492,0.9047619104385376
l_curve_4,500,0.22514218091964722,0.9047619104385376
l_curve_4,501,0.22478199005126953,0.9047619104385376
l_curve_4,502,0.22449368238449097,0.9047619104385376
l_curve_4,503,0.22458116710186005,0.9047619104385376
l_curve_4,504,0.22444643080234528,0.9047619104385376
l_curve_4,505,0.22433623671531677,0.9047619104385376
l_curve_4,506,0.22419393062591553,0.9047619104385376
l_curve_4,507,0.22427970170974731,0.9047619104385376
l_curve_4,508,0.2245425432920456,0.9047619104385376
l_curve_4,509,0.22444698214530945,0.9047619104385376
l_curve_4,510,0.22412851452827454,0.9047619104385376
l_curve_4,511,0.22396937012672424,0.9047619104385376
l_curve_4,512,0.22380833327770233,0.9047619104385376
l_curve_4,513,0.2237596958875656,0.9047619104385376
l_curve_4,514,0.22357900440692902,0.9047619104385376
l_curve_4,515,0.2235254943370819,0.9047619104385376
l_curve_4,516,0.22356796264648438,0.9047619104385376
l_curve_4,517,0.22343717515468597,0.9047619104385376
l_curve_4,518,0.2233937531709671,0.9047619104385376
l_curve_4,519,0.22344927489757538,0.9047619104385376
l_curve_4,520,0.22359943389892578,0.9047619104385376
l_curve_4,521,0.22343172132968903,0.9047619104385376
l_curve_4,522,0.2233927845954895,0.9047619104385376
l_curve_4,523,0.22327366471290588,0.9047619104385376
l_curve_4,524,0.22312702238559723,0.9047619104385376
l_curve_4,525,0.22300633788108826,0.9047619104385376
l_curve_4,526,0.22293813526630402,0.9047619104385376
l_curve_4,527,0.2226288616657257,0.9047619104385376
l_curve_4,528,0.2225894033908844,0.9047619104385376
l_curve_4,529,0.22227512300014496,0.9047619104385376
l_curve_4,530,0.22210098803043365,0.9047619104385376
l_curve_4,531,0.2221592664718628,0.9047619104385376
l_curve_4,532,0.22192972898483276,0.9047619104385376
l_curve_4,533,0.22193990647792816,0.9047619104385376
l_curve_4,534,0.2220749408006668,0.9047619104385376
l_curve_4,535,0.22217218577861786,0.9047619104385376
l_curve_4,536,0.22221505641937256,0.9047619104385376
l_curve_4,537,0.2222091108560562,0.9047619104385376
l_curve_4,538,0.22230775654315948,0.9047619104385376
l_curve_4,539,0.22218163311481476,0.9047619104385376
l_curve_4,540,0.22198495268821716,0.9047619104385376
l_curve_4,541,0.22185902297496796,0.9047619104385376
l_curve_4,542,0.22166240215301514,0.9047619104385376
l_curve_4,543,0.22146451473236084,0.9047619104385376
l_curve_4,544,0.22125227749347687,0.9047619104385376
l_curve_4,545,0.2211572527885437,0.9047619104385376
l_curve_4,546,0.22105827927589417,0.9047619104385376
l_curve_4,547,0.22064407169818878,0.9047619104385376
l_curve_4,548,0.22075879573822021,0.9047619104385376
l_curve_4,549,0.22084692120552063,0.9047619104385376
l_curve_4,550,0.22076065838336945,0.9047619104385376
l_curve_4,551,0.2207479178905487,0.9047619104385376
l_curve_4,552,0.2205285131931305,0.9047619104385376
l_curve_4,553,0.22034284472465515,0.9047619104385376
l_curve_4,554,0.22019922733306885,0.9047619104385376
l_curve_4,555,0.21990646421909332,0.9047619104385376
l_curve_4,556,0.21982038021087646,0.9047619104385376
l_curve_4,557,0.21980653703212738,0.9047619104385376
l_curve_4,558,0.22009623050689697,0.9047619104385376
l_curve_4,559,0.22015121579170227,0.9047619104385376
l_curve_4,560,0.22004014253616333,0.9047619104385376
l_curve_4,561,0.2198861688375473,0.9047619104385376
l_curve_4,562,0.21930867433547974,0.9047619104385376
l_curve_4,563,0.2190733402967453,0.9047619104385376
l_curve_4,564,0.21924994885921478,0.9047619104385376
l_curve_4,565,0.21917855739593506,0.9047619104385376
l_curve_4,566,0.21924248337745667,0.9047619104385376
l_curve_4,567,0.21905063092708588,0.9047619104385376
l_curve_4,568,0.2190614491701126,0.9047619104385376
l_curve_4,569,0.21907775104045868,0.9047619104385376
l_curve_4,570,0.21906830370426178,0.9047619104385376
l_curve_4,571,0.21901148557662964,0.9047619104385376
l_curve_4,572,0.2188412845134735,0.9047619104385376
l_curve_4,573,0.2186574935913086,0.9047619104385376
l_curve_4,574,0.21864436566829681,0.9047619104385376
l_curve_4,575,0.21849511563777924,0.9047619104385376
l_curve_4,576,0.21867690980434418,0.9047619104385376
l_curve_4,577,0.21860967576503754,0.9047619104385376
l_curve_4,578,0.2183816134929657,0.9047619104385376
l_curve_4,579,0.2181396186351776,0.9047619104385376
l_curve_4,580,0.21776540577411652,0.9047619104385376
l_curve_4,581,0.21780741214752197,0.9047619104385376
l_curve_4,582,0.21807076036930084,0.9047619104385376
l_curve_4,583,0.21809664368629456,0.9047619104385376
l_curve_4,584,0.21826426684856415,0.9047619104385376
l_curve_4,585,0.21811453998088837,0.9047619104385376
l_curve_4,586,0.21810367703437805,0.9047619104385376
l_curve_4,587,0.21783529222011566,0.9047619104385376
l_curve_4,588,0.2175823450088501,0.9047619104385376
l_curve_4,589,0.2174176275730133,0.9047619104385376
l_curve_4,590,0.21718823909759521,0.9047619104385376
l_curve_4,591,0.2170131504535675,0.9047619104385376
l_curve_4,592,0.21688587963581085,0.9047619104385376
l_curve_4,593,0.21684446930885315,0.9047619104385376
l_curve_4,594,0.2167876809835434,0.9047619104385376
l_curve_4,595,0.2165861576795578,0.9047619104385376
l_curve_4,596,0.21675123274326324,0.9047619104385376
l_curve_4,597,0.2167714387178421,0.9047619104385376
l_curve_4,598,0.2165595442056656,0.9047619104385376
l_curve_4,599,0.21657948195934296,0.9047619104385376
l_curve_4,600,0.21659091114997864,0.9047619104385376
l_curve_4,601,0.21667428314685822,0.9047619104385376
l_curve_4,602,0.21657493710517883,0.9047619104385376
l_curve_4,603,0.21661277115345,0.9047619104385376
l_curve_4,604,0.2166910171508789,0.9047619104385376
l_curve_4,605,0.21683986485004425,0.9047619104385376
l_curve_4,606,0.21694400906562805,0.9047619104385376
l_curve_4,607,0.21699203550815582,0.9047619104385376
l_curve_4,608,0.21677857637405396,0.9047619104385376
l_curve_4,609,0.2165880650281906,0.9047619104385376
l_curve_4,610,0.2162468284368515,0.9047619104385376
l_curve_4,611,0.21642853319644928,0.9047619104385376
l_curve_4,612,0.21676389873027802,0.9047619104385376
l_curve_4,613,0.2166498452425003,0.9047619104385376
l_curve_4,614,0.216413676738739,0.9047619104385376
l_curve_4,615,0.21603137254714966,0.9047619104385376
l_curve_4,616,0.2158813774585724,0.9047619104385376
l_curve_4,617,0.2158784419298172,0.9047619104385376
l_curve_4,618,0.21555621922016144,0.9047619104385376
l_curve_4,619,0.2154993712902069,0.9047619104385376
l_curve_4,620,0.215622216463089,0.9047619104385376
l_curve_4,621,0.21570023894309998,0.9047619104385376
l_curve_4,622,0.21567942202091217,0.9047619104385376
l_curve_4,623,0.21561791002750397,0.9047619104385376
l_curve_4,624,0.215508371591568,0.9047619104385376
l_curve_4,625,0.21537430584430695,0.9047619104385376
l_curve_4,626,0.2152845710515976,0.9047619104385376
l_curve_4,627,0.21528947353363037,0.9047619104385376
l_curve_4,628,0.21509678661823273,0.9047619104385376
l_curve_4,629,0.21483668684959412,0.9047619104385376
l_curve_4,630,0.21484701335430145,0.9047619104385376
l_curve_4,631,0.2149980664253235,0.9047619104385376
l_curve_4,632,0.21497327089309692,0.9047619104385376
l_curve_4,633,0.21457068622112274,0.9047619104385376
l_curve_4,634,0.21445170044898987,0.9047619104385376
l_curve_4,635,0.214753195643425,0.9047619104385376
l_curve_4,636,0.21500955522060394,0.9047619104385376
l_curve_4,637,0.21511654555797577,0.9047619104385376
l_curve_4,638,0.21528825163841248,0.9047619104385376
l_curve_4,639,0.2152145951986313,0.9047619104385376
l_curve_4,640,0.2149284929037094,0.9047619104385376
l_curve_4,641,0.21480214595794678,0.9047619104385376
l_curve_4,642,0.21444061398506165,0.9047619104385376
l_curve_4,643,0.214574933052063,0.9047619104385376
l_curve_4,644,0.2144518345594406,0.9047619104385376
l_curve_4,645,0.21433739364147186,0.9047619104385376
l_curve_4,646,0.2141103744506836,0.9047619104385376
l_curve_4,647,0.21401691436767578,0.9047619104385376
l_curve_4,648,0.21397149562835693,0.9047619104385376
l_curve_4,649,0.21379712224006653,0.9047619104385376
l_curve_4,650,0.2136441171169281,0.9047619104385376
l_curve_4,651,0.21362245082855225,0.9047619104385376
l_curve_4,652,0.21347305178642273,0.9047619104385376
l_curve_4,653,0.21338780224323273,0.9047619104385376
l_curve_4,654,0.21329471468925476,0.9047619104385376
l_curve_4,655,0.21337635815143585,0.9047619104385376
l_curve_4,656,0.21326982975006104,0.9047619104385376
l_curve_4,657,0.21345537900924683,0.9047619104385376
l_curve_4,658,0.21351319551467896,0.9047619104385376
l_curve_4,659,0.21327213943004608,0.9047619104385376
l_curve_4,660,0.21334269642829895,0.9047619104385376
l_curve_4,661,0.213504359126091,0.9047619104385376
l_curve_4,662,0.21344521641731262,0.9047619104385376
l_curve_4,663,0.2134113758802414,0.9047619104385376
l_curve_4,664,0.21323277056217194,0.9047619104385376
l_curve_4,665,0.21323750913143158,0.9047619104385376
l_curve_4,666,0.2131211906671524,0.9047619104385376
l_curve_4,667,0.21279729902744293,0.9047619104385376
l_curve_4,668,0.2125428467988968,0.9047619104385376
l_curve_4,669,0.21262997388839722,0.9047619104385376
l_curve_4,670,0.2125474363565445,0.9047619104385376
l_curve_4,671,0.2127051055431366,0.9047619104385376
l_curve_4,672,0.2128157615661621,0.9047619104385376
l_curve_4,673,0.2127784788608551,0.9047619104385376
l_curve_4,674,0.21256980299949646,0.9047619104385376
l_curve_4,675,0.21254314482212067,0.9047619104385376
l_curve_4,676,0.21244053542613983,0.9047619104385376
l_curve_4,677,0.21213649213314056,0.9047619104385376
l_curve_4,678,0.21176506578922272,0.9047619104385376
l_curve_4,679,0.2115715593099594,0.9047619104385376
l_curve_4,680,0.21144649386405945,0.9047619104385376
l_curve_4,681,0.21170322597026825,0.9047619104385376
l_curve_4,682,0.21176664531230927,0.9047619104385376
l_curve_4,683,0.21178635954856873,0.9047619104385376
l_curve_4,684,0.21174390614032745,0.9047619104385376
l_curve_4,685,0.2116820216178894,0.9047619104385376
l_curve_4,686,0.21156935393810272,0.9047619104385376
l_curve_4,687,0.21125493943691254,0.9047619104385376
l_curve_4,688,0.21125562489032745,0.9047619104385376
l_curve_4,689,0.21088790893554688,0.9047619104385376
l_curve_4,690,0.2108013778924942,0.9047619104385376
l_curve_4,691,0.21091854572296143,0.9047619104385376
l_curve_4,692,0.21094274520874023,0.9047619104385376
l_curve_4,693,0.21078504621982574,0.9047619104385376
l_curve_4,694,0.21087317168712616,0.9047619104385376
l_curve_4,695,0.21074645221233368,0.9047619104385376
l_curve_4,696,0.2108590304851532,0.9047619104385376
l_curve_4,697,0.2107177972793579,0.9047619104385376
l_curve_4,698,0.21039268374443054,0.9047619104385376
l_curve_4,699,0.21019034087657928,0.9047619104385376
l_curve_4,700,0.2099025994539261,0.9047619104385376
l_curve_4,701,0.20981363952159882,0.9047619104385376
l_curve_4,702,0.20983155071735382,0.9047619104385376
l_curve_4,703,0.20967523753643036,0.9047619104385376
l_curve_4,704,0.20954367518424988,0.9047619104385376
l_curve_4,705,0.20952650904655457,0.9047619104385376
l_curve_4,706,0.2093828320503235,0.9047619104385376
l_curve_4,707,0.20885159075260162,0.9047619104385376
l_curve_4,708,0.208938866853714,0.9047619104385376
l_curve_4,709,0.20895616710186005,0.9047619104385376
l_curve_4,710,0.20884844660758972,0.9047619104385376
l_curve_4,711,0.209031879901886,0.9047619104385376
l_curve_4,712,0.20906230807304382,0.9047619104385376
l_curve_4,713,0.20889945328235626,0.9047619104385376
l_curve_4,714,0.20883387327194214,0.9047619104385376
l_curve_4,715,0.20871391892433167,0.9047619104385376
l_curve_4,716,0.20829986035823822,0.9047619104385376
l_curve_4,717,0.2082638442516327,0.9047619104385376
l_curve_4,718,0.20798441767692566,0.9047619104385376
l_curve_4,719,0.2080567479133606,0.9047619104385376
l_curve_4,720,0.20804300904273987,0.9047619104385376
l_curve_4,721,0.2078995406627655,0.9047619104385376
l_curve_4,722,0.20799750089645386,0.9047619104385376
l_curve_4,723,0.20788761973381042,0.9047619104385376
l_curve_4,724,0.20748326182365417,0.9047619104385376
l_curve_4,725,0.20748107135295868,0.9047619104385376
l_curve_4,726,0.20746751129627228,0.9047619104385376
l_curve_4,727,0.20733842253684998,0.9047619104385376
l_curve_4,728,0.20726025104522705,0.9047619104385376
l_curve_4,729,0.20709922909736633,0.9047619104385376
l_curve_4,730,0.20717789232730865,0.9047619104385376
l_curve_4,731,0.20694749057292938,0.9047619104385376
l_curve_4,732,0.2065805047750473,0.9523809552192688
l_curve_4,733,0.20619717240333557,0.9523809552192688
l_curve_4,734,0.20571504533290863,0.9523809552192688
l_curve_4,735,0.20506545901298523,0.9523809552192688
l_curve_4,736,0.2045435607433319,0.9523809552192688
l_curve_4,737,0.20442265272140503,0.9523809552192688
l_curve_4,738,0.20413072407245636,0.9523809552192688
l_curve_4,739,0.2037547379732132,0.9523809552192688
l_curve_4,740,0.20346668362617493,0.9523809552192688
l_curve_4,741,0.20317935943603516,0.9523809552192688
l_curve_4,742,0.2032756358385086,0.9523809552192688
l_curve_4,743,0.20332786440849304,0.9523809552192688
l_curve_4,744,0.20300963521003723,0.9523809552192688
l_curve_4,745,0.2023814469575882,0.9523809552192688
l_curve_4,746,0.20186714828014374,0.9523809552192688
l_curve_4,747,0.2016143798828125,0.9523809552192688
l_curve_4,748,0.20156535506248474,0.9523809552192688
l_curve_4,749,0.20135900378227234,0.9523809552192688
l_curve_4,750,0.2009914517402649,0.9523809552192688
l_curve_4,751,0.2006099820137024,0.9523809552192688
l_curve_4,752,0.20052507519721985,0.9523809552192688
l_curve_4,753,0.20019063353538513,0.9523809552192688
l_curve_4,754,0.19968800246715546,0.9523809552192688
l_curve_4,755,0.19922858476638794,0.9523809552192688
l_curve_4,756,0.19864174723625183,0.9523809552192688
l_curve_4,757,0.19813616573810577,0.9523809552192688
l_curve_4,758,0.1977054476737976,0.9523809552192688
l_curve_4,759,0.19700054824352264,0.9523809552192688
l_curve_4,760,0.19656598567962646,0.9523809552192688
l_curve_4,761,0.19608215987682343,0.9523809552192688
l_curve_4,762,0.19558803737163544,0.9523809552192688
l_curve_4,763,0.19501295685768127,0.9523809552192688
l_curve_4,764,0.19443753361701965,0.9523809552192688
l_curve_4,765,0.19388897716999054,0.9523809552192688
l_curve_4,766,0.1935315579175949,0.9523809552192688
l_curve_4,767,0.19301608204841614,0.9523809552192688
l_curve_4,768,0.19238099455833435,0.9523809552192688
l_curve_4,769,0.1918073445558548,0.9523809552192688
l_curve_4,770,0.19133147597312927,0.9523809552192688
l_curve_4,771,0.19091904163360596,0.9523809552192688
l_curve_4,772,0.1904291808605194,0.9523809552192688
l_curve_4,773,0.18987005949020386,0.9523809552192688
l_curve_4,774,0.189228817820549,0.9523809552192688
l_curve_4,775,0.18872229754924774,0.9523809552192688
l_curve_4,776,0.18806779384613037,0.9523809552192688
l_curve_4,777,0.1872272789478302,0.9523809552192688
l_curve_4,778,0.18643061816692352,0.9523809552192688
l_curve_4,779,0.18566739559173584,0.9523809552192688
l_curve_4,780,0.18506205081939697,0.9523809552192688
l_curve_4,781,0.1845019906759262,0.9523809552192688
l_curve_4,782,0.1838921308517456,0.9523809552192688
l_curve_4,783,0.18330612778663635,0.9523809552192688
l_curve_4,784,0.1828940063714981,0.9523809552192688
l_curve_4,785,0.18213853240013123,0.9523809552192688
l_curve_4,786,0.18133065104484558,0.9523809552192688
l_curve_4,787,0.18072132766246796,0.9523809552192688
l_curve_4,788,0.18007364869117737,0.9523809552192688
l_curve_4,789,0.17934094369411469,0.9523809552192688
l_curve_4,790,0.17857030034065247,0.9523809552192688
l_curve_4,791,0.17790696024894714,0.9523809552192688
l_curve_4,792,0.1773146241903305,0.9523809552192688
l_curve_4,793,0.17669513821601868,0.9523809552192688
l_curve_4,794,0.1759946495294571,0.9523809552192688
l_curve_4,795,0.17524580657482147,0.9523809552192688
l_curve_4,796,0.17459718883037567,0.9523809552192688
l_curve_4,797,0.17380043864250183,0.9523809552192688
l_curve_4,798,0.17298191785812378,0.9523809552192688
l_curve_4,799,0.17227685451507568,0.9523809552192688
l_curve_4,800,0.17147067189216614,0.9523809552192688
l_curve_4,801,0.17073389887809753,0.9523809552192688
l_curve_4,802,0.17015397548675537,0.9523809552192688
l_curve_4,803,0.16960018873214722,0.9523809552192688
l_curve_4,804,0.16893473267555237,0.9523809552192688
l_curve_4,805,0.16809000074863434,0.9523809552192688
l_curve_4,806,0.1672973334789276,0.9523809552192688
l_curve_4,807,0.16660933196544647,0.9523809552192688
l_curve_4,808,0.16588228940963745,0.9523809552192688
l_curve_4,809,0.16521410644054413,0.9523809552192688
l_curve_4,810,0.16443677246570587,0.9523809552192688
l_curve_4,811,0.16368837654590607,0.9523809552192688
l_curve_4,812,0.16320554912090302,0.9523809552192688
l_curve_4,813,0.16253480315208435,0.9523809552192688
l_curve_4,814,0.16192050278186798,0.9523809552192688
l_curve_4,815,0.16129697859287262,0.9523809552192688
l_curve_4,816,0.16056856513023376,0.9523809552192688
l_curve_4,817,0.15987370908260345,0.9523809552192688
l_curve_4,818,0.15915188193321228,0.9523809552192688
l_curve_4,819,0.15846242010593414,0.9523809552192688
l_curve_4,820,0.15780121088027954,0.9523809552192688
l_curve_4,821,0.15721125900745392,0.9523809552192688
l_curve_4,822,0.15656520426273346,0.9523809552192688
l_curve_4,823,0.1558622121810913,0.9523809552192688
l_curve_4,824,0.15514668822288513,0.9523809552192688
l_curve_4,825,0.15433917939662933,0.9523809552192688
l_curve_4,826,0.15374942123889923,0.9523809552192688
l_curve_4,827,0.15299999713897705,0.9523809552192688
l_curve_4,828,0.15236227214336395,0.9523809552192688
l_curve_4,829,0.1515694409608841,0.9523809552192688
l_curve_4,830,0.15080729126930237,0.9523809552192688
l_curve_4,831,0.1501837521791458,0.9523809552192688
l_curve_4,832,0.1494908630847931,0.9523809552192688
l_curve_4,833,0.14884260296821594,0.9523809552192688
l_curve_4,834,0.1481856107711792,0.9523809552192688
l_curve_4,835,0.14737951755523682,0.9523809552192688
l_curve_4,836,0.14672811329364777,0.9523809552192688
l_curve_4,837,0.1460694521665573,0.9523809552192688
l_curve_4,838,0.1452818065881729,0.9523809552192688
l_curve_4,839,0.1445857435464859,0.9523809552192688
l_curve_4,840,0.14395080506801605,0.9523809552192688
l_curve_4,841,0.14328034222126007,0.9523809552192688
l_curve_4,842,0.142645463347435,0.9523809552192688
l_curve_4,843,0.14216482639312744,0.9523809552192688
l_curve_4,844,0.14157158136367798,0.9523809552192688
l_curve_4,845,0.14089475572109222,0.9523809552192688
l_curve_4,846,0.14019666612148285,0.9523809552192688
l_curve_4,847,0.1396220475435257,0.9523809552192688
l_curve_4,848,0.13889214396476746,0.9523809552192688
l_curve_4,849,0.1382209062576294,0.9523809552192688
l_curve_4,850,0.13757389783859253,0.9523809552192688
l_curve_4,851,0.13699394464492798,0.9523809552192688
l_curve_4,852,0.13638393580913544,0.9523809552192688
l_curve_4,853,0.1357952058315277,0.9523809552192688
l_curve_4,854,0.13519886136054993,0.9523809552192688
l_curve_4,855,0.13468000292778015,0.9523809552192688
l_curve_4,856,0.1341468095779419,0.9523809552192688
l_curve_4,857,0.13349401950836182,0.9523809552192688
l_curve_4,858,0.13287253677845,0.9523809552192688
l_curve_4,859,0.13226725161075592,0.9523809552192688
l_curve_4,860,0.13173159956932068,0.9523809552192688
l_curve_4,861,0.13116240501403809,0.9523809552192688
l_curve_4,862,0.13060115277767181,0.9523809552192688
l_curve_4,863,0.130055770277977,0.9523809552192688
l_curve_4,864,0.12939825654029846,0.9523809552192688
l_curve_4,865,0.12873756885528564,0.9523809552192688
l_curve_4,866,0.12813803553581238,0.9523809552192688
l_curve_4,867,0.12752017378807068,0.9523809552192688
l_curve_4,868,0.12691093981266022,0.9523809552192688
l_curve_4,869,0.12629295885562897,0.9523809552192688
l_curve_4,870,0.12570752203464508,0.9523809552192688
l_curve_4,871,0.12513256072998047,0.9523809552192688
l_curve_4,872,0.12448921799659729,0.9523809552192688
l_curve_4,873,0.12383640557527542,0.9523809552192688
l_curve_4,874,0.12327012419700623,0.9523809552192688
l_curve_4,875,0.12279590219259262,0.9523809552192688
l_curve_4,876,0.12223116308450699,0.9523809552192688
l_curve_4,877,0.12177031487226486,0.9523809552192688
l_curve_4,878,0.12126382440328598,0.9523809552192688
l_curve_4,879,0.12075258791446686,0.9523809552192688
l_curve_4,880,0.12018149346113205,0.9523809552192688
l_curve_4,881,0.119597889482975,0.9523809552192688
l_curve_4,882,0.11905629187822342,0.9523809552192688
l_curve_4,883,0.1184767335653305,0.9523809552192688
l_curve_4,884,0.1178925409913063,0.9523809552192688
l_curve_4,885,0.11730881780385971,0.9523809552192688
l_curve_4,886,0.11674536019563675,0.9523809552192688
l_curve_4,887,0.11619745939970016,0.9523809552192688
l_curve_4,888,0.11569502204656601,0.9523809552192688
l_curve_4,889,0.11516369879245758,0.9523809552192688
l_curve_4,890,0.11470513045787811,0.9523809552192688
l_curve_4,891,0.11412397772073746,0.9523809552192688
l_curve_4,892,0.11356667429208755,0.9523809552192688
l_curve_4,893,0.11310263723134995,0.9523809552192688
l_curve_4,894,0.11259748786687851,0.9523809552192688
l_curve_4,895,0.11208897829055786,0.9523809552192688
l_curve_4,896,0.11155262589454651,0.9523809552192688
l_curve_4,897,0.11107340455055237,0.9523809552192688
l_curve_4,898,0.11059602349996567,0.9523809552192688
l_curve_4,899,0.11008986830711365,0.9523809552192688
l_curve_4,900,0.10956412553787231,0.9523809552192688
l_curve_4,901,0.10905300080776215,0.9523809552192688
l_curve_4,902,0.10858635604381561,0.9523809552192688
l_curve_4,903,0.10807789117097855,0.9523809552192688
l_curve_4,904,0.10756032913923264,0.9523809552192688
l_curve_4,905,0.10705943405628204,0.9523809552192688
l_curve_4,906,0.10657960921525955,0.9523809552192688
l_curve_4,907,0.10611668229103088,0.9523809552192688
l_curve_4,908,0.10568748414516449,0.9523809552192688
l_curve_4,909,0.10523629188537598,0.9523809552192688
l_curve_4,910,0.10476049035787582,0.9523809552192688
l_curve_4,911,0.10433634370565414,0.9523809552192688
l_curve_4,912,0.10384789109230042,0.9523809552192688
l_curve_4,913,0.10330287367105484,0.9523809552192688
l_curve_4,914,0.10286916047334671,0.9523809552192688
l_curve_4,915,0.10246004164218903,0.9523809552192688
l_curve_4,916,0.10202785581350327,0.9523809552192688
l_curve_4,917,0.10151152312755585,0.9523809552192688
l_curve_4,918,0.1010127067565918,0.9523809552192688
l_curve_4,919,0.10054801404476166,0.9523809552192688
l_curve_4,920,0.10010188072919846,0.9523809552192688
l_curve_4,921,0.09964797645807266,0.9523809552192688
l_curve_4,922,0.0991666167974472,0.9523809552192688
l_curve_4,923,0.09875170141458511,0.9523809552192688
l_curve_4,924,0.09830166399478912,0.9523809552192688
l_curve_4,925,0.09784041345119476,0.9523809552192688
l_curve_4,926,0.09742704778909683,0.9523809552192688
l_curve_4,927,0.09698076546192169,0.9523809552192688
l_curve_4,928,0.09649281203746796,0.9523809552192688
l_curve_4,929,0.09603811800479889,0.9523809552192688
l_curve_4,930,0.09561294317245483,0.9523809552192688
l_curve_4,931,0.09520815312862396,0.9523809552192688
l_curve_4,932,0.09480825811624527,0.9523809552192688
l_curve_4,933,0.09442175924777985,0.9523809552192688
l_curve_4,934,0.09402630478143692,0.9523809552192688
l_curve_4,935,0.09362521022558212,0.9523809552192688
l_curve_4,936,0.09321585297584534,0.9523809552192688
l_curve_4,937,0.09276027232408524,0.9523809552192688
l_curve_4,938,0.0923084169626236,0.9523809552192688
l_curve_4,939,0.09188886731863022,0.9523809552192688
l_curve_4,940,0.09151457995176315,0.9523809552192688
l_curve_4,941,0.09115315973758698,0.9523809552192688
l_curve_4,942,0.0907592624425888,0.9523809552192688
l_curve_4,943,0.09039542824029922,0.9523809552192688
l_curve_4,944,0.09001307189464569,0.9523809552192688
l_curve_4,945,0.08962681144475937,0.9523809552192688
l_curve_4,946,0.0891982838511467,0.9523809552192688
l_curve_4,947,0.08876688778400421,0.9523809552192688
l_curve_4,948,0.08834904432296753,0.9523809552192688
l_curve_4,949,0.08791519701480865,0.9523809552192688
l_curve_4,950,0.08755634725093842,0.9523809552192688
l_curve_4,951,0.08721572160720825,0.9523809552192688
l_curve_4,952,0.08683093637228012,0.9523809552192688
l_curve_4,953,0.08640783280134201,0.9523809552192688
l_curve_4,954,0.08599428832530975,0.9523809552192688
l_curve_4,955,0.08562968671321869,0.9523809552192688
l_curve_4,956,0.08525365591049194,0.9523809552192688
l_curve_4,957,0.08484915643930435,0.9523809552192688
l_curve_4,958,0.08443540334701538,0.9523809552192688
l_curve_4,959,0.08408775925636292,0.9523809552192688
l_curve_4,960,0.08371129631996155,0.9523809552192688
l_curve_4,961,0.08337326347827911,0.9523809552192688
l_curve_4,962,0.08302486687898636,0.9523809552192688
l_curve_4,963,0.08265196532011032,0.9523809552192688
l_curve_4,964,0.0822790265083313,0.9523809552192688
l_curve_4,965,0.08191098272800446,0.9523809552192688
l_curve_4,966,0.08152896165847778,0.9523809552192688
l_curve_4,967,0.08119213581085205,0.9523809552192688
l_curve_4,968,0.08088721334934235,0.9523809552192688
l_curve_4,969,0.08052877336740494,0.9523809552192688
l_curve_4,970,0.08014525473117828,0.9523809552192688
l_curve_4,971,0.07979588210582733,0.9523809552192688
l_curve_4,972,0.07942084223031998,0.9523809552192688
l_curve_4,973,0.07906018197536469,0.9523809552192688
l_curve_4,974,0.07871237397193909,0.9523809552192688
l_curve_4,975,0.07837449759244919,0.9523809552192688
l_curve_4,976,0.0780106633901596,0.9523809552192688
l_curve_4,977,0.07764946669340134,0.9523809552192688
l_curve_4,978,0.07731717824935913,0.9523809552192688
l_curve_4,979,0.07698716223239899,0.9523809552192688
l_curve_4,980,0.07666222006082535,0.9523809552192688
l_curve_4,981,0.07629957050085068,0.9523809552192688
l_curve_4,982,0.0759853646159172,0.9523809552192688
l_curve_4,983,0.07564525306224823,0.9523809552192688
l_curve_4,984,0.07529503852128983,0.9523809552192688
l_curve_4,985,0.0749550387263298,0.9523809552192688
l_curve_4,986,0.07463164627552032,0.9523809552192688
l_curve_4,987,0.07434327155351639,0.9523809552192688
l_curve_4,988,0.07400431483983994,0.9523809552192688
l_curve_4,989,0.07369013130664825,1.0
l_curve_4,990,0.07337216287851334,1.0
l_curve_4,991,0.07300116121768951,1.0
l_curve_4,992,0.07267428934574127,1.0
l_curve_4,993,0.07236611098051071,1.0
l_curve_4,994,0.0720709040760994,1.0
l_curve_4,995,0.0717611238360405,1.0
l_curve_4,996,0.07143542915582657,1.0
l_curve_4,997,0.07113033533096313,1.0
l_curve_4,998,0.07084786146879196,1.0
l_curve_4,999,0.070546954870224,1.0
l_curve_4,1000,0.07024747133255005,1.0
l_curve_4,1000,0.07024747133255005,1.0
