client,round,loss,accuracy
l_curve_3,1,0.7108687162399292,0.5714285969734192
l_curve_3,2,0.7069813013076782,0.5714285969734192
l_curve_3,3,0.7032692432403564,0.5714285969734192
l_curve_3,4,0.6996876001358032,0.5714285969734192
l_curve_3,5,0.6962122321128845,0.5714285969734192
l_curve_3,6,0.6928538680076599,0.5714285969734192
l_curve_3,7,0.6895836591720581,0.5714285969734192
l_curve_3,8,0.6864369511604309,0.5714285969734192
l_curve_3,9,0.6833806037902832,0.5714285969734192
l_curve_3,10,0.6804173588752747,0.5714285969734192
l_curve_3,11,0.677570641040802,0.5714285969734192
l_curve_3,12,0.6748263239860535,0.5714285969734192
l_curve_3,13,0.672142744064331,0.5714285969734192
l_curve_3,14,0.6695113778114319,0.5714285969734192
l_curve_3,15,0.6669653654098511,0.5714285969734192
l_curve_3,16,0.6644837856292725,0.5714285969734192
l_curve_3,17,0.6620568037033081,0.5714285969734192
l_curve_3,18,0.6596999764442444,0.5714285969734192
l_curve_3,19,0.6573888063430786,0.5714285969734192
l_curve_3,20,0.6551291942596436,0.5714285969734192
l_curve_3,21,0.6529251933097839,0.5714285969734192
l_curve_3,22,0.6507704257965088,0.5714285969734192
l_curve_3,23,0.6486614942550659,0.5714285969734192
l_curve_3,24,0.6465842723846436,0.5714285969734192
l_curve_3,25,0.6445523500442505,0.6666666865348816
l_curve_3,26,0.6425507068634033,0.6666666865348816
l_curve_3,27,0.640570878982544,0.6666666865348816
l_curve_3,28,0.6386269927024841,0.6666666865348816
l_curve_3,29,0.6367127895355225,0.6666666865348816
l_curve_3,30,0.634829044342041,0.7142857313156128
l_curve_3,31,0.6329538226127625,0.7142857313156128
l_curve_3,32,0.6311022639274597,0.7142857313156128
l_curve_3,33,0.6292762756347656,0.7142857313156128
l_curve_3,34,0.6274768710136414,0.7142857313156128
l_curve_3,35,0.6256892085075378,0.7142857313156128
l_curve_3,36,0.6239385008811951,0.7142857313156128
l_curve_3,37,0.6221939921379089,0.7142857313156128
l_curve_3,38,0.6204695701599121,0.7142857313156128
l_curve_3,39,0.6187664270401001,0.7142857313156128
l_curve_3,40,0.6170717477798462,0.7142857313156128
l_curve_3,41,0.6153858304023743,0.7142857313156128
l_curve_3,42,0.6137160062789917,0.7142857313156128
l_curve_3,43,0.6120463609695435,0.761904776096344
l_curve_3,44,0.6103981733322144,0.7142857313156128
l_curve_3,45,0.6087578535079956,0.7142857313156128
l_curve_3,46,0.607117772102356,0.7142857313156128
l_curve_3,47,0.6055026650428772,0.7142857313156128
l_curve_3,48,0.6038892269134521,0.7142857313156128
l_curve_3,49,0.6022927165031433,0.7142857313156128
l_curve_3,50,0.6007058620452881,0.7142857313156128
l_curve_3,51,0.5991306304931641,0.7142857313156128
l_curve_3,52,0.5975584983825684,0.7142857313156128
l_curve_3,53,0.5959935784339905,0.7142857313156128
l_curve_3,54,0.594430685043335,0.761904776096344
l_curve_3,55,0.5928748846054077,0.761904776096344
l_curve_3,56,0.5913317799568176,0.761904776096344
l_curve_3,57,0.5898047685623169,0.761904776096344
l_curve_3,58,0.5882626175880432,0.761904776096344
l_curve_3,59,0.5867102742195129,0.761904776096344
l_curve_3,60,0.5851773023605347,0.761904776096344
l_curve_3,61,0.5836380124092102,0.761904776096344
l_curve_3,62,0.5820977091789246,0.761904776096344
l_curve_3,63,0.5805738568305969,0.8095238208770752
l_curve_3,64,0.57907634973526,0.8095238208770752
l_curve_3,65,0.5775581002235413,0.8095238208770752
l_curve_3,66,0.5760515332221985,0.8095238208770752
l_curve_3,67,0.574560284614563,0.8095238208770752
l_curve_3,68,0.5730844140052795,0.761904776096344
l_curve_3,69,0.5716066956520081,0.761904776096344
l_curve_3,70,0.5701491236686707,0.761904776096344
l_curve_3,71,0.568689227104187,0.761904776096344
l_curve_3,72,0.56722092628479,0.7142857313156128
l_curve_3,73,0.565764844417572,0.7142857313156128
l_curve_3,74,0.5643005967140198,0.7142857313156128
l_curve_3,75,0.5628474354743958,0.7142857313156128
l_curve_3,76,0.561394989490509,0.7142857313156128
l_curve_3,77,0.5599684715270996,0.7142857313156128
l_curve_3,78,0.5585256218910217,0.7142857313156128
l_curve_3,79,0.5570891499519348,0.7142857313156128
l_curve_3,80,0.5556302666664124,0.7142857313156128
l_curve_3,81,0.5541927814483643,0.7142857313156128
l_curve_3,82,0.552733302116394,0.7142857313156128
l_curve_3,83,0.55130535364151,0.7142857313156128
l_curve_3,84,0.5498782396316528,0.7142857313156128
l_curve_3,85,0.5484882593154907,0.7142857313156128
l_curve_3,86,0.5470864176750183,0.7142857313156128
l_curve_3,87,0.5456895232200623,0.7142857313156128
l_curve_3,88,0.544305682182312,0.7142857313156128
l_curve_3,89,0.5429302453994751,0.7142857313156128
l_curve_3,90,0.541555643081665,0.7142857313156128
l_curve_3,91,0.5401836633682251,0.7142857313156128
l_curve_3,92,0.5388303995132446,0.7142857313156128
l_curve_3,93,0.5374910235404968,0.7142857313156128
l_curve_3,94,0.5361388325691223,0.7142857313156128
l_curve_3,95,0.5347777009010315,0.7142857313156128
l_curve_3,96,0.5334546566009521,0.7142857313156128
l_curve_3,97,0.5321391224861145,0.7142857313156128
l_curve_3,98,0.5307939648628235,0.7142857313156128
l_curve_3,99,0.5294919013977051,0.7142857313156128
l_curve_3,100,0.5281644463539124,0.7142857313156128
l_curve_3,101,0.5268539190292358,0.7142857313156128
l_curve_3,102,0.5255500674247742,0.7142857313156128
l_curve_3,103,0.5242568850517273,0.7142857313156128
l_curve_3,104,0.5229830741882324,0.7142857313156128
l_curve_3,105,0.5217028260231018,0.7142857313156128
l_curve_3,106,0.5204469561576843,0.7142857313156128
l_curve_3,107,0.519192099571228,0.7142857313156128
l_curve_3,108,0.517974317073822,0.7142857313156128
l_curve_3,109,0.5167373418807983,0.7142857313156128
l_curve_3,110,0.5155274868011475,0.7142857313156128
l_curve_3,111,0.5143177509307861,0.7142857313156128
l_curve_3,112,0.5131102800369263,0.7142857313156128
l_curve_3,113,0.5119067430496216,0.7142857313156128
l_curve_3,114,0.510715126991272,0.7142857313156128
l_curve_3,115,0.5094979405403137,0.7142857313156128
l_curve_3,116,0.5083041191101074,0.7142857313156128
l_curve_3,117,0.507148265838623,0.7142857313156128
l_curve_3,118,0.5060060620307922,0.7142857313156128
l_curve_3,119,0.504858672618866,0.7142857313156128
l_curve_3,120,0.503706157207489,0.7142857313156128
l_curve_3,121,0.5025908350944519,0.7142857313156128
l_curve_3,122,0.5014832019805908,0.7142857313156128
l_curve_3,123,0.5003998875617981,0.7142857313156128
l_curve_3,124,0.4992666244506836,0.7142857313156128
l_curve_3,125,0.4981306493282318,0.7142857313156128
l_curve_3,126,0.49699705839157104,0.7142857313156128
l_curve_3,127,0.49590006470680237,0.7142857313156128
l_curve_3,128,0.49479180574417114,0.7142857313156128
l_curve_3,129,0.4937010407447815,0.7142857313156128
l_curve_3,130,0.4926142990589142,0.7142857313156128
l_curve_3,131,0.4915350079536438,0.7142857313156128
l_curve_3,132,0.49047884345054626,0.7142857313156128
l_curve_3,133,0.4894389510154724,0.7142857313156128
l_curve_3,134,0.4883806109428406,0.7142857313156128
l_curve_3,135,0.4873209595680237,0.7142857313156128
l_curve_3,136,0.4862876236438751,0.7142857313156128
l_curve_3,137,0.485268235206604,0.7142857313156128
l_curve_3,138,0.48426246643066406,0.7142857313156128
l_curve_3,139,0.48325252532958984,0.7142857313156128
l_curve_3,140,0.4822457730770111,0.7142857313156128
l_curve_3,141,0.4812518060207367,0.7142857313156128
l_curve_3,142,0.4802723824977875,0.7142857313156128
l_curve_3,143,0.47928938269615173,0.7142857313156128
l_curve_3,144,0.4783160388469696,0.7142857313156128
l_curve_3,145,0.4773382544517517,0.7142857313156128
l_curve_3,146,0.47637003660202026,0.7142857313156128
l_curve_3,147,0.475405752658844,0.7142857313156128
l_curve_3,148,0.47442859411239624,0.7142857313156128
l_curve_3,149,0.4734741449356079,0.7142857313156128
l_curve_3,150,0.47251564264297485,0.7142857313156128
l_curve_3,151,0.47153255343437195,0.7142857313156128
l_curve_3,152,0.4705781936645508,0.7142857313156128
l_curve_3,153,0.46965497732162476,0.7142857313156128
l_curve_3,154,0.46871858835220337,0.7142857313156128
l_curve_3,155,0.46777161955833435,0.7142857313156128
l_curve_3,156,0.4668380320072174,0.7142857313156128
l_curve_3,157,0.4658956527709961,0.7142857313156128
l_curve_3,158,0.46497389674186707,0.7142857313156128
l_curve_3,159,0.4640709459781647,0.7142857313156128
l_curve_3,160,0.4631592333316803,0.7142857313156128
l_curve_3,161,0.4622737765312195,0.7142857313156128
l_curve_3,162,0.46138936281204224,0.7142857313156128
l_curve_3,163,0.4604905843734741,0.7142857313156128
l_curve_3,164,0.4596121609210968,0.7142857313156128
l_curve_3,165,0.4587356150150299,0.7142857313156128
l_curve_3,166,0.4578722417354584,0.7142857313156128
l_curve_3,167,0.4570048153400421,0.7142857313156128
l_curve_3,168,0.4561628997325897,0.7142857313156128
l_curve_3,169,0.45530325174331665,0.7142857313156128
l_curve_3,170,0.4544593393802643,0.7142857313156128
l_curve_3,171,0.4535987079143524,0.7142857313156128
l_curve_3,172,0.4527255594730377,0.7142857313156128
l_curve_3,173,0.451875239610672,0.7142857313156128
l_curve_3,174,0.45101141929626465,0.7142857313156128
l_curve_3,175,0.45016416907310486,0.7142857313156128
l_curve_3,176,0.44931235909461975,0.7142857313156128
l_curve_3,177,0.4484601616859436,0.7142857313156128
l_curve_3,178,0.4476504921913147,0.7142857313156128
l_curve_3,179,0.4468371570110321,0.761904776096344
l_curve_3,180,0.4460311233997345,0.761904776096344
l_curve_3,181,0.4452263116836548,0.761904776096344
l_curve_3,182,0.44444185495376587,0.761904776096344
l_curve_3,183,0.4436403810977936,0.761904776096344
l_curve_3,184,0.44281333684921265,0.761904776096344
l_curve_3,185,0.4420175552368164,0.761904776096344
l_curve_3,186,0.44123825430870056,0.761904776096344
l_curve_3,187,0.44044166803359985,0.761904776096344
l_curve_3,188,0.43965038657188416,0.761904776096344
l_curve_3,189,0.4388684630393982,0.761904776096344
l_curve_3,190,0.4380694329738617,0.761904776096344
l_curve_3,191,0.4372706115245819,0.761904776096344
l_curve_3,192,0.4364832043647766,0.761904776096344
l_curve_3,193,0.4357052445411682,0.761904776096344
l_curve_3,194,0.4349186420440674,0.761904776096344
l_curve_3,195,0.4341579079627991,0.8095238208770752
l_curve_3,196,0.43340009450912476,0.8095238208770752
l_curve_3,197,0.4326285421848297,0.8095238208770752
l_curve_3,198,0.43183380365371704,0.8095238208770752
l_curve_3,199,0.43104034662246704,0.8095238208770752
l_curve_3,200,0.4302400052547455,0.8095238208770752
l_curve_3,201,0.4294702410697937,0.8095238208770752
l_curve_3,202,0.4287221431732178,0.8095238208770752
l_curve_3,203,0.42799142003059387,0.8095238208770752
l_curve_3,204,0.42727217078208923,0.8095238208770752
l_curve_3,205,0.4265443682670593,0.8095238208770752
l_curve_3,206,0.42583975195884705,0.8095238208770752
l_curve_3,207,0.4251112639904022,0.8095238208770752
l_curve_3,208,0.42436710000038147,0.8095238208770752
l_curve_3,209,0.4236491024494171,0.8095238208770752
l_curve_3,210,0.4229211211204529,0.8095238208770752
l_curve_3,211,0.42220884561538696,0.8095238208770752
l_curve_3,212,0.42146486043930054,0.8095238208770752
l_curve_3,213,0.4207434356212616,0.8095238208770752
l_curve_3,214,0.4199988842010498,0.8095238208770752
l_curve_3,215,0.41927874088287354,0.8095238208770752
l_curve_3,216,0.41858014464378357,0.8095238208770752
l_curve_3,217,0.41786620020866394,0.8095238208770752
l_curve_3,218,0.4171416461467743,0.8095238208770752
l_curve_3,219,0.41641953587532043,0.8095238208770752
l_curve_3,220,0.41569533944129944,0.8095238208770752
l_curve_3,221,0.4149782061576843,0.8095238208770752
l_curve_3,222,0.41426917910575867,0.8095238208770752
l_curve_3,223,0.4135794937610626,0.8095238208770752
l_curve_3,224,0.41289278864860535,0.8095238208770752
l_curve_3,225,0.4121793210506439,0.8095238208770752
l_curve_3,226,0.4114918112754822,0.8095238208770752
l_curve_3,227,0.4107993543148041,0.8095238208770752
l_curve_3,228,0.41012272238731384,0.8095238208770752
l_curve_3,229,0.409469872713089,0.8095238208770752
l_curve_3,230,0.4088206887245178,0.8095238208770752
l_curve_3,231,0.4081445038318634,0.8095238208770752
l_curve_3,232,0.4074847400188446,0.8095238208770752
l_curve_3,233,0.4068308472633362,0.8095238208770752
l_curve_3,234,0.4061572551727295,0.8095238208770752
l_curve_3,235,0.40548625588417053,0.8095238208770752
l_curve_3,236,0.40482208132743835,0.8095238208770752
l_curve_3,237,0.4041613042354584,0.8095238208770752
l_curve_3,238,0.40349024534225464,0.8095238208770752
l_curve_3,239,0.40284818410873413,0.8095238208770752
l_curve_3,240,0.40222904086112976,0.8095238208770752
l_curve_3,241,0.40160319209098816,0.8095238208770752
l_curve_3,242,0.40098822116851807,0.8095238208770752
l_curve_3,243,0.40037789940834045,0.8095238208770752
l_curve_3,244,0.39976173639297485,0.8095238208770752
l_curve_3,245,0.3991348147392273,0.8095238208770752
l_curve_3,246,0.3985152840614319,0.8095238208770752
l_curve_3,247,0.39790335297584534,0.8095238208770752
l_curve_3,248,0.3972819745540619,0.8095238208770752
l_curve_3,249,0.39668387174606323,0.8095238208770752
l_curve_3,250,0.396096408367157,0.8095238208770752
l_curve_3,251,0.39549240469932556,0.8095238208770752
l_curve_3,252,0.394887238740921,0.8095238208770752
l_curve_3,253,0.3942961096763611,0.8095238208770752
l_curve_3,254,0.39370959997177124,0.8095238208770752
l_curve_3,255,0.3931179642677307,0.8095238208770752
l_curve_3,256,0.39253678917884827,0.8095238208770752
l_curve_3,257,0.39194443821907043,0.8095238208770752
l_curve_3,258,0.3913576006889343,0.8095238208770752
l_curve_3,259,0.3907840847969055,0.8095238208770752
l_curve_3,260,0.3902125656604767,0.8095238208770752
l_curve_3,261,0.3896384537220001,0.8095238208770752
l_curve_3,262,0.3890695571899414,0.8095238208770752
l_curve_3,263,0.3884950280189514,0.8095238208770752
l_curve_3,264,0.38795143365859985,0.8095238208770752
l_curve_3,265,0.3873983919620514,0.8095238208770752
l_curve_3,266,0.3868456780910492,0.8095238208770752
l_curve_3,267,0.3862955570220947,0.8095238208770752
l_curve_3,268,0.3857612609863281,0.8095238208770752
l_curve_3,269,0.3852270543575287,0.8095238208770752
l_curve_3,270,0.38469749689102173,0.8095238208770752
l_curve_3,271,0.38414469361305237,0.8095238208770752
l_curve_3,272,0.38361793756484985,0.8095238208770752
l_curve_3,273,0.38310155272483826,0.8095238208770752
l_curve_3,274,0.3825843036174774,0.8095238208770752
l_curve_3,275,0.3820970952510834,0.8095238208770752
l_curve_3,276,0.38157689571380615,0.8095238208770752
l_curve_3,277,0.38107237219810486,0.8095238208770752
l_curve_3,278,0.3805771470069885,0.8095238208770752
l_curve_3,279,0.3800815939903259,0.8095238208770752
l_curve_3,280,0.3795868158340454,0.8095238208770752
l_curve_3,281,0.3791141211986542,0.8095238208770752
l_curve_3,282,0.37863248586654663,0.8095238208770752
l_curve_3,283,0.3781609833240509,0.8095238208770752
l_curve_3,284,0.37770411372184753,0.8095238208770752
l_curve_3,285,0.37724801898002625,0.8095238208770752
l_curve_3,286,0.37681612372398376,0.8095238208770752
l_curve_3,287,0.37636321783065796,0.8095238208770752
l_curve_3,288,0.3759070932865143,0.8095238208770752
l_curve_3,289,0.375447541475296,0.8095238208770752
l_curve_3,290,0.3749801218509674,0.8095238208770752
l_curve_3,291,0.37451955676078796,0.8095238208770752
l_curve_3,292,0.37407225370407104,0.8095238208770752
l_curve_3,293,0.373630553483963,0.8095238208770752
l_curve_3,294,0.3731818199157715,0.8095238208770752
l_curve_3,295,0.37273964285850525,0.8095238208770752
l_curve_3,296,0.37229686975479126,0.8095238208770752
l_curve_3,297,0.3718489110469818,0.8095238208770752
l_curve_3,298,0.3714197278022766,0.8095238208770752
l_curve_3,299,0.3709876239299774,0.8095238208770752
l_curve_3,300,0.3705665171146393,0.8095238208770752
l_curve_3,301,0.3701626658439636,0.8095238208770752
l_curve_3,302,0.3697441518306732,0.8095238208770752
l_curve_3,303,0.3693373501300812,0.8095238208770752
l_curve_3,304,0.368925005197525,0.8095238208770752
l_curve_3,305,0.36851534247398376,0.8095238208770752
l_curve_3,306,0.36811432242393494,0.8095238208770752
l_curve_3,307,0.3677201271057129,0.8095238208770752
l_curve_3,308,0.36730194091796875,0.8095238208770752
l_curve_3,309,0.3669198155403137,0.8095238208770752
l_curve_3,310,0.3665392994880676,0.8095238208770752
l_curve_3,311,0.3661615550518036,0.8095238208770752
l_curve_3,312,0.36579516530036926,0.8095238208770752
l_curve_3,313,0.3654307723045349,0.8095238208770752
l_curve_3,314,0.36506474018096924,0.8095238208770752
l_curve_3,315,0.3646918535232544,0.8095238208770752
l_curve_3,316,0.36432719230651855,0.8095238208770752
l_curve_3,317,0.3639804422855377,0.8095238208770752
l_curve_3,318,0.3636478781700134,0.8095238208770752
l_curve_3,319,0.36331790685653687,0.8095238208770752
l_curve_3,320,0.36296895146369934,0.8095238208770752
l_curve_3,321,0.36262306571006775,0.8095238208770752
l_curve_3,322,0.36229729652404785,0.8095238208770752
l_curve_3,323,0.36196038126945496,0.8095238208770752
l_curve_3,324,0.3616253435611725,0.8095238208770752
l_curve_3,325,0.3613045811653137,0.8095238208770752
l_curve_3,326,0.3609790802001953,0.8095238208770752
l_curve_3,327,0.3606736361980438,0.8095238208770752
l_curve_3,328,0.36036673188209534,0.8095238208770752
l_curve_3,329,0.3600606620311737,0.8095238208770752
l_curve_3,330,0.3597714900970459,0.8095238208770752
l_curve_3,331,0.3594832122325897,0.8095238208770752
l_curve_3,332,0.35918954014778137,0.8095238208770752
l_curve_3,333,0.3588819205760956,0.8095238208770752
l_curve_3,334,0.35859185457229614,0.8095238208770752
l_curve_3,335,0.35829585790634155,0.8095238208770752
l_curve_3,336,0.3580169975757599,0.8095238208770752
l_curve_3,337,0.3577449321746826,0.8095238208770752
l_curve_3,338,0.3574506640434265,0.8095238208770752
l_curve_3,339,0.3571628928184509,0.8095238208770752
l_curve_3,340,0.35686811804771423,0.8095238208770752
l_curve_3,341,0.35657718777656555,0.8095238208770752
l_curve_3,342,0.35629817843437195,0.8095238208770752
l_curve_3,343,0.3560182750225067,0.8095238208770752
l_curve_3,344,0.3557533025741577,0.8095238208770752
l_curve_3,345,0.35548365116119385,0.8095238208770752
l_curve_3,346,0.35522016882896423,0.8095238208770752
l_curve_3,347,0.35496920347213745,0.8095238208770752
l_curve_3,348,0.35471606254577637,0.8095238208770752
l_curve_3,349,0.3544648587703705,0.8095238208770752
l_curve_3,350,0.354206919670105,0.8095238208770752
l_curve_3,351,0.35395222902297974,0.8095238208770752
l_curve_3,352,0.3537054657936096,0.8095238208770752
l_curve_3,353,0.353453665971756,0.8095238208770752
l_curve_3,354,0.3532067537307739,0.8095238208770752
l_curve_3,355,0.3529761731624603,0.8095238208770752
l_curve_3,356,0.35275134444236755,0.8095238208770752
l_curve_3,357,0.352511465549469,0.8095238208770752
l_curve_3,358,0.352294385433197,0.8095238208770752
l_curve_3,359,0.3520771563053131,0.8095238208770752
l_curve_3,360,0.35185617208480835,0.8095238208770752
l_curve_3,361,0.35165590047836304,0.8095238208770752
l_curve_3,362,0.3514340817928314,0.8095238208770752
l_curve_3,363,0.3512343764305115,0.8095238208770752
l_curve_3,364,0.3510408401489258,0.8095238208770752
l_curve_3,365,0.3508429527282715,0.8095238208770752
l_curve_3,366,0.35063743591308594,0.8095238208770752
l_curve_3,367,0.3504515290260315,0.8095238208770752
l_curve_3,368,0.35026660561561584,0.8095238208770752
l_curve_3,369,0.3500591814517975,0.8095238208770752
l_curve_3,370,0.34987542033195496,0.8095238208770752
l_curve_3,371,0.3496863842010498,0.8095238208770752
l_curve_3,372,0.3494985103607178,0.8095238208770752
l_curve_3,373,0.349323034286499,0.8095238208770752
l_curve_3,374,0.34913089871406555,0.8095238208770752
l_curve_3,375,0.34892916679382324,0.8095238208770752
l_curve_3,376,0.3487200438976288,0.8095238208770752
l_curve_3,377,0.34850287437438965,0.8095238208770752
l_curve_3,378,0.34828925132751465,0.8095238208770752
l_curve_3,379,0.3480710983276367,0.8095238208770752
l_curve_3,380,0.3478654623031616,0.8095238208770752
l_curve_3,381,0.34764307737350464,0.8095238208770752
l_curve_3,382,0.3474418520927429,0.8095238208770752
l_curve_3,383,0.3472522497177124,0.8095238208770752
l_curve_3,384,0.3470616638660431,0.8095238208770752
l_curve_3,385,0.3468841016292572,0.8095238208770752
l_curve_3,386,0.34671562910079956,0.8095238208770752
l_curve_3,387,0.34653744101524353,0.8095238208770752
l_curve_3,388,0.3463651239871979,0.8095238208770752
l_curve_3,389,0.34618955850601196,0.8095238208770752
l_curve_3,390,0.3460197448730469,0.8095238208770752
l_curve_3,391,0.34586045145988464,0.8095238208770752
l_curve_3,392,0.3457150161266327,0.8095238208770752
l_curve_3,393,0.34556901454925537,0.8095238208770752
l_curve_3,394,0.34540191292762756,0.8095238208770752
l_curve_3,395,0.34524449706077576,0.8095238208770752
l_curve_3,396,0.34507596492767334,0.8095238208770752
l_curve_3,397,0.3449001908302307,0.8095238208770752
l_curve_3,398,0.3447330892086029,0.8095238208770752
l_curve_3,399,0.34456732869148254,0.8571428656578064
l_curve_3,400,0.34440118074417114,0.8571428656578064
l_curve_3,401,0.3442208766937256,0.8571428656578064
l_curve_3,402,0.344049870967865,0.8571428656578064
l_curve_3,403,0.343885213136673,0.8571428656578064
l_curve_3,404,0.34372565150260925,0.8571428656578064
l_curve_3,405,0.34358444809913635,0.8571428656578064
l_curve_3,406,0.3434588313102722,0.8571428656578064
l_curve_3,407,0.34332484006881714,0.8571428656578064
l_curve_3,408,0.3431990146636963,0.8571428656578064
l_curve_3,409,0.3430716097354889,0.8571428656578064
l_curve_3,410,0.3429526686668396,0.8571428656578064
l_curve_3,411,0.3428267538547516,0.8571428656578064
l_curve_3,412,0.34270426630973816,0.8571428656578064
l_curve_3,413,0.3425840139389038,0.8571428656578064
l_curve_3,414,0.34245285391807556,0.8571428656578064
l_curve_3,415,0.3423205316066742,0.8571428656578064
l_curve_3,416,0.3422071933746338,0.8571428656578064
l_curve_3,417,0.34208765625953674,0.8571428656578064
l_curve_3,418,0.34196117520332336,0.8571428656578064
l_curve_3,419,0.34186169505119324,0.8571428656578064
l_curve_3,420,0.34175896644592285,0.8571428656578064
l_curve_3,421,0.3416544497013092,0.8571428656578064
l_curve_3,422,0.3415414094924927,0.8571428656578064
l_curve_3,423,0.34144070744514465,0.8571428656578064
l_curve_3,424,0.34134456515312195,0.8571428656578064
l_curve_3,425,0.34123674035072327,0.8571428656578064
l_curve_3,426,0.34112852811813354,0.8571428656578064
l_curve_3,427,0.3410027325153351,0.8571428656578064
l_curve_3,428,0.34089332818984985,0.8571428656578064
l_curve_3,429,0.34077298641204834,0.8571428656578064
l_curve_3,430,0.34065577387809753,0.8571428656578064
l_curve_3,431,0.34056705236434937,0.8571428656578064
l_curve_3,432,0.34047842025756836,0.8571428656578064
l_curve_3,433,0.3403732180595398,0.8571428656578064
l_curve_3,434,0.34027162194252014,0.8571428656578064
l_curve_3,435,0.3401668071746826,0.8571428656578064
l_curve_3,436,0.3400692343711853,0.8571428656578064
l_curve_3,437,0.3399748206138611,0.8571428656578064
l_curve_3,438,0.3398878574371338,0.8571428656578064
l_curve_3,439,0.33978450298309326,0.8571428656578064
l_curve_3,440,0.33969372510910034,0.8571428656578064
l_curve_3,441,0.33958762884140015,0.8571428656578064
l_curve_3,442,0.33949780464172363,0.8571428656578064
l_curve_3,443,0.33940228819847107,0.8571428656578064
l_curve_3,444,0.3393096923828125,0.8571428656578064
l_curve_3,445,0.3392198979854584,0.8571428656578064
l_curve_3,446,0.339127779006958,0.8571428656578064
l_curve_3,447,0.3390474319458008,0.8571428656578064
l_curve_3,448,0.33895474672317505,0.8571428656578064
l_curve_3,449,0.3388761579990387,0.8571428656578064
l_curve_3,450,0.3388010561466217,0.8571428656578064
l_curve_3,451,0.33873412013053894,0.8571428656578064
l_curve_3,452,0.3386600613594055,0.8571428656578064
l_curve_3,453,0.3385918438434601,0.8571428656578064
l_curve_3,454,0.3385007977485657,0.8571428656578064
l_curve_3,455,0.33840933442115784,0.8571428656578064
l_curve_3,456,0.33832669258117676,0.8571428656578064
l_curve_3,457,0.3382488787174225,0.8571428656578064
l_curve_3,458,0.33816418051719666,0.8571428656578064
l_curve_3,459,0.3381015360355377,0.8571428656578064
l_curve_3,460,0.3380366563796997,0.8571428656578064
l_curve_3,461,0.337975412607193,0.8571428656578064
l_curve_3,462,0.3379109799861908,0.8571428656578064
l_curve_3,463,0.33785074949264526,0.8571428656578064
l_curve_3,464,0.33777955174446106,0.8571428656578064
l_curve_3,465,0.3377094864845276,0.8571428656578064
l_curve_3,466,0.33763131499290466,0.8571428656578064
l_curve_3,467,0.3375556170940399,0.8571428656578064
l_curve_3,468,0.33749333024024963,0.8571428656578064
l_curve_3,469,0.337430864572525,0.8571428656578064
l_curve_3,470,0.33736664056777954,0.8571428656578064
l_curve_3,471,0.337292343378067,0.8571428656578064
l_curve_3,472,0.3372342884540558,0.8571428656578064
l_curve_3,473,0.33718571066856384,0.8571428656578064
l_curve_3,474,0.3371364176273346,0.8571428656578064
l_curve_3,475,0.337078720331192,0.8571428656578064
l_curve_3,476,0.33702999353408813,0.8571428656578064
l_curve_3,477,0.3369763493537903,0.8571428656578064
l_curve_3,478,0.33690956234931946,0.8571428656578064
l_curve_3,479,0.3368612825870514,0.8571428656578064
l_curve_3,480,0.33681175112724304,0.8571428656578064
l_curve_3,481,0.33676180243492126,0.8571428656578064
l_curve_3,482,0.3367115557193756,0.8571428656578064
l_curve_3,483,0.3366713523864746,0.8571428656578064
l_curve_3,484,0.3366178870201111,0.8571428656578064
l_curve_3,485,0.33656439185142517,0.8571428656578064
l_curve_3,486,0.3365081548690796,0.8571428656578064
l_curve_3,487,0.3364761769771576,0.8571428656578064
l_curve_3,488,0.33641937375068665,0.8571428656578064
l_curve_3,489,0.33636248111724854,0.8571428656578064
l_curve_3,490,0.3363235890865326,0.8571428656578064
l_curve_3,491,0.33627578616142273,0.8571428656578064
l_curve_3,492,0.3362230956554413,0.8571428656578064
l_curve_3,493,0.3361763656139374,0.8571428656578064
l_curve_3,494,0.33611956238746643,0.8571428656578064
l_curve_3,495,0.33607086539268494,0.8571428656578064
l_curve_3,496,0.3360110819339752,0.8571428656578064
l_curve_3,497,0.33594027161598206,0.8571428656578064
l_curve_3,498,0.3358807861804962,0.8571428656578064
l_curve_3,499,0.33582091331481934,0.8571428656578064
l_curve_3,500,0.33577123284339905,0.8571428656578064
l_curve_3,501,0.33572983741760254,0.8571428656578064
l_curve_3,502,0.3356906771659851,0.8571428656578064
l_curve_3,503,0.33564838767051697,0.8571428656578064
l_curve_3,504,0.3356098532676697,0.8571428656578064
l_curve_3,505,0.33557337522506714,0.8571428656578064
l_curve_3,506,0.33552277088165283,0.8571428656578064
l_curve_3,507,0.3354623019695282,0.8571428656578064
l_curve_3,508,0.3354160487651825,0.8571428656578064
l_curve_3,509,0.33537983894348145,0.8571428656578064
l_curve_3,510,0.33534321188926697,0.8571428656578064
l_curve_3,511,0.33530160784721375,0.8571428656578064
l_curve_3,512,0.33524763584136963,0.8571428656578064
l_curve_3,513,0.3352034389972687,0.8571428656578064
l_curve_3,514,0.33517342805862427,0.8571428656578064
l_curve_3,515,0.33514606952667236,0.8571428656578064
l_curve_3,516,0.3351205885410309,0.8571428656578064
l_curve_3,517,0.3350892663002014,0.8571428656578064
l_curve_3,518,0.33504483103752136,0.8571428656578064
l_curve_3,519,0.3349997103214264,0.8571428656578064
l_curve_3,520,0.3349440395832062,0.8571428656578064
l_curve_3,521,0.33488699793815613,0.8571428656578064
l_curve_3,522,0.3348276615142822,0.8571428656578064
l_curve_3,523,0.3347614109516144,0.8571428656578064
l_curve_3,524,0.33469358086586,0.8571428656578064
l_curve_3,525,0.3346518576145172,0.8571428656578064
l_curve_3,526,0.3346270024776459,0.8571428656578064
l_curve_3,527,0.3345957100391388,0.8571428656578064
l_curve_3,528,0.33455219864845276,0.8571428656578064
l_curve_3,529,0.3345237374305725,0.8571428656578064
l_curve_3,530,0.33448129892349243,0.8571428656578064
l_curve_3,531,0.3344447612762451,0.8571428656578064
l_curve_3,532,0.3344018757343292,0.8571428656578064
l_curve_3,533,0.3343755304813385,0.8571428656578064
l_curve_3,534,0.3343525528907776,0.8571428656578064
l_curve_3,535,0.3343183994293213,0.8571428656578064
l_curve_3,536,0.33430734276771545,0.8571428656578064
l_curve_3,537,0.3342716097831726,0.8571428656578064
l_curve_3,538,0.3342309594154358,0.8571428656578064
l_curve_3,539,0.33421769738197327,0.8571428656578064
l_curve_3,540,0.3341892659664154,0.8571428656578064
l_curve_3,541,0.33415353298187256,0.8571428656578064
l_curve_3,542,0.33411726355552673,0.8571428656578064
l_curve_3,543,0.33408328890800476,0.8571428656578064
l_curve_3,544,0.33405038714408875,0.8571428656578064
l_curve_3,545,0.3340108096599579,0.8571428656578064
l_curve_3,546,0.3339645564556122,0.8571428656578064
l_curve_3,547,0.33391866087913513,0.8571428656578064
l_curve_3,548,0.33388689160346985,0.8571428656578064
l_curve_3,549,0.33385539054870605,0.8571428656578064
l_curve_3,550,0.33383068442344666,0.8571428656578064
l_curve_3,551,0.33381298184394836,0.8571428656578064
l_curve_3,552,0.3338070809841156,0.8571428656578064
l_curve_3,553,0.3337853252887726,0.8571428656578064
l_curve_3,554,0.3337656259536743,0.8571428656578064
l_curve_3,555,0.33374765515327454,0.8571428656578064
l_curve_3,556,0.33372393250465393,0.8571428656578064
l_curve_3,557,0.3337077498435974,0.8571428656578064
l_curve_3,558,0.3336964547634125,0.8571428656578064
l_curve_3,559,0.3336743712425232,0.8571428656578064
l_curve_3,560,0.33365941047668457,0.8571428656578064
l_curve_3,561,0.33363041281700134,0.8571428656578064
l_curve_3,562,0.33359915018081665,0.8571428656578064
l_curve_3,563,0.3335777819156647,0.8571428656578064
l_curve_3,564,0.33353906869888306,0.8571428656578064
l_curve_3,565,0.33353495597839355,0.8571428656578064
l_curve_3,566,0.33350521326065063,0.8571428656578064
l_curve_3,567,0.33347129821777344,0.8571428656578064
l_curve_3,568,0.333443820476532,0.8571428656578064
l_curve_3,569,0.33342668414115906,0.8571428656578064
l_curve_3,570,0.33340638875961304,0.8571428656578064
l_curve_3,571,0.3333885967731476,0.8571428656578064
l_curve_3,572,0.333368718624115,0.8571428656578064
l_curve_3,573,0.3333524167537689,0.8571428656578064
l_curve_3,574,0.3333323001861572,0.8571428656578064
l_curve_3,575,0.3333171308040619,0.8571428656578064
l_curve_3,576,0.3332892060279846,0.8571428656578064
l_curve_3,577,0.3332501947879791,0.8571428656578064
l_curve_3,578,0.33322182297706604,0.8571428656578064
l_curve_3,579,0.3331771492958069,0.8571428656578064
l_curve_3,580,0.3331294655799866,0.8571428656578064
l_curve_3,581,0.3330954611301422,0.8571428656578064
l_curve_3,582,0.3330571949481964,0.8571428656578064
l_curve_3,583,0.33302903175354004,0.8571428656578064
l_curve_3,584,0.33300381898880005,0.8571428656578064
l_curve_3,585,0.3329775333404541,0.8571428656578064
l_curve_3,586,0.33295074105262756,0.8571428656578064
l_curve_3,587,0.3329208195209503,0.8571428656578064
l_curve_3,588,0.33289599418640137,0.8571428656578064
l_curve_3,589,0.3328731954097748,0.8571428656578064
l_curve_3,590,0.3328368365764618,0.8571428656578064
l_curve_3,591,0.3328098654747009,0.8571428656578064
l_curve_3,592,0.33279064297676086,0.8571428656578064
l_curve_3,593,0.33277785778045654,0.8571428656578064
l_curve_3,594,0.33273136615753174,0.8571428656578064
l_curve_3,595,0.33269447088241577,0.8571428656578064
l_curve_3,596,0.33265700936317444,0.8571428656578064
l_curve_3,597,0.3326302468776703,0.8571428656578064
l_curve_3,598,0.33259671926498413,0.8571428656578064
l_curve_3,599,0.3325660228729248,0.8571428656578064
l_curve_3,600,0.3325606882572174,0.8571428656578064
l_curve_3,601,0.3325543999671936,0.8571428656578064
l_curve_3,602,0.3325221538543701,0.8571428656578064
l_curve_3,603,0.33249425888061523,0.8571428656578064
l_curve_3,604,0.3324738144874573,0.8571428656578064
l_curve_3,605,0.33243924379348755,0.8571428656578064
l_curve_3,606,0.33242011070251465,0.8571428656578064
l_curve_3,607,0.3323921859264374,0.8571428656578064
l_curve_3,608,0.332382470369339,0.8571428656578064
l_curve_3,609,0.3323611617088318,0.8571428656578064
l_curve_3,610,0.3323449492454529,0.8571428656578064
l_curve_3,611,0.3323347270488739,0.8571428656578064
l_curve_3,612,0.33232101798057556,0.8571428656578064
l_curve_3,613,0.33231839537620544,0.8571428656578064
l_curve_3,614,0.33230602741241455,0.8571428656578064
l_curve_3,615,0.33228567242622375,0.8571428656578064
l_curve_3,616,0.3322860300540924,0.8571428656578064
l_curve_3,617,0.33228302001953125,0.8571428656578064
l_curve_3,618,0.33226466178894043,0.8571428656578064
l_curve_3,619,0.3322480618953705,0.8571428656578064
l_curve_3,620,0.332232803106308,0.8571428656578064
l_curve_3,621,0.3322027027606964,0.8571428656578064
l_curve_3,622,0.3321652412414551,0.8571428656578064
l_curve_3,623,0.3321443498134613,0.8571428656578064
l_curve_3,624,0.3321230709552765,0.8571428656578064
l_curve_3,625,0.332089900970459,0.8571428656578064
l_curve_3,626,0.3320832848548889,0.8571428656578064
l_curve_3,627,0.33206692337989807,0.8571428656578064
l_curve_3,628,0.33204448223114014,0.8571428656578064
l_curve_3,629,0.3320348858833313,0.8571428656578064
l_curve_3,630,0.33201009035110474,0.8571428656578064
l_curve_3,631,0.33198103308677673,0.8571428656578064
l_curve_3,632,0.33193811774253845,0.8571428656578064
l_curve_3,633,0.3319079875946045,0.8571428656578064
l_curve_3,634,0.33188992738723755,0.8571428656578064
l_curve_3,635,0.33188483119010925,0.8571428656578064
l_curve_3,636,0.33186641335487366,0.8571428656578064
l_curve_3,637,0.3318464756011963,0.8571428656578064
l_curve_3,638,0.3318319618701935,0.8571428656578064
l_curve_3,639,0.3318086862564087,0.8571428656578064
l_curve_3,640,0.3317822515964508,0.8571428656578064
l_curve_3,641,0.3317653238773346,0.8571428656578064
l_curve_3,642,0.33174747228622437,0.8571428656578064
l_curve_3,643,0.3317544758319855,0.8571428656578064
l_curve_3,644,0.33174604177474976,0.8571428656578064
l_curve_3,645,0.33171653747558594,0.8571428656578064
l_curve_3,646,0.3317005932331085,0.8571428656578064
l_curve_3,647,0.33168137073516846,0.8571428656578064
l_curve_3,648,0.331676185131073,0.8571428656578064
l_curve_3,649,0.3316638469696045,0.8571428656578064
l_curve_3,650,0.3316571116447449,0.8571428656578064
l_curve_3,651,0.33164429664611816,0.8571428656578064
l_curve_3,652,0.33163928985595703,0.8571428656578064
l_curve_3,653,0.3316231369972229,0.8571428656578064
l_curve_3,654,0.33160319924354553,0.8571428656578064
l_curve_3,655,0.3315988779067993,0.8571428656578064
l_curve_3,656,0.3315693438053131,0.8571428656578064
l_curve_3,657,0.33154940605163574,0.8571428656578064
l_curve_3,658,0.3315284252166748,0.8571428656578064
l_curve_3,659,0.33151671290397644,0.8571428656578064
l_curve_3,660,0.3314928710460663,0.8571428656578064
l_curve_3,661,0.33146944642066956,0.8571428656578064
l_curve_3,662,0.3314448297023773,0.8571428656578064
l_curve_3,663,0.33143287897109985,0.8571428656578064
l_curve_3,664,0.3314223885536194,0.8571428656578064
l_curve_3,665,0.3314051628112793,0.8571428656578064
l_curve_3,666,0.33138307929039,0.8571428656578064
l_curve_3,667,0.3313666880130768,0.8571428656578064
l_curve_3,668,0.33135873079299927,0.8571428656578064
l_curve_3,669,0.3313402235507965,0.8571428656578064
l_curve_3,670,0.33132699131965637,0.8571428656578064
l_curve_3,671,0.3313267230987549,0.8571428656578064
l_curve_3,672,0.33131641149520874,0.8571428656578064
l_curve_3,673,0.33129653334617615,0.8571428656578064
l_curve_3,674,0.3312854766845703,0.8571428656578064
l_curve_3,675,0.33128082752227783,0.8571428656578064
l_curve_3,676,0.3312843143939972,0.8571428656578064
l_curve_3,677,0.3312872648239136,0.8571428656578064
l_curve_3,678,0.33127444982528687,0.8571428656578064
l_curve_3,679,0.3312548100948334,0.8571428656578064
l_curve_3,680,0.3312591314315796,0.8571428656578064
l_curve_3,681,0.33125290274620056,0.8571428656578064
l_curve_3,682,0.3312492370605469,0.8571428656578064
l_curve_3,683,0.33125296235084534,0.8571428656578064
l_curve_3,684,0.33125990629196167,0.8571428656578064
l_curve_3,685,0.33126300573349,0.8571428656578064
l_curve_3,686,0.3312528133392334,0.8571428656578064
l_curve_3,687,0.33125409483909607,0.8571428656578064
l_curve_3,688,0.3312561511993408,0.8571428656578064
l_curve_3,689,0.33124348521232605,0.8571428656578064
l_curve_3,690,0.3312443196773529,0.8571428656578064
l_curve_3,691,0.33123716711997986,0.8571428656578064
l_curve_3,692,0.33124643564224243,0.8571428656578064
l_curve_3,693,0.33124127984046936,0.8571428656578064
l_curve_3,694,0.331214040517807,0.8571428656578064
l_curve_3,695,0.33120405673980713,0.8571428656578064
l_curve_3,696,0.33120301365852356,0.8571428656578064
l_curve_3,697,0.33118459582328796,0.8571428656578064
l_curve_3,698,0.33117347955703735,0.8571428656578064
l_curve_3,699,0.331167072057724,0.8571428656578064
l_curve_3,700,0.33114612102508545,0.8571428656578064
l_curve_3,701,0.331108421087265,0.8571428656578064
l_curve_3,702,0.33108609914779663,0.8571428656578064
l_curve_3,703,0.33105865120887756,0.8571428656578064
l_curve_3,704,0.3310469090938568,0.8571428656578064
l_curve_3,705,0.3310238718986511,0.8571428656578064
l_curve_3,706,0.33099693059921265,0.8571428656578064
l_curve_3,707,0.33097606897354126,0.8571428656578064
l_curve_3,708,0.3309629559516907,0.8571428656578064
l_curve_3,709,0.33094456791877747,0.8571428656578064
l_curve_3,710,0.33094385266304016,0.8571428656578064
l_curve_3,711,0.33093130588531494,0.8571428656578064
l_curve_3,712,0.3309096395969391,0.8571428656578064
l_curve_3,713,0.3308908939361572,0.8571428656578064
l_curve_3,714,0.3308737874031067,0.8571428656578064
l_curve_3,715,0.33085641264915466,0.8571428656578064
l_curve_3,716,0.330838143825531,0.8571428656578064
l_curve_3,717,0.3308066129684448,0.8571428656578064
l_curve_3,718,0.3307670056819916,0.8571428656578064
l_curve_3,719,0.3307334780693054,0.8571428656578064
l_curve_3,720,0.33071401715278625,0.8571428656578064
l_curve_3,721,0.3307063579559326,0.8571428656578064
l_curve_3,722,0.33068832755088806,0.8571428656578064
l_curve_3,723,0.33066096901893616,0.8571428656578064
l_curve_3,724,0.3306322693824768,0.8571428656578064
l_curve_3,725,0.3306232690811157,0.8571428656578064
l_curve_3,726,0.33060067892074585,0.8571428656578064
l_curve_3,727,0.3305842876434326,0.8571428656578064
l_curve_3,728,0.3305862843990326,0.8571428656578064
l_curve_3,729,0.330583781003952,0.8571428656578064
l_curve_3,730,0.3305521309375763,0.8571428656578064
l_curve_3,731,0.3305283486843109,0.8571428656578064
l_curve_3,732,0.3305182158946991,0.8571428656578064
l_curve_3,733,0.3305092453956604,0.8571428656578064
l_curve_3,734,0.3305014967918396,0.8571428656578064
l_curve_3,735,0.33049044013023376,0.8571428656578064
l_curve_3,736,0.3304663598537445,0.8571428656578064
l_curve_3,737,0.33045700192451477,0.8571428656578064
l_curve_3,738,0.3304639458656311,0.8571428656578064
l_curve_3,739,0.3304634690284729,0.8571428656578064
l_curve_3,740,0.33047348260879517,0.8571428656578064
l_curve_3,741,0.3304702639579773,0.8571428656578064
l_curve_3,742,0.3304559886455536,0.8571428656578064
l_curve_3,743,0.33045774698257446,0.8571428656578064
l_curve_3,744,0.3304600417613983,0.8571428656578064
l_curve_3,745,0.33045947551727295,0.8571428656578064
l_curve_3,746,0.3304561376571655,0.8571428656578064
l_curve_3,747,0.3304554522037506,0.8571428656578064
l_curve_3,748,0.3304513692855835,0.8571428656578064
l_curve_3,749,0.33044713735580444,0.8571428656578064
l_curve_3,750,0.33042794466018677,0.8571428656578064
l_curve_3,751,0.3304065465927124,0.8571428656578064
l_curve_3,752,0.33039721846580505,0.8571428656578064
l_curve_3,753,0.3303973078727722,0.8571428656578064
l_curve_3,754,0.33038511872291565,0.8571428656578064
l_curve_3,755,0.3303924798965454,0.8571428656578064
l_curve_3,756,0.33039894700050354,0.8571428656578064
l_curve_3,757,0.330376535654068,0.8571428656578064
l_curve_3,758,0.33036884665489197,0.8571428656578064
l_curve_3,759,0.33035436272621155,0.8571428656578064
l_curve_3,760,0.3303442597389221,0.8571428656578064
l_curve_3,761,0.33034268021583557,0.8571428656578064
l_curve_3,762,0.3303321897983551,0.8571428656578064
l_curve_3,763,0.33032044768333435,0.8571428656578064
l_curve_3,764,0.3303124010562897,0.8571428656578064
l_curve_3,765,0.3303058445453644,0.8571428656578064
l_curve_3,766,0.33030009269714355,0.8571428656578064
l_curve_3,767,0.33027976751327515,0.8571428656578064
l_curve_3,768,0.33027222752571106,0.8571428656578064
l_curve_3,769,0.33025062084198,0.8571428656578064
l_curve_3,770,0.33023717999458313,0.8571428656578064
l_curve_3,771,0.3302221894264221,0.8571428656578064
l_curve_3,772,0.33021026849746704,0.8571428656578064
l_curve_3,773,0.33020853996276855,0.8571428656578064
l_curve_3,774,0.3302144408226013,0.8571428656578064
l_curve_3,775,0.3302096426486969,0.8571428656578064
l_curve_3,776,0.33020731806755066,0.8571428656578064
l_curve_3,777,0.330192893743515,0.8571428656578064
l_curve_3,778,0.3301791250705719,0.8571428656578064
l_curve_3,779,0.33016490936279297,0.8571428656578064
l_curve_3,780,0.33014658093452454,0.8571428656578064
l_curve_3,781,0.33013424277305603,0.8571428656578064
l_curve_3,782,0.33011630177497864,0.8571428656578064
l_curve_3,783,0.33010175824165344,0.8571428656578064
l_curve_3,784,0.33008408546447754,0.8571428656578064
l_curve_3,785,0.3300824761390686,0.8571428656578064
l_curve_3,786,0.33008095622062683,0.8571428656578064
l_curve_3,787,0.33007267117500305,0.8571428656578064
l_curve_3,788,0.3300751745700836,0.8571428656578064
l_curve_3,789,0.330058753490448,0.8571428656578064
l_curve_3,790,0.3300500810146332,0.8571428656578064
l_curve_3,791,0.3300236761569977,0.8571428656578064
l_curve_3,792,0.3300289511680603,0.8571428656578064
l_curve_3,793,0.33002322912216187,0.8571428656578064
l_curve_3,794,0.33003443479537964,0.8571428656578064
l_curve_3,795,0.33003008365631104,0.8571428656578064
l_curve_3,796,0.330035537481308,0.8571428656578064
l_curve_3,797,0.33003443479537964,0.8571428656578064
l_curve_3,798,0.3300462067127228,0.8571428656578064
l_curve_3,799,0.3300325870513916,0.8571428656578064
l_curve_3,800,0.3300260007381439,0.8571428656578064
l_curve_3,801,0.3300091028213501,0.8571428656578064
l_curve_3,802,0.32999739050865173,0.8571428656578064
l_curve_3,803,0.32999351620674133,0.8571428656578064
l_curve_3,804,0.3299812078475952,0.8571428656578064
l_curve_3,805,0.3299843370914459,0.8571428656578064
l_curve_3,806,0.3299759328365326,0.8571428656578064
l_curve_3,807,0.3299437165260315,0.8571428656578064
l_curve_3,808,0.32992321252822876,0.8571428656578064
l_curve_3,809,0.32991787791252136,0.8571428656578064
l_curve_3,810,0.32991623878479004,0.8571428656578064
l_curve_3,811,0.329912394285202,0.8571428656578064
l_curve_3,812,0.3298959732055664,0.8571428656578064
l_curve_3,813,0.32989639043807983,0.8571428656578064
l_curve_3,814,0.32988035678863525,0.8571428656578064
l_curve_3,815,0.329865962266922,0.8571428656578064
l_curve_3,816,0.329872727394104,0.8571428656578064
l_curve_3,817,0.3298801779747009,0.8571428656578064
l_curve_3,818,0.329878568649292,0.8571428656578064
l_curve_3,819,0.3298724889755249,0.8571428656578064
l_curve_3,820,0.3298565447330475,0.8571428656578064
l_curve_3,821,0.3298305571079254,0.8571428656578064
l_curve_3,822,0.3297838866710663,0.8571428656578064
l_curve_3,823,0.32976728677749634,0.8571428656578064
l_curve_3,824,0.3297490179538727,0.8571428656578064
l_curve_3,825,0.3297419846057892,0.8571428656578064
l_curve_3,826,0.3297363221645355,0.8571428656578064
l_curve_3,827,0.329723596572876,0.8571428656578064
l_curve_3,828,0.32970142364501953,0.8571428656578064
l_curve_3,829,0.32969754934310913,0.8571428656578064
l_curve_3,830,0.3296809494495392,0.8571428656578064
l_curve_3,831,0.32967084646224976,0.8571428656578064
l_curve_3,832,0.3296726644039154,0.8571428656578064
l_curve_3,833,0.3296791613101959,0.8571428656578064
l_curve_3,834,0.32967767119407654,0.8571428656578064
l_curve_3,835,0.3296564817428589,0.8571428656578064
l_curve_3,836,0.3296482563018799,0.8571428656578064
l_curve_3,837,0.32964396476745605,0.8571428656578064
l_curve_3,838,0.32962900400161743,0.8571428656578064
l_curve_3,839,0.3296002745628357,0.8571428656578064
l_curve_3,840,0.329592764377594,0.8571428656578064
l_curve_3,841,0.32959115505218506,0.8571428656578064
l_curve_3,842,0.32958197593688965,0.8571428656578064
l_curve_3,843,0.32956957817077637,0.8571428656578064
l_curve_3,844,0.32956138253211975,0.8571428656578064
l_curve_3,845,0.32954907417297363,0.8571428656578064
l_curve_3,846,0.3295436501502991,0.8571428656578064
l_curve_3,847,0.32954922318458557,0.8571428656578064
l_curve_3,848,0.32954591512680054,0.8571428656578064
l_curve_3,849,0.3295377194881439,0.8571428656578064
l_curve_3,850,0.3295348286628723,0.8571428656578064
l_curve_3,851,0.32952573895454407,0.8571428656578064
l_curve_3,852,0.32952195405960083,0.8571428656578064
l_curve_3,853,0.329510897397995,0.8571428656578064
l_curve_3,854,0.32949939370155334,0.8571428656578064
l_curve_3,855,0.3294908404350281,0.8571428656578064
l_curve_3,856,0.3294592499732971,0.8571428656578064
l_curve_3,857,0.32945674657821655,0.8571428656578064
l_curve_3,858,0.32944121956825256,0.8571428656578064
l_curve_3,859,0.3294215798377991,0.8571428656578064
l_curve_3,860,0.3293922543525696,0.8571428656578064
l_curve_3,861,0.32937100529670715,0.8571428656578064
l_curve_3,862,0.3293663561344147,0.8571428656578064
l_curve_3,863,0.32935357093811035,0.8571428656578064
l_curve_3,864,0.32935047149658203,0.8571428656578064
l_curve_3,865,0.329336017370224,0.8571428656578064
l_curve_3,866,0.32933303713798523,0.8571428656578064
l_curve_3,867,0.3293072283267975,0.8571428656578064
l_curve_3,868,0.329303115606308,0.8571428656578064
l_curve_3,869,0.3293071687221527,0.8571428656578064
l_curve_3,870,0.3293144404888153,0.8571428656578064
l_curve_3,871,0.329324871301651,0.8571428656578064
l_curve_3,872,0.32934248447418213,0.8571428656578064
l_curve_3,873,0.32936540246009827,0.8571428656578064
l_curve_3,874,0.329375296831131,0.8571428656578064
l_curve_3,875,0.3293752670288086,0.8571428656578064
l_curve_3,876,0.3293492794036865,0.8571428656578064
l_curve_3,877,0.32932204008102417,0.8571428656578064
l_curve_3,878,0.3293093144893646,0.8571428656578064
l_curve_3,879,0.32928574085235596,0.8571428656578064
l_curve_3,880,0.3292883038520813,0.8571428656578064
l_curve_3,881,0.3292756974697113,0.8571428656578064
l_curve_3,882,0.329254686832428,0.8571428656578064
l_curve_3,883,0.32924744486808777,0.8571428656578064
l_curve_3,884,0.32923775911331177,0.8571428656578064
l_curve_3,885,0.32922378182411194,0.8571428656578064
l_curve_3,886,0.3292239010334015,0.8571428656578064
l_curve_3,887,0.32922840118408203,0.8571428656578064
l_curve_3,888,0.32922500371932983,0.8571428656578064
l_curve_3,889,0.3292011618614197,0.8571428656578064
l_curve_3,890,0.3291892409324646,0.8571428656578064
l_curve_3,891,0.3291712999343872,0.8571428656578064
l_curve_3,892,0.32916951179504395,0.8571428656578064
l_curve_3,893,0.32916948199272156,0.8571428656578064
l_curve_3,894,0.3291558027267456,0.8571428656578064
l_curve_3,895,0.3291269838809967,0.8571428656578064
l_curve_3,896,0.32910287380218506,0.8571428656578064
l_curve_3,897,0.32909122109413147,0.8571428656578064
l_curve_3,898,0.3290758728981018,0.8571428656578064
l_curve_3,899,0.32906481623649597,0.8571428656578064
l_curve_3,900,0.3290438950061798,0.8571428656578064
l_curve_3,901,0.32902228832244873,0.8571428656578064
l_curve_3,902,0.32900652289390564,0.8571428656578064
l_curve_3,903,0.32900112867355347,0.8571428656578064
l_curve_3,904,0.32899537682533264,0.8571428656578064
l_curve_3,905,0.3289949893951416,0.8571428656578064
l_curve_3,906,0.3289913535118103,0.8571428656578064
l_curve_3,907,0.3289870321750641,0.8571428656578064
l_curve_3,908,0.32897084951400757,0.8571428656578064
l_curve_3,909,0.3289569914340973,0.8571428656578064
l_curve_3,910,0.3289531171321869,0.8571428656578064
l_curve_3,911,0.3289394974708557,0.8571428656578064
l_curve_3,912,0.3289439380168915,0.8571428656578064
l_curve_3,913,0.3289535641670227,0.8571428656578064
l_curve_3,914,0.32895559072494507,0.8571428656578064
l_curve_3,915,0.3289635479450226,0.8571428656578064
l_curve_3,916,0.3289622962474823,0.8571428656578064
l_curve_3,917,0.328965425491333,0.8571428656578064
l_curve_3,918,0.3289410471916199,0.8571428656578064
l_curve_3,919,0.3289359509944916,0.8571428656578064
l_curve_3,920,0.3289179801940918,0.8571428656578064
l_curve_3,921,0.3289050757884979,0.8571428656578064
l_curve_3,922,0.3288939893245697,0.8571428656578064
l_curve_3,923,0.3289008140563965,0.8571428656578064
l_curve_3,924,0.32889804244041443,0.8571428656578064
l_curve_3,925,0.32890063524246216,0.8571428656578064
l_curve_3,926,0.3289145827293396,0.8571428656578064
l_curve_3,927,0.3289153575897217,0.8571428656578064
l_curve_3,928,0.32890820503234863,0.8571428656578064
l_curve_3,929,0.32891058921813965,0.8571428656578064
l_curve_3,930,0.3289234936237335,0.8571428656578064
l_curve_3,931,0.3289088010787964,0.8571428656578064
l_curve_3,932,0.32889077067375183,0.8571428656578064
l_curve_3,933,0.3288862407207489,0.8571428656578064
l_curve_3,934,0.3288601040840149,0.8571428656578064
l_curve_3,935,0.32886356115341187,0.8571428656578064
l_curve_3,936,0.32883721590042114,0.8571428656578064
l_curve_3,937,0.32882314920425415,0.8571428656578064
l_curve_3,938,0.32882848381996155,0.8571428656578064
l_curve_3,939,0.32882484793663025,0.8571428656578064
l_curve_3,940,0.3288155496120453,0.8571428656578064
l_curve_3,941,0.32882294058799744,0.8571428656578064
l_curve_3,942,0.3288104236125946,0.8571428656578064
l_curve_3,943,0.32881030440330505,0.8571428656578064
l_curve_3,944,0.3288082480430603,0.8571428656578064
l_curve_3,945,0.32881391048431396,0.8571428656578064
l_curve_3,946,0.32880961894989014,0.8571428656578064
l_curve_3,947,0.32880353927612305,0.8571428656578064
l_curve_3,948,0.32882779836654663,0.8571428656578064
l_curve_3,949,0.3288271427154541,0.8571428656578064
l_curve_3,950,0.3288189172744751,0.8571428656578064
l_curve_3,951,0.32880696654319763,0.8571428656578064
l_curve_3,952,0.3287792205810547,0.8571428656578064
l_curve_3,953,0.32877010107040405,0.8571428656578064
l_curve_3,954,0.3287654221057892,0.8571428656578064
l_curve_3,955,0.3287600874900818,0.8571428656578064
l_curve_3,956,0.3287659287452698,0.8571428656578064
l_curve_3,957,0.32876062393188477,0.8571428656578064
l_curve_3,958,0.32875192165374756,0.8571428656578064
l_curve_3,959,0.3287619948387146,0.8571428656578064
l_curve_3,960,0.3287690579891205,0.8571428656578064
l_curve_3,961,0.32875970005989075,0.8571428656578064
l_curve_3,962,0.3287670314311981,0.8571428656578064
l_curve_3,963,0.3287580907344818,0.8571428656578064
l_curve_3,964,0.3287573754787445,0.8571428656578064
l_curve_3,965,0.32874688506126404,0.8571428656578064
l_curve_3,966,0.32876056432724,0.8571428656578064
l_curve_3,967,0.32874974608421326,0.8571428656578064
l_curve_3,968,0.32875511050224304,0.8571428656578064
l_curve_3,969,0.3287705183029175,0.8571428656578064
l_curve_3,970,0.32876935601234436,0.8571428656578064
l_curve_3,971,0.3287576138973236,0.8571428656578064
l_curve_3,972,0.3287425935268402,0.8571428656578064
l_curve_3,973,0.3287518322467804,0.8571428656578064
l_curve_3,974,0.3287504017353058,0.8571428656578064
l_curve_3,975,0.328747034072876,0.8571428656578064
l_curve_3,976,0.3287484645843506,0.8571428656578064
l_curve_3,977,0.32873764634132385,0.8571428656578064
l_curve_3,978,0.32874104380607605,0.8571428656578064
l_curve_3,979,0.3287235200405121,0.8571428656578064
l_curve_3,980,0.3287172019481659,0.8571428656578064
l_curve_3,981,0.3287244439125061,0.8571428656578064
l_curve_3,982,0.32871636748313904,0.8571428656578064
l_curve_3,983,0.32870835065841675,0.8571428656578064
l_curve_3,984,0.3286987841129303,0.8571428656578064
l_curve_3,985,0.3286963999271393,0.8571428656578064
l_curve_3,986,0.32870393991470337,0.8571428656578064
l_curve_3,987,0.3286947011947632,0.8571428656578064
l_curve_3,988,0.32868772745132446,0.8571428656578064
l_curve_3,989,0.32865896821022034,0.8571428656578064
l_curve_3,990,0.3286331593990326,0.8571428656578064
l_curve_3,991,0.328601598739624,0.8571428656578064
l_curve_3,992,0.32858166098594666,0.8571428656578064
l_curve_3,993,0.32856765389442444,0.8571428656578064
l_curve_3,994,0.32856056094169617,0.8571428656578064
l_curve_3,995,0.32854172587394714,0.8571428656578064
l_curve_3,996,0.32852989435195923,0.8571428656578064
l_curve_3,997,0.32852575182914734,0.8571428656578064
l_curve_3,998,0.32852882146835327,0.8571428656578064
l_curve_3,999,0.32851481437683105,0.8571428656578064
l_curve_3,1000,0.32852375507354736,0.8571428656578064
l_curve_3,1000,0.32852375507354736,0.8571428656578064
