client,round,loss,accuracy
l_curve_2,1,1.020770788192749,0.2857142984867096
l_curve_2,2,0.9972497820854187,0.2857142984867096
l_curve_2,3,0.9756410717964172,0.2857142984867096
l_curve_2,4,0.9556477665901184,0.2857142984867096
l_curve_2,5,0.9370741248130798,0.2857142984867096
l_curve_2,6,0.9200403094291687,0.2857142984867096
l_curve_2,7,0.9043156504631042,0.2857142984867096
l_curve_2,8,0.8901774287223816,0.2857142984867096
l_curve_2,9,0.8773242235183716,0.2857142984867096
l_curve_2,10,0.8655307292938232,0.2857142984867096
l_curve_2,11,0.8546624779701233,0.2857142984867096
l_curve_2,12,0.8447976112365723,0.2857142984867096
l_curve_2,13,0.835385799407959,0.2857142984867096
l_curve_2,14,0.8265255689620972,0.2857142984867096
l_curve_2,15,0.8180270195007324,0.380952388048172
l_curve_2,16,0.8102524876594543,0.380952388048172
l_curve_2,17,0.8028061389923096,0.380952388048172
l_curve_2,18,0.7956823706626892,0.4285714328289032
l_curve_2,19,0.7889102697372437,0.4285714328289032
l_curve_2,20,0.7821602821350098,0.4761904776096344
l_curve_2,21,0.7757697105407715,0.4761904776096344
l_curve_2,22,0.7694008946418762,0.4761904776096344
l_curve_2,23,0.7630690336227417,0.4761904776096344
l_curve_2,24,0.7567006945610046,0.4761904776096344
l_curve_2,25,0.7505059838294983,0.4761904776096344
l_curve_2,26,0.7443603277206421,0.4761904776096344
l_curve_2,27,0.7384749054908752,0.4761904776096344
l_curve_2,28,0.7327059507369995,0.523809552192688
l_curve_2,29,0.726775050163269,0.523809552192688
l_curve_2,30,0.7207314372062683,0.5714285969734192
l_curve_2,31,0.7148770689964294,0.6190476417541504
l_curve_2,32,0.7092745900154114,0.6190476417541504
l_curve_2,33,0.7032674551010132,0.6190476417541504
l_curve_2,34,0.6969306468963623,0.6666666865348816
l_curve_2,35,0.6909314393997192,0.6666666865348816
l_curve_2,36,0.6847667098045349,0.6666666865348816
l_curve_2,37,0.6786288022994995,0.6666666865348816
l_curve_2,38,0.6727057695388794,0.6666666865348816
l_curve_2,39,0.6665626168251038,0.7142857313156128
l_curve_2,40,0.6603406071662903,0.7142857313156128
l_curve_2,41,0.6545807719230652,0.7142857313156128
l_curve_2,42,0.6487715840339661,0.7142857313156128
l_curve_2,43,0.6428515911102295,0.761904776096344
l_curve_2,44,0.6365683674812317,0.761904776096344
l_curve_2,45,0.630429744720459,0.761904776096344
l_curve_2,46,0.6241369247436523,0.761904776096344
l_curve_2,47,0.6181048154830933,0.761904776096344
l_curve_2,48,0.6117250919342041,0.761904776096344
l_curve_2,49,0.6053723096847534,0.761904776096344
l_curve_2,50,0.5993874669075012,0.761904776096344
l_curve_2,51,0.5936794281005859,0.761904776096344
l_curve_2,52,0.5877700448036194,0.761904776096344
l_curve_2,53,0.5823715329170227,0.761904776096344
l_curve_2,54,0.5768494606018066,0.761904776096344
l_curve_2,55,0.5711334347724915,0.761904776096344
l_curve_2,56,0.5660448670387268,0.761904776096344
l_curve_2,57,0.5601111650466919,0.761904776096344
l_curve_2,58,0.5545738935470581,0.761904776096344
l_curve_2,59,0.5489819049835205,0.761904776096344
l_curve_2,60,0.5434508919715881,0.761904776096344
l_curve_2,61,0.5382579565048218,0.761904776096344
l_curve_2,62,0.5330274701118469,0.761904776096344
l_curve_2,63,0.5279903411865234,0.761904776096344
l_curve_2,64,0.5230168104171753,0.761904776096344
l_curve_2,65,0.5183899998664856,0.761904776096344
l_curve_2,66,0.513693630695343,0.8095238208770752
l_curve_2,67,0.5093438029289246,0.8095238208770752
l_curve_2,68,0.5051054358482361,0.8095238208770752
l_curve_2,69,0.5010054707527161,0.8095238208770752
l_curve_2,70,0.49700790643692017,0.8095238208770752
l_curve_2,71,0.49322181940078735,0.8095238208770752
l_curve_2,72,0.4898267090320587,0.8095238208770752
l_curve_2,73,0.4864353835582733,0.8095238208770752
l_curve_2,74,0.4833778142929077,0.8095238208770752
l_curve_2,75,0.4802231192588806,0.8095238208770752
l_curve_2,76,0.4767802655696869,0.8095238208770752
l_curve_2,77,0.473823606967926,0.8095238208770752
l_curve_2,78,0.471371591091156,0.8095238208770752
l_curve_2,79,0.4686816930770874,0.8095238208770752
l_curve_2,80,0.46621477603912354,0.8095238208770752
l_curve_2,81,0.4637359380722046,0.8095238208770752
l_curve_2,82,0.4617801904678345,0.8095238208770752
l_curve_2,83,0.4598861336708069,0.8095238208770752
l_curve_2,84,0.4584410488605499,0.8095238208770752
l_curve_2,85,0.45657703280448914,0.8095238208770752
l_curve_2,86,0.45472273230552673,0.8095238208770752
l_curve_2,87,0.4533248543739319,0.8095238208770752
l_curve_2,88,0.4521757662296295,0.8095238208770752
l_curve_2,89,0.4510396718978882,0.8095238208770752
l_curve_2,90,0.4496481418609619,0.8095238208770752
l_curve_2,91,0.44873782992362976,0.8095238208770752
l_curve_2,92,0.44791629910469055,0.8095238208770752
l_curve_2,93,0.4469691812992096,0.8095238208770752
l_curve_2,94,0.4466990828514099,0.8095238208770752
l_curve_2,95,0.4461497664451599,0.761904776096344
l_curve_2,96,0.4453965723514557,0.761904776096344
l_curve_2,97,0.44535958766937256,0.761904776096344
l_curve_2,98,0.44516414403915405,0.761904776096344
l_curve_2,99,0.44460710883140564,0.761904776096344
l_curve_2,100,0.4439426064491272,0.761904776096344
l_curve_2,101,0.4434128403663635,0.761904776096344
l_curve_2,102,0.44347086548805237,0.761904776096344
l_curve_2,103,0.4438227713108063,0.761904776096344
l_curve_2,104,0.4435073435306549,0.761904776096344
l_curve_2,105,0.44308897852897644,0.761904776096344
l_curve_2,106,0.44312727451324463,0.761904776096344
l_curve_2,107,0.4429630935192108,0.761904776096344
l_curve_2,108,0.44309720396995544,0.761904776096344
l_curve_2,109,0.44359222054481506,0.761904776096344
l_curve_2,110,0.4441849887371063,0.761904776096344
l_curve_2,111,0.44464433193206787,0.761904776096344
l_curve_2,112,0.4450351595878601,0.761904776096344
l_curve_2,113,0.4449927508831024,0.761904776096344
l_curve_2,114,0.4455288350582123,0.761904776096344
l_curve_2,115,0.4465048313140869,0.761904776096344
l_curve_2,116,0.4473745822906494,0.761904776096344
l_curve_2,117,0.44791802763938904,0.761904776096344
l_curve_2,118,0.44836971163749695,0.761904776096344
l_curve_2,119,0.4489653408527374,0.761904776096344
l_curve_2,120,0.44994500279426575,0.761904776096344
l_curve_2,121,0.45069223642349243,0.761904776096344
l_curve_2,122,0.4516370892524719,0.761904776096344
l_curve_2,123,0.45304960012435913,0.761904776096344
l_curve_2,124,0.45438122749328613,0.761904776096344
l_curve_2,125,0.45521149039268494,0.761904776096344
l_curve_2,126,0.45548829436302185,0.761904776096344
l_curve_2,127,0.45613208413124084,0.761904776096344
l_curve_2,128,0.4567570984363556,0.761904776096344
l_curve_2,129,0.4578515589237213,0.761904776096344
l_curve_2,130,0.4587303400039673,0.761904776096344
l_curve_2,131,0.45885172486305237,0.761904776096344
l_curve_2,132,0.4587128162384033,0.761904776096344
l_curve_2,133,0.45964694023132324,0.761904776096344
l_curve_2,134,0.4616457521915436,0.761904776096344
l_curve_2,135,0.462978720664978,0.761904776096344
l_curve_2,136,0.4643486440181732,0.761904776096344
l_curve_2,137,0.4657263457775116,0.761904776096344
l_curve_2,138,0.4667951166629791,0.761904776096344
l_curve_2,139,0.4674091935157776,0.761904776096344
l_curve_2,140,0.4685111343860626,0.761904776096344
l_curve_2,141,0.469718337059021,0.761904776096344
l_curve_2,142,0.47150570154190063,0.761904776096344
l_curve_2,143,0.47342759370803833,0.761904776096344
l_curve_2,144,0.4748052954673767,0.761904776096344
l_curve_2,145,0.4757310450077057,0.761904776096344
l_curve_2,146,0.4768699109554291,0.761904776096344
l_curve_2,147,0.4778352379798889,0.761904776096344
l_curve_2,148,0.4794875681400299,0.7142857313156128
l_curve_2,149,0.48091921210289,0.7142857313156128
l_curve_2,150,0.4811089038848877,0.7142857313156128
l_curve_2,151,0.4809359610080719,0.7142857313156128
l_curve_2,152,0.48109886050224304,0.7142857313156128
l_curve_2,153,0.4820217788219452,0.7142857313156128
l_curve_2,154,0.48305198550224304,0.7142857313156128
l_curve_2,155,0.4843498766422272,0.7142857313156128
l_curve_2,156,0.4849829077720642,0.7142857313156128
l_curve_2,157,0.48552975058555603,0.7142857313156128
l_curve_2,158,0.48685890436172485,0.7142857313156128
l_curve_2,159,0.4884789288043976,0.7142857313156128
l_curve_2,160,0.4902803301811218,0.7142857313156128
l_curve_2,161,0.49189117550849915,0.7142857313156128
l_curve_2,162,0.49322381615638733,0.7142857313156128
l_curve_2,163,0.49470144510269165,0.7142857313156128
l_curve_2,164,0.4954850673675537,0.7142857313156128
l_curve_2,165,0.49725431203842163,0.7142857313156128
l_curve_2,166,0.4983573257923126,0.7142857313156128
l_curve_2,167,0.4997492730617523,0.7142857313156128
l_curve_2,168,0.5017547011375427,0.7142857313156128
l_curve_2,169,0.5033998489379883,0.7142857313156128
l_curve_2,170,0.5049347877502441,0.7142857313156128
l_curve_2,171,0.5063011050224304,0.7142857313156128
l_curve_2,172,0.5070832371711731,0.7142857313156128
l_curve_2,173,0.5081398487091064,0.7142857313156128
l_curve_2,174,0.5084341764450073,0.7142857313156128
l_curve_2,175,0.5098708868026733,0.7142857313156128
l_curve_2,176,0.51050865650177,0.7142857313156128
l_curve_2,177,0.5115540623664856,0.7142857313156128
l_curve_2,178,0.5121601819992065,0.7142857313156128
l_curve_2,179,0.5127663612365723,0.7142857313156128
l_curve_2,180,0.5132120847702026,0.7142857313156128
l_curve_2,181,0.5137492418289185,0.7142857313156128
l_curve_2,182,0.5146522521972656,0.7142857313156128
l_curve_2,183,0.5160742402076721,0.7142857313156128
l_curve_2,184,0.5177359580993652,0.7142857313156128
l_curve_2,185,0.5198507308959961,0.7142857313156128
l_curve_2,186,0.5210175514221191,0.7142857313156128
l_curve_2,187,0.5217058062553406,0.7142857313156128
l_curve_2,188,0.5224508047103882,0.7142857313156128
l_curve_2,189,0.5233966112136841,0.7142857313156128
l_curve_2,190,0.5243704915046692,0.7142857313156128
l_curve_2,191,0.5251669883728027,0.7142857313156128
l_curve_2,192,0.5263317823410034,0.7142857313156128
l_curve_2,193,0.5279482007026672,0.7142857313156128
l_curve_2,194,0.5288128852844238,0.7142857313156128
l_curve_2,195,0.5292191505432129,0.7142857313156128
l_curve_2,196,0.5306357145309448,0.7142857313156128
l_curve_2,197,0.5324290990829468,0.7142857313156128
l_curve_2,198,0.5340914726257324,0.7142857313156128
l_curve_2,199,0.5350472927093506,0.7142857313156128
l_curve_2,200,0.5352190136909485,0.7142857313156128
l_curve_2,201,0.5358244776725769,0.7142857313156128
l_curve_2,202,0.5361450910568237,0.7142857313156128
l_curve_2,203,0.5379535555839539,0.7142857313156128
l_curve_2,204,0.5395403504371643,0.7142857313156128
l_curve_2,205,0.5408144593238831,0.7142857313156128
l_curve_2,206,0.5409365892410278,0.7142857313156128
l_curve_2,207,0.5410197377204895,0.7142857313156128
l_curve_2,208,0.5411016941070557,0.761904776096344
l_curve_2,209,0.5425430536270142,0.7142857313156128
l_curve_2,210,0.5430885553359985,0.761904776096344
l_curve_2,211,0.543986439704895,0.761904776096344
l_curve_2,212,0.5454276204109192,0.761904776096344
l_curve_2,213,0.5464307069778442,0.761904776096344
l_curve_2,214,0.5479928255081177,0.761904776096344
l_curve_2,215,0.5485385060310364,0.761904776096344
l_curve_2,216,0.5498683452606201,0.761904776096344
l_curve_2,217,0.5513982176780701,0.761904776096344
l_curve_2,218,0.5529517531394958,0.761904776096344
l_curve_2,219,0.5536681413650513,0.761904776096344
l_curve_2,220,0.5552957057952881,0.7142857313156128
l_curve_2,221,0.5564804673194885,0.761904776096344
l_curve_2,222,0.5572399497032166,0.761904776096344
l_curve_2,223,0.558346152305603,0.761904776096344
l_curve_2,224,0.559033989906311,0.761904776096344
l_curve_2,225,0.5599413514137268,0.761904776096344
l_curve_2,226,0.5606491565704346,0.761904776096344
l_curve_2,227,0.5619058012962341,0.761904776096344
l_curve_2,228,0.563252866268158,0.761904776096344
l_curve_2,229,0.5636033415794373,0.761904776096344
l_curve_2,230,0.5639481544494629,0.761904776096344
l_curve_2,231,0.5644649863243103,0.761904776096344
l_curve_2,232,0.5655871033668518,0.761904776096344
l_curve_2,233,0.5658798813819885,0.761904776096344
l_curve_2,234,0.5661038756370544,0.761904776096344
l_curve_2,235,0.5661177039146423,0.761904776096344
l_curve_2,236,0.5666791796684265,0.761904776096344
l_curve_2,237,0.5678486227989197,0.761904776096344
l_curve_2,238,0.5692411661148071,0.761904776096344
l_curve_2,239,0.5703188180923462,0.761904776096344
l_curve_2,240,0.571759819984436,0.761904776096344
l_curve_2,241,0.5726650357246399,0.761904776096344
l_curve_2,242,0.5729035139083862,0.761904776096344
l_curve_2,243,0.5730971097946167,0.761904776096344
l_curve_2,244,0.5732918381690979,0.761904776096344
l_curve_2,245,0.5741584300994873,0.761904776096344
l_curve_2,246,0.5758742690086365,0.761904776096344
l_curve_2,247,0.5766740441322327,0.761904776096344
l_curve_2,248,0.5772283673286438,0.761904776096344
l_curve_2,249,0.5777813792228699,0.761904776096344
l_curve_2,250,0.5774733424186707,0.761904776096344
l_curve_2,251,0.5784204602241516,0.761904776096344
l_curve_2,252,0.5795450806617737,0.761904776096344
l_curve_2,253,0.5812686085700989,0.761904776096344
l_curve_2,254,0.5820841789245605,0.761904776096344
l_curve_2,255,0.5826518535614014,0.761904776096344
l_curve_2,256,0.5834450721740723,0.761904776096344
l_curve_2,257,0.5831772685050964,0.761904776096344
l_curve_2,258,0.5836107134819031,0.761904776096344
l_curve_2,259,0.584581196308136,0.761904776096344
l_curve_2,260,0.5856968760490417,0.761904776096344
l_curve_2,261,0.5866497755050659,0.761904776096344
l_curve_2,262,0.5874239802360535,0.761904776096344
l_curve_2,263,0.5880005359649658,0.761904776096344
l_curve_2,264,0.5890583992004395,0.761904776096344
l_curve_2,265,0.5911219716072083,0.761904776096344
l_curve_2,266,0.5923466682434082,0.761904776096344
l_curve_2,267,0.5937187671661377,0.761904776096344
l_curve_2,268,0.5938460230827332,0.761904776096344
l_curve_2,269,0.5948739051818848,0.761904776096344
l_curve_2,270,0.5960134863853455,0.761904776096344
l_curve_2,271,0.596961498260498,0.761904776096344
l_curve_2,272,0.5976166725158691,0.761904776096344
l_curve_2,273,0.596894383430481,0.761904776096344
l_curve_2,274,0.5967490077018738,0.761904776096344
l_curve_2,275,0.5965837240219116,0.761904776096344
l_curve_2,276,0.5970869064331055,0.761904776096344
l_curve_2,277,0.5988122224807739,0.761904776096344
l_curve_2,278,0.5997776985168457,0.761904776096344
l_curve_2,279,0.6005043983459473,0.761904776096344
l_curve_2,280,0.6007974743843079,0.761904776096344
l_curve_2,281,0.6001155376434326,0.761904776096344
l_curve_2,282,0.6011562943458557,0.761904776096344
l_curve_2,283,0.602533757686615,0.761904776096344
l_curve_2,284,0.6035338640213013,0.761904776096344
l_curve_2,285,0.6041819453239441,0.761904776096344
l_curve_2,286,0.6056566834449768,0.761904776096344
l_curve_2,287,0.6062958836555481,0.761904776096344
l_curve_2,288,0.6071488261222839,0.761904776096344
l_curve_2,289,0.6076391935348511,0.761904776096344
l_curve_2,290,0.6080892086029053,0.761904776096344
l_curve_2,291,0.6091874241828918,0.761904776096344
l_curve_2,292,0.6101750135421753,0.761904776096344
l_curve_2,293,0.6107832193374634,0.761904776096344
l_curve_2,294,0.610914409160614,0.761904776096344
l_curve_2,295,0.610344409942627,0.761904776096344
l_curve_2,296,0.610982358455658,0.761904776096344
l_curve_2,297,0.611970067024231,0.761904776096344
l_curve_2,298,0.613371729850769,0.761904776096344
l_curve_2,299,0.6137625575065613,0.761904776096344
l_curve_2,300,0.614115297794342,0.761904776096344
l_curve_2,301,0.6143383979797363,0.761904776096344
l_curve_2,302,0.6141176819801331,0.761904776096344
l_curve_2,303,0.6142953038215637,0.761904776096344
l_curve_2,304,0.6147434711456299,0.761904776096344
l_curve_2,305,0.6162539124488831,0.761904776096344
l_curve_2,306,0.6179490685462952,0.761904776096344
l_curve_2,307,0.6176899075508118,0.761904776096344
l_curve_2,308,0.6179000735282898,0.761904776096344
l_curve_2,309,0.618179202079773,0.761904776096344
l_curve_2,310,0.6188653111457825,0.761904776096344
l_curve_2,311,0.6198667883872986,0.761904776096344
l_curve_2,312,0.6201012134552002,0.761904776096344
l_curve_2,313,0.620220422744751,0.761904776096344
l_curve_2,314,0.620968759059906,0.761904776096344
l_curve_2,315,0.6223520636558533,0.761904776096344
l_curve_2,316,0.6240149736404419,0.761904776096344
l_curve_2,317,0.6253029108047485,0.761904776096344
l_curve_2,318,0.625236988067627,0.761904776096344
l_curve_2,319,0.625404417514801,0.761904776096344
l_curve_2,320,0.6250849962234497,0.761904776096344
l_curve_2,321,0.6255694031715393,0.761904776096344
l_curve_2,322,0.6258230805397034,0.761904776096344
l_curve_2,323,0.6265754699707031,0.761904776096344
l_curve_2,324,0.6276806592941284,0.761904776096344
l_curve_2,325,0.6288778185844421,0.761904776096344
l_curve_2,326,0.6299107670783997,0.761904776096344
l_curve_2,327,0.6309719085693359,0.761904776096344
l_curve_2,328,0.6312920451164246,0.761904776096344
l_curve_2,329,0.6324666142463684,0.761904776096344
l_curve_2,330,0.632652223110199,0.761904776096344
l_curve_2,331,0.6342946887016296,0.761904776096344
l_curve_2,332,0.634446918964386,0.761904776096344
l_curve_2,333,0.6345374584197998,0.761904776096344
l_curve_2,334,0.6355984807014465,0.761904776096344
l_curve_2,335,0.6366826295852661,0.761904776096344
l_curve_2,336,0.6381398439407349,0.761904776096344
l_curve_2,337,0.6386049389839172,0.761904776096344
l_curve_2,338,0.6392549872398376,0.761904776096344
l_curve_2,339,0.6396491527557373,0.761904776096344
l_curve_2,340,0.6396169066429138,0.761904776096344
l_curve_2,341,0.6401817202568054,0.761904776096344
l_curve_2,342,0.6397608518600464,0.761904776096344
l_curve_2,343,0.639799952507019,0.761904776096344
l_curve_2,344,0.6398246884346008,0.761904776096344
l_curve_2,345,0.6397820711135864,0.761904776096344
l_curve_2,346,0.6391643285751343,0.761904776096344
l_curve_2,347,0.6396296620368958,0.761904776096344
l_curve_2,348,0.6406813859939575,0.761904776096344
l_curve_2,349,0.6416457891464233,0.761904776096344
l_curve_2,350,0.6421573758125305,0.761904776096344
l_curve_2,351,0.6425583958625793,0.761904776096344
l_curve_2,352,0.6435153484344482,0.761904776096344
l_curve_2,353,0.644065797328949,0.761904776096344
l_curve_2,354,0.6434496641159058,0.761904776096344
l_curve_2,355,0.6441295146942139,0.761904776096344
l_curve_2,356,0.6456453204154968,0.761904776096344
l_curve_2,357,0.6455826759338379,0.761904776096344
l_curve_2,358,0.6452453136444092,0.761904776096344
l_curve_2,359,0.6451933979988098,0.761904776096344
l_curve_2,360,0.6452575325965881,0.761904776096344
l_curve_2,361,0.6458249688148499,0.761904776096344
l_curve_2,362,0.6470261216163635,0.761904776096344
l_curve_2,363,0.648269534111023,0.761904776096344
l_curve_2,364,0.6483615040779114,0.761904776096344
l_curve_2,365,0.6497089266777039,0.761904776096344
l_curve_2,366,0.651531457901001,0.761904776096344
l_curve_2,367,0.6532821655273438,0.761904776096344
l_curve_2,368,0.655070960521698,0.761904776096344
l_curve_2,369,0.6551162004470825,0.761904776096344
l_curve_2,370,0.6560080647468567,0.761904776096344
l_curve_2,371,0.6575512886047363,0.761904776096344
l_curve_2,372,0.6588881611824036,0.761904776096344
l_curve_2,373,0.6598506569862366,0.761904776096344
l_curve_2,374,0.6599855422973633,0.761904776096344
l_curve_2,375,0.6596976518630981,0.761904776096344
l_curve_2,376,0.6601231694221497,0.761904776096344
l_curve_2,377,0.6607106924057007,0.761904776096344
l_curve_2,378,0.6608818173408508,0.761904776096344
l_curve_2,379,0.6603522896766663,0.761904776096344
l_curve_2,380,0.6602025032043457,0.761904776096344
l_curve_2,381,0.6607183218002319,0.761904776096344
l_curve_2,382,0.6607974767684937,0.761904776096344
l_curve_2,383,0.661462664604187,0.761904776096344
l_curve_2,384,0.6626828908920288,0.761904776096344
l_curve_2,385,0.6635153889656067,0.761904776096344
l_curve_2,386,0.6640961170196533,0.761904776096344
l_curve_2,387,0.6644716858863831,0.761904776096344
l_curve_2,388,0.6651156544685364,0.761904776096344
l_curve_2,389,0.6651303768157959,0.761904776096344
l_curve_2,390,0.6653443574905396,0.761904776096344
l_curve_2,391,0.6654559373855591,0.761904776096344
l_curve_2,392,0.6658836603164673,0.761904776096344
l_curve_2,393,0.6667711734771729,0.761904776096344
l_curve_2,394,0.6666074395179749,0.761904776096344
l_curve_2,395,0.666968822479248,0.761904776096344
l_curve_2,396,0.6683925986289978,0.761904776096344
l_curve_2,397,0.6698103547096252,0.761904776096344
l_curve_2,398,0.6706505417823792,0.761904776096344
l_curve_2,399,0.6709063649177551,0.761904776096344
l_curve_2,400,0.6706233024597168,0.761904776096344
l_curve_2,401,0.670129656791687,0.761904776096344
l_curve_2,402,0.6705592274665833,0.761904776096344
l_curve_2,403,0.6718013286590576,0.761904776096344
l_curve_2,404,0.6728215217590332,0.761904776096344
l_curve_2,405,0.6735641956329346,0.761904776096344
l_curve_2,406,0.6734017729759216,0.761904776096344
l_curve_2,407,0.6732224822044373,0.761904776096344
l_curve_2,408,0.6740272641181946,0.761904776096344
l_curve_2,409,0.6742178797721863,0.761904776096344
l_curve_2,410,0.6753705143928528,0.761904776096344
l_curve_2,411,0.6760632395744324,0.761904776096344
l_curve_2,412,0.6757010817527771,0.761904776096344
l_curve_2,413,0.6758861541748047,0.761904776096344
l_curve_2,414,0.6765230298042297,0.761904776096344
l_curve_2,415,0.6757704615592957,0.761904776096344
l_curve_2,416,0.6750354170799255,0.761904776096344
l_curve_2,417,0.6755001544952393,0.761904776096344
l_curve_2,418,0.6753086447715759,0.761904776096344
l_curve_2,419,0.6759909987449646,0.761904776096344
l_curve_2,420,0.6763834953308105,0.761904776096344
l_curve_2,421,0.6772310137748718,0.761904776096344
l_curve_2,422,0.677966296672821,0.761904776096344
l_curve_2,423,0.6781777143478394,0.761904776096344
l_curve_2,424,0.6787635087966919,0.761904776096344
l_curve_2,425,0.6792888641357422,0.761904776096344
l_curve_2,426,0.6799394488334656,0.761904776096344
l_curve_2,427,0.6796472072601318,0.761904776096344
l_curve_2,428,0.6798514723777771,0.761904776096344
l_curve_2,429,0.6805077195167542,0.761904776096344
l_curve_2,430,0.6813727617263794,0.761904776096344
l_curve_2,431,0.6820313334465027,0.761904776096344
l_curve_2,432,0.6827692985534668,0.761904776096344
l_curve_2,433,0.6832110285758972,0.761904776096344
l_curve_2,434,0.6844279766082764,0.761904776096344
l_curve_2,435,0.684871256351471,0.761904776096344
l_curve_2,436,0.6846190690994263,0.761904776096344
l_curve_2,437,0.6853650212287903,0.761904776096344
l_curve_2,438,0.685960590839386,0.761904776096344
l_curve_2,439,0.6859821677207947,0.761904776096344
l_curve_2,440,0.6854987144470215,0.761904776096344
l_curve_2,441,0.6858668327331543,0.761904776096344
l_curve_2,442,0.6870924830436707,0.761904776096344
l_curve_2,443,0.687583327293396,0.761904776096344
l_curve_2,444,0.6882898807525635,0.761904776096344
l_curve_2,445,0.6897472143173218,0.761904776096344
l_curve_2,446,0.6903578639030457,0.761904776096344
l_curve_2,447,0.6909307837486267,0.761904776096344
l_curve_2,448,0.691748321056366,0.761904776096344
l_curve_2,449,0.6921008229255676,0.761904776096344
l_curve_2,450,0.6925892233848572,0.761904776096344
l_curve_2,451,0.6931332349777222,0.761904776096344
l_curve_2,452,0.6927399635314941,0.761904776096344
l_curve_2,453,0.692837119102478,0.761904776096344
l_curve_2,454,0.6919203996658325,0.761904776096344
l_curve_2,455,0.6925692558288574,0.761904776096344
l_curve_2,456,0.6944023370742798,0.761904776096344
l_curve_2,457,0.6952272057533264,0.761904776096344
l_curve_2,458,0.6955315470695496,0.761904776096344
l_curve_2,459,0.6947575807571411,0.761904776096344
l_curve_2,460,0.6956677436828613,0.761904776096344
l_curve_2,461,0.6971545815467834,0.761904776096344
l_curve_2,462,0.6977612376213074,0.761904776096344
l_curve_2,463,0.6982396841049194,0.761904776096344
l_curve_2,464,0.6988343000411987,0.761904776096344
l_curve_2,465,0.7003526091575623,0.761904776096344
l_curve_2,466,0.7001246809959412,0.761904776096344
l_curve_2,467,0.6992642879486084,0.761904776096344
l_curve_2,468,0.7000545859336853,0.761904776096344
l_curve_2,469,0.7012661695480347,0.761904776096344
l_curve_2,470,0.7020371556282043,0.761904776096344
l_curve_2,471,0.7021337151527405,0.761904776096344
l_curve_2,472,0.7019194960594177,0.761904776096344
l_curve_2,473,0.7022210359573364,0.761904776096344
l_curve_2,474,0.701995313167572,0.761904776096344
l_curve_2,475,0.7017971873283386,0.761904776096344
l_curve_2,476,0.7021868824958801,0.761904776096344
l_curve_2,477,0.7045372724533081,0.761904776096344
l_curve_2,478,0.7061982154846191,0.761904776096344
l_curve_2,479,0.7066506147384644,0.761904776096344
l_curve_2,480,0.7068955898284912,0.761904776096344
l_curve_2,481,0.7067587375640869,0.761904776096344
l_curve_2,482,0.7071273922920227,0.761904776096344
l_curve_2,483,0.7071684002876282,0.761904776096344
l_curve_2,484,0.7069401741027832,0.761904776096344
l_curve_2,485,0.7064164280891418,0.761904776096344
l_curve_2,486,0.7054435610771179,0.761904776096344
l_curve_2,487,0.7062264680862427,0.761904776096344
l_curve_2,488,0.7071412205696106,0.761904776096344
l_curve_2,489,0.7074121832847595,0.761904776096344
l_curve_2,490,0.7081729769706726,0.761904776096344
l_curve_2,491,0.707630455493927,0.761904776096344
l_curve_2,492,0.7078151702880859,0.761904776096344
l_curve_2,493,0.707927942276001,0.761904776096344
l_curve_2,494,0.70824134349823,0.761904776096344
l_curve_2,495,0.7085654735565186,0.761904776096344
l_curve_2,496,0.7091946601867676,0.761904776096344
l_curve_2,497,0.7092123627662659,0.761904776096344
l_curve_2,498,0.7092341780662537,0.761904776096344
l_curve_2,499,0.7100224494934082,0.761904776096344
l_curve_2,500,0.710561990737915,0.761904776096344
l_curve_2,501,0.711860179901123,0.761904776096344
l_curve_2,502,0.7129050493240356,0.761904776096344
l_curve_2,503,0.7135663032531738,0.761904776096344
l_curve_2,504,0.714151918888092,0.761904776096344
l_curve_2,505,0.7141290307044983,0.761904776096344
l_curve_2,506,0.7138307690620422,0.761904776096344
l_curve_2,507,0.7143585681915283,0.761904776096344
l_curve_2,508,0.7143211960792542,0.761904776096344
l_curve_2,509,0.7152298092842102,0.761904776096344
l_curve_2,510,0.7162379026412964,0.761904776096344
l_curve_2,511,0.7157889604568481,0.761904776096344
l_curve_2,512,0.7162165641784668,0.761904776096344
l_curve_2,513,0.7178804874420166,0.761904776096344
l_curve_2,514,0.7190048694610596,0.761904776096344
l_curve_2,515,0.7197226285934448,0.761904776096344
l_curve_2,516,0.7196058630943298,0.761904776096344
l_curve_2,517,0.7202163934707642,0.761904776096344
l_curve_2,518,0.7198981046676636,0.761904776096344
l_curve_2,519,0.7202895879745483,0.761904776096344
l_curve_2,520,0.7203062176704407,0.761904776096344
l_curve_2,521,0.719215452671051,0.761904776096344
l_curve_2,522,0.7181361317634583,0.761904776096344
l_curve_2,523,0.7184486389160156,0.761904776096344
l_curve_2,524,0.7193339467048645,0.761904776096344
l_curve_2,525,0.7192627787590027,0.761904776096344
l_curve_2,526,0.7205584049224854,0.761904776096344
l_curve_2,527,0.7213540077209473,0.761904776096344
l_curve_2,528,0.7210357189178467,0.761904776096344
l_curve_2,529,0.7223894000053406,0.761904776096344
l_curve_2,530,0.7227222919464111,0.761904776096344
l_curve_2,531,0.7233562469482422,0.761904776096344
l_curve_2,532,0.7236332893371582,0.761904776096344
l_curve_2,533,0.7247021794319153,0.761904776096344
l_curve_2,534,0.7251632213592529,0.761904776096344
l_curve_2,535,0.7250546216964722,0.761904776096344
l_curve_2,536,0.7244943976402283,0.761904776096344
l_curve_2,537,0.7256144881248474,0.761904776096344
l_curve_2,538,0.726608395576477,0.7142857313156128
l_curve_2,539,0.727344810962677,0.7142857313156128
l_curve_2,540,0.7278271913528442,0.7142857313156128
l_curve_2,541,0.7280787229537964,0.7142857313156128
l_curve_2,542,0.7270005345344543,0.7142857313156128
l_curve_2,543,0.7269182205200195,0.761904776096344
l_curve_2,544,0.7260996699333191,0.761904776096344
l_curve_2,545,0.7258901596069336,0.761904776096344
l_curve_2,546,0.7256657481193542,0.761904776096344
l_curve_2,547,0.7258226275444031,0.761904776096344
l_curve_2,548,0.7257717847824097,0.761904776096344
l_curve_2,549,0.727288007736206,0.761904776096344
l_curve_2,550,0.7286033034324646,0.7142857313156128
l_curve_2,551,0.7295395135879517,0.7142857313156128
l_curve_2,552,0.7290993928909302,0.7142857313156128
l_curve_2,553,0.729152500629425,0.7142857313156128
l_curve_2,554,0.7293347716331482,0.7142857313156128
l_curve_2,555,0.7300944328308105,0.7142857313156128
l_curve_2,556,0.7306927442550659,0.7142857313156128
l_curve_2,557,0.7310259938240051,0.7142857313156128
l_curve_2,558,0.7300722002983093,0.7142857313156128
l_curve_2,559,0.730371356010437,0.7142857313156128
l_curve_2,560,0.7312193512916565,0.7142857313156128
l_curve_2,561,0.7312663197517395,0.7142857313156128
l_curve_2,562,0.7310742139816284,0.7142857313156128
l_curve_2,563,0.730474591255188,0.7142857313156128
l_curve_2,564,0.730710506439209,0.7142857313156128
l_curve_2,565,0.7309197187423706,0.7142857313156128
l_curve_2,566,0.7321440577507019,0.7142857313156128
l_curve_2,567,0.7333896160125732,0.7142857313156128
l_curve_2,568,0.7343774437904358,0.7142857313156128
l_curve_2,569,0.734264612197876,0.7142857313156128
l_curve_2,570,0.7346609830856323,0.7142857313156128
l_curve_2,571,0.7344586253166199,0.7142857313156128
l_curve_2,572,0.734957754611969,0.7142857313156128
l_curve_2,573,0.7352398633956909,0.7142857313156128
l_curve_2,574,0.734847366809845,0.7142857313156128
l_curve_2,575,0.7349784970283508,0.7142857313156128
l_curve_2,576,0.7355858683586121,0.7142857313156128
l_curve_2,577,0.7366145849227905,0.7142857313156128
l_curve_2,578,0.7374145984649658,0.7142857313156128
l_curve_2,579,0.7378627061843872,0.7142857313156128
l_curve_2,580,0.7385829091072083,0.7142857313156128
l_curve_2,581,0.7378491163253784,0.7142857313156128
l_curve_2,582,0.7365915179252625,0.7142857313156128
l_curve_2,583,0.7370315194129944,0.7142857313156128
l_curve_2,584,0.7381932139396667,0.7142857313156128
l_curve_2,585,0.7390150427818298,0.7142857313156128
l_curve_2,586,0.7391930818557739,0.7142857313156128
l_curve_2,587,0.740331768989563,0.7142857313156128
l_curve_2,588,0.7414965033531189,0.7142857313156128
l_curve_2,589,0.7411395907402039,0.7142857313156128
l_curve_2,590,0.7411314845085144,0.7142857313156128
l_curve_2,591,0.7410167455673218,0.7142857313156128
l_curve_2,592,0.741826593875885,0.7142857313156128
l_curve_2,593,0.7417864799499512,0.7142857313156128
l_curve_2,594,0.7417812943458557,0.7142857313156128
l_curve_2,595,0.7419518232345581,0.7142857313156128
l_curve_2,596,0.7424608469009399,0.7142857313156128
l_curve_2,597,0.7437208890914917,0.7142857313156128
l_curve_2,598,0.743807315826416,0.7142857313156128
l_curve_2,599,0.74396812915802,0.7142857313156128
l_curve_2,600,0.7448900938034058,0.7142857313156128
l_curve_2,601,0.7448686361312866,0.7142857313156128
l_curve_2,602,0.7446488738059998,0.7142857313156128
l_curve_2,603,0.7442401647567749,0.7142857313156128
l_curve_2,604,0.7445820569992065,0.7142857313156128
l_curve_2,605,0.7451648712158203,0.7142857313156128
l_curve_2,606,0.745549201965332,0.7142857313156128
l_curve_2,607,0.745866596698761,0.7142857313156128
l_curve_2,608,0.7462772727012634,0.7142857313156128
l_curve_2,609,0.7463275194168091,0.7142857313156128
l_curve_2,610,0.7466890215873718,0.7142857313156128
l_curve_2,611,0.7467449903488159,0.7142857313156128
l_curve_2,612,0.7467558979988098,0.7142857313156128
l_curve_2,613,0.7464612722396851,0.7142857313156128
l_curve_2,614,0.7463909983634949,0.7142857313156128
l_curve_2,615,0.7485297322273254,0.7142857313156128
l_curve_2,616,0.7497204542160034,0.7142857313156128
l_curve_2,617,0.7505348324775696,0.7142857313156128
l_curve_2,618,0.7500883936882019,0.7142857313156128
l_curve_2,619,0.7493385076522827,0.7142857313156128
l_curve_2,620,0.7486153841018677,0.7142857313156128
l_curve_2,621,0.7476160526275635,0.7142857313156128
l_curve_2,622,0.7475892305374146,0.7142857313156128
l_curve_2,623,0.7474708557128906,0.7142857313156128
l_curve_2,624,0.7474663853645325,0.7142857313156128
l_curve_2,625,0.7478863596916199,0.7142857313156128
l_curve_2,626,0.7493569254875183,0.7142857313156128
l_curve_2,627,0.7497938275337219,0.7142857313156128
l_curve_2,628,0.7491356730461121,0.7142857313156128
l_curve_2,629,0.74976646900177,0.7142857313156128
l_curve_2,630,0.7496150135993958,0.7142857313156128
l_curve_2,631,0.7495793700218201,0.7142857313156128
l_curve_2,632,0.749923586845398,0.7142857313156128
l_curve_2,633,0.7504264116287231,0.7142857313156128
l_curve_2,634,0.7517136931419373,0.7142857313156128
l_curve_2,635,0.7525189518928528,0.7142857313156128
l_curve_2,636,0.7533208727836609,0.7142857313156128
l_curve_2,637,0.7529932260513306,0.7142857313156128
l_curve_2,638,0.7531778216362,0.7142857313156128
l_curve_2,639,0.7538550496101379,0.7142857313156128
l_curve_2,640,0.7550138235092163,0.7142857313156128
l_curve_2,641,0.7549973726272583,0.7142857313156128
l_curve_2,642,0.7549481987953186,0.7142857313156128
l_curve_2,643,0.7550185322761536,0.7142857313156128
l_curve_2,644,0.7551983594894409,0.7142857313156128
l_curve_2,645,0.7544568777084351,0.7142857313156128
l_curve_2,646,0.7546237707138062,0.7142857313156128
l_curve_2,647,0.7540888786315918,0.7142857313156128
l_curve_2,648,0.7542683482170105,0.7142857313156128
l_curve_2,649,0.7539987564086914,0.7142857313156128
l_curve_2,650,0.7543465495109558,0.7142857313156128
l_curve_2,651,0.7551395893096924,0.7142857313156128
l_curve_2,652,0.7551541924476624,0.7142857313156128
l_curve_2,653,0.7550917863845825,0.7142857313156128
l_curve_2,654,0.7551349401473999,0.7142857313156128
l_curve_2,655,0.7554208636283875,0.7142857313156128
l_curve_2,656,0.7555942535400391,0.7142857313156128
l_curve_2,657,0.7561022639274597,0.7142857313156128
l_curve_2,658,0.7565128803253174,0.7142857313156128
l_curve_2,659,0.7564869523048401,0.7142857313156128
l_curve_2,660,0.7567362189292908,0.7142857313156128
l_curve_2,661,0.7563873529434204,0.7142857313156128
l_curve_2,662,0.7556037306785583,0.7142857313156128
l_curve_2,663,0.7551364898681641,0.7142857313156128
l_curve_2,664,0.7557188272476196,0.7142857313156128
l_curve_2,665,0.7566776871681213,0.7142857313156128
l_curve_2,666,0.7575705051422119,0.7142857313156128
l_curve_2,667,0.7589412927627563,0.7142857313156128
l_curve_2,668,0.7599961757659912,0.7142857313156128
l_curve_2,669,0.7599514722824097,0.7142857313156128
l_curve_2,670,0.760684609413147,0.7142857313156128
l_curve_2,671,0.7608931660652161,0.7142857313156128
l_curve_2,672,0.7614433765411377,0.7142857313156128
l_curve_2,673,0.7623412609100342,0.7142857313156128
l_curve_2,674,0.7625280022621155,0.7142857313156128
l_curve_2,675,0.7623904347419739,0.7142857313156128
l_curve_2,676,0.7621588110923767,0.7142857313156128
l_curve_2,677,0.7622973918914795,0.7142857313156128
l_curve_2,678,0.7627190351486206,0.7142857313156128
l_curve_2,679,0.7625163793563843,0.7142857313156128
l_curve_2,680,0.7625764012336731,0.7142857313156128
l_curve_2,681,0.7624513506889343,0.7142857313156128
l_curve_2,682,0.762675404548645,0.7142857313156128
l_curve_2,683,0.7638406157493591,0.7142857313156128
l_curve_2,684,0.7640736103057861,0.7142857313156128
l_curve_2,685,0.7640752196311951,0.7142857313156128
l_curve_2,686,0.763993501663208,0.7142857313156128
l_curve_2,687,0.7643916010856628,0.7142857313156128
l_curve_2,688,0.7648336291313171,0.7142857313156128
l_curve_2,689,0.7652198076248169,0.7142857313156128
l_curve_2,690,0.7650736570358276,0.7142857313156128
l_curve_2,691,0.7649262547492981,0.7142857313156128
l_curve_2,692,0.765295684337616,0.7142857313156128
l_curve_2,693,0.7669858336448669,0.7142857313156128
l_curve_2,694,0.7683796882629395,0.7142857313156128
l_curve_2,695,0.7696064710617065,0.7142857313156128
l_curve_2,696,0.7693454027175903,0.7142857313156128
l_curve_2,697,0.7688735127449036,0.7142857313156128
l_curve_2,698,0.7684199213981628,0.7142857313156128
l_curve_2,699,0.7695519328117371,0.7142857313156128
l_curve_2,700,0.7698882222175598,0.7142857313156128
l_curve_2,701,0.7686472535133362,0.7142857313156128
l_curve_2,702,0.768686830997467,0.7142857313156128
l_curve_2,703,0.7685988545417786,0.7142857313156128
l_curve_2,704,0.7695508003234863,0.7142857313156128
l_curve_2,705,0.7690286040306091,0.7142857313156128
l_curve_2,706,0.7689275145530701,0.7142857313156128
l_curve_2,707,0.769555389881134,0.7142857313156128
l_curve_2,708,0.7685621976852417,0.7142857313156128
l_curve_2,709,0.7695515751838684,0.7142857313156128
l_curve_2,710,0.7703148126602173,0.7142857313156128
l_curve_2,711,0.7702100872993469,0.7142857313156128
l_curve_2,712,0.7697737812995911,0.7142857313156128
l_curve_2,713,0.7701622247695923,0.7142857313156128
l_curve_2,714,0.7706922888755798,0.7142857313156128
l_curve_2,715,0.771436870098114,0.7142857313156128
l_curve_2,716,0.7705718278884888,0.7142857313156128
l_curve_2,717,0.7701502442359924,0.7142857313156128
l_curve_2,718,0.7704510688781738,0.7142857313156128
l_curve_2,719,0.7710451483726501,0.7142857313156128
l_curve_2,720,0.7720473408699036,0.7142857313156128
l_curve_2,721,0.7718006372451782,0.7142857313156128
l_curve_2,722,0.7712591886520386,0.7142857313156128
l_curve_2,723,0.7711857557296753,0.7142857313156128
l_curve_2,724,0.7713270783424377,0.7142857313156128
l_curve_2,725,0.7710157036781311,0.7142857313156128
l_curve_2,726,0.7711004614830017,0.7142857313156128
l_curve_2,727,0.770980179309845,0.7142857313156128
l_curve_2,728,0.7706081867218018,0.7142857313156128
l_curve_2,729,0.7707872986793518,0.7142857313156128
l_curve_2,730,0.7704893946647644,0.7142857313156128
l_curve_2,731,0.7706589698791504,0.7142857313156128
l_curve_2,732,0.7707629203796387,0.7142857313156128
l_curve_2,733,0.7714420557022095,0.7142857313156128
l_curve_2,734,0.7719486951828003,0.7142857313156128
l_curve_2,735,0.772034764289856,0.7142857313156128
l_curve_2,736,0.7715941071510315,0.7142857313156128
l_curve_2,737,0.7719471454620361,0.7142857313156128
l_curve_2,738,0.7726492881774902,0.7142857313156128
l_curve_2,739,0.7724664807319641,0.7142857313156128
l_curve_2,740,0.7728757262229919,0.7142857313156128
l_curve_2,741,0.7730584740638733,0.7142857313156128
l_curve_2,742,0.773219883441925,0.7142857313156128
l_curve_2,743,0.7744717597961426,0.7142857313156128
l_curve_2,744,0.7739895582199097,0.7142857313156128
l_curve_2,745,0.7735415697097778,0.7142857313156128
l_curve_2,746,0.7734165191650391,0.7142857313156128
l_curve_2,747,0.7733365893363953,0.7142857313156128
l_curve_2,748,0.7739310264587402,0.7142857313156128
l_curve_2,749,0.7751263380050659,0.7142857313156128
l_curve_2,750,0.7764459252357483,0.7142857313156128
l_curve_2,751,0.7774485349655151,0.7142857313156128
l_curve_2,752,0.7771356701850891,0.7142857313156128
l_curve_2,753,0.7772135734558105,0.7142857313156128
l_curve_2,754,0.777149498462677,0.7142857313156128
l_curve_2,755,0.777410626411438,0.7142857313156128
l_curve_2,756,0.7786038517951965,0.7142857313156128
l_curve_2,757,0.778557300567627,0.7142857313156128
l_curve_2,758,0.778913676738739,0.7142857313156128
l_curve_2,759,0.7792462110519409,0.7142857313156128
l_curve_2,760,0.7796618342399597,0.7142857313156128
l_curve_2,761,0.7797930836677551,0.7142857313156128
l_curve_2,762,0.7796464562416077,0.7142857313156128
l_curve_2,763,0.779738187789917,0.7142857313156128
l_curve_2,764,0.778866171836853,0.7142857313156128
l_curve_2,765,0.7784863710403442,0.7142857313156128
l_curve_2,766,0.7789355516433716,0.7142857313156128
l_curve_2,767,0.779355525970459,0.7142857313156128
l_curve_2,768,0.7793536186218262,0.7142857313156128
l_curve_2,769,0.7807797193527222,0.7142857313156128
l_curve_2,770,0.7808438539505005,0.7142857313156128
l_curve_2,771,0.7805699706077576,0.7142857313156128
l_curve_2,772,0.7801976799964905,0.7142857313156128
l_curve_2,773,0.778985321521759,0.7142857313156128
l_curve_2,774,0.7784276604652405,0.7142857313156128
l_curve_2,775,0.7790966033935547,0.7142857313156128
l_curve_2,776,0.7796755433082581,0.7142857313156128
l_curve_2,777,0.7803322672843933,0.7142857313156128
l_curve_2,778,0.7812134027481079,0.7142857313156128
l_curve_2,779,0.7815845012664795,0.7142857313156128
l_curve_2,780,0.7808147668838501,0.7142857313156128
l_curve_2,781,0.7817197442054749,0.7142857313156128
l_curve_2,782,0.7814426422119141,0.7142857313156128
l_curve_2,783,0.7822338938713074,0.7142857313156128
l_curve_2,784,0.7827416658401489,0.7142857313156128
l_curve_2,785,0.783430814743042,0.7142857313156128
l_curve_2,786,0.7846695780754089,0.7142857313156128
l_curve_2,787,0.7848843336105347,0.7142857313156128
l_curve_2,788,0.7857766151428223,0.7142857313156128
l_curve_2,789,0.7860414385795593,0.7142857313156128
l_curve_2,790,0.7858555316925049,0.7142857313156128
l_curve_2,791,0.7861071228981018,0.7142857313156128
l_curve_2,792,0.7859741449356079,0.7142857313156128
l_curve_2,793,0.7859880328178406,0.7142857313156128
l_curve_2,794,0.786182701587677,0.7142857313156128
l_curve_2,795,0.7859187126159668,0.7142857313156128
l_curve_2,796,0.7863513231277466,0.7142857313156128
l_curve_2,797,0.7862071990966797,0.7142857313156128
l_curve_2,798,0.785885214805603,0.7142857313156128
l_curve_2,799,0.7861747741699219,0.7142857313156128
l_curve_2,800,0.7864630818367004,0.7142857313156128
l_curve_2,801,0.7864896655082703,0.7142857313156128
l_curve_2,802,0.7866002321243286,0.7142857313156128
l_curve_2,803,0.785353422164917,0.7142857313156128
l_curve_2,804,0.7845925688743591,0.7142857313156128
l_curve_2,805,0.7838592529296875,0.7142857313156128
l_curve_2,806,0.7836074829101562,0.7142857313156128
l_curve_2,807,0.7832449674606323,0.7142857313156128
l_curve_2,808,0.782874345779419,0.7142857313156128
l_curve_2,809,0.784270703792572,0.7142857313156128
l_curve_2,810,0.7855454683303833,0.7142857313156128
l_curve_2,811,0.7860487103462219,0.7142857313156128
l_curve_2,812,0.7855711579322815,0.7142857313156128
l_curve_2,813,0.7856932878494263,0.7142857313156128
l_curve_2,814,0.7869960069656372,0.7142857313156128
l_curve_2,815,0.7881455421447754,0.7142857313156128
l_curve_2,816,0.7883626222610474,0.7142857313156128
l_curve_2,817,0.7876232862472534,0.7142857313156128
l_curve_2,818,0.7873936891555786,0.7142857313156128
l_curve_2,819,0.787591278553009,0.7142857313156128
l_curve_2,820,0.7870592474937439,0.7142857313156128
l_curve_2,821,0.7870999574661255,0.7142857313156128
l_curve_2,822,0.7867268919944763,0.7142857313156128
l_curve_2,823,0.786539614200592,0.7142857313156128
l_curve_2,824,0.78697669506073,0.7142857313156128
l_curve_2,825,0.7876454591751099,0.7142857313156128
l_curve_2,826,0.7869205474853516,0.7142857313156128
l_curve_2,827,0.7870798707008362,0.7142857313156128
l_curve_2,828,0.7874138951301575,0.7142857313156128
l_curve_2,829,0.7885323762893677,0.7142857313156128
l_curve_2,830,0.7894334197044373,0.7142857313156128
l_curve_2,831,0.790115237236023,0.7142857313156128
l_curve_2,832,0.78936368227005,0.7142857313156128
l_curve_2,833,0.7880725860595703,0.7142857313156128
l_curve_2,834,0.7872722148895264,0.7142857313156128
l_curve_2,835,0.7865395545959473,0.7142857313156128
l_curve_2,836,0.7874114513397217,0.7142857313156128
l_curve_2,837,0.788118839263916,0.7142857313156128
l_curve_2,838,0.7880666851997375,0.7142857313156128
l_curve_2,839,0.7890467047691345,0.7142857313156128
l_curve_2,840,0.7905496954917908,0.7142857313156128
l_curve_2,841,0.7927106022834778,0.7142857313156128
l_curve_2,842,0.7929836511611938,0.7142857313156128
l_curve_2,843,0.7922304272651672,0.7142857313156128
l_curve_2,844,0.7909746766090393,0.7142857313156128
l_curve_2,845,0.7892848253250122,0.7142857313156128
l_curve_2,846,0.7876622080802917,0.7142857313156128
l_curve_2,847,0.7874235510826111,0.7142857313156128
l_curve_2,848,0.7880268096923828,0.7142857313156128
l_curve_2,849,0.7884457111358643,0.7142857313156128
l_curve_2,850,0.7887426018714905,0.7142857313156128
l_curve_2,851,0.7891552448272705,0.7142857313156128
l_curve_2,852,0.789002537727356,0.7142857313156128
l_curve_2,853,0.7884142994880676,0.7142857313156128
l_curve_2,854,0.7878511548042297,0.7142857313156128
l_curve_2,855,0.7873862385749817,0.7142857313156128
l_curve_2,856,0.7882214784622192,0.7142857313156128
l_curve_2,857,0.7880481481552124,0.7142857313156128
l_curve_2,858,0.7879589796066284,0.7142857313156128
l_curve_2,859,0.78950434923172,0.7142857313156128
l_curve_2,860,0.790189266204834,0.7142857313156128
l_curve_2,861,0.7914853692054749,0.7142857313156128
l_curve_2,862,0.7931312322616577,0.7142857313156128
l_curve_2,863,0.7941259741783142,0.7142857313156128
l_curve_2,864,0.7938961982727051,0.7142857313156128
l_curve_2,865,0.7936796545982361,0.7142857313156128
l_curve_2,866,0.7933781147003174,0.7142857313156128
l_curve_2,867,0.7944430112838745,0.7142857313156128
l_curve_2,868,0.7949634790420532,0.7142857313156128
l_curve_2,869,0.7947852611541748,0.7142857313156128
l_curve_2,870,0.7946664094924927,0.7142857313156128
l_curve_2,871,0.7954493761062622,0.7142857313156128
l_curve_2,872,0.7955058813095093,0.7142857313156128
l_curve_2,873,0.7949124574661255,0.7142857313156128
l_curve_2,874,0.7950862646102905,0.7142857313156128
l_curve_2,875,0.7960428595542908,0.7142857313156128
l_curve_2,876,0.7946716547012329,0.7142857313156128
l_curve_2,877,0.7937116026878357,0.7142857313156128
l_curve_2,878,0.7928650975227356,0.7142857313156128
l_curve_2,879,0.7935572862625122,0.7142857313156128
l_curve_2,880,0.794830858707428,0.7142857313156128
l_curve_2,881,0.7952374219894409,0.7142857313156128
l_curve_2,882,0.7962476015090942,0.7142857313156128
l_curve_2,883,0.7962150573730469,0.7142857313156128
l_curve_2,884,0.7952478528022766,0.7142857313156128
l_curve_2,885,0.7949724793434143,0.7142857313156128
l_curve_2,886,0.7953763604164124,0.7142857313156128
l_curve_2,887,0.7955308556556702,0.7142857313156128
l_curve_2,888,0.7954248785972595,0.7142857313156128
l_curve_2,889,0.7963372468948364,0.7142857313156128
l_curve_2,890,0.7957301139831543,0.7142857313156128
l_curve_2,891,0.7957121729850769,0.7142857313156128
l_curve_2,892,0.7950694561004639,0.7142857313156128
l_curve_2,893,0.794542670249939,0.7142857313156128
l_curve_2,894,0.7950729131698608,0.7142857313156128
l_curve_2,895,0.795354962348938,0.7142857313156128
l_curve_2,896,0.7956023216247559,0.7142857313156128
l_curve_2,897,0.7957815527915955,0.7142857313156128
l_curve_2,898,0.7961193919181824,0.7142857313156128
l_curve_2,899,0.7952233552932739,0.7142857313156128
l_curve_2,900,0.7945911884307861,0.7142857313156128
l_curve_2,901,0.7954005002975464,0.7142857313156128
l_curve_2,902,0.7958661913871765,0.7142857313156128
l_curve_2,903,0.795429527759552,0.7142857313156128
l_curve_2,904,0.7953832745552063,0.7142857313156128
l_curve_2,905,0.7954744696617126,0.7142857313156128
l_curve_2,906,0.7957863807678223,0.7142857313156128
l_curve_2,907,0.7948516011238098,0.7142857313156128
l_curve_2,908,0.7951738238334656,0.7142857313156128
l_curve_2,909,0.7950596809387207,0.7142857313156128
l_curve_2,910,0.7959717512130737,0.7142857313156128
l_curve_2,911,0.7967492341995239,0.7142857313156128
l_curve_2,912,0.7966585755348206,0.7142857313156128
l_curve_2,913,0.7967538237571716,0.7142857313156128
l_curve_2,914,0.7971425652503967,0.7142857313156128
l_curve_2,915,0.7973467707633972,0.7142857313156128
l_curve_2,916,0.7970430254936218,0.7142857313156128
l_curve_2,917,0.7978901863098145,0.7142857313156128
l_curve_2,918,0.7979075312614441,0.7142857313156128
l_curve_2,919,0.796955406665802,0.7142857313156128
l_curve_2,920,0.796613335609436,0.7142857313156128
l_curve_2,921,0.7966672778129578,0.7142857313156128
l_curve_2,922,0.7971274852752686,0.7142857313156128
l_curve_2,923,0.7968719005584717,0.7142857313156128
l_curve_2,924,0.7964552044868469,0.7142857313156128
l_curve_2,925,0.7966252565383911,0.7142857313156128
l_curve_2,926,0.7966355681419373,0.7142857313156128
l_curve_2,927,0.7958849668502808,0.7142857313156128
l_curve_2,928,0.795568585395813,0.7142857313156128
l_curve_2,929,0.7959662079811096,0.7142857313156128
l_curve_2,930,0.7968940734863281,0.7142857313156128
l_curve_2,931,0.7975399494171143,0.7142857313156128
l_curve_2,932,0.7975311279296875,0.7142857313156128
l_curve_2,933,0.7983948588371277,0.7142857313156128
l_curve_2,934,0.7988133430480957,0.7142857313156128
l_curve_2,935,0.7982548475265503,0.7142857313156128
l_curve_2,936,0.7991019487380981,0.7142857313156128
l_curve_2,937,0.7999150156974792,0.7142857313156128
l_curve_2,938,0.7995917797088623,0.7142857313156128
l_curve_2,939,0.8002714514732361,0.7142857313156128
l_curve_2,940,0.8006903529167175,0.7142857313156128
l_curve_2,941,0.8008539080619812,0.7142857313156128
l_curve_2,942,0.8010023236274719,0.7142857313156128
l_curve_2,943,0.8003488183021545,0.7142857313156128
l_curve_2,944,0.8008809089660645,0.7142857313156128
l_curve_2,945,0.8005696535110474,0.7142857313156128
l_curve_2,946,0.8001998066902161,0.7142857313156128
l_curve_2,947,0.8000237345695496,0.7142857313156128
l_curve_2,948,0.8003621101379395,0.7142857313156128
l_curve_2,949,0.8006892204284668,0.7142857313156128
l_curve_2,950,0.8012925386428833,0.7142857313156128
l_curve_2,951,0.8013487458229065,0.7142857313156128
l_curve_2,952,0.8015789985656738,0.7142857313156128
l_curve_2,953,0.8019425272941589,0.7142857313156128
l_curve_2,954,0.8016473054885864,0.7142857313156128
l_curve_2,955,0.8012838959693909,0.7142857313156128
l_curve_2,956,0.8019634485244751,0.7142857313156128
l_curve_2,957,0.8018572926521301,0.7142857313156128
l_curve_2,958,0.8018310070037842,0.7142857313156128
l_curve_2,959,0.8017949461936951,0.7142857313156128
l_curve_2,960,0.801904022693634,0.7142857313156128
l_curve_2,961,0.8020428419113159,0.7142857313156128
l_curve_2,962,0.8021866083145142,0.7142857313156128
l_curve_2,963,0.8015023469924927,0.7142857313156128
l_curve_2,964,0.8021626472473145,0.7142857313156128
l_curve_2,965,0.8029015064239502,0.7142857313156128
l_curve_2,966,0.8028848767280579,0.7142857313156128
l_curve_2,967,0.8028333783149719,0.7142857313156128
l_curve_2,968,0.8022143244743347,0.7142857313156128
l_curve_2,969,0.8021210432052612,0.7142857313156128
l_curve_2,970,0.8016332983970642,0.7142857313156128
l_curve_2,971,0.8016332983970642,0.7142857313156128
l_curve_2,972,0.8018900752067566,0.7142857313156128
l_curve_2,973,0.8019787669181824,0.7142857313156128
l_curve_2,974,0.8018507361412048,0.7142857313156128
l_curve_2,975,0.8024795055389404,0.7142857313156128
l_curve_2,976,0.803856611251831,0.7142857313156128
l_curve_2,977,0.8051494359970093,0.7142857313156128
l_curve_2,978,0.8055043816566467,0.7142857313156128
l_curve_2,979,0.8051093816757202,0.7142857313156128
l_curve_2,980,0.8062118291854858,0.7142857313156128
l_curve_2,981,0.8068161010742188,0.7142857313156128
l_curve_2,982,0.8056076765060425,0.7142857313156128
l_curve_2,983,0.8052858710289001,0.7142857313156128
l_curve_2,984,0.8045303821563721,0.7142857313156128
l_curve_2,985,0.8034576177597046,0.7142857313156128
l_curve_2,986,0.803337574005127,0.7142857313156128
l_curve_2,987,0.8030851483345032,0.7142857313156128
l_curve_2,988,0.8020515441894531,0.7142857313156128
l_curve_2,989,0.8013445734977722,0.7142857313156128
l_curve_2,990,0.8018816113471985,0.7142857313156128
l_curve_2,991,0.8018380403518677,0.7142857313156128
l_curve_2,992,0.802506685256958,0.7142857313156128
l_curve_2,993,0.8029095530509949,0.7142857313156128
l_curve_2,994,0.8034165501594543,0.7142857313156128
l_curve_2,995,0.8031570911407471,0.7142857313156128
l_curve_2,996,0.8037436604499817,0.7142857313156128
l_curve_2,997,0.8031420111656189,0.7142857313156128
l_curve_2,998,0.8027121424674988,0.7142857313156128
l_curve_2,999,0.8033782243728638,0.7142857313156128
l_curve_2,1000,0.803459644317627,0.7142857313156128
l_curve_2,1000,0.803459644317627,0.7142857313156128
