client,round,loss,accuracy
l_curve_3,1,0.9349285364151001,0.3333333432674408
l_curve_3,2,0.904140830039978,0.3333333432674408
l_curve_3,3,0.875644862651825,0.3333333432674408
l_curve_3,4,0.8491977453231812,0.3333333432674408
l_curve_3,5,0.8249867558479309,0.3333333432674408
l_curve_3,6,0.8027141094207764,0.3333333432674408
l_curve_3,7,0.7823692560195923,0.3333333432674408
l_curve_3,8,0.7633483409881592,0.380952388048172
l_curve_3,9,0.7459219098091125,0.380952388048172
l_curve_3,10,0.7298826575279236,0.380952388048172
l_curve_3,11,0.7151142358779907,0.4285714328289032
l_curve_3,12,0.701386034488678,0.4285714328289032
l_curve_3,13,0.6888115406036377,0.523809552192688
l_curve_3,14,0.6771355867385864,0.523809552192688
l_curve_3,15,0.6662409901618958,0.6666666865348816
l_curve_3,16,0.6558286547660828,0.6666666865348816
l_curve_3,17,0.6461784243583679,0.7142857313156128
l_curve_3,18,0.6368989944458008,0.7142857313156128
l_curve_3,19,0.6281210780143738,0.7142857313156128
l_curve_3,20,0.6199983358383179,0.7142857313156128
l_curve_3,21,0.6121169328689575,0.761904776096344
l_curve_3,22,0.6046929955482483,0.8571428656578064
l_curve_3,23,0.5976447463035583,0.8571428656578064
l_curve_3,24,0.5909553170204163,0.8571428656578064
l_curve_3,25,0.5844860076904297,0.8571428656578064
l_curve_3,26,0.5783276557922363,0.9047619104385376
l_curve_3,27,0.5722786784172058,0.9047619104385376
l_curve_3,28,0.5663579702377319,0.9047619104385376
l_curve_3,29,0.5606749653816223,0.8571428656578064
l_curve_3,30,0.5552907586097717,0.8571428656578064
l_curve_3,31,0.550014853477478,0.8571428656578064
l_curve_3,32,0.5447859168052673,0.8571428656578064
l_curve_3,33,0.5398905873298645,0.8095238208770752
l_curve_3,34,0.5353654026985168,0.8095238208770752
l_curve_3,35,0.530838131904602,0.8095238208770752
l_curve_3,36,0.5265002250671387,0.8095238208770752
l_curve_3,37,0.522205114364624,0.8095238208770752
l_curve_3,38,0.5177948474884033,0.8095238208770752
l_curve_3,39,0.5136685967445374,0.8095238208770752
l_curve_3,40,0.5097219347953796,0.8095238208770752
l_curve_3,41,0.5056191682815552,0.8095238208770752
l_curve_3,42,0.5016711950302124,0.8095238208770752
l_curve_3,43,0.497862309217453,0.8095238208770752
l_curve_3,44,0.4943936765193939,0.8095238208770752
l_curve_3,45,0.49097904562950134,0.8095238208770752
l_curve_3,46,0.48772796988487244,0.8095238208770752
l_curve_3,47,0.48450809717178345,0.8095238208770752
l_curve_3,48,0.4815967082977295,0.8571428656578064
l_curve_3,49,0.4787377417087555,0.8571428656578064
l_curve_3,50,0.4758567214012146,0.8571428656578064
l_curve_3,51,0.4728708267211914,0.8571428656578064
l_curve_3,52,0.47010549902915955,0.8571428656578064
l_curve_3,53,0.46719011664390564,0.8571428656578064
l_curve_3,54,0.4644789397716522,0.8571428656578064
l_curve_3,55,0.4620153307914734,0.8571428656578064
l_curve_3,56,0.4593863785266876,0.8571428656578064
l_curve_3,57,0.4572662115097046,0.8571428656578064
l_curve_3,58,0.45510631799697876,0.8571428656578064
l_curve_3,59,0.4531906247138977,0.8571428656578064
l_curve_3,60,0.45133695006370544,0.8571428656578064
l_curve_3,61,0.449537992477417,0.8571428656578064
l_curve_3,62,0.44784656167030334,0.8571428656578064
l_curve_3,63,0.44615304470062256,0.8571428656578064
l_curve_3,64,0.4445221722126007,0.8571428656578064
l_curve_3,65,0.4429440200328827,0.8571428656578064
l_curve_3,66,0.4415321350097656,0.8095238208770752
l_curve_3,67,0.4401291012763977,0.8095238208770752
l_curve_3,68,0.4388289153575897,0.8095238208770752
l_curve_3,69,0.4376383423805237,0.8095238208770752
l_curve_3,70,0.4364958703517914,0.8095238208770752
l_curve_3,71,0.4354068636894226,0.761904776096344
l_curve_3,72,0.43427303433418274,0.761904776096344
l_curve_3,73,0.43326446413993835,0.761904776096344
l_curve_3,74,0.43224138021469116,0.761904776096344
l_curve_3,75,0.43134716153144836,0.761904776096344
l_curve_3,76,0.43070462346076965,0.761904776096344
l_curve_3,77,0.4299510717391968,0.761904776096344
l_curve_3,78,0.42909055948257446,0.761904776096344
l_curve_3,79,0.4284284710884094,0.761904776096344
l_curve_3,80,0.4277750253677368,0.761904776096344
l_curve_3,81,0.4272271692752838,0.761904776096344
l_curve_3,82,0.4264838695526123,0.761904776096344
l_curve_3,83,0.42579972743988037,0.761904776096344
l_curve_3,84,0.4250050187110901,0.761904776096344
l_curve_3,85,0.4244822561740875,0.761904776096344
l_curve_3,86,0.4240577220916748,0.761904776096344
l_curve_3,87,0.42354291677474976,0.761904776096344
l_curve_3,88,0.4229447841644287,0.761904776096344
l_curve_3,89,0.4224069118499756,0.761904776096344
l_curve_3,90,0.42204439640045166,0.761904776096344
l_curve_3,91,0.4215205907821655,0.761904776096344
l_curve_3,92,0.42099007964134216,0.761904776096344
l_curve_3,93,0.42057913541793823,0.761904776096344
l_curve_3,94,0.4199425280094147,0.761904776096344
l_curve_3,95,0.41946473717689514,0.761904776096344
l_curve_3,96,0.41913101077079773,0.761904776096344
l_curve_3,97,0.41855666041374207,0.761904776096344
l_curve_3,98,0.41805100440979004,0.761904776096344
l_curve_3,99,0.4177232086658478,0.761904776096344
l_curve_3,100,0.4174703061580658,0.761904776096344
l_curve_3,101,0.4172099828720093,0.761904776096344
l_curve_3,102,0.41672414541244507,0.761904776096344
l_curve_3,103,0.41613996028900146,0.761904776096344
l_curve_3,104,0.4158504009246826,0.761904776096344
l_curve_3,105,0.4156489968299866,0.761904776096344
l_curve_3,106,0.4152538776397705,0.761904776096344
l_curve_3,107,0.4149761199951172,0.761904776096344
l_curve_3,108,0.41459840536117554,0.761904776096344
l_curve_3,109,0.4140893816947937,0.761904776096344
l_curve_3,110,0.41356441378593445,0.761904776096344
l_curve_3,111,0.41310128569602966,0.761904776096344
l_curve_3,112,0.4126867949962616,0.761904776096344
l_curve_3,113,0.41250088810920715,0.761904776096344
l_curve_3,114,0.4120573401451111,0.761904776096344
l_curve_3,115,0.41146206855773926,0.761904776096344
l_curve_3,116,0.41091033816337585,0.761904776096344
l_curve_3,117,0.4105111062526703,0.761904776096344
l_curve_3,118,0.41018518805503845,0.761904776096344
l_curve_3,119,0.4097859561443329,0.761904776096344
l_curve_3,120,0.40926143527030945,0.761904776096344
l_curve_3,121,0.4088420867919922,0.761904776096344
l_curve_3,122,0.40834346413612366,0.761904776096344
l_curve_3,123,0.40769171714782715,0.761904776096344
l_curve_3,124,0.4071013033390045,0.761904776096344
l_curve_3,125,0.4067147970199585,0.761904776096344
l_curve_3,126,0.40654903650283813,0.761904776096344
l_curve_3,127,0.40622371435165405,0.761904776096344
l_curve_3,128,0.4058893620967865,0.761904776096344
l_curve_3,129,0.40540584921836853,0.761904776096344
l_curve_3,130,0.40501561760902405,0.761904776096344
l_curve_3,131,0.4048886001110077,0.761904776096344
l_curve_3,132,0.40488356351852417,0.761904776096344
l_curve_3,133,0.40451130270957947,0.761904776096344
l_curve_3,134,0.40376636385917664,0.761904776096344
l_curve_3,135,0.40326032042503357,0.761904776096344
l_curve_3,136,0.4027644693851471,0.761904776096344
l_curve_3,137,0.4022718667984009,0.761904776096344
l_curve_3,138,0.4018577039241791,0.761904776096344
l_curve_3,139,0.4016071557998657,0.761904776096344
l_curve_3,140,0.4011940658092499,0.761904776096344
l_curve_3,141,0.40076619386672974,0.761904776096344
l_curve_3,142,0.4001672863960266,0.761904776096344
l_curve_3,143,0.3995375335216522,0.761904776096344
l_curve_3,144,0.39908280968666077,0.761904776096344
l_curve_3,145,0.3987954556941986,0.761904776096344
l_curve_3,146,0.3984144628047943,0.761904776096344
l_curve_3,147,0.39809805154800415,0.761904776096344
l_curve_3,148,0.3975508511066437,0.761904776096344
l_curve_3,149,0.3970995545387268,0.761904776096344
l_curve_3,150,0.3970569372177124,0.761904776096344
l_curve_3,151,0.39713478088378906,0.761904776096344
l_curve_3,152,0.39709168672561646,0.761904776096344
l_curve_3,153,0.3967946469783783,0.761904776096344
l_curve_3,154,0.3964870870113373,0.761904776096344
l_curve_3,155,0.3960842490196228,0.761904776096344
l_curve_3,156,0.39588624238967896,0.761904776096344
l_curve_3,157,0.3957251012325287,0.761904776096344
l_curve_3,158,0.3953106701374054,0.761904776096344
l_curve_3,159,0.39483606815338135,0.761904776096344
l_curve_3,160,0.3942817449569702,0.761904776096344
l_curve_3,161,0.393798291683197,0.761904776096344
l_curve_3,162,0.39341241121292114,0.761904776096344
l_curve_3,163,0.39297547936439514,0.761904776096344
l_curve_3,164,0.3927428722381592,0.761904776096344
l_curve_3,165,0.39222386479377747,0.761904776096344
l_curve_3,166,0.39192214608192444,0.761904776096344
l_curve_3,167,0.3915271759033203,0.761904776096344
l_curve_3,168,0.390952467918396,0.761904776096344
l_curve_3,169,0.3904740810394287,0.761904776096344
l_curve_3,170,0.390070378780365,0.761904776096344
l_curve_3,171,0.3896975815296173,0.761904776096344
l_curve_3,172,0.38949695229530334,0.761904776096344
l_curve_3,173,0.389242023229599,0.761904776096344
l_curve_3,174,0.3891910910606384,0.761904776096344
l_curve_3,175,0.38880565762519836,0.761904776096344
l_curve_3,176,0.38865453004837036,0.761904776096344
l_curve_3,177,0.3883778750896454,0.761904776096344
l_curve_3,178,0.3882405459880829,0.761904776096344
l_curve_3,179,0.38809388875961304,0.761904776096344
l_curve_3,180,0.3880038559436798,0.761904776096344
l_curve_3,181,0.38786065578460693,0.761904776096344
l_curve_3,182,0.38759320974349976,0.761904776096344
l_curve_3,183,0.3871864676475525,0.761904776096344
l_curve_3,184,0.3867246210575104,0.761904776096344
l_curve_3,185,0.386154443025589,0.761904776096344
l_curve_3,186,0.3858495354652405,0.761904776096344
l_curve_3,187,0.38566985726356506,0.761904776096344
l_curve_3,188,0.3854723572731018,0.761904776096344
l_curve_3,189,0.38524654507637024,0.761904776096344
l_curve_3,190,0.38502371311187744,0.761904776096344
l_curve_3,191,0.38484129309654236,0.761904776096344
l_curve_3,192,0.38454297184944153,0.761904776096344
l_curve_3,193,0.38412708044052124,0.761904776096344
l_curve_3,194,0.38392359018325806,0.761904776096344
l_curve_3,195,0.38384246826171875,0.761904776096344
l_curve_3,196,0.38347166776657104,0.761904776096344
l_curve_3,197,0.3829961121082306,0.761904776096344
l_curve_3,198,0.3825697600841522,0.761904776096344
l_curve_3,199,0.3823316991329193,0.761904776096344
l_curve_3,200,0.38231825828552246,0.761904776096344
l_curve_3,201,0.38218608498573303,0.761904776096344
l_curve_3,202,0.3821311295032501,0.761904776096344
l_curve_3,203,0.38166800141334534,0.761904776096344
l_curve_3,204,0.38127046823501587,0.761904776096344
l_curve_3,205,0.38095414638519287,0.761904776096344
l_curve_3,206,0.3809541165828705,0.761904776096344
l_curve_3,207,0.3809714615345001,0.761904776096344
l_curve_3,208,0.38096052408218384,0.761904776096344
l_curve_3,209,0.3805961012840271,0.761904776096344
l_curve_3,210,0.3804725110530853,0.761904776096344
l_curve_3,211,0.38026195764541626,0.761904776096344
l_curve_3,212,0.37990623712539673,0.761904776096344
l_curve_3,213,0.37967127561569214,0.761904776096344
l_curve_3,214,0.37929752469062805,0.761904776096344
l_curve_3,215,0.3791828155517578,0.761904776096344
l_curve_3,216,0.3788785934448242,0.761904776096344
l_curve_3,217,0.3785240650177002,0.761904776096344
l_curve_3,218,0.3781699240207672,0.761904776096344
l_curve_3,219,0.37800490856170654,0.761904776096344
l_curve_3,220,0.37760597467422485,0.761904776096344
l_curve_3,221,0.37734588980674744,0.761904776096344
l_curve_3,222,0.3771880567073822,0.761904776096344
l_curve_3,223,0.3769353926181793,0.761904776096344
l_curve_3,224,0.37679457664489746,0.761904776096344
l_curve_3,225,0.3766077160835266,0.761904776096344
l_curve_3,226,0.3764544129371643,0.761904776096344
l_curve_3,227,0.37616753578186035,0.761904776096344
l_curve_3,228,0.37585368752479553,0.761904776096344
l_curve_3,229,0.37580934166908264,0.761904776096344
l_curve_3,230,0.375736266374588,0.761904776096344
l_curve_3,231,0.37561285495758057,0.761904776096344
l_curve_3,232,0.37534546852111816,0.761904776096344
l_curve_3,233,0.37528976798057556,0.761904776096344
l_curve_3,234,0.3752515912055969,0.761904776096344
l_curve_3,235,0.3752552270889282,0.761904776096344
l_curve_3,236,0.3751186728477478,0.761904776096344
l_curve_3,237,0.37483763694763184,0.761904776096344
l_curve_3,238,0.3745110332965851,0.761904776096344
l_curve_3,239,0.37426894903182983,0.761904776096344
l_curve_3,240,0.37395787239074707,0.761904776096344
l_curve_3,241,0.37377503514289856,0.761904776096344
l_curve_3,242,0.37374264001846313,0.761904776096344
l_curve_3,243,0.37371745705604553,0.761904776096344
l_curve_3,244,0.37369638681411743,0.761904776096344
l_curve_3,245,0.3735244572162628,0.761904776096344
l_curve_3,246,0.37315401434898376,0.761904776096344
l_curve_3,247,0.3730015754699707,0.761904776096344
l_curve_3,248,0.37290042638778687,0.761904776096344
l_curve_3,249,0.3727826774120331,0.761904776096344
l_curve_3,250,0.37287822365760803,0.761904776096344
l_curve_3,251,0.3726654648780823,0.761904776096344
l_curve_3,252,0.3724040389060974,0.761904776096344
l_curve_3,253,0.3719939887523651,0.761904776096344
l_curve_3,254,0.37181583046913147,0.761904776096344
l_curve_3,255,0.37170928716659546,0.761904776096344
l_curve_3,256,0.37155359983444214,0.761904776096344
l_curve_3,257,0.37165457010269165,0.761904776096344
l_curve_3,258,0.3715693950653076,0.761904776096344
l_curve_3,259,0.3713441491127014,0.761904776096344
l_curve_3,260,0.37110504508018494,0.761904776096344
l_curve_3,261,0.3709075152873993,0.761904776096344
l_curve_3,262,0.37074989080429077,0.761904776096344
l_curve_3,263,0.3706442713737488,0.761904776096344
l_curve_3,264,0.3704363703727722,0.761904776096344
l_curve_3,265,0.36998450756073,0.761904776096344
l_curve_3,266,0.36973920464515686,0.761904776096344
l_curve_3,267,0.3694550096988678,0.761904776096344
l_curve_3,268,0.3694473206996918,0.761904776096344
l_curve_3,269,0.36922478675842285,0.761904776096344
l_curve_3,270,0.36898621916770935,0.761904776096344
l_curve_3,271,0.3687981069087982,0.761904776096344
l_curve_3,272,0.3686918020248413,0.761904776096344
l_curve_3,273,0.36887413263320923,0.761904776096344
l_curve_3,274,0.36893218755722046,0.761904776096344
l_curve_3,275,0.36900973320007324,0.761904776096344
l_curve_3,276,0.368931382894516,0.761904776096344
l_curve_3,277,0.3685725927352905,0.761904776096344
l_curve_3,278,0.36836233735084534,0.761904776096344
l_curve_3,279,0.3682183623313904,0.761904776096344
l_curve_3,280,0.3681755065917969,0.761904776096344
l_curve_3,281,0.3683428466320038,0.761904776096344
l_curve_3,282,0.36813244223594666,0.761904776096344
l_curve_3,283,0.3678540289402008,0.8095238208770752
l_curve_3,284,0.3676541745662689,0.8095238208770752
l_curve_3,285,0.3675231337547302,0.8095238208770752
l_curve_3,286,0.36722302436828613,0.8095238208770752
l_curve_3,287,0.3670858144760132,0.8095238208770752
l_curve_3,288,0.36691585183143616,0.8095238208770752
l_curve_3,289,0.3668254315853119,0.8095238208770752
l_curve_3,290,0.3667444884777069,0.8095238208770752
l_curve_3,291,0.3665333688259125,0.8095238208770752
l_curve_3,292,0.3663618862628937,0.8095238208770752
l_curve_3,293,0.3662581145763397,0.8095238208770752
l_curve_3,294,0.36627039313316345,0.8095238208770752
l_curve_3,295,0.36639848351478577,0.8095238208770752
l_curve_3,296,0.3662760555744171,0.8095238208770752
l_curve_3,297,0.366098016500473,0.8095238208770752
l_curve_3,298,0.36582669615745544,0.8095238208770752
l_curve_3,299,0.3657686710357666,0.8095238208770752
l_curve_3,300,0.36570706963539124,0.8095238208770752
l_curve_3,301,0.36567625403404236,0.8095238208770752
l_curve_3,302,0.36573901772499084,0.8095238208770752
l_curve_3,303,0.3657214045524597,0.8095238208770752
l_curve_3,304,0.36564403772354126,0.8095238208770752
l_curve_3,305,0.36534592509269714,0.8095238208770752
l_curve_3,306,0.3650112748146057,0.8095238208770752
l_curve_3,307,0.36508941650390625,0.8095238208770752
l_curve_3,308,0.3650721311569214,0.8095238208770752
l_curve_3,309,0.36503976583480835,0.8095238208770752
l_curve_3,310,0.36490949988365173,0.8095238208770752
l_curve_3,311,0.3647174835205078,0.8095238208770752
l_curve_3,312,0.3647015690803528,0.8095238208770752
l_curve_3,313,0.36470088362693787,0.8095238208770752
l_curve_3,314,0.3645718991756439,0.8095238208770752
l_curve_3,315,0.36431175470352173,0.8095238208770752
l_curve_3,316,0.36399969458580017,0.8095238208770752
l_curve_3,317,0.36375662684440613,0.8095238208770752
l_curve_3,318,0.3637891411781311,0.8095238208770752
l_curve_3,319,0.3637934923171997,0.8095238208770752
l_curve_3,320,0.36390069127082825,0.8095238208770752
l_curve_3,321,0.3638525605201721,0.8095238208770752
l_curve_3,322,0.36383286118507385,0.8095238208770752
l_curve_3,323,0.3637027144432068,0.8095238208770752
l_curve_3,324,0.36351051926612854,0.8095238208770752
l_curve_3,325,0.36327701807022095,0.8095238208770752
l_curve_3,326,0.36306941509246826,0.8095238208770752
l_curve_3,327,0.3628610670566559,0.8571428656578064
l_curve_3,328,0.3628385066986084,0.8571428656578064
l_curve_3,329,0.3626410663127899,0.8571428656578064
l_curve_3,330,0.36263975501060486,0.8571428656578064
l_curve_3,331,0.362329363822937,0.8571428656578064
l_curve_3,332,0.3623148202896118,0.8571428656578064
l_curve_3,333,0.3623175323009491,0.8571428656578064
l_curve_3,334,0.3621496856212616,0.8571428656578064
l_curve_3,335,0.3619691729545593,0.8571428656578064
l_curve_3,336,0.36170995235443115,0.8571428656578064
l_curve_3,337,0.36164775490760803,0.8571428656578064
l_curve_3,338,0.3615480661392212,0.8571428656578064
l_curve_3,339,0.3614903390407562,0.8571428656578064
l_curve_3,340,0.36151954531669617,0.8571428656578064
l_curve_3,341,0.36143240332603455,0.8571428656578064
l_curve_3,342,0.3615206778049469,0.8571428656578064
l_curve_3,343,0.36152955889701843,0.8571428656578064
l_curve_3,344,0.36153924465179443,0.8571428656578064
l_curve_3,345,0.361575722694397,0.8571428656578064
l_curve_3,346,0.36172547936439514,0.8571428656578064
l_curve_3,347,0.36166220903396606,0.8571428656578064
l_curve_3,348,0.361497163772583,0.8571428656578064
l_curve_3,349,0.3613334596157074,0.8571428656578064
l_curve_3,350,0.36126962304115295,0.8571428656578064
l_curve_3,351,0.3612213432788849,0.8571428656578064
l_curve_3,352,0.36105629801750183,0.8571428656578064
l_curve_3,353,0.3609764575958252,0.8571428656578064
l_curve_3,354,0.3611243665218353,0.8571428656578064
l_curve_3,355,0.36103689670562744,0.8571428656578064
l_curve_3,356,0.36079517006874084,0.8571428656578064
l_curve_3,357,0.36084094643592834,0.8571428656578064
l_curve_3,358,0.36093005537986755,0.8571428656578064
l_curve_3,359,0.36096638441085815,0.8571428656578064
l_curve_3,360,0.36096927523612976,0.8571428656578064
l_curve_3,361,0.3608779013156891,0.8571428656578064
l_curve_3,362,0.36065757274627686,0.8571428656578064
l_curve_3,363,0.3604549467563629,0.8571428656578064
l_curve_3,364,0.3604489266872406,0.8571428656578064
l_curve_3,365,0.36023080348968506,0.8571428656578064
l_curve_3,366,0.35993635654449463,0.8571428656578064
l_curve_3,367,0.3596535623073578,0.8571428656578064
l_curve_3,368,0.3593434691429138,0.8571428656578064
l_curve_3,369,0.3593570291996002,0.8571428656578064
l_curve_3,370,0.35920435190200806,0.8571428656578064
l_curve_3,371,0.35892874002456665,0.8571428656578064
l_curve_3,372,0.3587084114551544,0.8571428656578064
l_curve_3,373,0.3585783541202545,0.8571428656578064
l_curve_3,374,0.3585876524448395,0.8571428656578064
l_curve_3,375,0.3586716055870056,0.8571428656578064
l_curve_3,376,0.3586416244506836,0.8571428656578064
l_curve_3,377,0.3585672080516815,0.8571428656578064
l_curve_3,378,0.35855862498283386,0.8571428656578064
l_curve_3,379,0.3586840331554413,0.8571428656578064
l_curve_3,380,0.35872960090637207,0.8571428656578064
l_curve_3,381,0.35866615176200867,0.8571428656578064
l_curve_3,382,0.35867831110954285,0.8571428656578064
l_curve_3,383,0.358573853969574,0.8571428656578064
l_curve_3,384,0.35838332772254944,0.8571428656578064
l_curve_3,385,0.35827022790908813,0.8571428656578064
l_curve_3,386,0.35820794105529785,0.8571428656578064
l_curve_3,387,0.3581869602203369,0.8571428656578064
l_curve_3,388,0.35809406638145447,0.8571428656578064
l_curve_3,389,0.3581239581108093,0.8571428656578064
l_curve_3,390,0.35809820890426636,0.8571428656578064
l_curve_3,391,0.3580966293811798,0.8571428656578064
l_curve_3,392,0.35804441571235657,0.8571428656578064
l_curve_3,393,0.35790756344795227,0.8571428656578064
l_curve_3,394,0.3579697906970978,0.8571428656578064
l_curve_3,395,0.35793331265449524,0.8571428656578064
l_curve_3,396,0.35773491859436035,0.8571428656578064
l_curve_3,397,0.35752052068710327,0.8571428656578064
l_curve_3,398,0.35739845037460327,0.8571428656578064
l_curve_3,399,0.3573753833770752,0.8571428656578064
l_curve_3,400,0.3574535846710205,0.8571428656578064
l_curve_3,401,0.3575780987739563,0.8571428656578064
l_curve_3,402,0.357541561126709,0.8571428656578064
l_curve_3,403,0.35735440254211426,0.8571428656578064
l_curve_3,404,0.35720255970954895,0.8571428656578064
l_curve_3,405,0.3571171164512634,0.8571428656578064
l_curve_3,406,0.3571937382221222,0.8571428656578064
l_curve_3,407,0.3572564125061035,0.8571428656578064
l_curve_3,408,0.3571412265300751,0.8571428656578064
l_curve_3,409,0.35714125633239746,0.8571428656578064
l_curve_3,410,0.3569694459438324,0.8571428656578064
l_curve_3,411,0.35686370730400085,0.8571428656578064
l_curve_3,412,0.3569590449333191,0.8571428656578064
l_curve_3,413,0.3569587469100952,0.8571428656578064
l_curve_3,414,0.35688042640686035,0.8571428656578064
l_curve_3,415,0.3570204973220825,0.8571428656578064
l_curve_3,416,0.3571852743625641,0.8571428656578064
l_curve_3,417,0.35712379217147827,0.8571428656578064
l_curve_3,418,0.3571915924549103,0.8571428656578064
l_curve_3,419,0.35709014534950256,0.8571428656578064
l_curve_3,420,0.35705509781837463,0.8571428656578064
l_curve_3,421,0.3569405972957611,0.8571428656578064
l_curve_3,422,0.35681837797164917,0.8571428656578064
l_curve_3,423,0.3567851781845093,0.8571428656578064
l_curve_3,424,0.3567066788673401,0.8571428656578064
l_curve_3,425,0.35665324330329895,0.8571428656578064
l_curve_3,426,0.3565673828125,0.8571428656578064
l_curve_3,427,0.3566582202911377,0.8571428656578064
l_curve_3,428,0.35665789246559143,0.8571428656578064
l_curve_3,429,0.35658353567123413,0.8571428656578064
l_curve_3,430,0.3564743399620056,0.8571428656578064
l_curve_3,431,0.35638126730918884,0.8571428656578064
l_curve_3,432,0.3562846779823303,0.8571428656578064
l_curve_3,433,0.356241375207901,0.8571428656578064
l_curve_3,434,0.35608020424842834,0.8571428656578064
l_curve_3,435,0.3560606837272644,0.8571428656578064
l_curve_3,436,0.356125146150589,0.8571428656578064
l_curve_3,437,0.3560114800930023,0.8571428656578064
l_curve_3,438,0.35594627261161804,0.8571428656578064
l_curve_3,439,0.35597658157348633,0.8571428656578064
l_curve_3,440,0.35610562562942505,0.8571428656578064
l_curve_3,441,0.35606649518013,0.8571428656578064
l_curve_3,442,0.35588186979293823,0.8571428656578064
l_curve_3,443,0.355831503868103,0.8571428656578064
l_curve_3,444,0.3557544946670532,0.8571428656578064
l_curve_3,445,0.3555504381656647,0.8571428656578064
l_curve_3,446,0.35548481345176697,0.8571428656578064
l_curve_3,447,0.35542547702789307,0.8571428656578064
l_curve_3,448,0.3553277552127838,0.8571428656578064
l_curve_3,449,0.35533949732780457,0.8571428656578064
l_curve_3,450,0.35529544949531555,0.8571428656578064
l_curve_3,451,0.35523563623428345,0.8571428656578064
l_curve_3,452,0.35532405972480774,0.8571428656578064
l_curve_3,453,0.35533225536346436,0.8571428656578064
l_curve_3,454,0.35552778840065,0.8571428656578064
l_curve_3,455,0.35546138882637024,0.8571428656578064
l_curve_3,456,0.35517609119415283,0.8571428656578064
l_curve_3,457,0.3550567924976349,0.8571428656578064
l_curve_3,458,0.3550238013267517,0.8571428656578064
l_curve_3,459,0.3551752269268036,0.8571428656578064
l_curve_3,460,0.35504186153411865,0.8571428656578064
l_curve_3,461,0.3548291325569153,0.8571428656578064
l_curve_3,462,0.3547758460044861,0.8571428656578064
l_curve_3,463,0.3547423779964447,0.8571428656578064
l_curve_3,464,0.3546764552593231,0.8571428656578064
l_curve_3,465,0.3544633388519287,0.8571428656578064
l_curve_3,466,0.35454174876213074,0.8571428656578064
l_curve_3,467,0.3547224998474121,0.8571428656578064
l_curve_3,468,0.3546253442764282,0.8571428656578064
l_curve_3,469,0.3544458746910095,0.8571428656578064
l_curve_3,470,0.3543306887149811,0.8571428656578064
l_curve_3,471,0.35436347126960754,0.8571428656578064
l_curve_3,472,0.35442936420440674,0.8571428656578064
l_curve_3,473,0.35442057251930237,0.8571428656578064
l_curve_3,474,0.3544939458370209,0.8571428656578064
l_curve_3,475,0.354555606842041,0.8571428656578064
l_curve_3,476,0.3545306622982025,0.8571428656578064
l_curve_3,477,0.3541703224182129,0.8571428656578064
l_curve_3,478,0.35393205285072327,0.8571428656578064
l_curve_3,479,0.3538915514945984,0.8571428656578064
l_curve_3,480,0.353904664516449,0.8571428656578064
l_curve_3,481,0.3539699912071228,0.8571428656578064
l_curve_3,482,0.3539349138736725,0.8571428656578064
l_curve_3,483,0.35396498441696167,0.8571428656578064
l_curve_3,484,0.35404857993125916,0.8571428656578064
l_curve_3,485,0.35417550802230835,0.8571428656578064
l_curve_3,486,0.3543720543384552,0.8571428656578064
l_curve_3,487,0.3542621433734894,0.8571428656578064
l_curve_3,488,0.3541257083415985,0.8571428656578064
l_curve_3,489,0.35411086678504944,0.8571428656578064
l_curve_3,490,0.35400423407554626,0.8571428656578064
l_curve_3,491,0.3541288375854492,0.8571428656578064
l_curve_3,492,0.35412415862083435,0.8571428656578064
l_curve_3,493,0.3541505038738251,0.8571428656578064
l_curve_3,494,0.35413482785224915,0.8571428656578064
l_curve_3,495,0.3541165292263031,0.8571428656578064
l_curve_3,496,0.3540712893009186,0.8571428656578064
l_curve_3,497,0.35411858558654785,0.8571428656578064
l_curve_3,498,0.354156494140625,0.8571428656578064
l_curve_3,499,0.3540416955947876,0.8571428656578064
l_curve_3,500,0.35396552085876465,0.8571428656578064
l_curve_3,501,0.3537655770778656,0.8571428656578064
l_curve_3,502,0.3536250591278076,0.8571428656578064
l_curve_3,503,0.35354238748550415,0.8571428656578064
l_curve_3,504,0.35348623991012573,0.8571428656578064
l_curve_3,505,0.35352835059165955,0.8571428656578064
l_curve_3,506,0.35361942648887634,0.8571428656578064
l_curve_3,507,0.35356393456459045,0.8571428656578064
l_curve_3,508,0.35360023379325867,0.8571428656578064
l_curve_3,509,0.35347190499305725,0.8571428656578064
l_curve_3,510,0.35331934690475464,0.8571428656578064
l_curve_3,511,0.3534194529056549,0.8571428656578064
l_curve_3,512,0.35339000821113586,0.8571428656578064
l_curve_3,513,0.3531495928764343,0.8571428656578064
l_curve_3,514,0.3529999256134033,0.8571428656578064
l_curve_3,515,0.3529101610183716,0.8571428656578064
l_curve_3,516,0.35296884179115295,0.8571428656578064
l_curve_3,517,0.3528998792171478,0.8571428656578064
l_curve_3,518,0.35297754406929016,0.8571428656578064
l_curve_3,519,0.3529468774795532,0.8571428656578064
l_curve_3,520,0.35297825932502747,0.8571428656578064
l_curve_3,521,0.35319674015045166,0.8571428656578064
l_curve_3,522,0.35341545939445496,0.8571428656578064
l_curve_3,523,0.3533780574798584,0.8571428656578064
l_curve_3,524,0.3532665967941284,0.8571428656578064
l_curve_3,525,0.35334885120391846,0.8571428656578064
l_curve_3,526,0.35319820046424866,0.8571428656578064
l_curve_3,527,0.3531181812286377,0.8571428656578064
l_curve_3,528,0.35321009159088135,0.8571428656578064
l_curve_3,529,0.3530224859714508,0.8571428656578064
l_curve_3,530,0.3530040383338928,0.8571428656578064
l_curve_3,531,0.35295483469963074,0.8571428656578064
l_curve_3,532,0.35297203063964844,0.8571428656578064
l_curve_3,533,0.35283640027046204,0.8571428656578064
l_curve_3,534,0.3527824580669403,0.8571428656578064
l_curve_3,535,0.3528497517108917,0.8571428656578064
l_curve_3,536,0.35298654437065125,0.8571428656578064
l_curve_3,537,0.352860689163208,0.8571428656578064
l_curve_3,538,0.3527395725250244,0.8571428656578064
l_curve_3,539,0.352654367685318,0.8571428656578064
l_curve_3,540,0.3526199460029602,0.8571428656578064
l_curve_3,541,0.35261860489845276,0.8571428656578064
l_curve_3,542,0.35282644629478455,0.8571428656578064
l_curve_3,543,0.3528790771961212,0.8571428656578064
l_curve_3,544,0.3530595004558563,0.8571428656578064
l_curve_3,545,0.35314804315567017,0.8571428656578064
l_curve_3,546,0.35323402285575867,0.8571428656578064
l_curve_3,547,0.3532477021217346,0.8571428656578064
l_curve_3,548,0.35329797863960266,0.8571428656578064
l_curve_3,549,0.35307469964027405,0.8571428656578064
l_curve_3,550,0.35289162397384644,0.8571428656578064
l_curve_3,551,0.3527788519859314,0.8571428656578064
l_curve_3,552,0.35289162397384644,0.8571428656578064
l_curve_3,553,0.35291993618011475,0.8571428656578064
l_curve_3,554,0.3529264032840729,0.8571428656578064
l_curve_3,555,0.35283952951431274,0.8571428656578064
l_curve_3,556,0.35278013348579407,0.8571428656578064
l_curve_3,557,0.35277438163757324,0.8571428656578064
l_curve_3,558,0.35296791791915894,0.8571428656578064
l_curve_3,559,0.35294222831726074,0.8571428656578064
l_curve_3,560,0.35281506180763245,0.8571428656578064
l_curve_3,561,0.3528447151184082,0.8571428656578064
l_curve_3,562,0.3529253900051117,0.8571428656578064
l_curve_3,563,0.3530663847923279,0.8571428656578064
l_curve_3,564,0.3530689775943756,0.8571428656578064
l_curve_3,565,0.3530721068382263,0.8571428656578064
l_curve_3,566,0.3529045581817627,0.8571428656578064
l_curve_3,567,0.35274460911750793,0.8571428656578064
l_curve_3,568,0.35264724493026733,0.8571428656578064
l_curve_3,569,0.35271093249320984,0.8571428656578064
l_curve_3,570,0.3526625633239746,0.8571428656578064
l_curve_3,571,0.3527126610279083,0.8571428656578064
l_curve_3,572,0.35265064239501953,0.8571428656578064
l_curve_3,573,0.3526417911052704,0.8571428656578064
l_curve_3,574,0.35275930166244507,0.8571428656578064
l_curve_3,575,0.35276588797569275,0.8571428656578064
l_curve_3,576,0.3526957929134369,0.8571428656578064
l_curve_3,577,0.3525502383708954,0.8571428656578064
l_curve_3,578,0.35247254371643066,0.8571428656578064
l_curve_3,579,0.3524394631385803,0.8571428656578064
l_curve_3,580,0.35235849022865295,0.8571428656578064
l_curve_3,581,0.35250258445739746,0.8571428656578064
l_curve_3,582,0.35274243354797363,0.8571428656578064
l_curve_3,583,0.3527211546897888,0.8571428656578064
l_curve_3,584,0.35258954763412476,0.8571428656578064
l_curve_3,585,0.352534681558609,0.8571428656578064
l_curve_3,586,0.35253214836120605,0.8571428656578064
l_curve_3,587,0.3524024784564972,0.8571428656578064
l_curve_3,588,0.3522668480873108,0.8571428656578064
l_curve_3,589,0.3523443043231964,0.8571428656578064
l_curve_3,590,0.3523729741573334,0.8571428656578064
l_curve_3,591,0.3524484634399414,0.8571428656578064
l_curve_3,592,0.3523801267147064,0.8571428656578064
l_curve_3,593,0.3524356484413147,0.8571428656578064
l_curve_3,594,0.35247254371643066,0.8571428656578064
l_curve_3,595,0.3524937927722931,0.8571428656578064
l_curve_3,596,0.35245394706726074,0.8571428656578064
l_curve_3,597,0.35229843854904175,0.8571428656578064
l_curve_3,598,0.3523358106613159,0.8571428656578064
l_curve_3,599,0.35232022404670715,0.8571428656578064
l_curve_3,600,0.3521994650363922,0.8571428656578064
l_curve_3,601,0.352220356464386,0.8571428656578064
l_curve_3,602,0.3522757291793823,0.8571428656578064
l_curve_3,603,0.3523707985877991,0.8571428656578064
l_curve_3,604,0.3523692190647125,0.8571428656578064
l_curve_3,605,0.3523090183734894,0.8571428656578064
l_curve_3,606,0.3522699773311615,0.8571428656578064
l_curve_3,607,0.3522508442401886,0.8571428656578064
l_curve_3,608,0.3522454798221588,0.8571428656578064
l_curve_3,609,0.35225504636764526,0.8571428656578064
l_curve_3,610,0.35225996375083923,0.8571428656578064
l_curve_3,611,0.35230734944343567,0.8571428656578064
l_curve_3,612,0.35232970118522644,0.8571428656578064
l_curve_3,613,0.35241010785102844,0.8571428656578064
l_curve_3,614,0.35247066617012024,0.8571428656578064
l_curve_3,615,0.35217365622520447,0.8571428656578064
l_curve_3,616,0.3520171642303467,0.8571428656578064
l_curve_3,617,0.3519299328327179,0.8571428656578064
l_curve_3,618,0.3520301580429077,0.8571428656578064
l_curve_3,619,0.3521808087825775,0.8571428656578064
l_curve_3,620,0.35230156779289246,0.8571428656578064
l_curve_3,621,0.35249626636505127,0.8571428656578064
l_curve_3,622,0.3525339961051941,0.8571428656578064
l_curve_3,623,0.3525785505771637,0.8571428656578064
l_curve_3,624,0.35257452726364136,0.8571428656578064
l_curve_3,625,0.3525492250919342,0.8571428656578064
l_curve_3,626,0.35237598419189453,0.8571428656578064
l_curve_3,627,0.35235628485679626,0.8571428656578064
l_curve_3,628,0.3524858057498932,0.8571428656578064
l_curve_3,629,0.35240688920021057,0.8571428656578064
l_curve_3,630,0.3524622321128845,0.8571428656578064
l_curve_3,631,0.3525240123271942,0.8571428656578064
l_curve_3,632,0.3525204360485077,0.8571428656578064
l_curve_3,633,0.35248804092407227,0.8571428656578064
l_curve_3,634,0.352300763130188,0.8571428656578064
l_curve_3,635,0.3521864414215088,0.8571428656578064
l_curve_3,636,0.3520898222923279,0.8571428656578064
l_curve_3,637,0.3521772027015686,0.8571428656578064
l_curve_3,638,0.35218024253845215,0.8571428656578064
l_curve_3,639,0.35209789872169495,0.8571428656578064
l_curve_3,640,0.3519555628299713,0.8571428656578064
l_curve_3,641,0.351993203163147,0.8571428656578064
l_curve_3,642,0.3520318269729614,0.8571428656578064
l_curve_3,643,0.3520326018333435,0.8571428656578064
l_curve_3,644,0.352029412984848,0.8571428656578064
l_curve_3,645,0.3521851599216461,0.8571428656578064
l_curve_3,646,0.35221734642982483,0.8571428656578064
l_curve_3,647,0.3523483872413635,0.8571428656578064
l_curve_3,648,0.3523488938808441,0.8571428656578064
l_curve_3,649,0.3524114191532135,0.8571428656578064
l_curve_3,650,0.3523905277252197,0.8571428656578064
l_curve_3,651,0.35231366753578186,0.8571428656578064
l_curve_3,652,0.3523513972759247,0.8571428656578064
l_curve_3,653,0.35236671566963196,0.8571428656578064
l_curve_3,654,0.352380633354187,0.8571428656578064
l_curve_3,655,0.3523639142513275,0.8571428656578064
l_curve_3,656,0.3523624837398529,0.8571428656578064
l_curve_3,657,0.3523101508617401,0.8571428656578064
l_curve_3,658,0.35225826501846313,0.8571428656578064
l_curve_3,659,0.35227420926094055,0.8571428656578064
l_curve_3,660,0.3522599935531616,0.8571428656578064
l_curve_3,661,0.3523271083831787,0.8571428656578064
l_curve_3,662,0.3524833023548126,0.8571428656578064
l_curve_3,663,0.35259178280830383,0.8571428656578064
l_curve_3,664,0.3525513708591461,0.8571428656578064
l_curve_3,665,0.35247448086738586,0.8571428656578064
l_curve_3,666,0.3523801267147064,0.8571428656578064
l_curve_3,667,0.3522108495235443,0.8571428656578064
l_curve_3,668,0.35210421681404114,0.8571428656578064
l_curve_3,669,0.352144718170166,0.8571428656578064
l_curve_3,670,0.35206082463264465,0.8571428656578064
l_curve_3,671,0.35209786891937256,0.8571428656578064
l_curve_3,672,0.35208800435066223,0.8571428656578064
l_curve_3,673,0.3519916832447052,0.8571428656578064
l_curve_3,674,0.35198938846588135,0.8571428656578064
l_curve_3,675,0.35202378034591675,0.8571428656578064
l_curve_3,676,0.3520980179309845,0.8571428656578064
l_curve_3,677,0.35207387804985046,0.8571428656578064
l_curve_3,678,0.3520488142967224,0.8571428656578064
l_curve_3,679,0.35213303565979004,0.8571428656578064
l_curve_3,680,0.3521704375743866,0.8571428656578064
l_curve_3,681,0.35223475098609924,0.8571428656578064
l_curve_3,682,0.3522462248802185,0.8571428656578064
l_curve_3,683,0.35211509466171265,0.8571428656578064
l_curve_3,684,0.3521122932434082,0.8571428656578064
l_curve_3,685,0.35213175415992737,0.8571428656578064
l_curve_3,686,0.35217857360839844,0.8571428656578064
l_curve_3,687,0.3521531820297241,0.8571428656578064
l_curve_3,688,0.35213586688041687,0.8571428656578064
l_curve_3,689,0.35212185978889465,0.8571428656578064
l_curve_3,690,0.352202832698822,0.8571428656578064
l_curve_3,691,0.35227102041244507,0.8571428656578064
l_curve_3,692,0.3522605299949646,0.8571428656578064
l_curve_3,693,0.352053701877594,0.8571428656578064
l_curve_3,694,0.35189366340637207,0.8571428656578064
l_curve_3,695,0.35176199674606323,0.8571428656578064
l_curve_3,696,0.35186466574668884,0.8571428656578064
l_curve_3,697,0.35195937752723694,0.8571428656578064
l_curve_3,698,0.35204392671585083,0.8571428656578064
l_curve_3,699,0.351914644241333,0.8571428656578064
l_curve_3,700,0.3518909811973572,0.8571428656578064
l_curve_3,701,0.3521266579627991,0.8571428656578064
l_curve_3,702,0.3521891236305237,0.8571428656578064
l_curve_3,703,0.3522440493106842,0.8571428656578064
l_curve_3,704,0.35213980078697205,0.8571428656578064
l_curve_3,705,0.3522357642650604,0.8571428656578064
l_curve_3,706,0.3522706627845764,0.8571428656578064
l_curve_3,707,0.35219451785087585,0.8571428656578064
l_curve_3,708,0.35239019989967346,0.8571428656578064
l_curve_3,709,0.3522591292858124,0.8571428656578064
l_curve_3,710,0.35215330123901367,0.8571428656578064
l_curve_3,711,0.352160781621933,0.8571428656578064
l_curve_3,712,0.35225555300712585,0.8571428656578064
l_curve_3,713,0.3522382974624634,0.8571428656578064
l_curve_3,714,0.35218721628189087,0.8571428656578064
l_curve_3,715,0.35209810733795166,0.8571428656578064
l_curve_3,716,0.35227885842323303,0.8571428656578064
l_curve_3,717,0.3523727357387543,0.8571428656578064
l_curve_3,718,0.3523709774017334,0.8571428656578064
l_curve_3,719,0.35229164361953735,0.8571428656578064
l_curve_3,720,0.35213208198547363,0.8571428656578064
l_curve_3,721,0.35220491886138916,0.8571428656578064
l_curve_3,722,0.3523150384426117,0.8571428656578064
l_curve_3,723,0.35236212611198425,0.8571428656578064
l_curve_3,724,0.3523940443992615,0.8571428656578064
l_curve_3,725,0.3524761199951172,0.8571428656578064
l_curve_3,726,0.35249975323677063,0.8571428656578064
l_curve_3,727,0.35253384709358215,0.8571428656578064
l_curve_3,728,0.35262542963027954,0.8571428656578064
l_curve_3,729,0.3526080846786499,0.8571428656578064
l_curve_3,730,0.3527073264122009,0.8571428656578064
l_curve_3,731,0.3527379631996155,0.8571428656578064
l_curve_3,732,0.3527657985687256,0.8571428656578064
l_curve_3,733,0.3526979088783264,0.8571428656578064
l_curve_3,734,0.35266542434692383,0.8571428656578064
l_curve_3,735,0.3526577353477478,0.8571428656578064
l_curve_3,736,0.3527512848377228,0.8571428656578064
l_curve_3,737,0.35270974040031433,0.8571428656578064
l_curve_3,738,0.3526344299316406,0.8571428656578064
l_curve_3,739,0.352691650390625,0.8571428656578064
l_curve_3,740,0.35264813899993896,0.8571428656578064
l_curve_3,741,0.3526659607887268,0.8571428656578064
l_curve_3,742,0.3526753783226013,0.8571428656578064
l_curve_3,743,0.3525182604789734,0.8571428656578064
l_curve_3,744,0.3526216149330139,0.8571428656578064
l_curve_3,745,0.352730393409729,0.8571428656578064
l_curve_3,746,0.3527989685535431,0.8571428656578064
l_curve_3,747,0.3528379797935486,0.8571428656578064
l_curve_3,748,0.35276731848716736,0.8571428656578064
l_curve_3,749,0.352583646774292,0.8571428656578064
l_curve_3,750,0.3523881435394287,0.8571428656578064
l_curve_3,751,0.35226884484291077,0.8571428656578064
l_curve_3,752,0.3523562252521515,0.8571428656578064
l_curve_3,753,0.3523644804954529,0.8571428656578064
l_curve_3,754,0.35240206122398376,0.8571428656578064
l_curve_3,755,0.352400004863739,0.8571428656578064
l_curve_3,756,0.35224369168281555,0.8571428656578064
l_curve_3,757,0.3522826135158539,0.8571428656578064
l_curve_3,758,0.3522508442401886,0.8571428656578064
l_curve_3,759,0.3522646129131317,0.8571428656578064
l_curve_3,760,0.35223811864852905,0.8571428656578064
l_curve_3,761,0.35224488377571106,0.8571428656578064
l_curve_3,762,0.3522934913635254,0.8571428656578064
l_curve_3,763,0.35230690240859985,0.8571428656578064
l_curve_3,764,0.35246917605400085,0.8571428656578064
l_curve_3,765,0.3525539040565491,0.8571428656578064
l_curve_3,766,0.3524889349937439,0.8571428656578064
l_curve_3,767,0.35245129466056824,0.8571428656578064
l_curve_3,768,0.35249632596969604,0.8571428656578064
l_curve_3,769,0.3523602783679962,0.8571428656578064
l_curve_3,770,0.3524322509765625,0.8571428656578064
l_curve_3,771,0.3525283932685852,0.8571428656578064
l_curve_3,772,0.35264232754707336,0.8571428656578064
l_curve_3,773,0.35288333892822266,0.8571428656578064
l_curve_3,774,0.35300955176353455,0.8571428656578064
l_curve_3,775,0.35293954610824585,0.8571428656578064
l_curve_3,776,0.3528771698474884,0.8571428656578064
l_curve_3,777,0.35279330611228943,0.8571428656578064
l_curve_3,778,0.3526858687400818,0.8571428656578064
l_curve_3,779,0.35265618562698364,0.8571428656578064
l_curve_3,780,0.35280102491378784,0.8571428656578064
l_curve_3,781,0.35270801186561584,0.8571428656578064
l_curve_3,782,0.35277828574180603,0.8571428656578064
l_curve_3,783,0.35270610451698303,0.8571428656578064
l_curve_3,784,0.35266193747520447,0.8571428656578064
l_curve_3,785,0.35258862376213074,0.8571428656578064
l_curve_3,786,0.3524269163608551,0.8571428656578064
l_curve_3,787,0.35243070125579834,0.8571428656578064
l_curve_3,788,0.35232338309288025,0.8571428656578064
l_curve_3,789,0.35227781534194946,0.8571428656578064
l_curve_3,790,0.35231873393058777,0.8571428656578064
l_curve_3,791,0.3522792458534241,0.8571428656578064
l_curve_3,792,0.3523401916027069,0.8571428656578064
l_curve_3,793,0.35237258672714233,0.8571428656578064
l_curve_3,794,0.35237962007522583,0.8571428656578064
l_curve_3,795,0.3524414598941803,0.8571428656578064
l_curve_3,796,0.35238465666770935,0.8571428656578064
l_curve_3,797,0.3524211347103119,0.8571428656578064
l_curve_3,798,0.35251227021217346,0.8571428656578064
l_curve_3,799,0.3524998724460602,0.8571428656578064
l_curve_3,800,0.35250645875930786,0.8571428656578064
l_curve_3,801,0.3525632321834564,0.8571428656578064
l_curve_3,802,0.35259976983070374,0.8571428656578064
l_curve_3,803,0.3528028428554535,0.8571428656578064
l_curve_3,804,0.35298943519592285,0.8571428656578064
l_curve_3,805,0.35316070914268494,0.8571428656578064
l_curve_3,806,0.35322362184524536,0.8571428656578064
l_curve_3,807,0.35332179069519043,0.8571428656578064
l_curve_3,808,0.353426992893219,0.8571428656578064
l_curve_3,809,0.35322898626327515,0.8571428656578064
l_curve_3,810,0.35304495692253113,0.8571428656578064
l_curve_3,811,0.35297271609306335,0.8571428656578064
l_curve_3,812,0.35305753350257874,0.8571428656578064
l_curve_3,813,0.35305705666542053,0.8571428656578064
l_curve_3,814,0.35289835929870605,0.8571428656578064
l_curve_3,815,0.3527870178222656,0.8571428656578064
l_curve_3,816,0.35279765725135803,0.8571428656578064
l_curve_3,817,0.35289835929870605,0.8571428656578064
l_curve_3,818,0.35295969247817993,0.8571428656578064
l_curve_3,819,0.3529682755470276,0.8571428656578064
l_curve_3,820,0.3530804216861725,0.8571428656578064
l_curve_3,821,0.35312581062316895,0.8571428656578064
l_curve_3,822,0.3532208502292633,0.8571428656578064
l_curve_3,823,0.35324913263320923,0.8571428656578064
l_curve_3,824,0.35319027304649353,0.8571428656578064
l_curve_3,825,0.3531392514705658,0.8571428656578064
l_curve_3,826,0.35330915451049805,0.8571428656578064
l_curve_3,827,0.3533337414264679,0.8571428656578064
l_curve_3,828,0.3533311188220978,0.8571428656578064
l_curve_3,829,0.35319584608078003,0.8571428656578064
l_curve_3,830,0.3530976474285126,0.8571428656578064
l_curve_3,831,0.3530194163322449,0.8571428656578064
l_curve_3,832,0.3531595766544342,0.8571428656578064
l_curve_3,833,0.35337141156196594,0.8571428656578064
l_curve_3,834,0.35350608825683594,0.8571428656578064
l_curve_3,835,0.3536340296268463,0.8571428656578064
l_curve_3,836,0.35350745916366577,0.8571428656578064
l_curve_3,837,0.3534034788608551,0.8571428656578064
l_curve_3,838,0.35345301032066345,0.8571428656578064
l_curve_3,839,0.35334792733192444,0.8571428656578064
l_curve_3,840,0.3531827926635742,0.8571428656578064
l_curve_3,841,0.35293707251548767,0.8571428656578064
l_curve_3,842,0.35293886065483093,0.8571428656578064
l_curve_3,843,0.3530523180961609,0.8571428656578064
l_curve_3,844,0.35324379801750183,0.8571428656578064
l_curve_3,845,0.35351768136024475,0.8571428656578064
l_curve_3,846,0.3537789285182953,0.8571428656578064
l_curve_3,847,0.3538465201854706,0.8571428656578064
l_curve_3,848,0.35378456115722656,0.8571428656578064
l_curve_3,849,0.35374632477760315,0.8571428656578064
l_curve_3,850,0.35372194647789,0.8571428656578064
l_curve_3,851,0.3536907732486725,0.8571428656578064
l_curve_3,852,0.3537296652793884,0.8571428656578064
l_curve_3,853,0.3538561761379242,0.8571428656578064
l_curve_3,854,0.3539881706237793,0.8571428656578064
l_curve_3,855,0.35408031940460205,0.8571428656578064
l_curve_3,856,0.3539777398109436,0.8571428656578064
l_curve_3,857,0.35403403639793396,0.8571428656578064
l_curve_3,858,0.3540708124637604,0.8571428656578064
l_curve_3,859,0.3538850247859955,0.8571428656578064
l_curve_3,860,0.3537970185279846,0.8571428656578064
l_curve_3,861,0.3536287844181061,0.8571428656578064
l_curve_3,862,0.35342735052108765,0.8571428656578064
l_curve_3,863,0.35334455966949463,0.8571428656578064
l_curve_3,864,0.35340744256973267,0.8571428656578064
l_curve_3,865,0.3534623980522156,0.8571428656578064
l_curve_3,866,0.3535417914390564,0.8571428656578064
l_curve_3,867,0.35342445969581604,0.8571428656578064
l_curve_3,868,0.3533608615398407,0.8571428656578064
l_curve_3,869,0.35339289903640747,0.8571428656578064
l_curve_3,870,0.353426992893219,0.8571428656578064
l_curve_3,871,0.35335126519203186,0.8571428656578064
l_curve_3,872,0.3533843457698822,0.8571428656578064
l_curve_3,873,0.35347867012023926,0.8571428656578064
l_curve_3,874,0.353476881980896,0.8571428656578064
l_curve_3,875,0.35340288281440735,0.8571428656578064
l_curve_3,876,0.353634774684906,0.8571428656578064
l_curve_3,877,0.35380423069000244,0.8571428656578064
l_curve_3,878,0.3539544343948364,0.8571428656578064
l_curve_3,879,0.35389164090156555,0.8571428656578064
l_curve_3,880,0.3537231385707855,0.8571428656578064
l_curve_3,881,0.3536808490753174,0.8571428656578064
l_curve_3,882,0.35355472564697266,0.8571428656578064
l_curve_3,883,0.3536248803138733,0.8571428656578064
l_curve_3,884,0.3538057208061218,0.8571428656578064
l_curve_3,885,0.353872150182724,0.8571428656578064
l_curve_3,886,0.3538476526737213,0.8571428656578064
l_curve_3,887,0.3538825511932373,0.8571428656578064
l_curve_3,888,0.35393190383911133,0.8571428656578064
l_curve_3,889,0.35381585359573364,0.8571428656578064
l_curve_3,890,0.35388436913490295,0.8571428656578064
l_curve_3,891,0.35389402508735657,0.8571428656578064
l_curve_3,892,0.3540002107620239,0.8571428656578064
l_curve_3,893,0.3540758490562439,0.8571428656578064
l_curve_3,894,0.3540102243423462,0.8571428656578064
l_curve_3,895,0.3539670407772064,0.8571428656578064
l_curve_3,896,0.3539389967918396,0.8571428656578064
l_curve_3,897,0.3539300560951233,0.8571428656578064
l_curve_3,898,0.35389429330825806,0.8571428656578064
l_curve_3,899,0.35406211018562317,0.8571428656578064
l_curve_3,900,0.35420146584510803,0.8571428656578064
l_curve_3,901,0.3541092276573181,0.8571428656578064
l_curve_3,902,0.3540506362915039,0.8571428656578064
l_curve_3,903,0.35414472222328186,0.8571428656578064
l_curve_3,904,0.3541812002658844,0.8571428656578064
l_curve_3,905,0.35423216223716736,0.8571428656578064
l_curve_3,906,0.3542134761810303,0.8571428656578064
l_curve_3,907,0.3544267416000366,0.8571428656578064
l_curve_3,908,0.3544294238090515,0.8571428656578064
l_curve_3,909,0.35445672273635864,0.8571428656578064
l_curve_3,910,0.3543339669704437,0.8571428656578064
l_curve_3,911,0.354249507188797,0.8571428656578064
l_curve_3,912,0.3542686998844147,0.8571428656578064
l_curve_3,913,0.3542923033237457,0.8571428656578064
l_curve_3,914,0.3542710244655609,0.8571428656578064
l_curve_3,915,0.35426926612854004,0.8571428656578064
l_curve_3,916,0.3543400466442108,0.8571428656578064
l_curve_3,917,0.3542306125164032,0.8571428656578064
l_curve_3,918,0.3542345464229584,0.8571428656578064
l_curve_3,919,0.3543691337108612,0.8571428656578064
l_curve_3,920,0.35441479086875916,0.8571428656578064
l_curve_3,921,0.3544207513332367,0.8571428656578064
l_curve_3,922,0.3543629050254822,0.8571428656578064
l_curve_3,923,0.3544203042984009,0.8571428656578064
l_curve_3,924,0.354493647813797,0.8571428656578064
l_curve_3,925,0.35449451208114624,0.8571428656578064
l_curve_3,926,0.35450810194015503,0.8571428656578064
l_curve_3,927,0.3546430170536041,0.8571428656578064
l_curve_3,928,0.3547208905220032,0.8571428656578064
l_curve_3,929,0.3546968102455139,0.8571428656578064
l_curve_3,930,0.35459256172180176,0.8571428656578064
l_curve_3,931,0.354534775018692,0.8571428656578064
l_curve_3,932,0.354547917842865,0.8571428656578064
l_curve_3,933,0.3544265031814575,0.8571428656578064
l_curve_3,934,0.35438722372055054,0.8571428656578064
l_curve_3,935,0.35451412200927734,0.8571428656578064
l_curve_3,936,0.3543967604637146,0.8571428656578064
l_curve_3,937,0.3543165624141693,0.8571428656578064
l_curve_3,938,0.3543776571750641,0.8571428656578064
l_curve_3,939,0.3542725145816803,0.8571428656578064
l_curve_3,940,0.354216992855072,0.8571428656578064
l_curve_3,941,0.3542173206806183,0.8571428656578064
l_curve_3,942,0.3542606830596924,0.8571428656578064
l_curve_3,943,0.3544136583805084,0.8571428656578064
l_curve_3,944,0.3543839156627655,0.8571428656578064
l_curve_3,945,0.3544962406158447,0.8571428656578064
l_curve_3,946,0.3545788526535034,0.8571428656578064
l_curve_3,947,0.35463669896125793,0.8571428656578064
l_curve_3,948,0.3546219766139984,0.8571428656578064
l_curve_3,949,0.3546292781829834,0.8571428656578064
l_curve_3,950,0.35457202792167664,0.8571428656578064
l_curve_3,951,0.3546241223812103,0.8571428656578064
l_curve_3,952,0.3546322286128998,0.8571428656578064
l_curve_3,953,0.35459625720977783,0.8571428656578064
l_curve_3,954,0.3546563684940338,0.8571428656578064
l_curve_3,955,0.35473698377609253,0.8571428656578064
l_curve_3,956,0.3546677231788635,0.8571428656578064
l_curve_3,957,0.3546992838382721,0.8571428656578064
l_curve_3,958,0.35475149750709534,0.8571428656578064
l_curve_3,959,0.3547934591770172,0.8571428656578064
l_curve_3,960,0.35481107234954834,0.8571428656578064
l_curve_3,961,0.3548378050327301,0.8571428656578064
l_curve_3,962,0.35486090183258057,0.8571428656578064
l_curve_3,963,0.35498079657554626,0.8571428656578064
l_curve_3,964,0.3549114465713501,0.8571428656578064
l_curve_3,965,0.35480931401252747,0.8571428656578064
l_curve_3,966,0.3548520505428314,0.8571428656578064
l_curve_3,967,0.3549019396305084,0.8571428656578064
l_curve_3,968,0.35499972105026245,0.8571428656578064
l_curve_3,969,0.35504478216171265,0.8571428656578064
l_curve_3,970,0.3551538586616516,0.8571428656578064
l_curve_3,971,0.35519108176231384,0.8571428656578064
l_curve_3,972,0.35517412424087524,0.8571428656578064
l_curve_3,973,0.3551912307739258,0.8571428656578064
l_curve_3,974,0.3552210330963135,0.8571428656578064
l_curve_3,975,0.355162113904953,0.8571428656578064
l_curve_3,976,0.3550139367580414,0.8571428656578064
l_curve_3,977,0.3548464775085449,0.8571428656578064
l_curve_3,978,0.3548169732093811,0.8571428656578064
l_curve_3,979,0.3548829257488251,0.8571428656578064
l_curve_3,980,0.3547457158565521,0.8571428656578064
l_curve_3,981,0.35470643639564514,0.8571428656578064
l_curve_3,982,0.3549187481403351,0.8571428656578064
l_curve_3,983,0.3549957573413849,0.8571428656578064
l_curve_3,984,0.3551613390445709,0.8571428656578064
l_curve_3,985,0.3554024398326874,0.8571428656578064
l_curve_3,986,0.355493426322937,0.8571428656578064
l_curve_3,987,0.35557475686073303,0.8571428656578064
l_curve_3,988,0.35576707124710083,0.8571428656578064
l_curve_3,989,0.35588303208351135,0.8571428656578064
l_curve_3,990,0.3558291494846344,0.8571428656578064
l_curve_3,991,0.35584622621536255,0.8571428656578064
l_curve_3,992,0.35573992133140564,0.8571428656578064
l_curve_3,993,0.3556772768497467,0.8571428656578064
l_curve_3,994,0.3556157052516937,0.8571428656578064
l_curve_3,995,0.35564127564430237,0.8571428656578064
l_curve_3,996,0.35558685660362244,0.8571428656578064
l_curve_3,997,0.35569363832473755,0.8571428656578064
l_curve_3,998,0.35579103231430054,0.8571428656578064
l_curve_3,999,0.35567140579223633,0.8571428656578064
l_curve_3,1000,0.3556442856788635,0.8571428656578064
l_curve_3,1000,0.3556442856788635,0.8571428656578064
