client,round,loss,accuracy
l_curve_1,1,1.1858171224594116,0.190476194024086
l_curve_1,2,1.14644455909729,0.190476194024086
l_curve_1,3,1.109671950340271,0.190476194024086
l_curve_1,4,1.0753508806228638,0.190476194024086
l_curve_1,5,1.0435001850128174,0.190476194024086
l_curve_1,6,1.0141196250915527,0.190476194024086
l_curve_1,7,0.9871090650558472,0.190476194024086
l_curve_1,8,0.9621928930282593,0.190476194024086
l_curve_1,9,0.9394055604934692,0.190476194024086
l_curve_1,10,0.9185426831245422,0.190476194024086
l_curve_1,11,0.8994589447975159,0.190476194024086
l_curve_1,12,0.8819369077682495,0.2380952388048172
l_curve_1,13,0.8657543659210205,0.2380952388048172
l_curve_1,14,0.8507857322692871,0.2857142984867096
l_curve_1,15,0.8366289734840393,0.3333333432674408
l_curve_1,16,0.8234590888023376,0.380952388048172
l_curve_1,17,0.8112571239471436,0.4285714328289032
l_curve_1,18,0.7995345592498779,0.4285714328289032
l_curve_1,19,0.7885001301765442,0.4285714328289032
l_curve_1,20,0.7781084179878235,0.4285714328289032
l_curve_1,21,0.768080472946167,0.4285714328289032
l_curve_1,22,0.7585965991020203,0.4761904776096344
l_curve_1,23,0.7494432926177979,0.4761904776096344
l_curve_1,24,0.7404432892799377,0.523809552192688
l_curve_1,25,0.7317091822624207,0.523809552192688
l_curve_1,26,0.7231901288032532,0.523809552192688
l_curve_1,27,0.7148987650871277,0.523809552192688
l_curve_1,28,0.7067486643791199,0.523809552192688
l_curve_1,29,0.6986623406410217,0.5714285969734192
l_curve_1,30,0.6906874775886536,0.5714285969734192
l_curve_1,31,0.6827683448791504,0.5714285969734192
l_curve_1,32,0.6749247312545776,0.6190476417541504
l_curve_1,33,0.6672415137290955,0.6190476417541504
l_curve_1,34,0.6595705151557922,0.6190476417541504
l_curve_1,35,0.6519938111305237,0.6190476417541504
l_curve_1,36,0.6444445252418518,0.6666666865348816
l_curve_1,37,0.6368168592453003,0.7142857313156128
l_curve_1,38,0.6291235685348511,0.7142857313156128
l_curve_1,39,0.6215202212333679,0.7142857313156128
l_curve_1,40,0.6140283942222595,0.7142857313156128
l_curve_1,41,0.6064544320106506,0.761904776096344
l_curve_1,42,0.5989152789115906,0.761904776096344
l_curve_1,43,0.591396689414978,0.761904776096344
l_curve_1,44,0.5837963223457336,0.761904776096344
l_curve_1,45,0.5763005614280701,0.761904776096344
l_curve_1,46,0.5688439607620239,0.761904776096344
l_curve_1,47,0.5615721344947815,0.761904776096344
l_curve_1,48,0.5542393922805786,0.8095238208770752
l_curve_1,49,0.5469622611999512,0.8571428656578064
l_curve_1,50,0.5397450923919678,0.8571428656578064
l_curve_1,51,0.532500684261322,0.8571428656578064
l_curve_1,52,0.5253190398216248,0.8571428656578064
l_curve_1,53,0.5182396769523621,0.8571428656578064
l_curve_1,54,0.5111907124519348,0.8571428656578064
l_curve_1,55,0.5042509436607361,0.8571428656578064
l_curve_1,56,0.4975132644176483,0.8571428656578064
l_curve_1,57,0.49055105447769165,0.8571428656578064
l_curve_1,58,0.48378095030784607,0.8571428656578064
l_curve_1,59,0.47717225551605225,0.8571428656578064
l_curve_1,60,0.47060003876686096,0.8571428656578064
l_curve_1,61,0.4642978310585022,0.8571428656578064
l_curve_1,62,0.4579775631427765,0.8571428656578064
l_curve_1,63,0.4517780840396881,0.8571428656578064
l_curve_1,64,0.4456387162208557,0.8571428656578064
l_curve_1,65,0.4397928714752197,0.8571428656578064
l_curve_1,66,0.4339686930179596,0.8571428656578064
l_curve_1,67,0.4283979833126068,0.8571428656578064
l_curve_1,68,0.42299044132232666,0.8571428656578064
l_curve_1,69,0.4177749752998352,0.8571428656578064
l_curve_1,70,0.41266778111457825,0.8571428656578064
l_curve_1,71,0.40781116485595703,0.8571428656578064
l_curve_1,72,0.40320515632629395,0.8571428656578064
l_curve_1,73,0.3987122178077698,0.8571428656578064
l_curve_1,74,0.3944709300994873,0.8571428656578064
l_curve_1,75,0.39023035764694214,0.8571428656578064
l_curve_1,76,0.38601598143577576,0.8571428656578064
l_curve_1,77,0.38207191228866577,0.8571428656578064
l_curve_1,78,0.37842631340026855,0.8571428656578064
l_curve_1,79,0.37483033537864685,0.8571428656578064
l_curve_1,80,0.3714148998260498,0.8571428656578064
l_curve_1,81,0.36811143159866333,0.8571428656578064
l_curve_1,82,0.365020751953125,0.8571428656578064
l_curve_1,83,0.36205819249153137,0.8571428656578064
l_curve_1,84,0.35936427116394043,0.8571428656578064
l_curve_1,85,0.35663092136383057,0.8571428656578064
l_curve_1,86,0.3540313243865967,0.8571428656578064
l_curve_1,87,0.3517950475215912,0.8571428656578064
l_curve_1,88,0.3496573269367218,0.8571428656578064
l_curve_1,89,0.3475916385650635,0.8571428656578064
l_curve_1,90,0.3455338776111603,0.8571428656578064
l_curve_1,91,0.34372830390930176,0.8571428656578064
l_curve_1,92,0.34197288751602173,0.8571428656578064
l_curve_1,93,0.3402676284313202,0.8571428656578064
l_curve_1,94,0.33894532918930054,0.8571428656578064
l_curve_1,95,0.33755651116371155,0.8571428656578064
l_curve_1,96,0.33617493510246277,0.8571428656578064
l_curve_1,97,0.33520767092704773,0.8571428656578064
l_curve_1,98,0.3341507017612457,0.8571428656578064
l_curve_1,99,0.3329969346523285,0.8571428656578064
l_curve_1,100,0.331839919090271,0.8571428656578064
l_curve_1,101,0.3308069109916687,0.8571428656578064
l_curve_1,102,0.33005157113075256,0.8571428656578064
l_curve_1,103,0.32944852113723755,0.8571428656578064
l_curve_1,104,0.3285812735557556,0.8571428656578064
l_curve_1,105,0.3277709186077118,0.8571428656578064
l_curve_1,106,0.3271198570728302,0.8571428656578064
l_curve_1,107,0.32644975185394287,0.8571428656578064
l_curve_1,108,0.32595300674438477,0.8571428656578064
l_curve_1,109,0.32563045620918274,0.8571428656578064
l_curve_1,110,0.3253936469554901,0.8571428656578064
l_curve_1,111,0.3250952661037445,0.8571428656578064
l_curve_1,112,0.324810266494751,0.8571428656578064
l_curve_1,113,0.32445916533470154,0.8571428656578064
l_curve_1,114,0.32429054379463196,0.8571428656578064
l_curve_1,115,0.3243696391582489,0.8571428656578064
l_curve_1,116,0.3243730664253235,0.8571428656578064
l_curve_1,117,0.3242831528186798,0.8571428656578064
l_curve_1,118,0.3242518901824951,0.8571428656578064
l_curve_1,119,0.3242220878601074,0.8571428656578064
l_curve_1,120,0.3244227468967438,0.8571428656578064
l_curve_1,121,0.32455018162727356,0.8571428656578064
l_curve_1,122,0.32474273443222046,0.8571428656578064
l_curve_1,123,0.32520994544029236,0.8571428656578064
l_curve_1,124,0.32570937275886536,0.8571428656578064
l_curve_1,125,0.326008677482605,0.8571428656578064
l_curve_1,126,0.32607918977737427,0.8571428656578064
l_curve_1,127,0.32623863220214844,0.8571428656578064
l_curve_1,128,0.3263256549835205,0.8571428656578064
l_curve_1,129,0.3267064690589905,0.8571428656578064
l_curve_1,130,0.32701554894447327,0.8571428656578064
l_curve_1,131,0.3268906772136688,0.8571428656578064
l_curve_1,132,0.32672300934791565,0.8571428656578064
l_curve_1,133,0.3271704912185669,0.8571428656578064
l_curve_1,134,0.32819193601608276,0.8571428656578064
l_curve_1,135,0.3288539946079254,0.8571428656578064
l_curve_1,136,0.32960352301597595,0.8571428656578064
l_curve_1,137,0.33037012815475464,0.8571428656578064
l_curve_1,138,0.3308476507663727,0.8571428656578064
l_curve_1,139,0.33109983801841736,0.8571428656578064
l_curve_1,140,0.3316289782524109,0.8571428656578064
l_curve_1,141,0.3322695791721344,0.8571428656578064
l_curve_1,142,0.33330103754997253,0.8571428656578064
l_curve_1,143,0.3344403803348541,0.8571428656578064
l_curve_1,144,0.3352566361427307,0.8571428656578064
l_curve_1,145,0.3358921706676483,0.8571428656578064
l_curve_1,146,0.33654266595840454,0.8571428656578064
l_curve_1,147,0.3371245563030243,0.8571428656578064
l_curve_1,148,0.33804941177368164,0.8571428656578064
l_curve_1,149,0.3389221429824829,0.8571428656578064
l_curve_1,150,0.33912569284439087,0.8571428656578064
l_curve_1,151,0.3391375243663788,0.8571428656578064
l_curve_1,152,0.33928942680358887,0.8571428656578064
l_curve_1,153,0.33984971046447754,0.8571428656578064
l_curve_1,154,0.34054186940193176,0.8571428656578064
l_curve_1,155,0.3413512110710144,0.8571428656578064
l_curve_1,156,0.3417370915412903,0.8571428656578064
l_curve_1,157,0.3421013057231903,0.8571428656578064
l_curve_1,158,0.3428959250450134,0.8571428656578064
l_curve_1,159,0.343966007232666,0.8571428656578064
l_curve_1,160,0.3450314998626709,0.8571428656578064
l_curve_1,161,0.3460180461406708,0.8571428656578064
l_curve_1,162,0.3468857407569885,0.8571428656578064
l_curve_1,163,0.3478030562400818,0.8571428656578064
l_curve_1,164,0.34828704595565796,0.8571428656578064
l_curve_1,165,0.34939250349998474,0.8571428656578064
l_curve_1,166,0.35014408826828003,0.8571428656578064
l_curve_1,167,0.3510493040084839,0.8571428656578064
l_curve_1,168,0.3523269593715668,0.8571428656578064
l_curve_1,169,0.3533264994621277,0.8571428656578064
l_curve_1,170,0.3544345498085022,0.8571428656578064
l_curve_1,171,0.3553515076637268,0.8571428656578064
l_curve_1,172,0.3559209108352661,0.8571428656578064
l_curve_1,173,0.3567329943180084,0.8571428656578064
l_curve_1,174,0.3570212721824646,0.8571428656578064
l_curve_1,175,0.3579827845096588,0.8571428656578064
l_curve_1,176,0.35847076773643494,0.8571428656578064
l_curve_1,177,0.3591722846031189,0.8571428656578064
l_curve_1,178,0.3596644997596741,0.8571428656578064
l_curve_1,179,0.36011385917663574,0.8571428656578064
l_curve_1,180,0.36049121618270874,0.8571428656578064
l_curve_1,181,0.3608376979827881,0.8571428656578064
l_curve_1,182,0.3613419234752655,0.8571428656578064
l_curve_1,183,0.3621658682823181,0.8571428656578064
l_curve_1,184,0.36320844292640686,0.8571428656578064
l_curve_1,185,0.36462870240211487,0.8571428656578064
l_curve_1,186,0.3654007911682129,0.8571428656578064
l_curve_1,187,0.365831196308136,0.8571428656578064
l_curve_1,188,0.36628052592277527,0.8571428656578064
l_curve_1,189,0.3669692575931549,0.8571428656578064
l_curve_1,190,0.36775314807891846,0.8571428656578064
l_curve_1,191,0.36838412284851074,0.8571428656578064
l_curve_1,192,0.3691805899143219,0.8571428656578064
l_curve_1,193,0.37026339769363403,0.8571428656578064
l_curve_1,194,0.3708924651145935,0.8571428656578064
l_curve_1,195,0.37122008204460144,0.8571428656578064
l_curve_1,196,0.3721059560775757,0.8571428656578064
l_curve_1,197,0.3731938302516937,0.8571428656578064
l_curve_1,198,0.37428081035614014,0.8571428656578064
l_curve_1,199,0.37490203976631165,0.8571428656578064
l_curve_1,200,0.3751329779624939,0.8571428656578064
l_curve_1,201,0.37559184432029724,0.8571428656578064
l_curve_1,202,0.37590327858924866,0.8571428656578064
l_curve_1,203,0.37712523341178894,0.8571428656578064
l_curve_1,204,0.3781512975692749,0.8571428656578064
l_curve_1,205,0.3789891302585602,0.8571428656578064
l_curve_1,206,0.3792040944099426,0.8571428656578064
l_curve_1,207,0.37941643595695496,0.8571428656578064
l_curve_1,208,0.37950560450553894,0.8571428656578064
l_curve_1,209,0.3804507851600647,0.8571428656578064
l_curve_1,210,0.3808206617832184,0.8571428656578064
l_curve_1,211,0.38142475485801697,0.8571428656578064
l_curve_1,212,0.382362961769104,0.8571428656578064
l_curve_1,213,0.3830508589744568,0.8571428656578064
l_curve_1,214,0.38414573669433594,0.8571428656578064
l_curve_1,215,0.3846045136451721,0.8571428656578064
l_curve_1,216,0.3856043219566345,0.8571428656578064
l_curve_1,217,0.3867065906524658,0.8571428656578064
l_curve_1,218,0.38780778646469116,0.8571428656578064
l_curve_1,219,0.3882787227630615,0.8571428656578064
l_curve_1,220,0.3893265128135681,0.8571428656578064
l_curve_1,221,0.39017781615257263,0.8571428656578064
l_curve_1,222,0.39078468084335327,0.8571428656578064
l_curve_1,223,0.3915773928165436,0.8571428656578064
l_curve_1,224,0.3921353816986084,0.8571428656578064
l_curve_1,225,0.39287421107292175,0.8571428656578064
l_curve_1,226,0.3934366703033447,0.8571428656578064
l_curve_1,227,0.39434632658958435,0.8571428656578064
l_curve_1,228,0.39523887634277344,0.8571428656578064
l_curve_1,229,0.3956010937690735,0.8571428656578064
l_curve_1,230,0.39586538076400757,0.8571428656578064
l_curve_1,231,0.39626678824424744,0.8571428656578064
l_curve_1,232,0.39700472354888916,0.8571428656578064
l_curve_1,233,0.3972379267215729,0.8571428656578064
l_curve_1,234,0.3974495530128479,0.8571428656578064
l_curve_1,235,0.3974757790565491,0.8571428656578064
l_curve_1,236,0.39783209562301636,0.8571428656578064
l_curve_1,237,0.3985435962677002,0.8571428656578064
l_curve_1,238,0.3994344174861908,0.8571428656578064
l_curve_1,239,0.40015551447868347,0.8571428656578064
l_curve_1,240,0.4011925756931305,0.8571428656578064
l_curve_1,241,0.4018448293209076,0.8571428656578064
l_curve_1,242,0.40205737948417664,0.8571428656578064
l_curve_1,243,0.4022243618965149,0.8571428656578064
l_curve_1,244,0.40242457389831543,0.8571428656578064
l_curve_1,245,0.40307173132896423,0.8571428656578064
l_curve_1,246,0.4042688012123108,0.8571428656578064
l_curve_1,247,0.4049035608768463,0.8571428656578064
l_curve_1,248,0.40537357330322266,0.8571428656578064
l_curve_1,249,0.4057835638523102,0.8571428656578064
l_curve_1,250,0.4056921601295471,0.8571428656578064
l_curve_1,251,0.40632307529449463,0.8571428656578064
l_curve_1,252,0.4070330560207367,0.8571428656578064
l_curve_1,253,0.4081500768661499,0.8571428656578064
l_curve_1,254,0.4086883068084717,0.8571428656578064
l_curve_1,255,0.40909817814826965,0.8571428656578064
l_curve_1,256,0.40969589352607727,0.8571428656578064
l_curve_1,257,0.4096149206161499,0.8571428656578064
l_curve_1,258,0.4099358916282654,0.8571428656578064
l_curve_1,259,0.41054803133010864,0.8571428656578064
l_curve_1,260,0.4113326668739319,0.8571428656578064
l_curve_1,261,0.41204220056533813,0.8571428656578064
l_curve_1,262,0.4125867187976837,0.8571428656578064
l_curve_1,263,0.4130444824695587,0.8571428656578064
l_curve_1,264,0.4137861132621765,0.8571428656578064
l_curve_1,265,0.41511863470077515,0.8571428656578064
l_curve_1,266,0.41596588492393494,0.8571428656578064
l_curve_1,267,0.4168979525566101,0.8095238208770752
l_curve_1,268,0.4170607626438141,0.8095238208770752
l_curve_1,269,0.4177475571632385,0.8095238208770752
l_curve_1,270,0.4185303747653961,0.8095238208770752
l_curve_1,271,0.4191761612892151,0.8095238208770752
l_curve_1,272,0.4197050631046295,0.8095238208770752
l_curve_1,273,0.4193374216556549,0.8095238208770752
l_curve_1,274,0.4192909002304077,0.8095238208770752
l_curve_1,275,0.4192895293235779,0.8095238208770752
l_curve_1,276,0.41969579458236694,0.8095238208770752
l_curve_1,277,0.42089757323265076,0.8095238208770752
l_curve_1,278,0.4214909076690674,0.8095238208770752
l_curve_1,279,0.4219598174095154,0.8095238208770752
l_curve_1,280,0.4222007393836975,0.8095238208770752
l_curve_1,281,0.42175716161727905,0.8095238208770752
l_curve_1,282,0.422493040561676,0.8095238208770752
l_curve_1,283,0.4234500229358673,0.8095238208770752
l_curve_1,284,0.4241684377193451,0.8095238208770752
l_curve_1,285,0.4246431887149811,0.8095238208770752
l_curve_1,286,0.4256684482097626,0.8095238208770752
l_curve_1,287,0.42606040835380554,0.8095238208770752
l_curve_1,288,0.4266164004802704,0.8095238208770752
l_curve_1,289,0.4269837439060211,0.8095238208770752
l_curve_1,290,0.4273502230644226,0.8095238208770752
l_curve_1,291,0.4280604422092438,0.8095238208770752
l_curve_1,292,0.4287400543689728,0.8095238208770752
l_curve_1,293,0.4291621148586273,0.8095238208770752
l_curve_1,294,0.42932969331741333,0.8095238208770752
l_curve_1,295,0.4289412796497345,0.8095238208770752
l_curve_1,296,0.4294162094593048,0.8095238208770752
l_curve_1,297,0.4301843047142029,0.8095238208770752
l_curve_1,298,0.4311629831790924,0.8095238208770752
l_curve_1,299,0.43144211173057556,0.8095238208770752
l_curve_1,300,0.43163925409317017,0.8095238208770752
l_curve_1,301,0.43180879950523376,0.8095238208770752
l_curve_1,302,0.4317338466644287,0.8095238208770752
l_curve_1,303,0.4318905472755432,0.8095238208770752
l_curve_1,304,0.4321865737438202,0.8095238208770752
l_curve_1,305,0.43321487307548523,0.8095238208770752
l_curve_1,306,0.4343414902687073,0.8095238208770752
l_curve_1,307,0.43421465158462524,0.8095238208770752
l_curve_1,308,0.43437835574150085,0.8095238208770752
l_curve_1,309,0.4345480501651764,0.8095238208770752
l_curve_1,310,0.43497413396835327,0.8095238208770752
l_curve_1,311,0.4356568157672882,0.8095238208770752
l_curve_1,312,0.43586766719818115,0.8095238208770752
l_curve_1,313,0.43599632382392883,0.8095238208770752
l_curve_1,314,0.4364794194698334,0.8095238208770752
l_curve_1,315,0.43732747435569763,0.8095238208770752
l_curve_1,316,0.4384123384952545,0.8095238208770752
l_curve_1,317,0.4392532706260681,0.8095238208770752
l_curve_1,318,0.4392123818397522,0.8095238208770752
l_curve_1,319,0.43937525153160095,0.8095238208770752
l_curve_1,320,0.439269483089447,0.8095238208770752
l_curve_1,321,0.43968868255615234,0.8095238208770752
l_curve_1,322,0.43988800048828125,0.8095238208770752
l_curve_1,323,0.44047537446022034,0.8095238208770752
l_curve_1,324,0.4412829875946045,0.8095238208770752
l_curve_1,325,0.4420432150363922,0.8095238208770752
l_curve_1,326,0.4426147937774658,0.8095238208770752
l_curve_1,327,0.44330963492393494,0.8095238208770752
l_curve_1,328,0.44361376762390137,0.8095238208770752
l_curve_1,329,0.44449901580810547,0.8095238208770752
l_curve_1,330,0.44475823640823364,0.8095238208770752
l_curve_1,331,0.4458811283111572,0.8095238208770752
l_curve_1,332,0.4459933638572693,0.8095238208770752
l_curve_1,333,0.44604095816612244,0.8095238208770752
l_curve_1,334,0.44682085514068604,0.8095238208770752
l_curve_1,335,0.4475920498371124,0.8095238208770752
l_curve_1,336,0.4485667943954468,0.8095238208770752
l_curve_1,337,0.44892391562461853,0.8095238208770752
l_curve_1,338,0.44942641258239746,0.8095238208770752
l_curve_1,339,0.4496634900569916,0.8095238208770752
l_curve_1,340,0.44964298605918884,0.8095238208770752
l_curve_1,341,0.4500494599342346,0.8095238208770752
l_curve_1,342,0.44977396726608276,0.8095238208770752
l_curve_1,343,0.4497663974761963,0.8095238208770752
l_curve_1,344,0.44975990056991577,0.8095238208770752
l_curve_1,345,0.4496667981147766,0.8095238208770752
l_curve_1,346,0.4492511749267578,0.8095238208770752
l_curve_1,347,0.44954603910446167,0.8095238208770752
l_curve_1,348,0.45027273893356323,0.8095238208770752
l_curve_1,349,0.45093828439712524,0.8095238208770752
l_curve_1,350,0.45131155848503113,0.8095238208770752
l_curve_1,351,0.45159780979156494,0.8095238208770752
l_curve_1,352,0.45221778750419617,0.8095238208770752
l_curve_1,353,0.45259174704551697,0.8095238208770752
l_curve_1,354,0.45220884680747986,0.8095238208770752
l_curve_1,355,0.45270392298698425,0.8095238208770752
l_curve_1,356,0.4537535309791565,0.8095238208770752
l_curve_1,357,0.45375266671180725,0.8095238208770752
l_curve_1,358,0.4534546434879303,0.8095238208770752
l_curve_1,359,0.45343008637428284,0.8095238208770752
l_curve_1,360,0.453494668006897,0.8095238208770752
l_curve_1,361,0.45380306243896484,0.8095238208770752
l_curve_1,362,0.4545500576496124,0.8095238208770752
l_curve_1,363,0.45542290806770325,0.8095238208770752
l_curve_1,364,0.4554404318332672,0.8095238208770752
l_curve_1,365,0.4563286304473877,0.8095238208770752
l_curve_1,366,0.4575843811035156,0.8095238208770752
l_curve_1,367,0.4587235152721405,0.8095238208770752
l_curve_1,368,0.4598471224308014,0.8095238208770752
l_curve_1,369,0.45983895659446716,0.8095238208770752
l_curve_1,370,0.4603796899318695,0.8095238208770752
l_curve_1,371,0.4613404870033264,0.8095238208770752
l_curve_1,372,0.462270051240921,0.8095238208770752
l_curve_1,373,0.4629538357257843,0.8095238208770752
l_curve_1,374,0.46307453513145447,0.8095238208770752
l_curve_1,375,0.46286433935165405,0.8095238208770752
l_curve_1,376,0.4632018804550171,0.8095238208770752
l_curve_1,377,0.46361586451530457,0.8095238208770752
l_curve_1,378,0.4637327194213867,0.8095238208770752
l_curve_1,379,0.46343472599983215,0.8095238208770752
l_curve_1,380,0.46340423822402954,0.8095238208770752
l_curve_1,381,0.46380409598350525,0.8095238208770752
l_curve_1,382,0.4638446569442749,0.8095238208770752
l_curve_1,383,0.4642665386199951,0.8095238208770752
l_curve_1,384,0.46502384543418884,0.8095238208770752
l_curve_1,385,0.46559664607048035,0.8095238208770752
l_curve_1,386,0.46595320105552673,0.8095238208770752
l_curve_1,387,0.4661649167537689,0.8095238208770752
l_curve_1,388,0.4665590524673462,0.8095238208770752
l_curve_1,389,0.4665199816226959,0.8095238208770752
l_curve_1,390,0.4665447771549225,0.8095238208770752
l_curve_1,391,0.46661391854286194,0.8095238208770752
l_curve_1,392,0.46694043278694153,0.8095238208770752
l_curve_1,393,0.46755918860435486,0.8095238208770752
l_curve_1,394,0.46744832396507263,0.8095238208770752
l_curve_1,395,0.46767884492874146,0.8095238208770752
l_curve_1,396,0.46867093443870544,0.8095238208770752
l_curve_1,397,0.4695974886417389,0.8095238208770752
l_curve_1,398,0.4701674282550812,0.8095238208770752
l_curve_1,399,0.47027328610420227,0.8095238208770752
l_curve_1,400,0.47002512216567993,0.8095238208770752
l_curve_1,401,0.46970421075820923,0.8095238208770752
l_curve_1,402,0.4699200689792633,0.8095238208770752
l_curve_1,403,0.4707159698009491,0.8095238208770752
l_curve_1,404,0.4714522063732147,0.8095238208770752
l_curve_1,405,0.472053587436676,0.8095238208770752
l_curve_1,406,0.47200921177864075,0.8095238208770752
l_curve_1,407,0.47194811701774597,0.8095238208770752
l_curve_1,408,0.47254738211631775,0.8095238208770752
l_curve_1,409,0.47269684076309204,0.8095238208770752
l_curve_1,410,0.4734404385089874,0.8095238208770752
l_curve_1,411,0.4739316403865814,0.8095238208770752
l_curve_1,412,0.4737374782562256,0.8095238208770752
l_curve_1,413,0.47386422753334045,0.8095238208770752
l_curve_1,414,0.4743401110172272,0.8095238208770752
l_curve_1,415,0.4738166332244873,0.8095238208770752
l_curve_1,416,0.47335371375083923,0.8095238208770752
l_curve_1,417,0.4736294150352478,0.8095238208770752
l_curve_1,418,0.47355347871780396,0.8095238208770752
l_curve_1,419,0.47400709986686707,0.8095238208770752
l_curve_1,420,0.4742492139339447,0.8095238208770752
l_curve_1,421,0.47479820251464844,0.8095238208770752
l_curve_1,422,0.47526612877845764,0.8095238208770752
l_curve_1,423,0.4753657281398773,0.8095238208770752
l_curve_1,424,0.47569480538368225,0.8095238208770752
l_curve_1,425,0.4760730266571045,0.8095238208770752
l_curve_1,426,0.47648394107818604,0.8095238208770752
l_curve_1,427,0.4762711822986603,0.8095238208770752
l_curve_1,428,0.4764082729816437,0.8095238208770752
l_curve_1,429,0.4768359363079071,0.8095238208770752
l_curve_1,430,0.47741198539733887,0.8095238208770752
l_curve_1,431,0.4778796136379242,0.8095238208770752
l_curve_1,432,0.478379487991333,0.8095238208770752
l_curve_1,433,0.4786572754383087,0.8095238208770752
l_curve_1,434,0.47951140999794006,0.8095238208770752
l_curve_1,435,0.4799136519432068,0.8095238208770752
l_curve_1,436,0.47983479499816895,0.8095238208770752
l_curve_1,437,0.4803328216075897,0.8095238208770752
l_curve_1,438,0.48065370321273804,0.8095238208770752
l_curve_1,439,0.4805901050567627,0.8095238208770752
l_curve_1,440,0.4802512228488922,0.8095238208770752
l_curve_1,441,0.48054081201553345,0.8095238208770752
l_curve_1,442,0.4813448488712311,0.8095238208770752
l_curve_1,443,0.4816912114620209,0.8095238208770752
l_curve_1,444,0.48221755027770996,0.8095238208770752
l_curve_1,445,0.4832109808921814,0.8095238208770752
l_curve_1,446,0.48366668820381165,0.8095238208770752
l_curve_1,447,0.48398661613464355,0.8095238208770752
l_curve_1,448,0.4845045208930969,0.8095238208770752
l_curve_1,449,0.4847636818885803,0.8095238208770752
l_curve_1,450,0.4850965738296509,0.8095238208770752
l_curve_1,451,0.48552295565605164,0.8095238208770752
l_curve_1,452,0.48526060581207275,0.8095238208770752
l_curve_1,453,0.4853513836860657,0.8095238208770752
l_curve_1,454,0.4847185015678406,0.8095238208770752
l_curve_1,455,0.4850860834121704,0.8095238208770752
l_curve_1,456,0.4863157868385315,0.8095238208770752
l_curve_1,457,0.4869331121444702,0.8095238208770752
l_curve_1,458,0.4871460497379303,0.8095238208770752
l_curve_1,459,0.4865899682044983,0.8095238208770752
l_curve_1,460,0.48711907863616943,0.8095238208770752
l_curve_1,461,0.4881325662136078,0.8095238208770752
l_curve_1,462,0.4885605275630951,0.8095238208770752
l_curve_1,463,0.4888606667518616,0.8095238208770752
l_curve_1,464,0.4892643392086029,0.8095238208770752
l_curve_1,465,0.4902854263782501,0.8095238208770752
l_curve_1,466,0.49018150568008423,0.8095238208770752
l_curve_1,467,0.48959776759147644,0.8095238208770752
l_curve_1,468,0.49013322591781616,0.8095238208770752
l_curve_1,469,0.49091053009033203,0.8095238208770752
l_curve_1,470,0.4913732409477234,0.8095238208770752
l_curve_1,471,0.49144816398620605,0.8095238208770752
l_curve_1,472,0.4912886321544647,0.8095238208770752
l_curve_1,473,0.4914819598197937,0.8095238208770752
l_curve_1,474,0.49134981632232666,0.8095238208770752
l_curve_1,475,0.4911987781524658,0.8095238208770752
l_curve_1,476,0.491502583026886,0.8095238208770752
l_curve_1,477,0.49306628108024597,0.8095238208770752
l_curve_1,478,0.4942490756511688,0.8095238208770752
l_curve_1,479,0.4945521056652069,0.8095238208770752
l_curve_1,480,0.4947473108768463,0.8095238208770752
l_curve_1,481,0.49468353390693665,0.8095238208770752
l_curve_1,482,0.4949384331703186,0.8095238208770752
l_curve_1,483,0.4949606955051422,0.8095238208770752
l_curve_1,484,0.4948146939277649,0.8095238208770752
l_curve_1,485,0.49444252252578735,0.8095238208770752
l_curve_1,486,0.49365997314453125,0.8095238208770752
l_curve_1,487,0.4940730631351471,0.8095238208770752
l_curve_1,488,0.49462318420410156,0.8095238208770752
l_curve_1,489,0.49479275941848755,0.8095238208770752
l_curve_1,490,0.49528926610946655,0.8095238208770752
l_curve_1,491,0.49488648772239685,0.8095238208770752
l_curve_1,492,0.4949508011341095,0.8095238208770752
l_curve_1,493,0.49501368403434753,0.8095238208770752
l_curve_1,494,0.4952029585838318,0.8095238208770752
l_curve_1,495,0.49535346031188965,0.8095238208770752
l_curve_1,496,0.4957571029663086,0.8095238208770752
l_curve_1,497,0.49582013487815857,0.8095238208770752
l_curve_1,498,0.4958069324493408,0.8095238208770752
l_curve_1,499,0.4962252676486969,0.8095238208770752
l_curve_1,500,0.4965338110923767,0.8095238208770752
l_curve_1,501,0.4973872900009155,0.8095238208770752
l_curve_1,502,0.49811655282974243,0.8095238208770752
l_curve_1,503,0.49858561158180237,0.8095238208770752
l_curve_1,504,0.499009370803833,0.8095238208770752
l_curve_1,505,0.49899524450302124,0.8095238208770752
l_curve_1,506,0.4987925589084625,0.8095238208770752
l_curve_1,507,0.49912312626838684,0.8095238208770752
l_curve_1,508,0.4990538954734802,0.8095238208770752
l_curve_1,509,0.49961504340171814,0.8095238208770752
l_curve_1,510,0.5002381205558777,0.8095238208770752
l_curve_1,511,0.4999472200870514,0.8095238208770752
l_curve_1,512,0.5002156496047974,0.8095238208770752
l_curve_1,513,0.5012732744216919,0.8095238208770752
l_curve_1,514,0.5020203590393066,0.8095238208770752
l_curve_1,515,0.5024580955505371,0.8095238208770752
l_curve_1,516,0.5023110508918762,0.8095238208770752
l_curve_1,517,0.5027344822883606,0.8095238208770752
l_curve_1,518,0.502477765083313,0.8095238208770752
l_curve_1,519,0.5027002096176147,0.8095238208770752
l_curve_1,520,0.5026580691337585,0.8095238208770752
l_curve_1,521,0.5019098520278931,0.8095238208770752
l_curve_1,522,0.501215934753418,0.8095238208770752
l_curve_1,523,0.5014142394065857,0.8095238208770752
l_curve_1,524,0.5019318461418152,0.8095238208770752
l_curve_1,525,0.5018519163131714,0.8095238208770752
l_curve_1,526,0.5026721954345703,0.8095238208770752
l_curve_1,527,0.503132164478302,0.8095238208770752
l_curve_1,528,0.5029187202453613,0.8095238208770752
l_curve_1,529,0.5038620233535767,0.8095238208770752
l_curve_1,530,0.5041259527206421,0.8095238208770752
l_curve_1,531,0.50459223985672,0.8095238208770752
l_curve_1,532,0.504794716835022,0.8095238208770752
l_curve_1,533,0.5054613947868347,0.8095238208770752
l_curve_1,534,0.5056961178779602,0.8095238208770752
l_curve_1,535,0.5056060552597046,0.8095238208770752
l_curve_1,536,0.5052569508552551,0.8095238208770752
l_curve_1,537,0.5060420036315918,0.8095238208770752
l_curve_1,538,0.506632924079895,0.8095238208770752
l_curve_1,539,0.5071246027946472,0.8095238208770752
l_curve_1,540,0.5074324011802673,0.8095238208770752
l_curve_1,541,0.5076154470443726,0.8095238208770752
l_curve_1,542,0.5068114399909973,0.8095238208770752
l_curve_1,543,0.5066360831260681,0.8095238208770752
l_curve_1,544,0.5059846639633179,0.8095238208770752
l_curve_1,545,0.5058316588401794,0.8095238208770752
l_curve_1,546,0.505676805973053,0.8095238208770752
l_curve_1,547,0.5057172179222107,0.8095238208770752
l_curve_1,548,0.5056445002555847,0.8095238208770752
l_curve_1,549,0.506649374961853,0.8095238208770752
l_curve_1,550,0.5074703693389893,0.8095238208770752
l_curve_1,551,0.5081055164337158,0.8095238208770752
l_curve_1,552,0.5078539848327637,0.8095238208770752
l_curve_1,553,0.507885217666626,0.8095238208770752
l_curve_1,554,0.5079622864723206,0.8095238208770752
l_curve_1,555,0.5084935426712036,0.8095238208770752
l_curve_1,556,0.5088356137275696,0.8095238208770752
l_curve_1,557,0.5090912580490112,0.8095238208770752
l_curve_1,558,0.5084593296051025,0.8095238208770752
l_curve_1,559,0.508611798286438,0.8095238208770752
l_curve_1,560,0.5091087818145752,0.8095238208770752
l_curve_1,561,0.5090950131416321,0.8095238208770752
l_curve_1,562,0.5089824199676514,0.8095238208770752
l_curve_1,563,0.5086458921432495,0.8095238208770752
l_curve_1,564,0.5087921023368835,0.8095238208770752
l_curve_1,565,0.5089451670646667,0.8095238208770752
l_curve_1,566,0.5096985697746277,0.8095238208770752
l_curve_1,567,0.5105774998664856,0.8095238208770752
l_curve_1,568,0.5112815499305725,0.8095238208770752
l_curve_1,569,0.5112491250038147,0.8095238208770752
l_curve_1,570,0.5114260911941528,0.8095238208770752
l_curve_1,571,0.5113064646720886,0.8095238208770752
l_curve_1,572,0.5116186738014221,0.8095238208770752
l_curve_1,573,0.5117903351783752,0.8095238208770752
l_curve_1,574,0.5114900469779968,0.8095238208770752
l_curve_1,575,0.5115017890930176,0.8095238208770752
l_curve_1,576,0.5119090676307678,0.8095238208770752
l_curve_1,577,0.5125870704650879,0.8095238208770752
l_curve_1,578,0.5131303071975708,0.8095238208770752
l_curve_1,579,0.5133932828903198,0.8095238208770752
l_curve_1,580,0.5137925148010254,0.8095238208770752
l_curve_1,581,0.5131972432136536,0.8095238208770752
l_curve_1,582,0.5123085975646973,0.8095238208770752
l_curve_1,583,0.5126156806945801,0.8095238208770752
l_curve_1,584,0.5133547782897949,0.8095238208770752
l_curve_1,585,0.5138013958930969,0.8095238208770752
l_curve_1,586,0.5139129757881165,0.8095238208770752
l_curve_1,587,0.5147306323051453,0.8095238208770752
l_curve_1,588,0.5155034065246582,0.8095238208770752
l_curve_1,589,0.5152642130851746,0.8095238208770752
l_curve_1,590,0.515259325504303,0.8095238208770752
l_curve_1,591,0.5151519179344177,0.8095238208770752
l_curve_1,592,0.5156842470169067,0.8095238208770752
l_curve_1,593,0.5155404806137085,0.8095238208770752
l_curve_1,594,0.5154936909675598,0.8095238208770752
l_curve_1,595,0.5156576037406921,0.8095238208770752
l_curve_1,596,0.5160191655158997,0.8095238208770752
l_curve_1,597,0.5169036388397217,0.8095238208770752
l_curve_1,598,0.5169885158538818,0.8095238208770752
l_curve_1,599,0.5170551538467407,0.8095238208770752
l_curve_1,600,0.5177152156829834,0.8095238208770752
l_curve_1,601,0.517673909664154,0.8095238208770752
l_curve_1,602,0.5174875855445862,0.8095238208770752
l_curve_1,603,0.5171526074409485,0.8095238208770752
l_curve_1,604,0.5173285007476807,0.8095238208770752
l_curve_1,605,0.5177057981491089,0.8095238208770752
l_curve_1,606,0.5179562568664551,0.8095238208770752
l_curve_1,607,0.5181811451911926,0.8095238208770752
l_curve_1,608,0.518453061580658,0.8095238208770752
l_curve_1,609,0.518455982208252,0.8095238208770752
l_curve_1,610,0.51872318983078,0.8095238208770752
l_curve_1,611,0.5187671184539795,0.8095238208770752
l_curve_1,612,0.5187205076217651,0.8095238208770752
l_curve_1,613,0.5184609889984131,0.8095238208770752
l_curve_1,614,0.5184136629104614,0.8095238208770752
l_curve_1,615,0.5198282599449158,0.8095238208770752
l_curve_1,616,0.5206494331359863,0.8095238208770752
l_curve_1,617,0.5211685299873352,0.8095238208770752
l_curve_1,618,0.5208249688148499,0.8095238208770752
l_curve_1,619,0.5203251242637634,0.8095238208770752
l_curve_1,620,0.519828736782074,0.8095238208770752
l_curve_1,621,0.5192321538925171,0.8095238208770752
l_curve_1,622,0.5192261934280396,0.8095238208770752
l_curve_1,623,0.5191579461097717,0.8095238208770752
l_curve_1,624,0.5191341042518616,0.8095238208770752
l_curve_1,625,0.5194224119186401,0.8095238208770752
l_curve_1,626,0.5203574299812317,0.8095238208770752
l_curve_1,627,0.5206193923950195,0.8095238208770752
l_curve_1,628,0.5200784206390381,0.8095238208770752
l_curve_1,629,0.5204287767410278,0.8095238208770752
l_curve_1,630,0.5203056335449219,0.8095238208770752
l_curve_1,631,0.5202096104621887,0.8095238208770752
l_curve_1,632,0.5203958749771118,0.8095238208770752
l_curve_1,633,0.5207318067550659,0.8095238208770752
l_curve_1,634,0.5215303897857666,0.8095238208770752
l_curve_1,635,0.5220613479614258,0.8095238208770752
l_curve_1,636,0.5225553512573242,0.8095238208770752
l_curve_1,637,0.522310197353363,0.8095238208770752
l_curve_1,638,0.522329568862915,0.8095238208770752
l_curve_1,639,0.5227636694908142,0.8095238208770752
l_curve_1,640,0.5235145092010498,0.8095238208770752
l_curve_1,641,0.5234440565109253,0.8095238208770752
l_curve_1,642,0.5233755707740784,0.8095238208770752
l_curve_1,643,0.5233778953552246,0.8095238208770752
l_curve_1,644,0.5235335230827332,0.8095238208770752
l_curve_1,645,0.5230321884155273,0.8095238208770752
l_curve_1,646,0.5231605768203735,0.8095238208770752
l_curve_1,647,0.522833526134491,0.8095238208770752
l_curve_1,648,0.5229918360710144,0.8095238208770752
l_curve_1,649,0.522783100605011,0.8095238208770752
l_curve_1,650,0.5229687690734863,0.8095238208770752
l_curve_1,651,0.5235418677330017,0.8095238208770752
l_curve_1,652,0.5236001014709473,0.8095238208770752
l_curve_1,653,0.5235203504562378,0.8095238208770752
l_curve_1,654,0.5235324501991272,0.8095238208770752
l_curve_1,655,0.5236817598342896,0.8095238208770752
l_curve_1,656,0.5238062143325806,0.8095238208770752
l_curve_1,657,0.5241797566413879,0.8095238208770752
l_curve_1,658,0.5244349241256714,0.8095238208770752
l_curve_1,659,0.5244189500808716,0.8095238208770752
l_curve_1,660,0.5245276093482971,0.8095238208770752
l_curve_1,661,0.5242741703987122,0.8095238208770752
l_curve_1,662,0.5237550139427185,0.8095238208770752
l_curve_1,663,0.523381233215332,0.8095238208770752
l_curve_1,664,0.5238214135169983,0.8095238208770752
l_curve_1,665,0.52450031042099,0.8095238208770752
l_curve_1,666,0.5250484943389893,0.8095238208770752
l_curve_1,667,0.5258893966674805,0.8095238208770752
l_curve_1,668,0.526591956615448,0.8095238208770752
l_curve_1,669,0.5265740156173706,0.8095238208770752
l_curve_1,670,0.5270907878875732,0.8095238208770752
l_curve_1,671,0.5272493362426758,0.8095238208770752
l_curve_1,672,0.5275863409042358,0.8095238208770752
l_curve_1,673,0.5282004475593567,0.8095238208770752
l_curve_1,674,0.5283570289611816,0.8095238208770752
l_curve_1,675,0.528333306312561,0.8095238208770752
l_curve_1,676,0.5281410813331604,0.8095238208770752
l_curve_1,677,0.528139054775238,0.8095238208770752
l_curve_1,678,0.5284102559089661,0.8095238208770752
l_curve_1,679,0.5282630920410156,0.8095238208770752
l_curve_1,680,0.5282583832740784,0.8095238208770752
l_curve_1,681,0.5281593799591064,0.8095238208770752
l_curve_1,682,0.5283077359199524,0.8095238208770752
l_curve_1,683,0.5290709733963013,0.8095238208770752
l_curve_1,684,0.5291160345077515,0.8095238208770752
l_curve_1,685,0.5290697813034058,0.8095238208770752
l_curve_1,686,0.5290337800979614,0.8095238208770752
l_curve_1,687,0.5292113423347473,0.8095238208770752
l_curve_1,688,0.5294407606124878,0.8095238208770752
l_curve_1,689,0.5297328233718872,0.8095238208770752
l_curve_1,690,0.5296187996864319,0.8095238208770752
l_curve_1,691,0.5295359492301941,0.8095238208770752
l_curve_1,692,0.5297355651855469,0.8095238208770752
l_curve_1,693,0.5307979583740234,0.8095238208770752
l_curve_1,694,0.5317033529281616,0.8095238208770752
l_curve_1,695,0.5325261354446411,0.8095238208770752
l_curve_1,696,0.5323192477226257,0.8095238208770752
l_curve_1,697,0.5319657325744629,0.8095238208770752
l_curve_1,698,0.5315908193588257,0.8095238208770752
l_curve_1,699,0.53229820728302,0.8095238208770752
l_curve_1,700,0.5324963331222534,0.8095238208770752
l_curve_1,701,0.5317183136940002,0.8095238208770752
l_curve_1,702,0.5317764282226562,0.8095238208770752
l_curve_1,703,0.5317155122756958,0.8095238208770752
l_curve_1,704,0.5323132276535034,0.8095238208770752
l_curve_1,705,0.5320131778717041,0.8095238208770752
l_curve_1,706,0.5319205522537231,0.8095238208770752
l_curve_1,707,0.5323217511177063,0.8095238208770752
l_curve_1,708,0.5316677093505859,0.8095238208770752
l_curve_1,709,0.5323792099952698,0.8095238208770752
l_curve_1,710,0.5328701734542847,0.8095238208770752
l_curve_1,711,0.5327906608581543,0.8095238208770752
l_curve_1,712,0.5325058102607727,0.8095238208770752
l_curve_1,713,0.5327021479606628,0.8095238208770752
l_curve_1,714,0.5330199599266052,0.8095238208770752
l_curve_1,715,0.533502459526062,0.8095238208770752
l_curve_1,716,0.5328818559646606,0.8095238208770752
l_curve_1,717,0.5325389504432678,0.8095238208770752
l_curve_1,718,0.5326526165008545,0.8095238208770752
l_curve_1,719,0.5329885482788086,0.8095238208770752
l_curve_1,720,0.5336501002311707,0.8095238208770752
l_curve_1,721,0.5334725379943848,0.8095238208770752
l_curve_1,722,0.5330849885940552,0.8095238208770752
l_curve_1,723,0.5329334735870361,0.8095238208770752
l_curve_1,724,0.5329698324203491,0.8095238208770752
l_curve_1,725,0.5327679514884949,0.8095238208770752
l_curve_1,726,0.5328565835952759,0.8095238208770752
l_curve_1,727,0.532767653465271,0.8095238208770752
l_curve_1,728,0.5324904322624207,0.8095238208770752
l_curve_1,729,0.532573401927948,0.8095238208770752
l_curve_1,730,0.5323119759559631,0.8095238208770752
l_curve_1,731,0.5324130058288574,0.8095238208770752
l_curve_1,732,0.532470166683197,0.8095238208770752
l_curve_1,733,0.532943606376648,0.8095238208770752
l_curve_1,734,0.5332728624343872,0.8095238208770752
l_curve_1,735,0.5333432555198669,0.8095238208770752
l_curve_1,736,0.5330832004547119,0.8095238208770752
l_curve_1,737,0.5332772135734558,0.8095238208770752
l_curve_1,738,0.5337057709693909,0.8095238208770752
l_curve_1,739,0.5335255861282349,0.8095238208770752
l_curve_1,740,0.5338139533996582,0.8095238208770752
l_curve_1,741,0.533977210521698,0.8095238208770752
l_curve_1,742,0.534078061580658,0.8095238208770752
l_curve_1,743,0.5348619222640991,0.8095238208770752
l_curve_1,744,0.5345224738121033,0.8095238208770752
l_curve_1,745,0.5342057943344116,0.8095238208770752
l_curve_1,746,0.5341046452522278,0.8095238208770752
l_curve_1,747,0.5340418815612793,0.8095238208770752
l_curve_1,748,0.534467339515686,0.8095238208770752
l_curve_1,749,0.5352572798728943,0.8095238208770752
l_curve_1,750,0.5361183881759644,0.8095238208770752
l_curve_1,751,0.5367615222930908,0.8095238208770752
l_curve_1,752,0.5365158915519714,0.8095238208770752
l_curve_1,753,0.5365200042724609,0.8095238208770752
l_curve_1,754,0.5364407300949097,0.8095238208770752
l_curve_1,755,0.5366042256355286,0.8095238208770752
l_curve_1,756,0.5374451279640198,0.8095238208770752
l_curve_1,757,0.5374972820281982,0.8095238208770752
l_curve_1,758,0.5377575159072876,0.8095238208770752
l_curve_1,759,0.5379692316055298,0.8095238208770752
l_curve_1,760,0.5382888317108154,0.8095238208770752
l_curve_1,761,0.5383133888244629,0.8095238208770752
l_curve_1,762,0.5381901264190674,0.8095238208770752
l_curve_1,763,0.5382695198059082,0.8095238208770752
l_curve_1,764,0.5377065539360046,0.8095238208770752
l_curve_1,765,0.5374361872673035,0.8095238208770752
l_curve_1,766,0.5377558469772339,0.8095238208770752
l_curve_1,767,0.5380606651306152,0.8095238208770752
l_curve_1,768,0.5380198359489441,0.8095238208770752
l_curve_1,769,0.5389603972434998,0.8095238208770752
l_curve_1,770,0.5389474034309387,0.8095238208770752
l_curve_1,771,0.5386853218078613,0.8095238208770752
l_curve_1,772,0.5383808612823486,0.8095238208770752
l_curve_1,773,0.537577748298645,0.8095238208770752
l_curve_1,774,0.5371913909912109,0.8095238208770752
l_curve_1,775,0.5376185178756714,0.8095238208770752
l_curve_1,776,0.5379722714424133,0.8095238208770752
l_curve_1,777,0.5384227633476257,0.8095238208770752
l_curve_1,778,0.5389986038208008,0.8095238208770752
l_curve_1,779,0.5392177700996399,0.8095238208770752
l_curve_1,780,0.5386804938316345,0.8095238208770752
l_curve_1,781,0.5393120646476746,0.8095238208770752
l_curve_1,782,0.5391408801078796,0.8095238208770752
l_curve_1,783,0.5396147966384888,0.8095238208770752
l_curve_1,784,0.5398616790771484,0.8095238208770752
l_curve_1,785,0.5403032898902893,0.8095238208770752
l_curve_1,786,0.5411316752433777,0.8095238208770752
l_curve_1,787,0.5412330627441406,0.8095238208770752
l_curve_1,788,0.5418391823768616,0.8095238208770752
l_curve_1,789,0.5419431924819946,0.8095238208770752
l_curve_1,790,0.5417992472648621,0.8095238208770752
l_curve_1,791,0.5419913530349731,0.8095238208770752
l_curve_1,792,0.5419166088104248,0.8095238208770752
l_curve_1,793,0.5419373512268066,0.8095238208770752
l_curve_1,794,0.5421012043952942,0.8095238208770752
l_curve_1,795,0.5418956279754639,0.8095238208770752
l_curve_1,796,0.5421869158744812,0.8095238208770752
l_curve_1,797,0.5421110987663269,0.8095238208770752
l_curve_1,798,0.5418856739997864,0.8095238208770752
l_curve_1,799,0.5420355796813965,0.8095238208770752
l_curve_1,800,0.5421978831291199,0.8095238208770752
l_curve_1,801,0.542166531085968,0.8095238208770752
l_curve_1,802,0.542217493057251,0.8095238208770752
l_curve_1,803,0.5414237380027771,0.8095238208770752
l_curve_1,804,0.5409135222434998,0.8095238208770752
l_curve_1,805,0.5403940677642822,0.8095238208770752
l_curve_1,806,0.5402234196662903,0.8095238208770752
l_curve_1,807,0.539901077747345,0.8095238208770752
l_curve_1,808,0.5396236181259155,0.8095238208770752
l_curve_1,809,0.5405291318893433,0.8095238208770752
l_curve_1,810,0.5413880348205566,0.8095238208770752
l_curve_1,811,0.5416455268859863,0.8095238208770752
l_curve_1,812,0.5413104295730591,0.8095238208770752
l_curve_1,813,0.5413498282432556,0.8095238208770752
l_curve_1,814,0.5421716570854187,0.8095238208770752
l_curve_1,815,0.5430041551589966,0.8095238208770752
l_curve_1,816,0.5430881977081299,0.8095238208770752
l_curve_1,817,0.5425692200660706,0.8095238208770752
l_curve_1,818,0.5424373745918274,0.8095238208770752
l_curve_1,819,0.5425707101821899,0.8095238208770752
l_curve_1,820,0.5422312617301941,0.8095238208770752
l_curve_1,821,0.5422219038009644,0.8095238208770752
l_curve_1,822,0.5419713258743286,0.8095238208770752
l_curve_1,823,0.5418322682380676,0.8095238208770752
l_curve_1,824,0.5420876145362854,0.8095238208770752
l_curve_1,825,0.5424630045890808,0.8095238208770752
l_curve_1,826,0.5419554114341736,0.8095238208770752
l_curve_1,827,0.5420718193054199,0.8095238208770752
l_curve_1,828,0.5422986149787903,0.8095238208770752
l_curve_1,829,0.5430060625076294,0.8095238208770752
l_curve_1,830,0.5435376167297363,0.8095238208770752
l_curve_1,831,0.5439857840538025,0.8095238208770752
l_curve_1,832,0.5434823036193848,0.8095238208770752
l_curve_1,833,0.5425999760627747,0.8095238208770752
l_curve_1,834,0.5420973896980286,0.8095238208770752
l_curve_1,835,0.5415628552436829,0.8095238208770752
l_curve_1,836,0.5421604514122009,0.8095238208770752
l_curve_1,837,0.542681097984314,0.8095238208770752
l_curve_1,838,0.5426491498947144,0.8095238208770752
l_curve_1,839,0.5432479381561279,0.8095238208770752
l_curve_1,840,0.5442302823066711,0.8095238208770752
l_curve_1,841,0.5456968545913696,0.8095238208770752
l_curve_1,842,0.5458682775497437,0.8095238208770752
l_curve_1,843,0.5454093217849731,0.8095238208770752
l_curve_1,844,0.5445399880409241,0.8095238208770752
l_curve_1,845,0.5433432459831238,0.8095238208770752
l_curve_1,846,0.5422743558883667,0.8095238208770752
l_curve_1,847,0.5421393513679504,0.8095238208770752
l_curve_1,848,0.5425516963005066,0.8095238208770752
l_curve_1,849,0.5429247617721558,0.8095238208770752
l_curve_1,850,0.543153703212738,0.8095238208770752
l_curve_1,851,0.5434139370918274,0.8095238208770752
l_curve_1,852,0.5432445406913757,0.8095238208770752
l_curve_1,853,0.5428245663642883,0.8095238208770752
l_curve_1,854,0.5424020290374756,0.8095238208770752
l_curve_1,855,0.5420682430267334,0.8095238208770752
l_curve_1,856,0.542542040348053,0.8095238208770752
l_curve_1,857,0.5423640012741089,0.8095238208770752
l_curve_1,858,0.5422244071960449,0.8095238208770752
l_curve_1,859,0.5432481169700623,0.8095238208770752
l_curve_1,860,0.5436669588088989,0.8095238208770752
l_curve_1,861,0.5445035099983215,0.8095238208770752
l_curve_1,862,0.5456011295318604,0.8095238208770752
l_curve_1,863,0.5462424159049988,0.8095238208770752
l_curve_1,864,0.5461475253105164,0.8095238208770752
l_curve_1,865,0.5459876656532288,0.8095238208770752
l_curve_1,866,0.5457843542098999,0.8095238208770752
l_curve_1,867,0.5464743375778198,0.8095238208770752
l_curve_1,868,0.5467860102653503,0.8095238208770752
l_curve_1,869,0.5466338396072388,0.8095238208770752
l_curve_1,870,0.5464898347854614,0.8095238208770752
l_curve_1,871,0.5469977259635925,0.8095238208770752
l_curve_1,872,0.5470043420791626,0.8095238208770752
l_curve_1,873,0.5465698838233948,0.8095238208770752
l_curve_1,874,0.5466403961181641,0.8095238208770752
l_curve_1,875,0.5472336411476135,0.8095238208770752
l_curve_1,876,0.5462605357170105,0.8095238208770752
l_curve_1,877,0.5455933809280396,0.8095238208770752
l_curve_1,878,0.5450562238693237,0.8095238208770752
l_curve_1,879,0.545540452003479,0.8095238208770752
l_curve_1,880,0.5464478135108948,0.8095238208770752
l_curve_1,881,0.5467212200164795,0.8095238208770752
l_curve_1,882,0.5473770499229431,0.8095238208770752
l_curve_1,883,0.5473979711532593,0.8095238208770752
l_curve_1,884,0.5467880368232727,0.8095238208770752
l_curve_1,885,0.5465783476829529,0.8095238208770752
l_curve_1,886,0.5468186736106873,0.8095238208770752
l_curve_1,887,0.5468907952308655,0.8095238208770752
l_curve_1,888,0.5467760562896729,0.8095238208770752
l_curve_1,889,0.5472954511642456,0.8095238208770752
l_curve_1,890,0.5468524098396301,0.8095238208770752
l_curve_1,891,0.5468446016311646,0.8095238208770752
l_curve_1,892,0.5463612675666809,0.8095238208770752
l_curve_1,893,0.5459778904914856,0.8095238208770752
l_curve_1,894,0.5463143587112427,0.8095238208770752
l_curve_1,895,0.546467661857605,0.8095238208770752
l_curve_1,896,0.546597421169281,0.8095238208770752
l_curve_1,897,0.5467043519020081,0.8095238208770752
l_curve_1,898,0.5468964576721191,0.8095238208770752
l_curve_1,899,0.5462438464164734,0.8095238208770752
l_curve_1,900,0.5457926392555237,0.8095238208770752
l_curve_1,901,0.5462811589241028,0.8095238208770752
l_curve_1,902,0.5466163754463196,0.8095238208770752
l_curve_1,903,0.5463294982910156,0.8095238208770752
l_curve_1,904,0.5462830066680908,0.8095238208770752
l_curve_1,905,0.5463232398033142,0.8095238208770752
l_curve_1,906,0.5464997887611389,0.8095238208770752
l_curve_1,907,0.5458067655563354,0.8095238208770752
l_curve_1,908,0.5459624528884888,0.8095238208770752
l_curve_1,909,0.5458553433418274,0.8095238208770752
l_curve_1,910,0.5464375019073486,0.8095238208770752
l_curve_1,911,0.5469642877578735,0.8095238208770752
l_curve_1,912,0.5468961000442505,0.8095238208770752
l_curve_1,913,0.5469882488250732,0.8095238208770752
l_curve_1,914,0.5472269058227539,0.8095238208770752
l_curve_1,915,0.5473880171775818,0.8095238208770752
l_curve_1,916,0.5471952557563782,0.8095238208770752
l_curve_1,917,0.5477164387702942,0.8095238208770752
l_curve_1,918,0.547758936882019,0.8095238208770752
l_curve_1,919,0.5471261739730835,0.8095238208770752
l_curve_1,920,0.5468320250511169,0.8095238208770752
l_curve_1,921,0.5467599034309387,0.8095238208770752
l_curve_1,922,0.5470436215400696,0.8095238208770752
l_curve_1,923,0.5468514561653137,0.8095238208770752
l_curve_1,924,0.5465289354324341,0.8095238208770752
l_curve_1,925,0.5466241240501404,0.8095238208770752
l_curve_1,926,0.5465695858001709,0.8095238208770752
l_curve_1,927,0.5460228323936462,0.8095238208770752
l_curve_1,928,0.5457633137702942,0.8095238208770752
l_curve_1,929,0.5459591746330261,0.8095238208770752
l_curve_1,930,0.5465485453605652,0.8095238208770752
l_curve_1,931,0.5470079183578491,0.8095238208770752
l_curve_1,932,0.546973705291748,0.8095238208770752
l_curve_1,933,0.5475247502326965,0.8095238208770752
l_curve_1,934,0.5477737784385681,0.8095238208770752
l_curve_1,935,0.5474030375480652,0.8095238208770752
l_curve_1,936,0.5479804873466492,0.8095238208770752
l_curve_1,937,0.5484781861305237,0.8095238208770752
l_curve_1,938,0.5482548475265503,0.8095238208770752
l_curve_1,939,0.5487207770347595,0.8095238208770752
l_curve_1,940,0.5490211844444275,0.8095238208770752
l_curve_1,941,0.5491385459899902,0.8095238208770752
l_curve_1,942,0.5492038726806641,0.8095238208770752
l_curve_1,943,0.5487326383590698,0.8095238208770752
l_curve_1,944,0.5490479469299316,0.8095238208770752
l_curve_1,945,0.5488308668136597,0.8095238208770752
l_curve_1,946,0.5486222505569458,0.8095238208770752
l_curve_1,947,0.548430323600769,0.8095238208770752
l_curve_1,948,0.5486105680465698,0.8095238208770752
l_curve_1,949,0.5488502979278564,0.8095238208770752
l_curve_1,950,0.5493073463439941,0.8095238208770752
l_curve_1,951,0.54936683177948,0.8095238208770752
l_curve_1,952,0.5495311617851257,0.8095238208770752
l_curve_1,953,0.549781322479248,0.8095238208770752
l_curve_1,954,0.5494846105575562,0.8095238208770752
l_curve_1,955,0.549196183681488,0.8095238208770752
l_curve_1,956,0.5496020317077637,0.8095238208770752
l_curve_1,957,0.5494872331619263,0.8095238208770752
l_curve_1,958,0.5494616031646729,0.8095238208770752
l_curve_1,959,0.5494818687438965,0.8095238208770752
l_curve_1,960,0.5495368838310242,0.8095238208770752
l_curve_1,961,0.5496218800544739,0.8095238208770752
l_curve_1,962,0.5497190952301025,0.8095238208770752
l_curve_1,963,0.5492618083953857,0.8095238208770752
l_curve_1,964,0.549701988697052,0.8095238208770752
l_curve_1,965,0.5501462817192078,0.8095238208770752
l_curve_1,966,0.5500797629356384,0.8095238208770752
l_curve_1,967,0.5500323176383972,0.8095238208770752
l_curve_1,968,0.5496004819869995,0.8095238208770752
l_curve_1,969,0.5495438575744629,0.8095238208770752
l_curve_1,970,0.5491794347763062,0.8095238208770752
l_curve_1,971,0.5491081476211548,0.8095238208770752
l_curve_1,972,0.5493107438087463,0.8095238208770752
l_curve_1,973,0.5493308901786804,0.8095238208770752
l_curve_1,974,0.5492020845413208,0.8095238208770752
l_curve_1,975,0.5496083498001099,0.8095238208770752
l_curve_1,976,0.550475537776947,0.8095238208770752
l_curve_1,977,0.5512655973434448,0.8095238208770752
l_curve_1,978,0.551459014415741,0.8095238208770752
l_curve_1,979,0.5511981248855591,0.8095238208770752
l_curve_1,980,0.5519064664840698,0.8095238208770752
l_curve_1,981,0.5523058772087097,0.8095238208770752
l_curve_1,982,0.5515125393867493,0.8095238208770752
l_curve_1,983,0.5512652397155762,0.8095238208770752
l_curve_1,984,0.5507161617279053,0.8095238208770752
l_curve_1,985,0.5499846339225769,0.8095238208770752
l_curve_1,986,0.549931526184082,0.8095238208770752
l_curve_1,987,0.549802839756012,0.8095238208770752
l_curve_1,988,0.5491034388542175,0.8095238208770752
l_curve_1,989,0.5485721826553345,0.8095238208770752
l_curve_1,990,0.5488770604133606,0.8095238208770752
l_curve_1,991,0.54883873462677,0.8095238208770752
l_curve_1,992,0.549299418926239,0.8095238208770752
l_curve_1,993,0.549540638923645,0.8095238208770752
l_curve_1,994,0.5498334765434265,0.8095238208770752
l_curve_1,995,0.549625039100647,0.8095238208770752
l_curve_1,996,0.5500192642211914,0.8095238208770752
l_curve_1,997,0.5495782494544983,0.8095238208770752
l_curve_1,998,0.5492018461227417,0.8095238208770752
l_curve_1,999,0.5495408177375793,0.8095238208770752
l_curve_1,1000,0.5495287775993347,0.8095238208770752
l_curve_1,1000,0.5495287775993347,0.8095238208770752
