client,round,loss,accuracy
l_curve_2,1,1.3821470737457275,0.380952388048172
l_curve_2,2,1.3294997215270996,0.380952388048172
l_curve_2,3,1.2786815166473389,0.380952388048172
l_curve_2,4,1.2294642925262451,0.380952388048172
l_curve_2,5,1.1818171739578247,0.380952388048172
l_curve_2,6,1.1358150243759155,0.380952388048172
l_curve_2,7,1.0911195278167725,0.380952388048172
l_curve_2,8,1.047569751739502,0.380952388048172
l_curve_2,9,1.005136251449585,0.380952388048172
l_curve_2,10,0.9639033079147339,0.380952388048172
l_curve_2,11,0.9238459467887878,0.380952388048172
l_curve_2,12,0.8848578929901123,0.380952388048172
l_curve_2,13,0.8473507165908813,0.380952388048172
l_curve_2,14,0.811279296875,0.380952388048172
l_curve_2,15,0.7771462202072144,0.380952388048172
l_curve_2,16,0.74477618932724,0.380952388048172
l_curve_2,17,0.7140183448791504,0.380952388048172
l_curve_2,18,0.6851962208747864,0.6190476417541504
l_curve_2,19,0.6581120491027832,0.7142857313156128
l_curve_2,20,0.6329907774925232,0.7142857313156128
l_curve_2,21,0.6098974347114563,0.761904776096344
l_curve_2,22,0.5886052846908569,0.8095238208770752
l_curve_2,23,0.5690065026283264,0.8571428656578064
l_curve_2,24,0.5509538054466248,0.8571428656578064
l_curve_2,25,0.5340155363082886,0.8571428656578064
l_curve_2,26,0.5184285044670105,0.8571428656578064
l_curve_2,27,0.5042229890823364,0.8571428656578064
l_curve_2,28,0.49111276865005493,0.8571428656578064
l_curve_2,29,0.4790422022342682,0.8571428656578064
l_curve_2,30,0.46786439418792725,0.8571428656578064
l_curve_2,31,0.45756375789642334,0.8571428656578064
l_curve_2,32,0.4479605257511139,0.8571428656578064
l_curve_2,33,0.4390486776828766,0.8571428656578064
l_curve_2,34,0.4307585656642914,0.8571428656578064
l_curve_2,35,0.42300501465797424,0.8571428656578064
l_curve_2,36,0.4156622290611267,0.8571428656578064
l_curve_2,37,0.40874940156936646,0.8571428656578064
l_curve_2,38,0.40234375,0.8571428656578064
l_curve_2,39,0.3963138163089752,0.8571428656578064
l_curve_2,40,0.39061981439590454,0.8571428656578064
l_curve_2,41,0.3851766586303711,0.8571428656578064
l_curve_2,42,0.38020414113998413,0.8571428656578064
l_curve_2,43,0.3753722310066223,0.8571428656578064
l_curve_2,44,0.3708094656467438,0.8571428656578064
l_curve_2,45,0.3664502203464508,0.8571428656578064
l_curve_2,46,0.36230310797691345,0.8571428656578064
l_curve_2,47,0.3582403063774109,0.8571428656578064
l_curve_2,48,0.35442042350769043,0.8571428656578064
l_curve_2,49,0.3508511483669281,0.8571428656578064
l_curve_2,50,0.34727248549461365,0.8571428656578064
l_curve_2,51,0.34394851326942444,0.8571428656578064
l_curve_2,52,0.3406726121902466,0.8571428656578064
l_curve_2,53,0.3375198245048523,0.8571428656578064
l_curve_2,54,0.3344658315181732,0.8571428656578064
l_curve_2,55,0.3315076231956482,0.8571428656578064
l_curve_2,56,0.32875365018844604,0.8571428656578064
l_curve_2,57,0.3261808753013611,0.8571428656578064
l_curve_2,58,0.32365089654922485,0.8571428656578064
l_curve_2,59,0.3211321234703064,0.8571428656578064
l_curve_2,60,0.3186044692993164,0.8571428656578064
l_curve_2,61,0.316169410943985,0.8571428656578064
l_curve_2,62,0.3138539493083954,0.8571428656578064
l_curve_2,63,0.3116811215877533,0.8571428656578064
l_curve_2,64,0.3096576929092407,0.8571428656578064
l_curve_2,65,0.3076358735561371,0.8571428656578064
l_curve_2,66,0.3056822419166565,0.8571428656578064
l_curve_2,67,0.30379921197891235,0.8571428656578064
l_curve_2,68,0.3018609285354614,0.8571428656578064
l_curve_2,69,0.29990047216415405,0.8571428656578064
l_curve_2,70,0.2979685068130493,0.8571428656578064
l_curve_2,71,0.2961038053035736,0.8571428656578064
l_curve_2,72,0.29423242807388306,0.8571428656578064
l_curve_2,73,0.29239940643310547,0.8571428656578064
l_curve_2,74,0.2906133234500885,0.8571428656578064
l_curve_2,75,0.2889646589756012,0.8571428656578064
l_curve_2,76,0.2872900366783142,0.8571428656578064
l_curve_2,77,0.2856709063053131,0.8571428656578064
l_curve_2,78,0.2841770350933075,0.8571428656578064
l_curve_2,79,0.2826378345489502,0.8571428656578064
l_curve_2,80,0.28096312284469604,0.8571428656578064
l_curve_2,81,0.27946093678474426,0.8571428656578064
l_curve_2,82,0.278140127658844,0.8571428656578064
l_curve_2,83,0.27681517601013184,0.8571428656578064
l_curve_2,84,0.27542558312416077,0.8571428656578064
l_curve_2,85,0.27402979135513306,0.8571428656578064
l_curve_2,86,0.27261558175086975,0.8571428656578064
l_curve_2,87,0.2712414562702179,0.8571428656578064
l_curve_2,88,0.2699207365512848,0.8571428656578064
l_curve_2,89,0.2684072256088257,0.8571428656578064
l_curve_2,90,0.267030268907547,0.8571428656578064
l_curve_2,91,0.26575469970703125,0.8571428656578064
l_curve_2,92,0.2644383907318115,0.8571428656578064
l_curve_2,93,0.2631359100341797,0.8571428656578064
l_curve_2,94,0.261788547039032,0.8571428656578064
l_curve_2,95,0.26050838828086853,0.8571428656578064
l_curve_2,96,0.2591761648654938,0.8571428656578064
l_curve_2,97,0.25782227516174316,0.8571428656578064
l_curve_2,98,0.25636133551597595,0.8571428656578064
l_curve_2,99,0.2550602853298187,0.8571428656578064
l_curve_2,100,0.2536732852458954,0.8571428656578064
l_curve_2,101,0.2523280680179596,0.8571428656578064
l_curve_2,102,0.2510463297367096,0.8571428656578064
l_curve_2,103,0.24975435435771942,0.8571428656578064
l_curve_2,104,0.24842698872089386,0.8571428656578064
l_curve_2,105,0.24695192277431488,0.8571428656578064
l_curve_2,106,0.24559900164604187,0.8571428656578064
l_curve_2,107,0.24429811537265778,0.8571428656578064
l_curve_2,108,0.2430659979581833,0.8571428656578064
l_curve_2,109,0.2418907731771469,0.8571428656578064
l_curve_2,110,0.24045181274414062,0.8571428656578064
l_curve_2,111,0.23899854719638824,0.8571428656578064
l_curve_2,112,0.2377437800168991,0.8571428656578064
l_curve_2,113,0.236359640955925,0.8571428656578064
l_curve_2,114,0.23514969646930695,0.8571428656578064
l_curve_2,115,0.23379230499267578,0.8571428656578064
l_curve_2,116,0.23261015117168427,0.8571428656578064
l_curve_2,117,0.23124182224273682,0.8571428656578064
l_curve_2,118,0.230117529630661,0.8571428656578064
l_curve_2,119,0.22900740802288055,0.8571428656578064
l_curve_2,120,0.22779123485088348,0.8571428656578064
l_curve_2,121,0.22664615511894226,0.8571428656578064
l_curve_2,122,0.22569642961025238,0.8571428656578064
l_curve_2,123,0.22437885403633118,0.9047619104385376
l_curve_2,124,0.22307279706001282,0.9047619104385376
l_curve_2,125,0.2218305915594101,0.9047619104385376
l_curve_2,126,0.22081097960472107,0.9047619104385376
l_curve_2,127,0.2197583019733429,0.9047619104385376
l_curve_2,128,0.21877488493919373,0.9047619104385376
l_curve_2,129,0.2177077680826187,0.9047619104385376
l_curve_2,130,0.2169279307126999,0.9047619104385376
l_curve_2,131,0.21608860790729523,0.9047619104385376
l_curve_2,132,0.21528950333595276,0.9047619104385376
l_curve_2,133,0.21440337598323822,0.9047619104385376
l_curve_2,134,0.2137726992368698,0.9047619104385376
l_curve_2,135,0.2128845900297165,0.9047619104385376
l_curve_2,136,0.21192187070846558,0.9047619104385376
l_curve_2,137,0.2109133005142212,0.9047619104385376
l_curve_2,138,0.2100885957479477,0.9047619104385376
l_curve_2,139,0.20930173993110657,0.9047619104385376
l_curve_2,140,0.20868094265460968,0.9047619104385376
l_curve_2,141,0.20787377655506134,0.9047619104385376
l_curve_2,142,0.20714624226093292,0.9047619104385376
l_curve_2,143,0.20638874173164368,0.9047619104385376
l_curve_2,144,0.20568111538887024,0.9047619104385376
l_curve_2,145,0.20512764155864716,0.9047619104385376
l_curve_2,146,0.20440828800201416,0.9047619104385376
l_curve_2,147,0.2039339393377304,0.9047619104385376
l_curve_2,148,0.20343907177448273,0.9047619104385376
l_curve_2,149,0.20285506546497345,0.9047619104385376
l_curve_2,150,0.20206506550312042,0.9047619104385376
l_curve_2,151,0.20149964094161987,0.9047619104385376
l_curve_2,152,0.20082569122314453,0.9047619104385376
l_curve_2,153,0.20033949613571167,0.9047619104385376
l_curve_2,154,0.19996297359466553,0.9047619104385376
l_curve_2,155,0.19944997131824493,0.9047619104385376
l_curve_2,156,0.19888287782669067,0.9047619104385376
l_curve_2,157,0.19837042689323425,0.9047619104385376
l_curve_2,158,0.19788655638694763,0.9047619104385376
l_curve_2,159,0.19750964641571045,0.9047619104385376
l_curve_2,160,0.1968979835510254,0.9047619104385376
l_curve_2,161,0.19631563127040863,0.9047619104385376
l_curve_2,162,0.1957869529724121,0.9047619104385376
l_curve_2,163,0.19517573714256287,0.9047619104385376
l_curve_2,164,0.1948673129081726,0.9047619104385376
l_curve_2,165,0.19443069398403168,0.9047619104385376
l_curve_2,166,0.19407789409160614,0.9047619104385376
l_curve_2,167,0.19394198060035706,0.9047619104385376
l_curve_2,168,0.19381119310855865,0.9047619104385376
l_curve_2,169,0.19360953569412231,0.9047619104385376
l_curve_2,170,0.19332005083560944,0.9047619104385376
l_curve_2,171,0.1929374486207962,0.9047619104385376
l_curve_2,172,0.19228249788284302,0.9047619104385376
l_curve_2,173,0.19200797379016876,0.9047619104385376
l_curve_2,174,0.19178074598312378,0.9047619104385376
l_curve_2,175,0.19154131412506104,0.9047619104385376
l_curve_2,176,0.1911865621805191,0.9047619104385376
l_curve_2,177,0.19073815643787384,0.9047619104385376
l_curve_2,178,0.1905132681131363,0.9047619104385376
l_curve_2,179,0.1901569813489914,0.9047619104385376
l_curve_2,180,0.18983030319213867,0.9047619104385376
l_curve_2,181,0.1895686239004135,0.9047619104385376
l_curve_2,182,0.18916548788547516,0.9047619104385376
l_curve_2,183,0.18891365826129913,0.9047619104385376
l_curve_2,184,0.18873831629753113,0.9047619104385376
l_curve_2,185,0.18868303298950195,0.9047619104385376
l_curve_2,186,0.18867406249046326,0.9047619104385376
l_curve_2,187,0.18866245448589325,0.9047619104385376
l_curve_2,188,0.18833087384700775,0.9047619104385376
l_curve_2,189,0.1880919635295868,0.9047619104385376
l_curve_2,190,0.18806561827659607,0.9047619104385376
l_curve_2,191,0.18807832896709442,0.9047619104385376
l_curve_2,192,0.1880343109369278,0.9047619104385376
l_curve_2,193,0.1881243884563446,0.9047619104385376
l_curve_2,194,0.18784120678901672,0.9047619104385376
l_curve_2,195,0.1876949518918991,0.9047619104385376
l_curve_2,196,0.18756473064422607,0.9047619104385376
l_curve_2,197,0.18761685490608215,0.9047619104385376
l_curve_2,198,0.187529519200325,0.9047619104385376
l_curve_2,199,0.18708622455596924,0.9047619104385376
l_curve_2,200,0.18675129115581512,0.9047619104385376
l_curve_2,201,0.18661564588546753,0.9047619104385376
l_curve_2,202,0.1865944117307663,0.9047619104385376
l_curve_2,203,0.18649929761886597,0.9047619104385376
l_curve_2,204,0.18623046576976776,0.9523809552192688
l_curve_2,205,0.18615500628948212,0.9523809552192688
l_curve_2,206,0.1859552562236786,0.9523809552192688
l_curve_2,207,0.1859767585992813,0.9523809552192688
l_curve_2,208,0.18597052991390228,0.9523809552192688
l_curve_2,209,0.18568658828735352,0.9523809552192688
l_curve_2,210,0.18550166487693787,0.9523809552192688
l_curve_2,211,0.18547289073467255,0.9523809552192688
l_curve_2,212,0.1854441612958908,0.9523809552192688
l_curve_2,213,0.18525665998458862,0.9523809552192688
l_curve_2,214,0.18493951857089996,0.9523809552192688
l_curve_2,215,0.18497970700263977,0.9523809552192688
l_curve_2,216,0.18494869768619537,0.9523809552192688
l_curve_2,217,0.18482086062431335,0.9523809552192688
l_curve_2,218,0.18460476398468018,0.9523809552192688
l_curve_2,219,0.18452639877796173,0.9523809552192688
l_curve_2,220,0.18443280458450317,0.9523809552192688
l_curve_2,221,0.18414567410945892,0.9523809552192688
l_curve_2,222,0.1841965764760971,0.9523809552192688
l_curve_2,223,0.18404380977153778,0.9523809552192688
l_curve_2,224,0.18384109437465668,0.9523809552192688
l_curve_2,225,0.183543860912323,0.9523809552192688
l_curve_2,226,0.1833185851573944,0.9523809552192688
l_curve_2,227,0.18303200602531433,0.9523809552192688
l_curve_2,228,0.18273912370204926,0.9523809552192688
l_curve_2,229,0.1825166940689087,0.9523809552192688
l_curve_2,230,0.1823214590549469,0.9523809552192688
l_curve_2,231,0.1823759824037552,0.9047619104385376
l_curve_2,232,0.18245433270931244,0.9047619104385376
l_curve_2,233,0.1822781264781952,0.9047619104385376
l_curve_2,234,0.18241414427757263,0.9047619104385376
l_curve_2,235,0.1826494038105011,0.9047619104385376
l_curve_2,236,0.18257708847522736,0.9047619104385376
l_curve_2,237,0.18241478502750397,0.9047619104385376
l_curve_2,238,0.1824810653924942,0.9047619104385376
l_curve_2,239,0.18227165937423706,0.9047619104385376
l_curve_2,240,0.18230876326560974,0.9047619104385376
l_curve_2,241,0.18242929875850677,0.9047619104385376
l_curve_2,242,0.18215447664260864,0.9047619104385376
l_curve_2,243,0.18230581283569336,0.9047619104385376
l_curve_2,244,0.18234626948833466,0.9047619104385376
l_curve_2,245,0.18232814967632294,0.9047619104385376
l_curve_2,246,0.1825074702501297,0.9047619104385376
l_curve_2,247,0.182582825422287,0.9047619104385376
l_curve_2,248,0.18258389830589294,0.9047619104385376
l_curve_2,249,0.1824631541967392,0.9047619104385376
l_curve_2,250,0.18217946588993073,0.9047619104385376
l_curve_2,251,0.18198025226593018,0.9047619104385376
l_curve_2,252,0.18180742859840393,0.9047619104385376
l_curve_2,253,0.18189752101898193,0.9047619104385376
l_curve_2,254,0.18213550746440887,0.9047619104385376
l_curve_2,255,0.1823335587978363,0.9047619104385376
l_curve_2,256,0.18255376815795898,0.9047619104385376
l_curve_2,257,0.18241919577121735,0.9047619104385376
l_curve_2,258,0.18236355483531952,0.9047619104385376
l_curve_2,259,0.18218573927879333,0.9047619104385376
l_curve_2,260,0.1822478175163269,0.9047619104385376
l_curve_2,261,0.18244540691375732,0.9047619104385376
l_curve_2,262,0.18240392208099365,0.9047619104385376
l_curve_2,263,0.1824999749660492,0.9047619104385376
l_curve_2,264,0.18242481350898743,0.9047619104385376
l_curve_2,265,0.18230590224266052,0.9047619104385376
l_curve_2,266,0.1821938306093216,0.9047619104385376
l_curve_2,267,0.1819651871919632,0.9047619104385376
l_curve_2,268,0.1817363053560257,0.9047619104385376
l_curve_2,269,0.18173721432685852,0.9047619104385376
l_curve_2,270,0.18200162053108215,0.9047619104385376
l_curve_2,271,0.18209150433540344,0.9047619104385376
l_curve_2,272,0.18210186064243317,0.9047619104385376
l_curve_2,273,0.1821286380290985,0.9047619104385376
l_curve_2,274,0.18224230408668518,0.9047619104385376
l_curve_2,275,0.18232960999011993,0.9047619104385376
l_curve_2,276,0.18227535486221313,0.9047619104385376
l_curve_2,277,0.182552307844162,0.9047619104385376
l_curve_2,278,0.1826188862323761,0.9047619104385376
l_curve_2,279,0.18267756700515747,0.9047619104385376
l_curve_2,280,0.18228504061698914,0.9047619104385376
l_curve_2,281,0.18210618197917938,0.9047619104385376
l_curve_2,282,0.18219466507434845,0.9047619104385376
l_curve_2,283,0.1818341463804245,0.9047619104385376
l_curve_2,284,0.1815323531627655,0.9047619104385376
l_curve_2,285,0.18107818067073822,0.9047619104385376
l_curve_2,286,0.1808662712574005,0.9047619104385376
l_curve_2,287,0.18098890781402588,0.9047619104385376
l_curve_2,288,0.18103563785552979,0.9047619104385376
l_curve_2,289,0.18077105283737183,0.9047619104385376
l_curve_2,290,0.18093439936637878,0.9047619104385376
l_curve_2,291,0.18110521137714386,0.9047619104385376
l_curve_2,292,0.18136154115200043,0.9047619104385376
l_curve_2,293,0.18157441914081573,0.9047619104385376
l_curve_2,294,0.18145284056663513,0.9047619104385376
l_curve_2,295,0.18148334324359894,0.9047619104385376
l_curve_2,296,0.18150866031646729,0.9047619104385376
l_curve_2,297,0.18147118389606476,0.9047619104385376
l_curve_2,298,0.1815027892589569,0.9047619104385376
l_curve_2,299,0.18172571063041687,0.9047619104385376
l_curve_2,300,0.1817190945148468,0.9047619104385376
l_curve_2,301,0.18169446289539337,0.9047619104385376
l_curve_2,302,0.18154965341091156,0.9047619104385376
l_curve_2,303,0.18130724132061005,0.9047619104385376
l_curve_2,304,0.1814044564962387,0.9047619104385376
l_curve_2,305,0.18158261477947235,0.9047619104385376
l_curve_2,306,0.18156206607818604,0.9047619104385376
l_curve_2,307,0.181533545255661,0.9047619104385376
l_curve_2,308,0.18116867542266846,0.9047619104385376
l_curve_2,309,0.1810685396194458,0.9047619104385376
l_curve_2,310,0.1811038702726364,0.9047619104385376
l_curve_2,311,0.18095210194587708,0.9047619104385376
l_curve_2,312,0.18090419471263885,0.9047619104385376
l_curve_2,313,0.1810864955186844,0.9047619104385376
l_curve_2,314,0.18128694593906403,0.9047619104385376
l_curve_2,315,0.18152323365211487,0.9047619104385376
l_curve_2,316,0.18144915997982025,0.9047619104385376
l_curve_2,317,0.1814848631620407,0.9047619104385376
l_curve_2,318,0.18130232393741608,0.9047619104385376
l_curve_2,319,0.18104267120361328,0.9047619104385376
l_curve_2,320,0.1809040755033493,0.9047619104385376
l_curve_2,321,0.18090768158435822,0.9047619104385376
l_curve_2,322,0.18111804127693176,0.9047619104385376
l_curve_2,323,0.18130794167518616,0.9047619104385376
l_curve_2,324,0.18150384724140167,0.9047619104385376
l_curve_2,325,0.18163321912288666,0.9047619104385376
l_curve_2,326,0.18146367371082306,0.9047619104385376
l_curve_2,327,0.1810518205165863,0.9047619104385376
l_curve_2,328,0.18107253313064575,0.9047619104385376
l_curve_2,329,0.18139128386974335,0.9047619104385376
l_curve_2,330,0.18132081627845764,0.9047619104385376
l_curve_2,331,0.18117597699165344,0.9047619104385376
l_curve_2,332,0.1810620129108429,0.9047619104385376
l_curve_2,333,0.18128201365470886,0.9047619104385376
l_curve_2,334,0.18121962249279022,0.9047619104385376
l_curve_2,335,0.18116629123687744,0.9047619104385376
l_curve_2,336,0.18100231885910034,0.9047619104385376
l_curve_2,337,0.18097937107086182,0.9047619104385376
l_curve_2,338,0.18089701235294342,0.9047619104385376
l_curve_2,339,0.1808956265449524,0.9047619104385376
l_curve_2,340,0.18091431260108948,0.9047619104385376
l_curve_2,341,0.18113505840301514,0.9047619104385376
l_curve_2,342,0.18118633329868317,0.9047619104385376
l_curve_2,343,0.18094660341739655,0.9047619104385376
l_curve_2,344,0.18091453611850739,0.9047619104385376
l_curve_2,345,0.18063488602638245,0.9047619104385376
l_curve_2,346,0.18067815899848938,0.9047619104385376
l_curve_2,347,0.1807694435119629,0.9047619104385376
l_curve_2,348,0.18066664040088654,0.9047619104385376
l_curve_2,349,0.18074777722358704,0.9047619104385376
l_curve_2,350,0.1810397505760193,0.9047619104385376
l_curve_2,351,0.18115556240081787,0.9047619104385376
l_curve_2,352,0.18107108771800995,0.9047619104385376
l_curve_2,353,0.18120038509368896,0.9047619104385376
l_curve_2,354,0.1813063770532608,0.9047619104385376
l_curve_2,355,0.18153779208660126,0.9047619104385376
l_curve_2,356,0.18146458268165588,0.9047619104385376
l_curve_2,357,0.18155796825885773,0.9047619104385376
l_curve_2,358,0.18162834644317627,0.9047619104385376
l_curve_2,359,0.18143583834171295,0.9047619104385376
l_curve_2,360,0.1811557412147522,0.9523809552192688
l_curve_2,361,0.1811591386795044,0.9523809552192688
l_curve_2,362,0.18115872144699097,0.9523809552192688
l_curve_2,363,0.18114452064037323,0.9523809552192688
l_curve_2,364,0.18140803277492523,0.9523809552192688
l_curve_2,365,0.1813298612833023,0.9523809552192688
l_curve_2,366,0.18152615427970886,0.9523809552192688
l_curve_2,367,0.1816292107105255,0.9523809552192688
l_curve_2,368,0.1814514845609665,0.9523809552192688
l_curve_2,369,0.18130707740783691,0.9523809552192688
l_curve_2,370,0.1812881976366043,0.9523809552192688
l_curve_2,371,0.18134896457195282,0.9523809552192688
l_curve_2,372,0.18155020475387573,0.9523809552192688
l_curve_2,373,0.1817561835050583,0.9523809552192688
l_curve_2,374,0.18173842132091522,0.9523809552192688
l_curve_2,375,0.18168982863426208,0.9523809552192688
l_curve_2,376,0.18146264553070068,0.9523809552192688
l_curve_2,377,0.18132345378398895,0.9523809552192688
l_curve_2,378,0.1813928335905075,0.9523809552192688
l_curve_2,379,0.18137778341770172,0.9523809552192688
l_curve_2,380,0.1812583953142166,0.9523809552192688
l_curve_2,381,0.18126173317432404,0.9523809552192688
l_curve_2,382,0.18116773664951324,0.9523809552192688
l_curve_2,383,0.18107870221138,0.9523809552192688
l_curve_2,384,0.18097956478595734,0.9523809552192688
l_curve_2,385,0.18099477887153625,0.9523809552192688
l_curve_2,386,0.1810704469680786,0.9523809552192688
l_curve_2,387,0.18129050731658936,0.9523809552192688
l_curve_2,388,0.1815427541732788,0.9523809552192688
l_curve_2,389,0.1819119155406952,0.9523809552192688
l_curve_2,390,0.18200166523456573,0.9523809552192688
l_curve_2,391,0.18200483918190002,0.9523809552192688
l_curve_2,392,0.18221773207187653,0.9523809552192688
l_curve_2,393,0.18228614330291748,0.9523809552192688
l_curve_2,394,0.18227148056030273,0.9523809552192688
l_curve_2,395,0.18225258588790894,0.9523809552192688
l_curve_2,396,0.18225762248039246,0.9523809552192688
l_curve_2,397,0.18205785751342773,0.9523809552192688
l_curve_2,398,0.18218962848186493,0.9523809552192688
l_curve_2,399,0.18222549557685852,0.9523809552192688
l_curve_2,400,0.1819353848695755,0.9523809552192688
l_curve_2,401,0.18179363012313843,0.9523809552192688
l_curve_2,402,0.18190714716911316,0.9523809552192688
l_curve_2,403,0.18179000914096832,0.9523809552192688
l_curve_2,404,0.18171201646327972,0.9523809552192688
l_curve_2,405,0.18160772323608398,0.9523809552192688
l_curve_2,406,0.1815950572490692,0.9523809552192688
l_curve_2,407,0.18193404376506805,0.9523809552192688
l_curve_2,408,0.1821105182170868,0.9523809552192688
l_curve_2,409,0.18225960433483124,0.9523809552192688
l_curve_2,410,0.18215930461883545,0.9523809552192688
l_curve_2,411,0.18207772076129913,0.9523809552192688
l_curve_2,412,0.18205858767032623,0.9523809552192688
l_curve_2,413,0.18234945833683014,0.9523809552192688
l_curve_2,414,0.18244794011116028,0.9523809552192688
l_curve_2,415,0.18250934779644012,0.9523809552192688
l_curve_2,416,0.1824420988559723,0.9523809552192688
l_curve_2,417,0.18207350373268127,0.9523809552192688
l_curve_2,418,0.18190431594848633,0.9523809552192688
l_curve_2,419,0.18224847316741943,0.9523809552192688
l_curve_2,420,0.18258243799209595,0.9523809552192688
l_curve_2,421,0.1823304444551468,0.9523809552192688
l_curve_2,422,0.182354137301445,0.9523809552192688
l_curve_2,423,0.18250052630901337,0.9523809552192688
l_curve_2,424,0.1823612004518509,0.9523809552192688
l_curve_2,425,0.18229350447654724,0.9523809552192688
l_curve_2,426,0.18217438459396362,0.9523809552192688
l_curve_2,427,0.18207380175590515,0.9523809552192688
l_curve_2,428,0.18212202191352844,0.9523809552192688
l_curve_2,429,0.18227918446063995,0.9523809552192688
l_curve_2,430,0.1823156476020813,0.9523809552192688
l_curve_2,431,0.18235363066196442,0.9523809552192688
l_curve_2,432,0.1824633926153183,0.9523809552192688
l_curve_2,433,0.18253366649150848,0.9523809552192688
l_curve_2,434,0.18261411786079407,0.9523809552192688
l_curve_2,435,0.18261663615703583,0.9523809552192688
l_curve_2,436,0.1825525313615799,0.9523809552192688
l_curve_2,437,0.18257267773151398,0.9523809552192688
l_curve_2,438,0.18281862139701843,0.9523809552192688
l_curve_2,439,0.18269068002700806,0.9523809552192688
l_curve_2,440,0.18242256343364716,0.9523809552192688
l_curve_2,441,0.18235237896442413,0.9523809552192688
l_curve_2,442,0.18237778544425964,0.9523809552192688
l_curve_2,443,0.18240375816822052,0.9523809552192688
l_curve_2,444,0.18245963752269745,0.9523809552192688
l_curve_2,445,0.18234427273273468,0.9523809552192688
l_curve_2,446,0.1821964979171753,0.9523809552192688
l_curve_2,447,0.18217380344867706,0.9523809552192688
l_curve_2,448,0.18227727711200714,0.9523809552192688
l_curve_2,449,0.18222054839134216,0.9523809552192688
l_curve_2,450,0.18226340413093567,0.9523809552192688
l_curve_2,451,0.18217970430850983,0.9523809552192688
l_curve_2,452,0.1822064220905304,0.9523809552192688
l_curve_2,453,0.1823108196258545,0.9523809552192688
l_curve_2,454,0.18261709809303284,0.9523809552192688
l_curve_2,455,0.18280957639217377,0.9523809552192688
l_curve_2,456,0.1825806349515915,0.9523809552192688
l_curve_2,457,0.18250422179698944,0.9523809552192688
l_curve_2,458,0.18243977427482605,0.9523809552192688
l_curve_2,459,0.18254007399082184,0.9523809552192688
l_curve_2,460,0.18261711299419403,0.9523809552192688
l_curve_2,461,0.18270991742610931,0.9523809552192688
l_curve_2,462,0.18279533088207245,0.9523809552192688
l_curve_2,463,0.1829206794500351,0.9523809552192688
l_curve_2,464,0.1830148994922638,0.9523809552192688
l_curve_2,465,0.18299999833106995,0.9523809552192688
l_curve_2,466,0.18310001492500305,0.9523809552192688
l_curve_2,467,0.1831095665693283,0.9523809552192688
l_curve_2,468,0.18298408389091492,0.9523809552192688
l_curve_2,469,0.18294917047023773,0.9523809552192688
l_curve_2,470,0.1829777956008911,0.9523809552192688
l_curve_2,471,0.18297997117042542,0.9523809552192688
l_curve_2,472,0.18316729366779327,0.9523809552192688
l_curve_2,473,0.18337182700634003,0.9523809552192688
l_curve_2,474,0.18355779349803925,0.9523809552192688
l_curve_2,475,0.18342678248882294,0.9523809552192688
l_curve_2,476,0.1834535002708435,0.9523809552192688
l_curve_2,477,0.18357953429222107,0.9523809552192688
l_curve_2,478,0.18352429568767548,0.9523809552192688
l_curve_2,479,0.18360288441181183,0.9523809552192688
l_curve_2,480,0.1835964322090149,0.9523809552192688
l_curve_2,481,0.18347112834453583,0.9523809552192688
l_curve_2,482,0.18330085277557373,0.9523809552192688
l_curve_2,483,0.1831352412700653,0.9523809552192688
l_curve_2,484,0.18317027390003204,0.9523809552192688
l_curve_2,485,0.1833505779504776,0.9523809552192688
l_curve_2,486,0.18356691300868988,0.9523809552192688
l_curve_2,487,0.1834850013256073,0.9523809552192688
l_curve_2,488,0.18339583277702332,0.9523809552192688
l_curve_2,489,0.18350818753242493,0.9523809552192688
l_curve_2,490,0.1835830956697464,0.9523809552192688
l_curve_2,491,0.18342719972133636,0.9523809552192688
l_curve_2,492,0.18345989286899567,0.9523809552192688
l_curve_2,493,0.18345580995082855,0.9523809552192688
l_curve_2,494,0.18356117606163025,0.9523809552192688
l_curve_2,495,0.18390308320522308,0.9523809552192688
l_curve_2,496,0.18390701711177826,0.9523809552192688
l_curve_2,497,0.18383781611919403,0.9523809552192688
l_curve_2,498,0.18377907574176788,0.9523809552192688
l_curve_2,499,0.1837800294160843,0.9523809552192688
l_curve_2,500,0.18373800814151764,0.9523809552192688
l_curve_2,501,0.18373993039131165,0.9523809552192688
l_curve_2,502,0.18385352194309235,0.9523809552192688
l_curve_2,503,0.1841343492269516,0.9523809552192688
l_curve_2,504,0.18419146537780762,0.9523809552192688
l_curve_2,505,0.18408791720867157,0.9523809552192688
l_curve_2,506,0.1842571645975113,0.9523809552192688
l_curve_2,507,0.18421433866024017,0.9523809552192688
l_curve_2,508,0.18415385484695435,0.9523809552192688
l_curve_2,509,0.18385688960552216,0.9523809552192688
l_curve_2,510,0.18388676643371582,0.9523809552192688
l_curve_2,511,0.18403537571430206,0.9523809552192688
l_curve_2,512,0.18413101136684418,0.9523809552192688
l_curve_2,513,0.18414314091205597,0.9523809552192688
l_curve_2,514,0.18420523405075073,0.9523809552192688
l_curve_2,515,0.18415281176567078,0.9523809552192688
l_curve_2,516,0.18406450748443604,0.9523809552192688
l_curve_2,517,0.18400613963603973,0.9523809552192688
l_curve_2,518,0.1840301901102066,0.9523809552192688
l_curve_2,519,0.18422101438045502,0.9523809552192688
l_curve_2,520,0.18449576199054718,0.9523809552192688
l_curve_2,521,0.18446142971515656,0.9523809552192688
l_curve_2,522,0.18424050509929657,0.9523809552192688
l_curve_2,523,0.18424515426158905,0.9523809552192688
l_curve_2,524,0.18453800678253174,0.9523809552192688
l_curve_2,525,0.18453633785247803,0.9523809552192688
l_curve_2,526,0.18442900478839874,0.9523809552192688
l_curve_2,527,0.18447645008563995,0.9523809552192688
l_curve_2,528,0.18448340892791748,0.9523809552192688
l_curve_2,529,0.18432073295116425,0.9523809552192688
l_curve_2,530,0.1843540519475937,0.9523809552192688
l_curve_2,531,0.18463250994682312,0.9523809552192688
l_curve_2,532,0.18467310070991516,0.9523809552192688
l_curve_2,533,0.18442830443382263,0.9523809552192688
l_curve_2,534,0.1844421625137329,0.9523809552192688
l_curve_2,535,0.1843050718307495,0.9523809552192688
l_curve_2,536,0.18437355756759644,0.9523809552192688
l_curve_2,537,0.18454790115356445,0.9523809552192688
l_curve_2,538,0.18449513614177704,0.9523809552192688
l_curve_2,539,0.18469946086406708,0.9523809552192688
l_curve_2,540,0.1849939227104187,0.9523809552192688
l_curve_2,541,0.1850896179676056,0.9523809552192688
l_curve_2,542,0.18503758311271667,0.9523809552192688
l_curve_2,543,0.18496590852737427,0.9523809552192688
l_curve_2,544,0.18476341664791107,0.9523809552192688
l_curve_2,545,0.18451540172100067,0.9523809552192688
l_curve_2,546,0.18424060940742493,0.9523809552192688
l_curve_2,547,0.184474915266037,0.9523809552192688
l_curve_2,548,0.18464206159114838,0.9523809552192688
l_curve_2,549,0.18469472229480743,0.9523809552192688
l_curve_2,550,0.18481352925300598,0.9523809552192688
l_curve_2,551,0.1850786656141281,0.9523809552192688
l_curve_2,552,0.18503239750862122,0.9523809552192688
l_curve_2,553,0.18493595719337463,0.9523809552192688
l_curve_2,554,0.1850334107875824,0.9523809552192688
l_curve_2,555,0.18509085476398468,0.9523809552192688
l_curve_2,556,0.18519143760204315,0.9523809552192688
l_curve_2,557,0.18522612750530243,0.9523809552192688
l_curve_2,558,0.18525375425815582,0.9523809552192688
l_curve_2,559,0.18497717380523682,0.9523809552192688
l_curve_2,560,0.18480119109153748,0.9523809552192688
l_curve_2,561,0.18479764461517334,0.9523809552192688
l_curve_2,562,0.18501408398151398,0.9523809552192688
l_curve_2,563,0.18521523475646973,0.9523809552192688
l_curve_2,564,0.18533523380756378,0.9523809552192688
l_curve_2,565,0.18536412715911865,0.9523809552192688
l_curve_2,566,0.1854023039340973,0.9523809552192688
l_curve_2,567,0.18544399738311768,0.9523809552192688
l_curve_2,568,0.18525300920009613,0.9523809552192688
l_curve_2,569,0.18511801958084106,0.9523809552192688
l_curve_2,570,0.18525418639183044,0.9523809552192688
l_curve_2,571,0.1854008287191391,0.9523809552192688
l_curve_2,572,0.18553490936756134,0.9523809552192688
l_curve_2,573,0.18540923297405243,0.9523809552192688
l_curve_2,574,0.18517062067985535,0.9523809552192688
l_curve_2,575,0.18512479960918427,0.9523809552192688
l_curve_2,576,0.18523240089416504,0.9523809552192688
l_curve_2,577,0.1851435899734497,0.9523809552192688
l_curve_2,578,0.18499886989593506,0.9523809552192688
l_curve_2,579,0.18516495823860168,0.9523809552192688
l_curve_2,580,0.18540066480636597,0.9523809552192688
l_curve_2,581,0.18541982769966125,0.9523809552192688
l_curve_2,582,0.18534648418426514,0.9523809552192688
l_curve_2,583,0.18528348207473755,0.9523809552192688
l_curve_2,584,0.18526175618171692,0.9523809552192688
l_curve_2,585,0.18542662262916565,0.9523809552192688
l_curve_2,586,0.1857096403837204,0.9523809552192688
l_curve_2,587,0.18605339527130127,0.9523809552192688
l_curve_2,588,0.18602870404720306,0.9523809552192688
l_curve_2,589,0.18620173633098602,0.9523809552192688
l_curve_2,590,0.1860722005367279,0.9523809552192688
l_curve_2,591,0.18601807951927185,0.9523809552192688
l_curve_2,592,0.18589727580547333,0.9523809552192688
l_curve_2,593,0.1855260133743286,0.9523809552192688
l_curve_2,594,0.18552765250205994,0.9523809552192688
l_curve_2,595,0.18546368181705475,0.9523809552192688
l_curve_2,596,0.18559816479682922,0.9523809552192688
l_curve_2,597,0.18569537997245789,0.9523809552192688
l_curve_2,598,0.18566052615642548,0.9523809552192688
l_curve_2,599,0.18553635478019714,0.9523809552192688
l_curve_2,600,0.1853051483631134,0.9523809552192688
l_curve_2,601,0.18531960248947144,0.9523809552192688
l_curve_2,602,0.18579962849617004,0.9523809552192688
l_curve_2,603,0.18604183197021484,0.9523809552192688
l_curve_2,604,0.1861628293991089,0.9523809552192688
l_curve_2,605,0.18602345883846283,0.9523809552192688
l_curve_2,606,0.186015784740448,0.9523809552192688
l_curve_2,607,0.18616612255573273,0.9523809552192688
l_curve_2,608,0.1861298382282257,0.9523809552192688
l_curve_2,609,0.18623201549053192,0.9523809552192688
l_curve_2,610,0.18640775978565216,0.9523809552192688
l_curve_2,611,0.186725452542305,0.9523809552192688
l_curve_2,612,0.18683043122291565,0.9523809552192688
l_curve_2,613,0.18671147525310516,0.9523809552192688
l_curve_2,614,0.1867765337228775,0.9523809552192688
l_curve_2,615,0.18654124438762665,0.9523809552192688
l_curve_2,616,0.1864810585975647,0.9523809552192688
l_curve_2,617,0.18678463995456696,0.9523809552192688
l_curve_2,618,0.18670699000358582,0.9523809552192688
l_curve_2,619,0.18652908504009247,0.9523809552192688
l_curve_2,620,0.18665678799152374,0.9523809552192688
l_curve_2,621,0.1867551952600479,0.9523809552192688
l_curve_2,622,0.1867973506450653,0.9523809552192688
l_curve_2,623,0.18692299723625183,0.9523809552192688
l_curve_2,624,0.1869872808456421,0.9523809552192688
l_curve_2,625,0.18719084560871124,0.9523809552192688
l_curve_2,626,0.18736565113067627,0.9523809552192688
l_curve_2,627,0.18752720952033997,0.9523809552192688
l_curve_2,628,0.18726098537445068,0.9523809552192688
l_curve_2,629,0.18718542158603668,0.9523809552192688
l_curve_2,630,0.18712599575519562,0.9523809552192688
l_curve_2,631,0.1870405673980713,0.9523809552192688
l_curve_2,632,0.1869891732931137,0.9523809552192688
l_curve_2,633,0.18681548535823822,0.9523809552192688
l_curve_2,634,0.18678386509418488,0.9523809552192688
l_curve_2,635,0.18666359782218933,0.9523809552192688
l_curve_2,636,0.18658387660980225,0.9523809552192688
l_curve_2,637,0.18658646941184998,0.9523809552192688
l_curve_2,638,0.18668429553508759,0.9523809552192688
l_curve_2,639,0.18677741289138794,0.9523809552192688
l_curve_2,640,0.18687234818935394,0.9523809552192688
l_curve_2,641,0.18682163953781128,0.9523809552192688
l_curve_2,642,0.18690836429595947,0.9523809552192688
l_curve_2,643,0.18690963089466095,0.9523809552192688
l_curve_2,644,0.18682090938091278,0.9523809552192688
l_curve_2,645,0.18693594634532928,0.9523809552192688
l_curve_2,646,0.1869361698627472,0.9523809552192688
l_curve_2,647,0.18708926439285278,0.9523809552192688
l_curve_2,648,0.18718329071998596,0.9523809552192688
l_curve_2,649,0.1873694807291031,0.9523809552192688
l_curve_2,650,0.18765899538993835,0.9523809552192688
l_curve_2,651,0.1877683401107788,0.9523809552192688
l_curve_2,652,0.18758118152618408,0.9523809552192688
l_curve_2,653,0.1874939501285553,0.9523809552192688
l_curve_2,654,0.1875191628932953,0.9523809552192688
l_curve_2,655,0.1874067485332489,0.9523809552192688
l_curve_2,656,0.187407985329628,0.9523809552192688
l_curve_2,657,0.18747729063034058,0.9523809552192688
l_curve_2,658,0.18725454807281494,0.9523809552192688
l_curve_2,659,0.187087282538414,0.9523809552192688
l_curve_2,660,0.18720020353794098,0.9523809552192688
l_curve_2,661,0.18712809681892395,0.9523809552192688
l_curve_2,662,0.18709391355514526,0.9523809552192688
l_curve_2,663,0.18697455525398254,0.9523809552192688
l_curve_2,664,0.18680725991725922,0.9523809552192688
l_curve_2,665,0.18698015809059143,0.9523809552192688
l_curve_2,666,0.1870945394039154,0.9523809552192688
l_curve_2,667,0.18721742928028107,0.9523809552192688
l_curve_2,668,0.18737953901290894,0.9523809552192688
l_curve_2,669,0.18785083293914795,0.9523809552192688
l_curve_2,670,0.18817034363746643,0.9523809552192688
l_curve_2,671,0.18782766163349152,0.9523809552192688
l_curve_2,672,0.18777506053447723,0.9523809552192688
l_curve_2,673,0.18778517842292786,0.9523809552192688
l_curve_2,674,0.18796075880527496,0.9523809552192688
l_curve_2,675,0.18811294436454773,0.9523809552192688
l_curve_2,676,0.18826019763946533,0.9523809552192688
l_curve_2,677,0.18827515840530396,0.9523809552192688
l_curve_2,678,0.1882740706205368,0.9523809552192688
l_curve_2,679,0.1882612556219101,0.9523809552192688
l_curve_2,680,0.18835137784481049,0.9523809552192688
l_curve_2,681,0.18825308978557587,0.9523809552192688
l_curve_2,682,0.18823568522930145,0.9523809552192688
l_curve_2,683,0.18812431395053864,0.9523809552192688
l_curve_2,684,0.18817469477653503,0.9523809552192688
l_curve_2,685,0.18820981681346893,0.9523809552192688
l_curve_2,686,0.1882157325744629,0.9523809552192688
l_curve_2,687,0.1881893277168274,0.9523809552192688
l_curve_2,688,0.18840904533863068,0.9523809552192688
l_curve_2,689,0.18859997391700745,0.9523809552192688
l_curve_2,690,0.18875916302204132,0.9523809552192688
l_curve_2,691,0.18853673338890076,0.9523809552192688
l_curve_2,692,0.1883297711610794,0.9523809552192688
l_curve_2,693,0.18809491395950317,0.9523809552192688
l_curve_2,694,0.188155859708786,0.9523809552192688
l_curve_2,695,0.1879194974899292,0.9523809552192688
l_curve_2,696,0.1880294233560562,0.9523809552192688
l_curve_2,697,0.1879018098115921,0.9523809552192688
l_curve_2,698,0.18800818920135498,0.9523809552192688
l_curve_2,699,0.18803271651268005,0.9523809552192688
l_curve_2,700,0.18799135088920593,0.9523809552192688
l_curve_2,701,0.18809309601783752,0.9523809552192688
l_curve_2,702,0.1885106861591339,0.9523809552192688
l_curve_2,703,0.1885291188955307,0.9523809552192688
l_curve_2,704,0.18847158551216125,0.9523809552192688
l_curve_2,705,0.18846409022808075,0.9523809552192688
l_curve_2,706,0.1885388195514679,0.9523809552192688
l_curve_2,707,0.18875157833099365,0.9523809552192688
l_curve_2,708,0.18917612731456757,0.9523809552192688
l_curve_2,709,0.1896369308233261,0.9523809552192688
l_curve_2,710,0.18980012834072113,0.9523809552192688
l_curve_2,711,0.18977196514606476,0.9523809552192688
l_curve_2,712,0.18962395191192627,0.9523809552192688
l_curve_2,713,0.18928147852420807,0.9523809552192688
l_curve_2,714,0.18916064500808716,0.9523809552192688
l_curve_2,715,0.18922746181488037,0.9523809552192688
l_curve_2,716,0.1893903911113739,0.9523809552192688
l_curve_2,717,0.18954455852508545,0.9523809552192688
l_curve_2,718,0.1895231008529663,0.9523809552192688
l_curve_2,719,0.18941166996955872,0.9523809552192688
l_curve_2,720,0.18942777812480927,0.9523809552192688
l_curve_2,721,0.1894531399011612,0.9523809552192688
l_curve_2,722,0.18933972716331482,0.9523809552192688
l_curve_2,723,0.18930993974208832,0.9523809552192688
l_curve_2,724,0.18938511610031128,0.9523809552192688
l_curve_2,725,0.1892329752445221,0.9523809552192688
l_curve_2,726,0.18934516608715057,0.9523809552192688
l_curve_2,727,0.18919312953948975,0.9523809552192688
l_curve_2,728,0.18923936784267426,0.9523809552192688
l_curve_2,729,0.18934786319732666,0.9523809552192688
l_curve_2,730,0.1895357370376587,0.9523809552192688
l_curve_2,731,0.18947245180606842,0.9523809552192688
l_curve_2,732,0.18938544392585754,0.9523809552192688
l_curve_2,733,0.1893816888332367,0.9523809552192688
l_curve_2,734,0.18947696685791016,0.9523809552192688
l_curve_2,735,0.18945109844207764,0.9523809552192688
l_curve_2,736,0.18928571045398712,0.9523809552192688
l_curve_2,737,0.18930885195732117,0.9523809552192688
l_curve_2,738,0.18942052125930786,0.9523809552192688
l_curve_2,739,0.18948742747306824,0.9523809552192688
l_curve_2,740,0.18985597789287567,0.9523809552192688
l_curve_2,741,0.18987873196601868,0.9523809552192688
l_curve_2,742,0.18963414430618286,0.9523809552192688
l_curve_2,743,0.1897919923067093,0.9523809552192688
l_curve_2,744,0.18983866274356842,0.9523809552192688
l_curve_2,745,0.18968355655670166,0.9523809552192688
l_curve_2,746,0.18968269228935242,0.9523809552192688
l_curve_2,747,0.1896837055683136,0.9523809552192688
l_curve_2,748,0.18960319459438324,0.9523809552192688
l_curve_2,749,0.18961723148822784,0.9523809552192688
l_curve_2,750,0.1897793561220169,0.9523809552192688
l_curve_2,751,0.1899295151233673,0.9523809552192688
l_curve_2,752,0.19009682536125183,0.9523809552192688
l_curve_2,753,0.19017918407917023,0.9523809552192688
l_curve_2,754,0.19030462205410004,0.9523809552192688
l_curve_2,755,0.19038879871368408,0.9523809552192688
l_curve_2,756,0.19027185440063477,0.9523809552192688
l_curve_2,757,0.19014804065227509,0.9523809552192688
l_curve_2,758,0.18993701040744781,0.9523809552192688
l_curve_2,759,0.18975941836833954,0.9523809552192688
l_curve_2,760,0.18983855843544006,0.9523809552192688
l_curve_2,761,0.18997634947299957,0.9523809552192688
l_curve_2,762,0.18977773189544678,0.9523809552192688
l_curve_2,763,0.18982601165771484,0.9523809552192688
l_curve_2,764,0.1898375302553177,0.9523809552192688
l_curve_2,765,0.18981295824050903,0.9523809552192688
l_curve_2,766,0.18972328305244446,0.9523809552192688
l_curve_2,767,0.1897510588169098,0.9523809552192688
l_curve_2,768,0.19004391133785248,0.9523809552192688
l_curve_2,769,0.1900177001953125,0.9523809552192688
l_curve_2,770,0.18997089564800262,0.9523809552192688
l_curve_2,771,0.18974006175994873,0.9523809552192688
l_curve_2,772,0.18965628743171692,0.9523809552192688
l_curve_2,773,0.18958911299705505,0.9523809552192688
l_curve_2,774,0.1896284818649292,0.9523809552192688
l_curve_2,775,0.18980152904987335,0.9523809552192688
l_curve_2,776,0.1898542195558548,0.9523809552192688
l_curve_2,777,0.1895713061094284,0.9523809552192688
l_curve_2,778,0.18939928710460663,0.9523809552192688
l_curve_2,779,0.18947747349739075,0.9523809552192688
l_curve_2,780,0.18957193195819855,0.9523809552192688
l_curve_2,781,0.18960914015769958,0.9523809552192688
l_curve_2,782,0.1896226704120636,0.9523809552192688
l_curve_2,783,0.18980953097343445,0.9523809552192688
l_curve_2,784,0.1900012344121933,0.9523809552192688
l_curve_2,785,0.19022606313228607,0.9523809552192688
l_curve_2,786,0.19015038013458252,0.9523809552192688
l_curve_2,787,0.19007508456707,0.9523809552192688
l_curve_2,788,0.18987895548343658,0.9523809552192688
l_curve_2,789,0.18978115916252136,0.9523809552192688
l_curve_2,790,0.19007068872451782,0.9523809552192688
l_curve_2,791,0.19044391810894012,0.9047619104385376
l_curve_2,792,0.19059693813323975,0.9047619104385376
l_curve_2,793,0.19065414369106293,0.9047619104385376
l_curve_2,794,0.19063417613506317,0.9047619104385376
l_curve_2,795,0.19062168896198273,0.9047619104385376
l_curve_2,796,0.19051583111286163,0.9047619104385376
l_curve_2,797,0.1902112066745758,0.9047619104385376
l_curve_2,798,0.1903667151927948,0.9047619104385376
l_curve_2,799,0.19035479426383972,0.9047619104385376
l_curve_2,800,0.19049571454524994,0.9047619104385376
l_curve_2,801,0.19050489366054535,0.9047619104385376
l_curve_2,802,0.19051620364189148,0.9047619104385376
l_curve_2,803,0.19057407975196838,0.9047619104385376
l_curve_2,804,0.1906488537788391,0.9047619104385376
l_curve_2,805,0.19075648486614227,0.9047619104385376
l_curve_2,806,0.1904946267604828,0.9047619104385376
l_curve_2,807,0.1903974413871765,0.9047619104385376
l_curve_2,808,0.1905425637960434,0.9047619104385376
l_curve_2,809,0.19043311476707458,0.9047619104385376
l_curve_2,810,0.19031162559986115,0.9047619104385376
l_curve_2,811,0.1902720183134079,0.9047619104385376
l_curve_2,812,0.19041705131530762,0.9047619104385376
l_curve_2,813,0.19066302478313446,0.9047619104385376
l_curve_2,814,0.1909632384777069,0.9047619104385376
l_curve_2,815,0.19109071791172028,0.9047619104385376
l_curve_2,816,0.1910628378391266,0.9047619104385376
l_curve_2,817,0.19095109403133392,0.9047619104385376
l_curve_2,818,0.19094809889793396,0.9047619104385376
l_curve_2,819,0.19088394939899445,0.9047619104385376
l_curve_2,820,0.19095398485660553,0.9047619104385376
l_curve_2,821,0.19107381999492645,0.9047619104385376
l_curve_2,822,0.19097359478473663,0.9047619104385376
l_curve_2,823,0.19087441265583038,0.9047619104385376
l_curve_2,824,0.19118253886699677,0.9047619104385376
l_curve_2,825,0.19121459126472473,0.9047619104385376
l_curve_2,826,0.1913309544324875,0.9047619104385376
l_curve_2,827,0.19123879075050354,0.9047619104385376
l_curve_2,828,0.19113405048847198,0.9047619104385376
l_curve_2,829,0.19117280840873718,0.9047619104385376
l_curve_2,830,0.19077405333518982,0.9047619104385376
l_curve_2,831,0.19065146148204803,0.9047619104385376
l_curve_2,832,0.19054535031318665,0.9047619104385376
l_curve_2,833,0.1903199702501297,0.9047619104385376
l_curve_2,834,0.19026224315166473,0.9047619104385376
l_curve_2,835,0.19025875627994537,0.9047619104385376
l_curve_2,836,0.1901840716600418,0.9047619104385376
l_curve_2,837,0.19029618799686432,0.9047619104385376
l_curve_2,838,0.1905115246772766,0.9047619104385376
l_curve_2,839,0.19065362215042114,0.9047619104385376
l_curve_2,840,0.19069653749465942,0.9047619104385376
l_curve_2,841,0.190494105219841,0.9047619104385376
l_curve_2,842,0.1906987428665161,0.9047619104385376
l_curve_2,843,0.190957710146904,0.9047619104385376
l_curve_2,844,0.1908569037914276,0.9047619104385376
l_curve_2,845,0.1908363550901413,0.9047619104385376
l_curve_2,846,0.1905878633260727,0.9047619104385376
l_curve_2,847,0.19061487913131714,0.9047619104385376
l_curve_2,848,0.19049488008022308,0.9047619104385376
l_curve_2,849,0.1904909908771515,0.9047619104385376
l_curve_2,850,0.190110981464386,0.9047619104385376
l_curve_2,851,0.19007322192192078,0.9047619104385376
l_curve_2,852,0.1898561716079712,0.9047619104385376
l_curve_2,853,0.1896878480911255,0.9047619104385376
l_curve_2,854,0.18914321064949036,0.9047619104385376
l_curve_2,855,0.18924805521965027,0.9047619104385376
l_curve_2,856,0.18927063047885895,0.9047619104385376
l_curve_2,857,0.1895044445991516,0.9047619104385376
l_curve_2,858,0.18977509438991547,0.9047619104385376
l_curve_2,859,0.1898047775030136,0.9047619104385376
l_curve_2,860,0.18959525227546692,0.9047619104385376
l_curve_2,861,0.18957293033599854,0.9047619104385376
l_curve_2,862,0.18952403962612152,0.9047619104385376
l_curve_2,863,0.18971768021583557,0.9047619104385376
l_curve_2,864,0.18964488804340363,0.9047619104385376
l_curve_2,865,0.18972107768058777,0.9047619104385376
l_curve_2,866,0.18952152132987976,0.9047619104385376
l_curve_2,867,0.18952897191047668,0.9047619104385376
l_curve_2,868,0.18951793015003204,0.9047619104385376
l_curve_2,869,0.18951332569122314,0.9047619104385376
l_curve_2,870,0.1895446628332138,0.9047619104385376
l_curve_2,871,0.18942081928253174,0.9047619104385376
l_curve_2,872,0.18968714773654938,0.9047619104385376
l_curve_2,873,0.1900637447834015,0.9047619104385376
l_curve_2,874,0.19007880985736847,0.9047619104385376
l_curve_2,875,0.1900673508644104,0.9047619104385376
l_curve_2,876,0.1901165395975113,0.9047619104385376
l_curve_2,877,0.19007107615470886,0.9047619104385376
l_curve_2,878,0.19005653262138367,0.9047619104385376
l_curve_2,879,0.18963047862052917,0.9047619104385376
l_curve_2,880,0.1894829422235489,0.9047619104385376
l_curve_2,881,0.18968474864959717,0.9047619104385376
l_curve_2,882,0.18992173671722412,0.9047619104385376
l_curve_2,883,0.1896882951259613,0.9047619104385376
l_curve_2,884,0.18957632780075073,0.9047619104385376
l_curve_2,885,0.18925321102142334,0.9047619104385376
l_curve_2,886,0.18922103941440582,0.9047619104385376
l_curve_2,887,0.18919745087623596,0.9047619104385376
l_curve_2,888,0.18923449516296387,0.9047619104385376
l_curve_2,889,0.18887469172477722,0.9047619104385376
l_curve_2,890,0.188578262925148,0.9047619104385376
l_curve_2,891,0.1886194348335266,0.9047619104385376
l_curve_2,892,0.18846428394317627,0.9047619104385376
l_curve_2,893,0.18839208781719208,0.9047619104385376
l_curve_2,894,0.188386008143425,0.9047619104385376
l_curve_2,895,0.18847867846488953,0.9047619104385376
l_curve_2,896,0.18874451518058777,0.9047619104385376
l_curve_2,897,0.18872231245040894,0.9047619104385376
l_curve_2,898,0.1885504573583603,0.9047619104385376
l_curve_2,899,0.1882355511188507,0.9047619104385376
l_curve_2,900,0.18810555338859558,0.9047619104385376
l_curve_2,901,0.18788722157478333,0.9047619104385376
l_curve_2,902,0.18777936697006226,0.9047619104385376
l_curve_2,903,0.18766294419765472,0.9047619104385376
l_curve_2,904,0.18776437640190125,0.9047619104385376
l_curve_2,905,0.1877482831478119,0.9047619104385376
l_curve_2,906,0.18779437243938446,0.9047619104385376
l_curve_2,907,0.1877518594264984,0.9047619104385376
l_curve_2,908,0.1877833604812622,0.9047619104385376
l_curve_2,909,0.18757730722427368,0.9047619104385376
l_curve_2,910,0.18736612796783447,0.9047619104385376
l_curve_2,911,0.18746794760227203,0.9047619104385376
l_curve_2,912,0.18704624474048615,0.9047619104385376
l_curve_2,913,0.18714386224746704,0.9047619104385376
l_curve_2,914,0.18712939321994781,0.9047619104385376
l_curve_2,915,0.18727853894233704,0.9047619104385376
l_curve_2,916,0.1874045431613922,0.9047619104385376
l_curve_2,917,0.18737323582172394,0.9047619104385376
l_curve_2,918,0.1872076690196991,0.9047619104385376
l_curve_2,919,0.1871752142906189,0.9047619104385376
l_curve_2,920,0.18713194131851196,0.9047619104385376
l_curve_2,921,0.18684515357017517,0.9047619104385376
l_curve_2,922,0.1868278682231903,0.9047619104385376
l_curve_2,923,0.1868327409029007,0.9047619104385376
l_curve_2,924,0.18670810759067535,0.9047619104385376
l_curve_2,925,0.18671084940433502,0.9047619104385376
l_curve_2,926,0.18672232329845428,0.9047619104385376
l_curve_2,927,0.18643394112586975,0.9047619104385376
l_curve_2,928,0.18626932799816132,0.9047619104385376
l_curve_2,929,0.186164990067482,0.9047619104385376
l_curve_2,930,0.18613150715827942,0.9047619104385376
l_curve_2,931,0.18598565459251404,0.9047619104385376
l_curve_2,932,0.18591630458831787,0.9047619104385376
l_curve_2,933,0.1858498752117157,0.9047619104385376
l_curve_2,934,0.18593277037143707,0.9047619104385376
l_curve_2,935,0.18580292165279388,0.9047619104385376
l_curve_2,936,0.185639888048172,0.9047619104385376
l_curve_2,937,0.18528082966804504,0.9047619104385376
l_curve_2,938,0.1852397471666336,0.9047619104385376
l_curve_2,939,0.18529517948627472,0.9047619104385376
l_curve_2,940,0.1848515272140503,0.9047619104385376
l_curve_2,941,0.18465100228786469,0.9047619104385376
l_curve_2,942,0.18441633880138397,0.9047619104385376
l_curve_2,943,0.18441066145896912,0.9047619104385376
l_curve_2,944,0.18459992110729218,0.9047619104385376
l_curve_2,945,0.18476958572864532,0.9047619104385376
l_curve_2,946,0.18476076424121857,0.9047619104385376
l_curve_2,947,0.18425528705120087,0.9047619104385376
l_curve_2,948,0.18397751450538635,0.9047619104385376
l_curve_2,949,0.18412630259990692,0.9047619104385376
l_curve_2,950,0.18416717648506165,0.9047619104385376
l_curve_2,951,0.18431392312049866,0.9047619104385376
l_curve_2,952,0.18439671397209167,0.9047619104385376
l_curve_2,953,0.18420058488845825,0.9047619104385376
l_curve_2,954,0.18395379185676575,0.9047619104385376
l_curve_2,955,0.18382222950458527,0.9047619104385376
l_curve_2,956,0.18373100459575653,0.9047619104385376
l_curve_2,957,0.18353570997714996,0.9047619104385376
l_curve_2,958,0.1833801567554474,0.9047619104385376
l_curve_2,959,0.18338538706302643,0.9047619104385376
l_curve_2,960,0.1831943541765213,0.9047619104385376
l_curve_2,961,0.1829652488231659,0.9047619104385376
l_curve_2,962,0.18304301798343658,0.9047619104385376
l_curve_2,963,0.18267877399921417,0.9047619104385376
l_curve_2,964,0.18266800045967102,0.9047619104385376
l_curve_2,965,0.18246693909168243,0.9047619104385376
l_curve_2,966,0.18233364820480347,0.9047619104385376
l_curve_2,967,0.18233926594257355,0.9047619104385376
l_curve_2,968,0.182368203997612,0.9047619104385376
l_curve_2,969,0.1822137087583542,0.9047619104385376
l_curve_2,970,0.18218468129634857,0.9047619104385376
l_curve_2,971,0.18203653395175934,0.9047619104385376
l_curve_2,972,0.18202707171440125,0.9047619104385376
l_curve_2,973,0.18231399357318878,0.9047619104385376
l_curve_2,974,0.18226711452007294,0.9047619104385376
l_curve_2,975,0.18219053745269775,0.9047619104385376
l_curve_2,976,0.18196260929107666,0.9047619104385376
l_curve_2,977,0.18174926936626434,0.9047619104385376
l_curve_2,978,0.18140748143196106,0.9047619104385376
l_curve_2,979,0.18110547959804535,0.9047619104385376
l_curve_2,980,0.18081453442573547,0.9047619104385376
l_curve_2,981,0.18076364696025848,0.9047619104385376
l_curve_2,982,0.1809854954481125,0.9047619104385376
l_curve_2,983,0.1810455322265625,0.9047619104385376
l_curve_2,984,0.1810676008462906,0.9047619104385376
l_curve_2,985,0.1807975471019745,0.9047619104385376
l_curve_2,986,0.18040578067302704,0.9047619104385376
l_curve_2,987,0.18003568053245544,0.9047619104385376
l_curve_2,988,0.18003936111927032,0.9047619104385376
l_curve_2,989,0.1799820512533188,0.9047619104385376
l_curve_2,990,0.17968763411045074,0.9047619104385376
l_curve_2,991,0.1792472004890442,0.9047619104385376
l_curve_2,992,0.17901307344436646,0.9047619104385376
l_curve_2,993,0.1789778769016266,0.9047619104385376
l_curve_2,994,0.17888911068439484,0.9047619104385376
l_curve_2,995,0.17861536145210266,0.9047619104385376
l_curve_2,996,0.17840173840522766,0.9047619104385376
l_curve_2,997,0.178203284740448,0.9047619104385376
l_curve_2,998,0.1779230237007141,0.9047619104385376
l_curve_2,999,0.17759187519550323,0.9047619104385376
l_curve_2,1000,0.1775321513414383,0.9047619104385376
l_curve_2,1000,0.1775321513414383,0.9047619104385376
