client,round,loss,accuracy
l_curve_3,1,1.0419522523880005,0.5714285969734192
l_curve_3,2,1.0101453065872192,0.5714285969734192
l_curve_3,3,0.9796338677406311,0.5714285969734192
l_curve_3,4,0.9502947926521301,0.5714285969734192
l_curve_3,5,0.9220837354660034,0.5714285969734192
l_curve_3,6,0.8950344324111938,0.5714285969734192
l_curve_3,7,0.8689285516738892,0.5714285969734192
l_curve_3,8,0.8436937928199768,0.5714285969734192
l_curve_3,9,0.8192567229270935,0.5714285969734192
l_curve_3,10,0.795722484588623,0.5714285969734192
l_curve_3,11,0.7730169892311096,0.5714285969734192
l_curve_3,12,0.7510781288146973,0.5714285969734192
l_curve_3,13,0.730181097984314,0.5714285969734192
l_curve_3,14,0.7102410793304443,0.5714285969734192
l_curve_3,15,0.6915721893310547,0.5714285969734192
l_curve_3,16,0.6740581393241882,0.5714285969734192
l_curve_3,17,0.6576042771339417,0.5714285969734192
l_curve_3,18,0.6423962712287903,0.6666666865348816
l_curve_3,19,0.6282836198806763,0.7142857313156128
l_curve_3,20,0.6153664588928223,0.7142857313156128
l_curve_3,21,0.603657603263855,0.7142857313156128
l_curve_3,22,0.5930135846138,0.761904776096344
l_curve_3,23,0.5833455324172974,0.761904776096344
l_curve_3,24,0.5745610594749451,0.7142857313156128
l_curve_3,25,0.5664516091346741,0.7142857313156128
l_curve_3,26,0.5590838193893433,0.7142857313156128
l_curve_3,27,0.552405595779419,0.7142857313156128
l_curve_3,28,0.5463048219680786,0.761904776096344
l_curve_3,29,0.5407215356826782,0.761904776096344
l_curve_3,30,0.5355770587921143,0.761904776096344
l_curve_3,31,0.5308451652526855,0.761904776096344
l_curve_3,32,0.526451051235199,0.761904776096344
l_curve_3,33,0.5223613381385803,0.761904776096344
l_curve_3,34,0.5185235738754272,0.8095238208770752
l_curve_3,35,0.5149213075637817,0.8095238208770752
l_curve_3,36,0.5115171074867249,0.8095238208770752
l_curve_3,37,0.5083271861076355,0.8095238208770752
l_curve_3,38,0.5052856802940369,0.8095238208770752
l_curve_3,39,0.5023741722106934,0.8095238208770752
l_curve_3,40,0.4995933175086975,0.8095238208770752
l_curve_3,41,0.49695155024528503,0.8095238208770752
l_curve_3,42,0.49439603090286255,0.8095238208770752
l_curve_3,43,0.4919375479221344,0.8095238208770752
l_curve_3,44,0.4895917475223541,0.8095238208770752
l_curve_3,45,0.4873103201389313,0.8095238208770752
l_curve_3,46,0.4851042330265045,0.8095238208770752
l_curve_3,47,0.48298195004463196,0.8095238208770752
l_curve_3,48,0.4809034466743469,0.8095238208770752
l_curve_3,49,0.4788757562637329,0.8095238208770752
l_curve_3,50,0.47693172097206116,0.8095238208770752
l_curve_3,51,0.47500869631767273,0.8095238208770752
l_curve_3,52,0.47316184639930725,0.8095238208770752
l_curve_3,53,0.4713527262210846,0.8095238208770752
l_curve_3,54,0.46960675716400146,0.8095238208770752
l_curve_3,55,0.4679177701473236,0.8095238208770752
l_curve_3,56,0.46623265743255615,0.8095238208770752
l_curve_3,57,0.4645785391330719,0.8095238208770752
l_curve_3,58,0.4629690945148468,0.8095238208770752
l_curve_3,59,0.46139979362487793,0.8095238208770752
l_curve_3,60,0.4598812460899353,0.8095238208770752
l_curve_3,61,0.45838531851768494,0.8095238208770752
l_curve_3,62,0.4569239020347595,0.8095238208770752
l_curve_3,63,0.4554884731769562,0.8095238208770752
l_curve_3,64,0.4540492594242096,0.8095238208770752
l_curve_3,65,0.4526395797729492,0.8095238208770752
l_curve_3,66,0.4512721598148346,0.8095238208770752
l_curve_3,67,0.4499359130859375,0.8095238208770752
l_curve_3,68,0.4486408233642578,0.8095238208770752
l_curve_3,69,0.44737234711647034,0.8095238208770752
l_curve_3,70,0.44612640142440796,0.8095238208770752
l_curve_3,71,0.4448925256729126,0.8095238208770752
l_curve_3,72,0.4436933100223541,0.8095238208770752
l_curve_3,73,0.442501962184906,0.8095238208770752
l_curve_3,74,0.4413382112979889,0.8095238208770752
l_curve_3,75,0.4401615262031555,0.8095238208770752
l_curve_3,76,0.4390157461166382,0.8095238208770752
l_curve_3,77,0.43789011240005493,0.8095238208770752
l_curve_3,78,0.43676140904426575,0.8095238208770752
l_curve_3,79,0.4356466829776764,0.8095238208770752
l_curve_3,80,0.4345534145832062,0.8095238208770752
l_curve_3,81,0.4334784150123596,0.8095238208770752
l_curve_3,82,0.4323754906654358,0.8095238208770752
l_curve_3,83,0.43128055334091187,0.8095238208770752
l_curve_3,84,0.43019214272499084,0.8095238208770752
l_curve_3,85,0.4291033148765564,0.8095238208770752
l_curve_3,86,0.4280398190021515,0.8095238208770752
l_curve_3,87,0.4269773066043854,0.8095238208770752
l_curve_3,88,0.42591235041618347,0.8095238208770752
l_curve_3,89,0.42489033937454224,0.8095238208770752
l_curve_3,90,0.4238359034061432,0.8095238208770752
l_curve_3,91,0.42277777194976807,0.8095238208770752
l_curve_3,92,0.42172446846961975,0.8095238208770752
l_curve_3,93,0.4206753671169281,0.8095238208770752
l_curve_3,94,0.41962265968322754,0.8095238208770752
l_curve_3,95,0.41855311393737793,0.8095238208770752
l_curve_3,96,0.41747137904167175,0.8095238208770752
l_curve_3,97,0.41638609766960144,0.8095238208770752
l_curve_3,98,0.41532596945762634,0.8095238208770752
l_curve_3,99,0.4142480194568634,0.8095238208770752
l_curve_3,100,0.41318053007125854,0.8095238208770752
l_curve_3,101,0.41209596395492554,0.8095238208770752
l_curve_3,102,0.4109891653060913,0.8095238208770752
l_curve_3,103,0.40990057587623596,0.8095238208770752
l_curve_3,104,0.4087885022163391,0.8095238208770752
l_curve_3,105,0.4076724350452423,0.8095238208770752
l_curve_3,106,0.40654823184013367,0.8095238208770752
l_curve_3,107,0.40542665123939514,0.8095238208770752
l_curve_3,108,0.40431082248687744,0.8095238208770752
l_curve_3,109,0.4031967520713806,0.8095238208770752
l_curve_3,110,0.4021047055721283,0.8095238208770752
l_curve_3,111,0.4009720981121063,0.8095238208770752
l_curve_3,112,0.3998449742794037,0.8095238208770752
l_curve_3,113,0.3987498879432678,0.8095238208770752
l_curve_3,114,0.3976444602012634,0.8095238208770752
l_curve_3,115,0.39657339453697205,0.8095238208770752
l_curve_3,116,0.3954905867576599,0.8095238208770752
l_curve_3,117,0.39442193508148193,0.8095238208770752
l_curve_3,118,0.39338183403015137,0.8095238208770752
l_curve_3,119,0.39235129952430725,0.8095238208770752
l_curve_3,120,0.39135369658470154,0.8095238208770752
l_curve_3,121,0.3903534710407257,0.8095238208770752
l_curve_3,122,0.3893352746963501,0.8095238208770752
l_curve_3,123,0.38835883140563965,0.8095238208770752
l_curve_3,124,0.3874244689941406,0.8095238208770752
l_curve_3,125,0.38648760318756104,0.8095238208770752
l_curve_3,126,0.3855244219303131,0.8095238208770752
l_curve_3,127,0.38459181785583496,0.8095238208770752
l_curve_3,128,0.3836957514286041,0.8095238208770752
l_curve_3,129,0.3828285336494446,0.8095238208770752
l_curve_3,130,0.3819585144519806,0.8095238208770752
l_curve_3,131,0.38110822439193726,0.8095238208770752
l_curve_3,132,0.3802863657474518,0.8095238208770752
l_curve_3,133,0.37947508692741394,0.8095238208770752
l_curve_3,134,0.37869468331336975,0.8095238208770752
l_curve_3,135,0.37795478105545044,0.8095238208770752
l_curve_3,136,0.3772211968898773,0.8095238208770752
l_curve_3,137,0.37649989128112793,0.8095238208770752
l_curve_3,138,0.375797837972641,0.8095238208770752
l_curve_3,139,0.3750908374786377,0.8095238208770752
l_curve_3,140,0.37438806891441345,0.8095238208770752
l_curve_3,141,0.37371692061424255,0.8095238208770752
l_curve_3,142,0.3730652332305908,0.8095238208770752
l_curve_3,143,0.3724445700645447,0.8095238208770752
l_curve_3,144,0.37183576822280884,0.8095238208770752
l_curve_3,145,0.3712000846862793,0.8095238208770752
l_curve_3,146,0.37060248851776123,0.8095238208770752
l_curve_3,147,0.3699876666069031,0.8095238208770752
l_curve_3,148,0.36934834718704224,0.8095238208770752
l_curve_3,149,0.3687729835510254,0.8095238208770752
l_curve_3,150,0.36825793981552124,0.8095238208770752
l_curve_3,151,0.36775848269462585,0.8095238208770752
l_curve_3,152,0.367262065410614,0.8095238208770752
l_curve_3,153,0.3667440712451935,0.8095238208770752
l_curve_3,154,0.3662518858909607,0.8095238208770752
l_curve_3,155,0.36574533581733704,0.8095238208770752
l_curve_3,156,0.3652929365634918,0.8095238208770752
l_curve_3,157,0.36485210061073303,0.8095238208770752
l_curve_3,158,0.36441463232040405,0.8095238208770752
l_curve_3,159,0.3639850318431854,0.8095238208770752
l_curve_3,160,0.3635982871055603,0.8095238208770752
l_curve_3,161,0.3631998896598816,0.8095238208770752
l_curve_3,162,0.3627825975418091,0.8095238208770752
l_curve_3,163,0.36238664388656616,0.8095238208770752
l_curve_3,164,0.36196067929267883,0.8095238208770752
l_curve_3,165,0.3615526556968689,0.8095238208770752
l_curve_3,166,0.3611496388912201,0.8095238208770752
l_curve_3,167,0.3607175052165985,0.8095238208770752
l_curve_3,168,0.36032530665397644,0.8095238208770752
l_curve_3,169,0.35992658138275146,0.8095238208770752
l_curve_3,170,0.3595738410949707,0.8095238208770752
l_curve_3,171,0.3592546880245209,0.8095238208770752
l_curve_3,172,0.3589358329772949,0.8095238208770752
l_curve_3,173,0.35860687494277954,0.8095238208770752
l_curve_3,174,0.3582831919193268,0.8095238208770752
l_curve_3,175,0.3579711318016052,0.8095238208770752
l_curve_3,176,0.3576696515083313,0.8095238208770752
l_curve_3,177,0.35738250613212585,0.8095238208770752
l_curve_3,178,0.3571176528930664,0.8095238208770752
l_curve_3,179,0.35685694217681885,0.8095238208770752
l_curve_3,180,0.35657137632369995,0.8095238208770752
l_curve_3,181,0.3562769293785095,0.8095238208770752
l_curve_3,182,0.35598692297935486,0.8095238208770752
l_curve_3,183,0.3556894361972809,0.8095238208770752
l_curve_3,184,0.3554374575614929,0.8095238208770752
l_curve_3,185,0.35516220331192017,0.8095238208770752
l_curve_3,186,0.3549340069293976,0.8095238208770752
l_curve_3,187,0.3546450436115265,0.8095238208770752
l_curve_3,188,0.3543872535228729,0.8095238208770752
l_curve_3,189,0.3540891408920288,0.8095238208770752
l_curve_3,190,0.3538114130496979,0.8095238208770752
l_curve_3,191,0.35355353355407715,0.8095238208770752
l_curve_3,192,0.3533066511154175,0.8095238208770752
l_curve_3,193,0.3530428111553192,0.8095238208770752
l_curve_3,194,0.35280489921569824,0.8095238208770752
l_curve_3,195,0.352562814950943,0.8095238208770752
l_curve_3,196,0.35232746601104736,0.8095238208770752
l_curve_3,197,0.3520642817020416,0.8095238208770752
l_curve_3,198,0.35181012749671936,0.8095238208770752
l_curve_3,199,0.3515970706939697,0.8095238208770752
l_curve_3,200,0.35144633054733276,0.8095238208770752
l_curve_3,201,0.351274311542511,0.8095238208770752
l_curve_3,202,0.3510820269584656,0.8095238208770752
l_curve_3,203,0.35084280371665955,0.8095238208770752
l_curve_3,204,0.3506239652633667,0.8095238208770752
l_curve_3,205,0.35037076473236084,0.8095238208770752
l_curve_3,206,0.3501760959625244,0.8095238208770752
l_curve_3,207,0.35000157356262207,0.8095238208770752
l_curve_3,208,0.34980839490890503,0.8095238208770752
l_curve_3,209,0.34961676597595215,0.8095238208770752
l_curve_3,210,0.3494022488594055,0.8095238208770752
l_curve_3,211,0.34917405247688293,0.8095238208770752
l_curve_3,212,0.3489721417427063,0.8095238208770752
l_curve_3,213,0.34880921244621277,0.8095238208770752
l_curve_3,214,0.3486674726009369,0.8095238208770752
l_curve_3,215,0.34848326444625854,0.8095238208770752
l_curve_3,216,0.3482925295829773,0.8095238208770752
l_curve_3,217,0.3481423258781433,0.8571428656578064
l_curve_3,218,0.347999632358551,0.8571428656578064
l_curve_3,219,0.34784048795700073,0.8571428656578064
l_curve_3,220,0.34765714406967163,0.8571428656578064
l_curve_3,221,0.3474905490875244,0.8571428656578064
l_curve_3,222,0.3473144769668579,0.8571428656578064
l_curve_3,223,0.34716543555259705,0.8571428656578064
l_curve_3,224,0.3470366895198822,0.8571428656578064
l_curve_3,225,0.34691449999809265,0.8571428656578064
l_curve_3,226,0.34677043557167053,0.8571428656578064
l_curve_3,227,0.3466031551361084,0.8571428656578064
l_curve_3,228,0.3464454114437103,0.8571428656578064
l_curve_3,229,0.34629833698272705,0.8571428656578064
l_curve_3,230,0.3461645543575287,0.8571428656578064
l_curve_3,231,0.3460061848163605,0.8571428656578064
l_curve_3,232,0.3458629548549652,0.8571428656578064
l_curve_3,233,0.34571415185928345,0.8571428656578064
l_curve_3,234,0.3455108106136322,0.8571428656578064
l_curve_3,235,0.34533149003982544,0.8571428656578064
l_curve_3,236,0.3451967239379883,0.8571428656578064
l_curve_3,237,0.3450879454612732,0.8571428656578064
l_curve_3,238,0.3449433743953705,0.8571428656578064
l_curve_3,239,0.34481799602508545,0.8571428656578064
l_curve_3,240,0.3446563184261322,0.8571428656578064
l_curve_3,241,0.34447145462036133,0.8571428656578064
l_curve_3,242,0.3443376123905182,0.8571428656578064
l_curve_3,243,0.34415557980537415,0.8571428656578064
l_curve_3,244,0.3439696133136749,0.8571428656578064
l_curve_3,245,0.3438228964805603,0.8571428656578064
l_curve_3,246,0.3436609208583832,0.8571428656578064
l_curve_3,247,0.3434865176677704,0.8571428656578064
l_curve_3,248,0.3433160185813904,0.8571428656578064
l_curve_3,249,0.3431762754917145,0.8571428656578064
l_curve_3,250,0.343064546585083,0.8571428656578064
l_curve_3,251,0.3429265022277832,0.8571428656578064
l_curve_3,252,0.3428023159503937,0.8571428656578064
l_curve_3,253,0.3426612317562103,0.8571428656578064
l_curve_3,254,0.3425241708755493,0.8571428656578064
l_curve_3,255,0.3423609435558319,0.8571428656578064
l_curve_3,256,0.34218889474868774,0.8571428656578064
l_curve_3,257,0.34206336736679077,0.8571428656578064
l_curve_3,258,0.3419558107852936,0.8571428656578064
l_curve_3,259,0.34186697006225586,0.8571428656578064
l_curve_3,260,0.34174400568008423,0.8571428656578064
l_curve_3,261,0.34157100319862366,0.8571428656578064
l_curve_3,262,0.3414258360862732,0.8571428656578064
l_curve_3,263,0.34128516912460327,0.8571428656578064
l_curve_3,264,0.34116339683532715,0.8571428656578064
l_curve_3,265,0.3410308361053467,0.8571428656578064
l_curve_3,266,0.3409197926521301,0.8571428656578064
l_curve_3,267,0.3408178389072418,0.8571428656578064
l_curve_3,268,0.3407265245914459,0.8571428656578064
l_curve_3,269,0.34062325954437256,0.8571428656578064
l_curve_3,270,0.3404886722564697,0.8571428656578064
l_curve_3,271,0.3403758108615875,0.8571428656578064
l_curve_3,272,0.34024885296821594,0.8571428656578064
l_curve_3,273,0.3401166796684265,0.8571428656578064
l_curve_3,274,0.3400006592273712,0.8571428656578064
l_curve_3,275,0.3398709297180176,0.8571428656578064
l_curve_3,276,0.339743047952652,0.8571428656578064
l_curve_3,277,0.3395744860172272,0.8571428656578064
l_curve_3,278,0.339449942111969,0.8571428656578064
l_curve_3,279,0.3393143117427826,0.8571428656578064
l_curve_3,280,0.33927759528160095,0.8571428656578064
l_curve_3,281,0.3391956686973572,0.8571428656578064
l_curve_3,282,0.33909058570861816,0.8571428656578064
l_curve_3,283,0.33904144167900085,0.8571428656578064
l_curve_3,284,0.33897513151168823,0.8571428656578064
l_curve_3,285,0.33892494440078735,0.8571428656578064
l_curve_3,286,0.33885008096694946,0.8571428656578064
l_curve_3,287,0.33873265981674194,0.8571428656578064
l_curve_3,288,0.33862364292144775,0.8571428656578064
l_curve_3,289,0.3385736048221588,0.8571428656578064
l_curve_3,290,0.33844009041786194,0.8571428656578064
l_curve_3,291,0.3383161127567291,0.8571428656578064
l_curve_3,292,0.3381636440753937,0.8571428656578064
l_curve_3,293,0.33804193139076233,0.8571428656578064
l_curve_3,294,0.3379552662372589,0.8571428656578064
l_curve_3,295,0.3378402292728424,0.8571428656578064
l_curve_3,296,0.33773335814476013,0.8571428656578064
l_curve_3,297,0.3376404047012329,0.8571428656578064
l_curve_3,298,0.3375292122364044,0.8571428656578064
l_curve_3,299,0.3373892903327942,0.8571428656578064
l_curve_3,300,0.3372955620288849,0.8571428656578064
l_curve_3,301,0.33720219135284424,0.8571428656578064
l_curve_3,302,0.33714812994003296,0.8571428656578064
l_curve_3,303,0.3370937407016754,0.8571428656578064
l_curve_3,304,0.33699026703834534,0.8571428656578064
l_curve_3,305,0.33689218759536743,0.8571428656578064
l_curve_3,306,0.33683276176452637,0.8571428656578064
l_curve_3,307,0.3367423415184021,0.8571428656578064
l_curve_3,308,0.3367132246494293,0.8571428656578064
l_curve_3,309,0.3366294205188751,0.8571428656578064
l_curve_3,310,0.3365514874458313,0.8571428656578064
l_curve_3,311,0.33650070428848267,0.8571428656578064
l_curve_3,312,0.3364264667034149,0.8571428656578064
l_curve_3,313,0.3363111913204193,0.8571428656578064
l_curve_3,314,0.3361852467060089,0.8571428656578064
l_curve_3,315,0.3360232412815094,0.8571428656578064
l_curve_3,316,0.3359253406524658,0.8571428656578064
l_curve_3,317,0.33583030104637146,0.8571428656578064
l_curve_3,318,0.3357964754104614,0.8571428656578064
l_curve_3,319,0.3357808589935303,0.8571428656578064
l_curve_3,320,0.33573925495147705,0.8571428656578064
l_curve_3,321,0.33566322922706604,0.8571428656578064
l_curve_3,322,0.3355424404144287,0.8571428656578064
l_curve_3,323,0.3354295492172241,0.8571428656578064
l_curve_3,324,0.3353050649166107,0.8571428656578064
l_curve_3,325,0.3351975679397583,0.8571428656578064
l_curve_3,326,0.3351427912712097,0.8571428656578064
l_curve_3,327,0.33512911200523376,0.8571428656578064
l_curve_3,328,0.33503031730651855,0.8571428656578064
l_curve_3,329,0.33488136529922485,0.8571428656578064
l_curve_3,330,0.3348063826560974,0.8571428656578064
l_curve_3,331,0.33474040031433105,0.8571428656578064
l_curve_3,332,0.33467790484428406,0.8571428656578064
l_curve_3,333,0.33455005288124084,0.8571428656578064
l_curve_3,334,0.33448487520217896,0.8571428656578064
l_curve_3,335,0.3344302773475647,0.8571428656578064
l_curve_3,336,0.3344045877456665,0.8571428656578064
l_curve_3,337,0.3343568444252014,0.8571428656578064
l_curve_3,338,0.33434417843818665,0.8571428656578064
l_curve_3,339,0.33428043127059937,0.8571428656578064
l_curve_3,340,0.3342042565345764,0.8571428656578064
l_curve_3,341,0.3340933322906494,0.8571428656578064
l_curve_3,342,0.3340226709842682,0.8571428656578064
l_curve_3,343,0.3339805006980896,0.8571428656578064
l_curve_3,344,0.33390098810195923,0.8571428656578064
l_curve_3,345,0.3338991105556488,0.8571428656578064
l_curve_3,346,0.33383917808532715,0.8571428656578064
l_curve_3,347,0.33374935388565063,0.8571428656578064
l_curve_3,348,0.33371928334236145,0.8571428656578064
l_curve_3,349,0.3336370885372162,0.8571428656578064
l_curve_3,350,0.33348697423934937,0.8571428656578064
l_curve_3,351,0.33339932560920715,0.8571428656578064
l_curve_3,352,0.3333806097507477,0.8571428656578064
l_curve_3,353,0.33329033851623535,0.8571428656578064
l_curve_3,354,0.33321037888526917,0.8571428656578064
l_curve_3,355,0.3331143856048584,0.8571428656578064
l_curve_3,356,0.3330565094947815,0.8571428656578064
l_curve_3,357,0.33296167850494385,0.8571428656578064
l_curve_3,358,0.3328959345817566,0.8571428656578064
l_curve_3,359,0.33287256956100464,0.8571428656578064
l_curve_3,360,0.3328634798526764,0.8571428656578064
l_curve_3,361,0.3327922821044922,0.8571428656578064
l_curve_3,362,0.3327292501926422,0.8571428656578064
l_curve_3,363,0.33266177773475647,0.8571428656578064
l_curve_3,364,0.3325236737728119,0.8571428656578064
l_curve_3,365,0.33248648047447205,0.8571428656578064
l_curve_3,366,0.33237749338150024,0.8571428656578064
l_curve_3,367,0.33229881525039673,0.8571428656578064
l_curve_3,368,0.33228063583374023,0.8571428656578064
l_curve_3,369,0.3322654664516449,0.8571428656578064
l_curve_3,370,0.3322051465511322,0.8571428656578064
l_curve_3,371,0.3321315050125122,0.8571428656578064
l_curve_3,372,0.33202531933784485,0.8571428656578064
l_curve_3,373,0.3319177031517029,0.8571428656578064
l_curve_3,374,0.33185848593711853,0.8571428656578064
l_curve_3,375,0.33182525634765625,0.8571428656578064
l_curve_3,376,0.33183056116104126,0.8571428656578064
l_curve_3,377,0.3318261206150055,0.8571428656578064
l_curve_3,378,0.33177340030670166,0.8571428656578064
l_curve_3,379,0.33173948526382446,0.8571428656578064
l_curve_3,380,0.3317323625087738,0.8571428656578064
l_curve_3,381,0.3316798806190491,0.8571428656578064
l_curve_3,382,0.33165502548217773,0.8571428656578064
l_curve_3,383,0.33161869645118713,0.8571428656578064
l_curve_3,384,0.3315958082675934,0.8571428656578064
l_curve_3,385,0.3315490186214447,0.8571428656578064
l_curve_3,386,0.33148083090782166,0.8571428656578064
l_curve_3,387,0.33137840032577515,0.8571428656578064
l_curve_3,388,0.33126476407051086,0.8571428656578064
l_curve_3,389,0.3311336934566498,0.8571428656578064
l_curve_3,390,0.33106088638305664,0.8571428656578064
l_curve_3,391,0.331000417470932,0.8571428656578064
l_curve_3,392,0.33090534806251526,0.8571428656578064
l_curve_3,393,0.3308468461036682,0.8571428656578064
l_curve_3,394,0.33078163862228394,0.8571428656578064
l_curve_3,395,0.33073630928993225,0.8571428656578064
l_curve_3,396,0.3306920826435089,0.8571428656578064
l_curve_3,397,0.33069127798080444,0.8571428656578064
l_curve_3,398,0.33059847354888916,0.8571428656578064
l_curve_3,399,0.3305312693119049,0.8571428656578064
l_curve_3,400,0.3305577039718628,0.8571428656578064
l_curve_3,401,0.33055251836776733,0.8571428656578064
l_curve_3,402,0.33048197627067566,0.8571428656578064
l_curve_3,403,0.3304714560508728,0.8571428656578064
l_curve_3,404,0.3304464817047119,0.8571428656578064
l_curve_3,405,0.3304154872894287,0.8571428656578064
l_curve_3,406,0.33037087321281433,0.8571428656578064
l_curve_3,407,0.33023640513420105,0.8571428656578064
l_curve_3,408,0.3301522731781006,0.8571428656578064
l_curve_3,409,0.33006414771080017,0.8571428656578064
l_curve_3,410,0.3300374448299408,0.8571428656578064
l_curve_3,411,0.33001086115837097,0.8571428656578064
l_curve_3,412,0.3299597501754761,0.8571428656578064
l_curve_3,413,0.3298281133174896,0.8571428656578064
l_curve_3,414,0.3297642171382904,0.8571428656578064
l_curve_3,415,0.32971200346946716,0.8571428656578064
l_curve_3,416,0.3296970725059509,0.8571428656578064
l_curve_3,417,0.32977187633514404,0.8571428656578064
l_curve_3,418,0.32978805899620056,0.8571428656578064
l_curve_3,419,0.3296462595462799,0.8571428656578064
l_curve_3,420,0.329507976770401,0.8571428656578064
l_curve_3,421,0.3295425772666931,0.8571428656578064
l_curve_3,422,0.32950738072395325,0.8571428656578064
l_curve_3,423,0.3294164836406708,0.8571428656578064
l_curve_3,424,0.32941490411758423,0.8571428656578064
l_curve_3,425,0.3293874263763428,0.8571428656578064
l_curve_3,426,0.32937151193618774,0.8571428656578064
l_curve_3,427,0.3293609619140625,0.8571428656578064
l_curve_3,428,0.3293113708496094,0.8571428656578064
l_curve_3,429,0.32923752069473267,0.8571428656578064
l_curve_3,430,0.32919859886169434,0.8571428656578064
l_curve_3,431,0.32914772629737854,0.8571428656578064
l_curve_3,432,0.32908323407173157,0.8571428656578064
l_curve_3,433,0.3290262818336487,0.8571428656578064
l_curve_3,434,0.3289646804332733,0.8571428656578064
l_curve_3,435,0.3289199769496918,0.8571428656578064
l_curve_3,436,0.32888323068618774,0.8571428656578064
l_curve_3,437,0.3288276791572571,0.8571428656578064
l_curve_3,438,0.32871606945991516,0.8571428656578064
l_curve_3,439,0.3287174701690674,0.8571428656578064
l_curve_3,440,0.3287551701068878,0.8571428656578064
l_curve_3,441,0.3287412226200104,0.8571428656578064
l_curve_3,442,0.32869619131088257,0.8571428656578064
l_curve_3,443,0.328654021024704,0.8571428656578064
l_curve_3,444,0.32860422134399414,0.8571428656578064
l_curve_3,445,0.32860541343688965,0.8571428656578064
l_curve_3,446,0.32862111926078796,0.8571428656578064
l_curve_3,447,0.3286004662513733,0.8571428656578064
l_curve_3,448,0.32853469252586365,0.8571428656578064
l_curve_3,449,0.32852157950401306,0.8571428656578064
l_curve_3,450,0.3284718990325928,0.8571428656578064
l_curve_3,451,0.32846885919570923,0.8571428656578064
l_curve_3,452,0.32843080163002014,0.8571428656578064
l_curve_3,453,0.3283705413341522,0.8571428656578064
l_curve_3,454,0.3282371163368225,0.8571428656578064
l_curve_3,455,0.3281479477882385,0.8571428656578064
l_curve_3,456,0.32819467782974243,0.8571428656578064
l_curve_3,457,0.3281952440738678,0.8571428656578064
l_curve_3,458,0.32819586992263794,0.8571428656578064
l_curve_3,459,0.32814306020736694,0.8571428656578064
l_curve_3,460,0.3280830383300781,0.8571428656578064
l_curve_3,461,0.32802778482437134,0.8571428656578064
l_curve_3,462,0.32798123359680176,0.8571428656578064
l_curve_3,463,0.32791733741760254,0.8571428656578064
l_curve_3,464,0.3278655409812927,0.8571428656578064
l_curve_3,465,0.3278537094593048,0.8571428656578064
l_curve_3,466,0.3277992606163025,0.8571428656578064
l_curve_3,467,0.32776978611946106,0.8571428656578064
l_curve_3,468,0.32778945565223694,0.8571428656578064
l_curve_3,469,0.3277775049209595,0.8571428656578064
l_curve_3,470,0.3277437686920166,0.8571428656578064
l_curve_3,471,0.3277146518230438,0.8571428656578064
l_curve_3,472,0.3276171386241913,0.8571428656578064
l_curve_3,473,0.32751449942588806,0.8571428656578064
l_curve_3,474,0.32742735743522644,0.8571428656578064
l_curve_3,475,0.3274320065975189,0.8571428656578064
l_curve_3,476,0.32738783955574036,0.8571428656578064
l_curve_3,477,0.32731860876083374,0.8571428656578064
l_curve_3,478,0.3273162543773651,0.8571428656578064
l_curve_3,479,0.32726335525512695,0.8571428656578064
l_curve_3,480,0.3272484242916107,0.8571428656578064
l_curve_3,481,0.3272678852081299,0.8571428656578064
l_curve_3,482,0.3272984027862549,0.8571428656578064
l_curve_3,483,0.32733631134033203,0.8571428656578064
l_curve_3,484,0.32730165123939514,0.8571428656578064
l_curve_3,485,0.3272117078304291,0.8571428656578064
l_curve_3,486,0.3271156847476959,0.8571428656578064
l_curve_3,487,0.3271189033985138,0.8571428656578064
l_curve_3,488,0.3271276652812958,0.8571428656578064
l_curve_3,489,0.32707104086875916,0.8571428656578064
l_curve_3,490,0.3270227313041687,0.8571428656578064
l_curve_3,491,0.32705655694007874,0.8571428656578064
l_curve_3,492,0.3270288109779358,0.8571428656578064
l_curve_3,493,0.3270091712474823,0.8571428656578064
l_curve_3,494,0.3269472122192383,0.8571428656578064
l_curve_3,495,0.3268069922924042,0.8571428656578064
l_curve_3,496,0.3267858922481537,0.8571428656578064
l_curve_3,497,0.3267980217933655,0.8571428656578064
l_curve_3,498,0.32680371403694153,0.8571428656578064
l_curve_3,499,0.32678690552711487,0.8571428656578064
l_curve_3,500,0.32678818702697754,0.8571428656578064
l_curve_3,501,0.3267744481563568,0.8571428656578064
l_curve_3,502,0.3267151415348053,0.8571428656578064
l_curve_3,503,0.32659420371055603,0.8571428656578064
l_curve_3,504,0.32655397057533264,0.8571428656578064
l_curve_3,505,0.3265724778175354,0.8571428656578064
l_curve_3,506,0.3264952301979065,0.8571428656578064
l_curve_3,507,0.3264945447444916,0.8571428656578064
l_curve_3,508,0.32649797201156616,0.8571428656578064
l_curve_3,509,0.3265857696533203,0.8571428656578064
l_curve_3,510,0.3265565037727356,0.8571428656578064
l_curve_3,511,0.32648593187332153,0.8571428656578064
l_curve_3,512,0.3264278769493103,0.8571428656578064
l_curve_3,513,0.3264104723930359,0.8571428656578064
l_curve_3,514,0.3263736367225647,0.8571428656578064
l_curve_3,515,0.32638221979141235,0.8571428656578064
l_curve_3,516,0.3264041244983673,0.8571428656578064
l_curve_3,517,0.3264133930206299,0.8571428656578064
l_curve_3,518,0.3263843059539795,0.8571428656578064
l_curve_3,519,0.32629409432411194,0.8571428656578064
l_curve_3,520,0.32617682218551636,0.8571428656578064
l_curve_3,521,0.32618147134780884,0.8571428656578064
l_curve_3,522,0.3262508809566498,0.8571428656578064
l_curve_3,523,0.32623985409736633,0.8571428656578064
l_curve_3,524,0.32612064480781555,0.8571428656578064
l_curve_3,525,0.32610955834388733,0.8571428656578064
l_curve_3,526,0.32613325119018555,0.8571428656578064
l_curve_3,527,0.32610031962394714,0.8571428656578064
l_curve_3,528,0.32608217000961304,0.8571428656578064
l_curve_3,529,0.326129674911499,0.8571428656578064
l_curve_3,530,0.326100617647171,0.8571428656578064
l_curve_3,531,0.3259775638580322,0.8571428656578064
l_curve_3,532,0.3259434998035431,0.8571428656578064
l_curve_3,533,0.3260286748409271,0.8571428656578064
l_curve_3,534,0.32601261138916016,0.8571428656578064
l_curve_3,535,0.32605504989624023,0.8571428656578064
l_curve_3,536,0.32601436972618103,0.8571428656578064
l_curve_3,537,0.3259349763393402,0.8571428656578064
l_curve_3,538,0.3259459137916565,0.8571428656578064
l_curve_3,539,0.3258553147315979,0.8571428656578064
l_curve_3,540,0.3257341682910919,0.8571428656578064
l_curve_3,541,0.325689435005188,0.8571428656578064
l_curve_3,542,0.3256981372833252,0.8571428656578064
l_curve_3,543,0.3257109522819519,0.8571428656578064
l_curve_3,544,0.32577890157699585,0.8571428656578064
l_curve_3,545,0.3258656859397888,0.8571428656578064
l_curve_3,546,0.325959712266922,0.8571428656578064
l_curve_3,547,0.32585540413856506,0.8571428656578064
l_curve_3,548,0.32578012347221375,0.8571428656578064
l_curve_3,549,0.3257443904876709,0.8571428656578064
l_curve_3,550,0.32568269968032837,0.8571428656578064
l_curve_3,551,0.32556867599487305,0.8571428656578064
l_curve_3,552,0.325571745634079,0.8571428656578064
l_curve_3,553,0.32560011744499207,0.8571428656578064
l_curve_3,554,0.3255515694618225,0.8571428656578064
l_curve_3,555,0.32551854848861694,0.8571428656578064
l_curve_3,556,0.3254663050174713,0.8571428656578064
l_curve_3,557,0.3254401385784149,0.8571428656578064
l_curve_3,558,0.325420618057251,0.8571428656578064
l_curve_3,559,0.32551246881484985,0.8571428656578064
l_curve_3,560,0.3255690932273865,0.8571428656578064
l_curve_3,561,0.32555651664733887,0.8571428656578064
l_curve_3,562,0.3254580497741699,0.8571428656578064
l_curve_3,563,0.32537010312080383,0.8571428656578064
l_curve_3,564,0.32531601190567017,0.8571428656578064
l_curve_3,565,0.3253007233142853,0.8571428656578064
l_curve_3,566,0.32528653740882874,0.8571428656578064
l_curve_3,567,0.32527002692222595,0.8571428656578064
l_curve_3,568,0.3253413140773773,0.8571428656578064
l_curve_3,569,0.32538294792175293,0.8571428656578064
l_curve_3,570,0.32532697916030884,0.8571428656578064
l_curve_3,571,0.32526832818984985,0.8571428656578064
l_curve_3,572,0.32521358132362366,0.8571428656578064
l_curve_3,573,0.3252556324005127,0.8571428656578064
l_curve_3,574,0.32534679770469666,0.8571428656578064
l_curve_3,575,0.32536470890045166,0.8571428656578064
l_curve_3,576,0.32532182335853577,0.8571428656578064
l_curve_3,577,0.3253542482852936,0.8571428656578064
l_curve_3,578,0.3254062235355377,0.8571428656578064
l_curve_3,579,0.3253263831138611,0.8571428656578064
l_curve_3,580,0.32521921396255493,0.8571428656578064
l_curve_3,581,0.32520443201065063,0.8571428656578064
l_curve_3,582,0.32522913813591003,0.8571428656578064
l_curve_3,583,0.32525357604026794,0.8571428656578064
l_curve_3,584,0.32526031136512756,0.8571428656578064
l_curve_3,585,0.325179785490036,0.8571428656578064
l_curve_3,586,0.32505908608436584,0.8571428656578064
l_curve_3,587,0.3249169886112213,0.8571428656578064
l_curve_3,588,0.32492074370384216,0.8571428656578064
l_curve_3,589,0.3248406946659088,0.8571428656578064
l_curve_3,590,0.32488131523132324,0.8571428656578064
l_curve_3,591,0.32489052414894104,0.8571428656578064
l_curve_3,592,0.3249306380748749,0.8571428656578064
l_curve_3,593,0.32507258653640747,0.8571428656578064
l_curve_3,594,0.3250693678855896,0.8571428656578064
l_curve_3,595,0.32510003447532654,0.8571428656578064
l_curve_3,596,0.3250497281551361,0.8571428656578064
l_curve_3,597,0.3250061869621277,0.8571428656578064
l_curve_3,598,0.3250221908092499,0.8571428656578064
l_curve_3,599,0.32507550716400146,0.8571428656578064
l_curve_3,600,0.3251733183860779,0.8571428656578064
l_curve_3,601,0.3251664340496063,0.8571428656578064
l_curve_3,602,0.3249534070491791,0.8571428656578064
l_curve_3,603,0.32484978437423706,0.8571428656578064
l_curve_3,604,0.32479873299598694,0.8571428656578064
l_curve_3,605,0.32484960556030273,0.8571428656578064
l_curve_3,606,0.32485347986221313,0.8571428656578064
l_curve_3,607,0.324780136346817,0.8571428656578064
l_curve_3,608,0.3247906267642975,0.8571428656578064
l_curve_3,609,0.32474249601364136,0.8571428656578064
l_curve_3,610,0.3246682584285736,0.8571428656578064
l_curve_3,611,0.3245342969894409,0.8571428656578064
l_curve_3,612,0.32448944449424744,0.8571428656578064
l_curve_3,613,0.3245406448841095,0.8571428656578064
l_curve_3,614,0.3245101571083069,0.8571428656578064
l_curve_3,615,0.32460927963256836,0.8571428656578064
l_curve_3,616,0.3246350586414337,0.8571428656578064
l_curve_3,617,0.32450467348098755,0.8571428656578064
l_curve_3,618,0.3245355188846588,0.8571428656578064
l_curve_3,619,0.32460227608680725,0.8571428656578064
l_curve_3,620,0.3245407044887543,0.8571428656578064
l_curve_3,621,0.3244941234588623,0.8571428656578064
l_curve_3,622,0.32448112964630127,0.8571428656578064
l_curve_3,623,0.3244147002696991,0.8571428656578064
l_curve_3,624,0.3243744969367981,0.8571428656578064
l_curve_3,625,0.3242827355861664,0.8571428656578064
l_curve_3,626,0.32420656085014343,0.8571428656578064
l_curve_3,627,0.3241329789161682,0.8571428656578064
l_curve_3,628,0.32423925399780273,0.8571428656578064
l_curve_3,629,0.32427436113357544,0.8571428656578064
l_curve_3,630,0.3243171274662018,0.8571428656578064
l_curve_3,631,0.3243465721607208,0.8571428656578064
l_curve_3,632,0.3243531584739685,0.8571428656578064
l_curve_3,633,0.3244194984436035,0.8571428656578064
l_curve_3,634,0.324421226978302,0.8571428656578064
l_curve_3,635,0.32447415590286255,0.8571428656578064
l_curve_3,636,0.32451140880584717,0.8571428656578064
l_curve_3,637,0.32451948523521423,0.8571428656578064
l_curve_3,638,0.32447198033332825,0.8571428656578064
l_curve_3,639,0.324420303106308,0.8571428656578064
l_curve_3,640,0.32437270879745483,0.8571428656578064
l_curve_3,641,0.3243882954120636,0.8571428656578064
l_curve_3,642,0.3243677020072937,0.8571428656578064
l_curve_3,643,0.3243753910064697,0.8571428656578064
l_curve_3,644,0.32442229986190796,0.8571428656578064
l_curve_3,645,0.3243674039840698,0.8571428656578064
l_curve_3,646,0.32437169551849365,0.8571428656578064
l_curve_3,647,0.32430586218833923,0.8571428656578064
l_curve_3,648,0.32426586747169495,0.8571428656578064
l_curve_3,649,0.3241822123527527,0.8571428656578064
l_curve_3,650,0.3240494132041931,0.8571428656578064
l_curve_3,651,0.3239994943141937,0.8571428656578064
l_curve_3,652,0.3240807056427002,0.8571428656578064
l_curve_3,653,0.3241192102432251,0.8571428656578064
l_curve_3,654,0.32409366965293884,0.8571428656578064
l_curve_3,655,0.3241448998451233,0.8571428656578064
l_curve_3,656,0.3241553008556366,0.8571428656578064
l_curve_3,657,0.3241121172904968,0.8571428656578064
l_curve_3,658,0.3242053687572479,0.8571428656578064
l_curve_3,659,0.32428622245788574,0.8571428656578064
l_curve_3,660,0.3242252767086029,0.8571428656578064
l_curve_3,661,0.3242444097995758,0.8571428656578064
l_curve_3,662,0.32425522804260254,0.8571428656578064
l_curve_3,663,0.324311226606369,0.8571428656578064
l_curve_3,664,0.3243880867958069,0.8571428656578064
l_curve_3,665,0.3243025839328766,0.8571428656578064
l_curve_3,666,0.32424625754356384,0.8571428656578064
l_curve_3,667,0.32418933510780334,0.8571428656578064
l_curve_3,668,0.3241262137889862,0.8571428656578064
l_curve_3,669,0.3239077925682068,0.8571428656578064
l_curve_3,670,0.3237689137458801,0.8571428656578064
l_curve_3,671,0.3239324986934662,0.8571428656578064
l_curve_3,672,0.32396402955055237,0.8571428656578064
l_curve_3,673,0.323966920375824,0.8571428656578064
l_curve_3,674,0.3238834738731384,0.8571428656578064
l_curve_3,675,0.32381588220596313,0.8571428656578064
l_curve_3,676,0.32374200224876404,0.8571428656578064
l_curve_3,677,0.32374119758605957,0.8571428656578064
l_curve_3,678,0.3237529695034027,0.8571428656578064
l_curve_3,679,0.32375791668891907,0.8571428656578064
l_curve_3,680,0.32372307777404785,0.8571428656578064
l_curve_3,681,0.3237636387348175,0.8571428656578064
l_curve_3,682,0.3237684667110443,0.8571428656578064
l_curve_3,683,0.3238223195075989,0.8571428656578064
l_curve_3,684,0.3238043785095215,0.8571428656578064
l_curve_3,685,0.3238039016723633,0.8571428656578064
l_curve_3,686,0.3237912952899933,0.8571428656578064
l_curve_3,687,0.32379013299942017,0.8571428656578064
l_curve_3,688,0.3236682713031769,0.8571428656578064
l_curve_3,689,0.32359153032302856,0.8571428656578064
l_curve_3,690,0.32353338599205017,0.8571428656578064
l_curve_3,691,0.3236401379108429,0.8571428656578064
l_curve_3,692,0.32371827960014343,0.8571428656578064
l_curve_3,693,0.3238174319267273,0.8571428656578064
l_curve_3,694,0.32378536462783813,0.8571428656578064
l_curve_3,695,0.3239162862300873,0.8571428656578064
l_curve_3,696,0.3238368034362793,0.8571428656578064
l_curve_3,697,0.32389968633651733,0.8571428656578064
l_curve_3,698,0.32384562492370605,0.8571428656578064
l_curve_3,699,0.3238421380519867,0.8571428656578064
l_curve_3,700,0.32385534048080444,0.8571428656578064
l_curve_3,701,0.323794424533844,0.8571428656578064
l_curve_3,702,0.3235906660556793,0.8571428656578064
l_curve_3,703,0.32358795404434204,0.8571428656578064
l_curve_3,704,0.3235994875431061,0.8571428656578064
l_curve_3,705,0.3236062526702881,0.8571428656578064
l_curve_3,706,0.32357102632522583,0.8571428656578064
l_curve_3,707,0.32345640659332275,0.8571428656578064
l_curve_3,708,0.3232477307319641,0.8571428656578064
l_curve_3,709,0.3230336606502533,0.8571428656578064
l_curve_3,710,0.3229733109474182,0.8571428656578064
l_curve_3,711,0.32299208641052246,0.8571428656578064
l_curve_3,712,0.32305988669395447,0.8571428656578064
l_curve_3,713,0.32325199246406555,0.8571428656578064
l_curve_3,714,0.32331931591033936,0.8571428656578064
l_curve_3,715,0.32329803705215454,0.8571428656578064
l_curve_3,716,0.32322487235069275,0.8571428656578064
l_curve_3,717,0.3231309950351715,0.8571428656578064
l_curve_3,718,0.32314497232437134,0.8571428656578064
l_curve_3,719,0.32317689061164856,0.8571428656578064
l_curve_3,720,0.3231605887413025,0.8571428656578064
l_curve_3,721,0.3231547176837921,0.8571428656578064
l_curve_3,722,0.32322749495506287,0.8571428656578064
l_curve_3,723,0.32323718070983887,0.8571428656578064
l_curve_3,724,0.32318055629730225,0.8571428656578064
l_curve_3,725,0.3232402205467224,0.8571428656578064
l_curve_3,726,0.3231903910636902,0.8571428656578064
l_curve_3,727,0.3232804834842682,0.8571428656578064
l_curve_3,728,0.3232707381248474,0.8571428656578064
l_curve_3,729,0.32322007417678833,0.8571428656578064
l_curve_3,730,0.32310542464256287,0.8571428656578064
l_curve_3,731,0.3231138288974762,0.8571428656578064
l_curve_3,732,0.32313787937164307,0.8571428656578064
l_curve_3,733,0.32313114404678345,0.8571428656578064
l_curve_3,734,0.3230794668197632,0.8571428656578064
l_curve_3,735,0.3230881989002228,0.8571428656578064
l_curve_3,736,0.32316508889198303,0.8571428656578064
l_curve_3,737,0.3231629729270935,0.8571428656578064
l_curve_3,738,0.32311996817588806,0.8571428656578064
l_curve_3,739,0.3230859041213989,0.8571428656578064
l_curve_3,740,0.32289910316467285,0.8571428656578064
l_curve_3,741,0.32288986444473267,0.8571428656578064
l_curve_3,742,0.32297569513320923,0.8571428656578064
l_curve_3,743,0.32285675406455994,0.8571428656578064
l_curve_3,744,0.3228118121623993,0.8571428656578064
l_curve_3,745,0.32290583848953247,0.8571428656578064
l_curve_3,746,0.32290196418762207,0.8571428656578064
l_curve_3,747,0.32289832830429077,0.8571428656578064
l_curve_3,748,0.32293999195098877,0.8571428656578064
l_curve_3,749,0.3229442238807678,0.8571428656578064
l_curve_3,750,0.3228360116481781,0.8571428656578064
l_curve_3,751,0.32276028394699097,0.8571428656578064
l_curve_3,752,0.32268252968788147,0.8571428656578064
l_curve_3,753,0.3226449191570282,0.8571428656578064
l_curve_3,754,0.3225663900375366,0.8571428656578064
l_curve_3,755,0.3224950134754181,0.8571428656578064
l_curve_3,756,0.32253843545913696,0.8571428656578064
l_curve_3,757,0.3225880265235901,0.8571428656578064
l_curve_3,758,0.32267624139785767,0.8571428656578064
l_curve_3,759,0.32277795672416687,0.8571428656578064
l_curve_3,760,0.32272568345069885,0.8571428656578064
l_curve_3,761,0.3226313889026642,0.8571428656578064
l_curve_3,762,0.32271608710289,0.8571428656578064
l_curve_3,763,0.3226560354232788,0.8571428656578064
l_curve_3,764,0.32264381647109985,0.8571428656578064
l_curve_3,765,0.32266342639923096,0.8571428656578064
l_curve_3,766,0.32270199060440063,0.8571428656578064
l_curve_3,767,0.32264748215675354,0.8571428656578064
l_curve_3,768,0.3224645256996155,0.8571428656578064
l_curve_3,769,0.3224587142467499,0.8571428656578064
l_curve_3,770,0.3224761486053467,0.8571428656578064
l_curve_3,771,0.3225945830345154,0.8571428656578064
l_curve_3,772,0.32264891266822815,0.8571428656578064
l_curve_3,773,0.32267236709594727,0.8571428656578064
l_curve_3,774,0.3226305842399597,0.8571428656578064
l_curve_3,775,0.3225528299808502,0.8571428656578064
l_curve_3,776,0.3225013017654419,0.8571428656578064
l_curve_3,777,0.3226381242275238,0.8571428656578064
l_curve_3,778,0.3226948082447052,0.8571428656578064
l_curve_3,779,0.32261568307876587,0.8571428656578064
l_curve_3,780,0.3225601017475128,0.8571428656578064
l_curve_3,781,0.3225427567958832,0.8571428656578064
l_curve_3,782,0.3225206732749939,0.8571428656578064
l_curve_3,783,0.3223872184753418,0.8571428656578064
l_curve_3,784,0.32225221395492554,0.8571428656578064
l_curve_3,785,0.32209229469299316,0.8571428656578064
l_curve_3,786,0.32211869955062866,0.8571428656578064
l_curve_3,787,0.3221381604671478,0.8571428656578064
l_curve_3,788,0.32223019003868103,0.8571428656578064
l_curve_3,789,0.3222673833370209,0.8571428656578064
l_curve_3,790,0.32207590341567993,0.8571428656578064
l_curve_3,791,0.32181987166404724,0.8571428656578064
l_curve_3,792,0.3216981291770935,0.8571428656578064
l_curve_3,793,0.3216491639614105,0.8571428656578064
l_curve_3,794,0.3216366469860077,0.8571428656578064
l_curve_3,795,0.32160770893096924,0.8571428656578064
l_curve_3,796,0.3216193914413452,0.8571428656578064
l_curve_3,797,0.32174792885780334,0.8571428656578064
l_curve_3,798,0.32162168622016907,0.8571428656578064
l_curve_3,799,0.3215816020965576,0.8571428656578064
l_curve_3,800,0.3214665949344635,0.8571428656578064
l_curve_3,801,0.32143616676330566,0.8571428656578064
l_curve_3,802,0.3214147090911865,0.8571428656578064
l_curve_3,803,0.32136958837509155,0.8571428656578064
l_curve_3,804,0.3212806284427643,0.8571428656578064
l_curve_3,805,0.3211929202079773,0.8571428656578064
l_curve_3,806,0.3213048279285431,0.8571428656578064
l_curve_3,807,0.32131579518318176,0.8571428656578064
l_curve_3,808,0.32119402289390564,0.8571428656578064
l_curve_3,809,0.32123255729675293,0.8571428656578064
l_curve_3,810,0.32128921151161194,0.8571428656578064
l_curve_3,811,0.32128506898880005,0.8571428656578064
l_curve_3,812,0.3211820125579834,0.8571428656578064
l_curve_3,813,0.3209957182407379,0.8571428656578064
l_curve_3,814,0.3207815885543823,0.8571428656578064
l_curve_3,815,0.3206731379032135,0.8571428656578064
l_curve_3,816,0.320627361536026,0.8571428656578064
l_curve_3,817,0.32065334916114807,0.8571428656578064
l_curve_3,818,0.3205919563770294,0.8571428656578064
l_curve_3,819,0.32058578729629517,0.8571428656578064
l_curve_3,820,0.32051149010658264,0.8571428656578064
l_curve_3,821,0.32043036818504333,0.8571428656578064
l_curve_3,822,0.32043832540512085,0.8571428656578064
l_curve_3,823,0.3204362392425537,0.8571428656578064
l_curve_3,824,0.32019659876823425,0.8571428656578064
l_curve_3,825,0.32011064887046814,0.8571428656578064
l_curve_3,826,0.3199881911277771,0.8571428656578064
l_curve_3,827,0.32000496983528137,0.8571428656578064
l_curve_3,828,0.3200153708457947,0.8571428656578064
l_curve_3,829,0.31993600726127625,0.8571428656578064
l_curve_3,830,0.3201100826263428,0.8571428656578064
l_curve_3,831,0.3201342225074768,0.8571428656578064
l_curve_3,832,0.32014867663383484,0.8571428656578064
l_curve_3,833,0.32023996114730835,0.8571428656578064
l_curve_3,834,0.32023900747299194,0.8571428656578064
l_curve_3,835,0.3202235996723175,0.8571428656578064
l_curve_3,836,0.3201959729194641,0.8571428656578064
l_curve_3,837,0.32009947299957275,0.8571428656578064
l_curve_3,838,0.319904088973999,0.8571428656578064
l_curve_3,839,0.31975722312927246,0.8571428656578064
l_curve_3,840,0.3196738064289093,0.8571428656578064
l_curve_3,841,0.3197290301322937,0.8571428656578064
l_curve_3,842,0.3195609152317047,0.8571428656578064
l_curve_3,843,0.31938624382019043,0.8571428656578064
l_curve_3,844,0.3193918764591217,0.8571428656578064
l_curve_3,845,0.319353312253952,0.8571428656578064
l_curve_3,846,0.31939810514450073,0.8571428656578064
l_curve_3,847,0.3192931115627289,0.8571428656578064
l_curve_3,848,0.3192666471004486,0.8571428656578064
l_curve_3,849,0.31917890906333923,0.8571428656578064
l_curve_3,850,0.31931272149086,0.8571428656578064
l_curve_3,851,0.3192167282104492,0.8571428656578064
l_curve_3,852,0.31926053762435913,0.8571428656578064
l_curve_3,853,0.319293737411499,0.8571428656578064
l_curve_3,854,0.3195417821407318,0.8571428656578064
l_curve_3,855,0.31939902901649475,0.8571428656578064
l_curve_3,856,0.31931358575820923,0.8571428656578064
l_curve_3,857,0.3190784156322479,0.8571428656578064
l_curve_3,858,0.3188304007053375,0.8571428656578064
l_curve_3,859,0.3187342584133148,0.8571428656578064
l_curve_3,860,0.31878283619880676,0.8571428656578064
l_curve_3,861,0.31870293617248535,0.8571428656578064
l_curve_3,862,0.3186355233192444,0.8571428656578064
l_curve_3,863,0.31844133138656616,0.8571428656578064
l_curve_3,864,0.3184112012386322,0.8571428656578064
l_curve_3,865,0.31826144456863403,0.8571428656578064
l_curve_3,866,0.3183065950870514,0.8571428656578064
l_curve_3,867,0.3182218372821808,0.8571428656578064
l_curve_3,868,0.31815284490585327,0.8571428656578064
l_curve_3,869,0.31805619597435,0.8571428656578064
l_curve_3,870,0.3179367780685425,0.8571428656578064
l_curve_3,871,0.31792744994163513,0.8571428656578064
l_curve_3,872,0.3176678419113159,0.8571428656578064
l_curve_3,873,0.31735366582870483,0.8571428656578064
l_curve_3,874,0.3172842562198639,0.8571428656578064
l_curve_3,875,0.3172204792499542,0.8571428656578064
l_curve_3,876,0.3171144425868988,0.8571428656578064
l_curve_3,877,0.31704267859458923,0.8571428656578064
l_curve_3,878,0.3169534206390381,0.8571428656578064
l_curve_3,879,0.317102313041687,0.8571428656578064
l_curve_3,880,0.3170923590660095,0.8571428656578064
l_curve_3,881,0.3168945610523224,0.8571428656578064
l_curve_3,882,0.3166688084602356,0.8571428656578064
l_curve_3,883,0.3167133927345276,0.8571428656578064
l_curve_3,884,0.31667444109916687,0.8571428656578064
l_curve_3,885,0.3167561888694763,0.8571428656578064
l_curve_3,886,0.3166223168373108,0.8571428656578064
l_curve_3,887,0.31652435660362244,0.8571428656578064
l_curve_3,888,0.31637394428253174,0.8571428656578064
l_curve_3,889,0.31646159291267395,0.8571428656578064
l_curve_3,890,0.31650787591934204,0.8571428656578064
l_curve_3,891,0.3163597285747528,0.8571428656578064
l_curve_3,892,0.31635117530822754,0.8571428656578064
l_curve_3,893,0.31629085540771484,0.8571428656578064
l_curve_3,894,0.3161403238773346,0.8571428656578064
l_curve_3,895,0.31594300270080566,0.8571428656578064
l_curve_3,896,0.3156591057777405,0.8571428656578064
l_curve_3,897,0.3155534267425537,0.8571428656578064
l_curve_3,898,0.3154950737953186,0.8571428656578064
l_curve_3,899,0.3155306875705719,0.8571428656578064
l_curve_3,900,0.3154643476009369,0.8571428656578064
l_curve_3,901,0.31547001004219055,0.8571428656578064
l_curve_3,902,0.31538334488868713,0.8571428656578064
l_curve_3,903,0.3153045177459717,0.8571428656578064
l_curve_3,904,0.31510812044143677,0.8571428656578064
l_curve_3,905,0.31499430537223816,0.8571428656578064
l_curve_3,906,0.31485116481781006,0.8571428656578064
l_curve_3,907,0.31476694345474243,0.8571428656578064
l_curve_3,908,0.3146308362483978,0.8571428656578064
l_curve_3,909,0.31462934613227844,0.8571428656578064
l_curve_3,910,0.3146058917045593,0.8571428656578064
l_curve_3,911,0.3144402503967285,0.8571428656578064
l_curve_3,912,0.3145562708377838,0.8571428656578064
l_curve_3,913,0.3143462538719177,0.8571428656578064
l_curve_3,914,0.31420207023620605,0.8571428656578064
l_curve_3,915,0.31395503878593445,0.8571428656578064
l_curve_3,916,0.3137200176715851,0.8571428656578064
l_curve_3,917,0.31355616450309753,0.8571428656578064
l_curve_3,918,0.31348496675491333,0.8571428656578064
l_curve_3,919,0.3133350908756256,0.8571428656578064
l_curve_3,920,0.31322377920150757,0.8571428656578064
l_curve_3,921,0.3132633566856384,0.8571428656578064
l_curve_3,922,0.31313467025756836,0.8571428656578064
l_curve_3,923,0.31299930810928345,0.8571428656578064
l_curve_3,924,0.31294092535972595,0.8571428656578064
l_curve_3,925,0.31277310848236084,0.8571428656578064
l_curve_3,926,0.3125933110713959,0.8571428656578064
l_curve_3,927,0.31262463331222534,0.8571428656578064
l_curve_3,928,0.31255412101745605,0.8571428656578064
l_curve_3,929,0.3124290406703949,0.8571428656578064
l_curve_3,930,0.3122669458389282,0.8571428656578064
l_curve_3,931,0.3121859133243561,0.8571428656578064
l_curve_3,932,0.312072217464447,0.8571428656578064
l_curve_3,933,0.3119567334651947,0.8571428656578064
l_curve_3,934,0.31174078583717346,0.8571428656578064
l_curve_3,935,0.3116586208343506,0.8571428656578064
l_curve_3,936,0.311596155166626,0.8571428656578064
l_curve_3,937,0.31163865327835083,0.8571428656578064
l_curve_3,938,0.3114602267742157,0.8571428656578064
l_curve_3,939,0.31121739745140076,0.8571428656578064
l_curve_3,940,0.31132328510284424,0.8571428656578064
l_curve_3,941,0.31129011511802673,0.8571428656578064
l_curve_3,942,0.31129181385040283,0.8571428656578064
l_curve_3,943,0.3110808730125427,0.8571428656578064
l_curve_3,944,0.3107348680496216,0.8571428656578064
l_curve_3,945,0.31039103865623474,0.8571428656578064
l_curve_3,946,0.3101814389228821,0.8571428656578064
l_curve_3,947,0.31025463342666626,0.8571428656578064
l_curve_3,948,0.31020262837409973,0.8571428656578064
l_curve_3,949,0.3099122643470764,0.8571428656578064
l_curve_3,950,0.3096674382686615,0.8571428656578064
l_curve_3,951,0.3093619644641876,0.8571428656578064
l_curve_3,952,0.3090871274471283,0.8571428656578064
l_curve_3,953,0.3089773654937744,0.8571428656578064
l_curve_3,954,0.3089311122894287,0.8571428656578064
l_curve_3,955,0.3087939918041229,0.8571428656578064
l_curve_3,956,0.3086247444152832,0.8571428656578064
l_curve_3,957,0.3085193932056427,0.8571428656578064
l_curve_3,958,0.30839696526527405,0.8571428656578064
l_curve_3,959,0.30816131830215454,0.8571428656578064
l_curve_3,960,0.3080333471298218,0.8571428656578064
l_curve_3,961,0.3079274594783783,0.8571428656578064
l_curve_3,962,0.30763524770736694,0.8571428656578064
l_curve_3,963,0.30761411786079407,0.8571428656578064
l_curve_3,964,0.3074025511741638,0.8571428656578064
l_curve_3,965,0.30729594826698303,0.8571428656578064
l_curve_3,966,0.307168573141098,0.8571428656578064
l_curve_3,967,0.30693984031677246,0.8571428656578064
l_curve_3,968,0.30664411187171936,0.8571428656578064
l_curve_3,969,0.30650967359542847,0.8571428656578064
l_curve_3,970,0.30629122257232666,0.8571428656578064
l_curve_3,971,0.3061293363571167,0.8571428656578064
l_curve_3,972,0.3058987259864807,0.8571428656578064
l_curve_3,973,0.3055014908313751,0.8571428656578064
l_curve_3,974,0.30527156591415405,0.8571428656578064
l_curve_3,975,0.30504757165908813,0.8571428656578064
l_curve_3,976,0.304885596036911,0.8571428656578064
l_curve_3,977,0.30470961332321167,0.8571428656578064
l_curve_3,978,0.3046506643295288,0.8571428656578064
l_curve_3,979,0.3045848309993744,0.8571428656578064
l_curve_3,980,0.30449748039245605,0.8571428656578064
l_curve_3,981,0.3042672574520111,0.8571428656578064
l_curve_3,982,0.3038700520992279,0.8571428656578064
l_curve_3,983,0.3035208284854889,0.8571428656578064
l_curve_3,984,0.3032186031341553,0.8571428656578064
l_curve_3,985,0.3030799627304077,0.8571428656578064
l_curve_3,986,0.3029997646808624,0.8571428656578064
l_curve_3,987,0.3029419183731079,0.8571428656578064
l_curve_3,988,0.30266016721725464,0.8571428656578064
l_curve_3,989,0.30240222811698914,0.8571428656578064
l_curve_3,990,0.3022819757461548,0.8571428656578064
l_curve_3,991,0.3022550046443939,0.8571428656578064
l_curve_3,992,0.3020499646663666,0.8571428656578064
l_curve_3,993,0.3017287850379944,0.8571428656578064
l_curve_3,994,0.30143293738365173,0.8571428656578064
l_curve_3,995,0.3012468218803406,0.8571428656578064
l_curve_3,996,0.30103611946105957,0.8571428656578064
l_curve_3,997,0.3008427619934082,0.8571428656578064
l_curve_3,998,0.3006912171840668,0.8571428656578064
l_curve_3,999,0.3005228340625763,0.8571428656578064
l_curve_3,1000,0.30020660161972046,0.8571428656578064
l_curve_3,1000,0.30020660161972046,0.8571428656578064
