client,round,loss,accuracy
l_curve_5,1,0.7734948992729187,0.25
l_curve_5,2,0.7691086530685425,0.25
l_curve_5,3,0.7647361159324646,0.25
l_curve_5,4,0.7605382204055786,0.25
l_curve_5,5,0.7568711042404175,0.25
l_curve_5,6,0.7532491683959961,0.2857142984867096
l_curve_5,7,0.74959796667099,0.3214285671710968
l_curve_5,8,0.7462382316589355,0.3214285671710968
l_curve_5,9,0.7428222298622131,0.3571428656578064
l_curve_5,10,0.7394181489944458,0.3571428656578064
l_curve_5,11,0.7362126708030701,0.3571428656578064
l_curve_5,12,0.7331094145774841,0.3928571343421936
l_curve_5,13,0.7301732301712036,0.3928571343421936
l_curve_5,14,0.7273126244544983,0.3928571343421936
l_curve_5,15,0.7244044542312622,0.4285714328289032
l_curve_5,16,0.721744179725647,0.4642857015132904
l_curve_5,17,0.7191612124443054,0.4642857015132904
l_curve_5,18,0.7168349623680115,0.4642857015132904
l_curve_5,19,0.7146091461181641,0.4285714328289032
l_curve_5,20,0.7123685479164124,0.3928571343421936
l_curve_5,21,0.710154116153717,0.4285714328289032
l_curve_5,22,0.708025336265564,0.4285714328289032
l_curve_5,23,0.7059095501899719,0.4285714328289032
l_curve_5,24,0.7039024233818054,0.4642857015132904
l_curve_5,25,0.7021440863609314,0.4642857015132904
l_curve_5,26,0.700273871421814,0.4642857015132904
l_curve_5,27,0.6985756158828735,0.5
l_curve_5,28,0.6969560384750366,0.6428571343421936
l_curve_5,29,0.6953741908073425,0.6428571343421936
l_curve_5,30,0.6938744187355042,0.6428571343421936
l_curve_5,31,0.6922644972801208,0.6428571343421936
l_curve_5,32,0.6907182335853577,0.6428571343421936
l_curve_5,33,0.6894059777259827,0.6428571343421936
l_curve_5,34,0.6880152821540833,0.6428571343421936
l_curve_5,35,0.6865347623825073,0.6428571343421936
l_curve_5,36,0.6849769949913025,0.6428571343421936
l_curve_5,37,0.6834845542907715,0.6428571343421936
l_curve_5,38,0.6821151971817017,0.6428571343421936
l_curve_5,39,0.680787205696106,0.6428571343421936
l_curve_5,40,0.6794503331184387,0.6428571343421936
l_curve_5,41,0.678108811378479,0.6428571343421936
l_curve_5,42,0.6767624616622925,0.6428571343421936
l_curve_5,43,0.6754475235939026,0.6428571343421936
l_curve_5,44,0.6743354797363281,0.6428571343421936
l_curve_5,45,0.6731176972389221,0.6428571343421936
l_curve_5,46,0.6720086336135864,0.6428571343421936
l_curve_5,47,0.6708236336708069,0.6428571343421936
l_curve_5,48,0.6697320938110352,0.6428571343421936
l_curve_5,49,0.668803334236145,0.6428571343421936
l_curve_5,50,0.6677537560462952,0.6428571343421936
l_curve_5,51,0.6667933464050293,0.6428571343421936
l_curve_5,52,0.6657401323318481,0.6428571343421936
l_curve_5,53,0.6645687222480774,0.6428571343421936
l_curve_5,54,0.6633525490760803,0.7142857313156128
l_curve_5,55,0.6619783043861389,0.75
l_curve_5,56,0.660545825958252,0.7857142686843872
l_curve_5,57,0.6591541171073914,0.7857142686843872
l_curve_5,58,0.6578055620193481,0.8214285969734192
l_curve_5,59,0.6565065383911133,0.8214285969734192
l_curve_5,60,0.6551394462585449,0.8214285969734192
l_curve_5,61,0.6538062691688538,0.8214285969734192
l_curve_5,62,0.6524003148078918,0.8214285969734192
l_curve_5,63,0.6507086157798767,0.8214285969734192
l_curve_5,64,0.6492012143135071,0.8214285969734192
l_curve_5,65,0.6475915312767029,0.8214285969734192
l_curve_5,66,0.6460787653923035,0.8214285969734192
l_curve_5,67,0.6444274187088013,0.8571428656578064
l_curve_5,68,0.6427050232887268,0.8571428656578064
l_curve_5,69,0.6409483551979065,0.8571428656578064
l_curve_5,70,0.6390756964683533,0.8571428656578064
l_curve_5,71,0.6372360587120056,0.8571428656578064
l_curve_5,72,0.6352675557136536,0.8571428656578064
l_curve_5,73,0.6334368586540222,0.8571428656578064
l_curve_5,74,0.6315716505050659,0.8571428656578064
l_curve_5,75,0.6297926902770996,0.8571428656578064
l_curve_5,76,0.6277746558189392,0.8571428656578064
l_curve_5,77,0.625823438167572,0.8571428656578064
l_curve_5,78,0.6236993074417114,0.8571428656578064
l_curve_5,79,0.6215154528617859,0.8214285969734192
l_curve_5,80,0.6192866563796997,0.8214285969734192
l_curve_5,81,0.6168381571769714,0.8214285969734192
l_curve_5,82,0.6143180131912231,0.8214285969734192
l_curve_5,83,0.6117156147956848,0.8214285969734192
l_curve_5,84,0.6090182065963745,0.8214285969734192
l_curve_5,85,0.6062637567520142,0.7857142686843872
l_curve_5,86,0.6034947633743286,0.7857142686843872
l_curve_5,87,0.6007193326950073,0.7857142686843872
l_curve_5,88,0.597865641117096,0.7857142686843872
l_curve_5,89,0.5949091911315918,0.7857142686843872
l_curve_5,90,0.5920720100402832,0.7857142686843872
l_curve_5,91,0.589284360408783,0.7857142686843872
l_curve_5,92,0.586470901966095,0.75
l_curve_5,93,0.5836343765258789,0.75
l_curve_5,94,0.580815315246582,0.75
l_curve_5,95,0.5777674913406372,0.75
l_curve_5,96,0.5746725797653198,0.75
l_curve_5,97,0.5715907216072083,0.75
l_curve_5,98,0.5684491991996765,0.75
l_curve_5,99,0.5651270151138306,0.75
l_curve_5,100,0.5618371367454529,0.75
l_curve_5,101,0.5585762858390808,0.75
l_curve_5,102,0.5552729964256287,0.75
l_curve_5,103,0.5518754720687866,0.7857142686843872
l_curve_5,104,0.5485675930976868,0.7857142686843872
l_curve_5,105,0.5451201796531677,0.7857142686843872
l_curve_5,106,0.541826069355011,0.7857142686843872
l_curve_5,107,0.5385637879371643,0.7857142686843872
l_curve_5,108,0.5353399515151978,0.7857142686843872
l_curve_5,109,0.5320400595664978,0.7857142686843872
l_curve_5,110,0.528812825679779,0.7857142686843872
l_curve_5,111,0.5256675481796265,0.7857142686843872
l_curve_5,112,0.5223702192306519,0.7857142686843872
l_curve_5,113,0.5192636251449585,0.7857142686843872
l_curve_5,114,0.516097903251648,0.7857142686843872
l_curve_5,115,0.5128798484802246,0.7857142686843872
l_curve_5,116,0.5096301436424255,0.7857142686843872
l_curve_5,117,0.5065631866455078,0.7857142686843872
l_curve_5,118,0.5034956336021423,0.7857142686843872
l_curve_5,119,0.5004749894142151,0.7857142686843872
l_curve_5,120,0.4974943697452545,0.7857142686843872
l_curve_5,121,0.494602769613266,0.7857142686843872
l_curve_5,122,0.49166426062583923,0.7857142686843872
l_curve_5,123,0.4888661503791809,0.7857142686843872
l_curve_5,124,0.48602837324142456,0.7857142686843872
l_curve_5,125,0.4832916855812073,0.7857142686843872
l_curve_5,126,0.48065581917762756,0.7857142686843872
l_curve_5,127,0.4780113995075226,0.7857142686843872
l_curve_5,128,0.4754398763179779,0.7857142686843872
l_curve_5,129,0.47292593121528625,0.7857142686843872
l_curve_5,130,0.470505028963089,0.7857142686843872
l_curve_5,131,0.4681282639503479,0.7857142686843872
l_curve_5,132,0.46579214930534363,0.7857142686843872
l_curve_5,133,0.46354904770851135,0.7857142686843872
l_curve_5,134,0.4613528847694397,0.7857142686843872
l_curve_5,135,0.4592352509498596,0.7857142686843872
l_curve_5,136,0.4570649564266205,0.7857142686843872
l_curve_5,137,0.4549310803413391,0.7857142686843872
l_curve_5,138,0.4529294967651367,0.7857142686843872
l_curve_5,139,0.4509280025959015,0.7857142686843872
l_curve_5,140,0.4489494860172272,0.7857142686843872
l_curve_5,141,0.44716978073120117,0.7857142686843872
l_curve_5,142,0.4452820420265198,0.7857142686843872
l_curve_5,143,0.44347769021987915,0.7857142686843872
l_curve_5,144,0.44172245264053345,0.7857142686843872
l_curve_5,145,0.4399881958961487,0.7857142686843872
l_curve_5,146,0.43832212686538696,0.7857142686843872
l_curve_5,147,0.43669983744621277,0.7857142686843872
l_curve_5,148,0.43506839871406555,0.7857142686843872
l_curve_5,149,0.43348613381385803,0.7857142686843872
l_curve_5,150,0.4319168031215668,0.7857142686843872
l_curve_5,151,0.43042927980422974,0.7857142686843872
l_curve_5,152,0.42903631925582886,0.7857142686843872
l_curve_5,153,0.42767730355262756,0.7857142686843872
l_curve_5,154,0.4263482689857483,0.7857142686843872
l_curve_5,155,0.4250740706920624,0.7857142686843872
l_curve_5,156,0.42390701174736023,0.7857142686843872
l_curve_5,157,0.4225919246673584,0.7857142686843872
l_curve_5,158,0.4212881922721863,0.7857142686843872
l_curve_5,159,0.41999220848083496,0.7857142686843872
l_curve_5,160,0.4187626838684082,0.7857142686843872
l_curve_5,161,0.4175615906715393,0.7857142686843872
l_curve_5,162,0.4164673686027527,0.7857142686843872
l_curve_5,163,0.4152555763721466,0.7857142686843872
l_curve_5,164,0.4141048491001129,0.7857142686843872
l_curve_5,165,0.4129921495914459,0.7857142686843872
l_curve_5,166,0.4119400382041931,0.7857142686843872
l_curve_5,167,0.4108779728412628,0.7857142686843872
l_curve_5,168,0.4097423553466797,0.7857142686843872
l_curve_5,169,0.40868717432022095,0.7857142686843872
l_curve_5,170,0.4076463282108307,0.7857142686843872
l_curve_5,171,0.4065619111061096,0.7857142686843872
l_curve_5,172,0.4055681526660919,0.7857142686843872
l_curve_5,173,0.4046560823917389,0.7857142686843872
l_curve_5,174,0.4037942588329315,0.7857142686843872
l_curve_5,175,0.4028160870075226,0.7857142686843872
l_curve_5,176,0.40184053778648376,0.7857142686843872
l_curve_5,177,0.40091678500175476,0.7857142686843872
l_curve_5,178,0.40004560351371765,0.7857142686843872
l_curve_5,179,0.39925628900527954,0.7857142686843872
l_curve_5,180,0.3984564244747162,0.7857142686843872
l_curve_5,181,0.39771199226379395,0.7857142686843872
l_curve_5,182,0.39696645736694336,0.7857142686843872
l_curve_5,183,0.39620548486709595,0.7857142686843872
l_curve_5,184,0.39540740847587585,0.7857142686843872
l_curve_5,185,0.39459726214408875,0.7857142686843872
l_curve_5,186,0.3938333988189697,0.7857142686843872
l_curve_5,187,0.3930778205394745,0.7857142686843872
l_curve_5,188,0.39239904284477234,0.7857142686843872
l_curve_5,189,0.3917516767978668,0.7857142686843872
l_curve_5,190,0.3911145329475403,0.7857142686843872
l_curve_5,191,0.3905831277370453,0.7857142686843872
l_curve_5,192,0.38999223709106445,0.7857142686843872
l_curve_5,193,0.3893307149410248,0.7857142686843872
l_curve_5,194,0.3887297511100769,0.7857142686843872
l_curve_5,195,0.3881669044494629,0.7857142686843872
l_curve_5,196,0.387569397687912,0.7857142686843872
l_curve_5,197,0.38695839047431946,0.7857142686843872
l_curve_5,198,0.38634634017944336,0.7857142686843872
l_curve_5,199,0.3857589066028595,0.8214285969734192
l_curve_5,200,0.3851158320903778,0.8214285969734192
l_curve_5,201,0.38451674580574036,0.8214285969734192
l_curve_5,202,0.38401004672050476,0.8214285969734192
l_curve_5,203,0.3834935128688812,0.8214285969734192
l_curve_5,204,0.38291415572166443,0.8214285969734192
l_curve_5,205,0.3823837637901306,0.8214285969734192
l_curve_5,206,0.3818804919719696,0.8214285969734192
l_curve_5,207,0.3812623918056488,0.8214285969734192
l_curve_5,208,0.380776971578598,0.8214285969734192
l_curve_5,209,0.3803207576274872,0.8214285969734192
l_curve_5,210,0.3797873556613922,0.8214285969734192
l_curve_5,211,0.3793688118457794,0.8214285969734192
l_curve_5,212,0.3788894712924957,0.8214285969734192
l_curve_5,213,0.37839430570602417,0.8214285969734192
l_curve_5,214,0.37802979350090027,0.8214285969734192
l_curve_5,215,0.3775835335254669,0.8214285969734192
l_curve_5,216,0.3771515190601349,0.8214285969734192
l_curve_5,217,0.37678804993629456,0.8214285969734192
l_curve_5,218,0.37646788358688354,0.8214285969734192
l_curve_5,219,0.3761676251888275,0.8214285969734192
l_curve_5,220,0.37589380145072937,0.8214285969734192
l_curve_5,221,0.37545299530029297,0.8214285969734192
l_curve_5,222,0.3749890923500061,0.8214285969734192
l_curve_5,223,0.3746394217014313,0.8214285969734192
l_curve_5,224,0.3742307126522064,0.8214285969734192
l_curve_5,225,0.3738119602203369,0.8214285969734192
l_curve_5,226,0.37346890568733215,0.8214285969734192
l_curve_5,227,0.37305715680122375,0.8214285969734192
l_curve_5,228,0.372767835855484,0.8214285969734192
l_curve_5,229,0.37233367562294006,0.8214285969734192
l_curve_5,230,0.37197548151016235,0.8214285969734192
l_curve_5,231,0.3717138171195984,0.8214285969734192
l_curve_5,232,0.37133005261421204,0.8214285969734192
l_curve_5,233,0.37101489305496216,0.8214285969734192
l_curve_5,234,0.3707714378833771,0.8214285969734192
l_curve_5,235,0.3704566955566406,0.8214285969734192
l_curve_5,236,0.3701243996620178,0.8214285969734192
l_curve_5,237,0.36971309781074524,0.8214285969734192
l_curve_5,238,0.3693578839302063,0.8214285969734192
l_curve_5,239,0.36905965209007263,0.8214285969734192
l_curve_5,240,0.3689262270927429,0.8214285969734192
l_curve_5,241,0.3688211441040039,0.8214285969734192
l_curve_5,242,0.368620365858078,0.8214285969734192
l_curve_5,243,0.368338406085968,0.8214285969734192
l_curve_5,244,0.3679864704608917,0.8214285969734192
l_curve_5,245,0.36765363812446594,0.8214285969734192
l_curve_5,246,0.36744529008865356,0.8214285969734192
l_curve_5,247,0.36732393503189087,0.8571428656578064
l_curve_5,248,0.36723607778549194,0.8571428656578064
l_curve_5,249,0.36705151200294495,0.8571428656578064
l_curve_5,250,0.3667958378791809,0.8571428656578064
l_curve_5,251,0.36662229895591736,0.8571428656578064
l_curve_5,252,0.36653932929039,0.8571428656578064
l_curve_5,253,0.36638978123664856,0.8571428656578064
l_curve_5,254,0.3662237524986267,0.8571428656578064
l_curve_5,255,0.3661390244960785,0.8571428656578064
l_curve_5,256,0.3658616244792938,0.8571428656578064
l_curve_5,257,0.365752637386322,0.8571428656578064
l_curve_5,258,0.36541056632995605,0.8571428656578064
l_curve_5,259,0.3652074933052063,0.8571428656578064
l_curve_5,260,0.3651301860809326,0.8571428656578064
l_curve_5,261,0.3650542199611664,0.8571428656578064
l_curve_5,262,0.36493343114852905,0.8571428656578064
l_curve_5,263,0.3647792339324951,0.8571428656578064
l_curve_5,264,0.364591121673584,0.8571428656578064
l_curve_5,265,0.3644959032535553,0.8571428656578064
l_curve_5,266,0.36431169509887695,0.8571428656578064
l_curve_5,267,0.36418741941452026,0.8571428656578064
l_curve_5,268,0.36408689618110657,0.8571428656578064
l_curve_5,269,0.3639698028564453,0.8571428656578064
l_curve_5,270,0.3638269305229187,0.8571428656578064
l_curve_5,271,0.3637300133705139,0.8571428656578064
l_curve_5,272,0.3636886775493622,0.8571428656578064
l_curve_5,273,0.36373022198677063,0.8571428656578064
l_curve_5,274,0.3637000620365143,0.8571428656578064
l_curve_5,275,0.3636603355407715,0.8571428656578064
l_curve_5,276,0.3635518550872803,0.8571428656578064
l_curve_5,277,0.36342212557792664,0.8571428656578064
l_curve_5,278,0.36322352290153503,0.8571428656578064
l_curve_5,279,0.3631354868412018,0.8571428656578064
l_curve_5,280,0.36304113268852234,0.8571428656578064
l_curve_5,281,0.3630076050758362,0.8571428656578064
l_curve_5,282,0.3631007969379425,0.8571428656578064
l_curve_5,283,0.3631843626499176,0.8571428656578064
l_curve_5,284,0.3631114959716797,0.8571428656578064
l_curve_5,285,0.36296597123146057,0.8571428656578064
l_curve_5,286,0.36274489760398865,0.8571428656578064
l_curve_5,287,0.36266112327575684,0.8571428656578064
l_curve_5,288,0.3626162111759186,0.8571428656578064
l_curve_5,289,0.36266589164733887,0.8571428656578064
l_curve_5,290,0.3627011179924011,0.8571428656578064
l_curve_5,291,0.36267298460006714,0.8571428656578064
l_curve_5,292,0.36265829205513,0.8571428656578064
l_curve_5,293,0.36262819170951843,0.8571428656578064
l_curve_5,294,0.3626415729522705,0.8571428656578064
l_curve_5,295,0.3626110851764679,0.8571428656578064
l_curve_5,296,0.36248263716697693,0.8571428656578064
l_curve_5,297,0.3624271750450134,0.8571428656578064
l_curve_5,298,0.36238691210746765,0.8571428656578064
l_curve_5,299,0.362412691116333,0.8571428656578064
l_curve_5,300,0.36252063512802124,0.8214285969734192
l_curve_5,301,0.3624723553657532,0.8214285969734192
l_curve_5,302,0.3624074161052704,0.8214285969734192
l_curve_5,303,0.36229589581489563,0.8214285969734192
l_curve_5,304,0.3622596561908722,0.8214285969734192
l_curve_5,305,0.3621797561645508,0.8214285969734192
l_curve_5,306,0.3621298372745514,0.8214285969734192
l_curve_5,307,0.36213427782058716,0.8214285969734192
l_curve_5,308,0.3620939254760742,0.8214285969734192
l_curve_5,309,0.3619202971458435,0.8214285969734192
l_curve_5,310,0.36179399490356445,0.8214285969734192
l_curve_5,311,0.3616556227207184,0.8214285969734192
l_curve_5,312,0.36165592074394226,0.8214285969734192
l_curve_5,313,0.3617676794528961,0.8214285969734192
l_curve_5,314,0.36195483803749084,0.8214285969734192
l_curve_5,315,0.3621129095554352,0.8214285969734192
l_curve_5,316,0.36214160919189453,0.8214285969734192
l_curve_5,317,0.36224913597106934,0.8214285969734192
l_curve_5,318,0.3623252809047699,0.8214285969734192
l_curve_5,319,0.3624667227268219,0.8214285969734192
l_curve_5,320,0.36264917254447937,0.8214285969734192
l_curve_5,321,0.3627183735370636,0.8214285969734192
l_curve_5,322,0.3628711402416229,0.8214285969734192
l_curve_5,323,0.3630160391330719,0.8214285969734192
l_curve_5,324,0.3630979657173157,0.8214285969734192
l_curve_5,325,0.36326852440834045,0.8214285969734192
l_curve_5,326,0.36321738362312317,0.8214285969734192
l_curve_5,327,0.36305955052375793,0.8214285969734192
l_curve_5,328,0.36292529106140137,0.8214285969734192
l_curve_5,329,0.362858384847641,0.8214285969734192
l_curve_5,330,0.3628857135772705,0.8214285969734192
l_curve_5,331,0.3627987802028656,0.8214285969734192
l_curve_5,332,0.3626234829425812,0.8214285969734192
l_curve_5,333,0.36247947812080383,0.8214285969734192
l_curve_5,334,0.36247923970222473,0.8214285969734192
l_curve_5,335,0.3624103367328644,0.8214285969734192
l_curve_5,336,0.362455815076828,0.8214285969734192
l_curve_5,337,0.3625681698322296,0.8214285969734192
l_curve_5,338,0.36270055174827576,0.8214285969734192
l_curve_5,339,0.3628566861152649,0.8214285969734192
l_curve_5,340,0.36290550231933594,0.8214285969734192
l_curve_5,341,0.3630075752735138,0.8214285969734192
l_curve_5,342,0.3629274070262909,0.8214285969734192
l_curve_5,343,0.3628012239933014,0.8214285969734192
l_curve_5,344,0.3626782298088074,0.8214285969734192
l_curve_5,345,0.36257848143577576,0.8214285969734192
l_curve_5,346,0.362459272146225,0.8214285969734192
l_curve_5,347,0.36243557929992676,0.8214285969734192
l_curve_5,348,0.36254891753196716,0.8214285969734192
l_curve_5,349,0.3627068102359772,0.8214285969734192
l_curve_5,350,0.3628072738647461,0.8214285969734192
l_curve_5,351,0.36285045742988586,0.8214285969734192
l_curve_5,352,0.36292973160743713,0.8214285969734192
l_curve_5,353,0.36296024918556213,0.8214285969734192
l_curve_5,354,0.3630603849887848,0.8214285969734192
l_curve_5,355,0.3631775379180908,0.8214285969734192
l_curve_5,356,0.3632461726665497,0.8214285969734192
l_curve_5,357,0.3632644712924957,0.8214285969734192
l_curve_5,358,0.3632626235485077,0.8214285969734192
l_curve_5,359,0.36319202184677124,0.8214285969734192
l_curve_5,360,0.36324381828308105,0.8214285969734192
l_curve_5,361,0.36329928040504456,0.8214285969734192
l_curve_5,362,0.36342653632164,0.8214285969734192
l_curve_5,363,0.3634326159954071,0.8214285969734192
l_curve_5,364,0.363477498292923,0.8214285969734192
l_curve_5,365,0.363532155752182,0.8214285969734192
l_curve_5,366,0.3635333478450775,0.8214285969734192
l_curve_5,367,0.3636939525604248,0.8214285969734192
l_curve_5,368,0.363676518201828,0.8214285969734192
l_curve_5,369,0.3637840449810028,0.8214285969734192
l_curve_5,370,0.3640095889568329,0.8214285969734192
l_curve_5,371,0.3640064299106598,0.8214285969734192
l_curve_5,372,0.3641539514064789,0.8214285969734192
l_curve_5,373,0.36411258578300476,0.8214285969734192
l_curve_5,374,0.36413535475730896,0.8214285969734192
l_curve_5,375,0.36418387293815613,0.8214285969734192
l_curve_5,376,0.3641497790813446,0.8214285969734192
l_curve_5,377,0.36402708292007446,0.8214285969734192
l_curve_5,378,0.3639664947986603,0.8214285969734192
l_curve_5,379,0.364033967256546,0.8214285969734192
l_curve_5,380,0.36387792229652405,0.8214285969734192
l_curve_5,381,0.36402180790901184,0.8214285969734192
l_curve_5,382,0.36422258615493774,0.8214285969734192
l_curve_5,383,0.36444348096847534,0.8214285969734192
l_curve_5,384,0.3646145462989807,0.8214285969734192
l_curve_5,385,0.36478108167648315,0.8214285969734192
l_curve_5,386,0.3649217188358307,0.8214285969734192
l_curve_5,387,0.36498719453811646,0.8214285969734192
l_curve_5,388,0.3651113212108612,0.8214285969734192
l_curve_5,389,0.3651326596736908,0.8214285969734192
l_curve_5,390,0.36500903964042664,0.8214285969734192
l_curve_5,391,0.36486002802848816,0.8214285969734192
l_curve_5,392,0.36476463079452515,0.8214285969734192
l_curve_5,393,0.3649007976055145,0.8214285969734192
l_curve_5,394,0.36495137214660645,0.8214285969734192
l_curve_5,395,0.36485952138900757,0.8214285969734192
l_curve_5,396,0.36499840021133423,0.8214285969734192
l_curve_5,397,0.3650614321231842,0.8214285969734192
l_curve_5,398,0.36525824666023254,0.8214285969734192
l_curve_5,399,0.36538606882095337,0.8214285969734192
l_curve_5,400,0.3654026389122009,0.8214285969734192
l_curve_5,401,0.3654317259788513,0.8214285969734192
l_curve_5,402,0.36543598771095276,0.8214285969734192
l_curve_5,403,0.36544138193130493,0.8214285969734192
l_curve_5,404,0.36548709869384766,0.8214285969734192
l_curve_5,405,0.3656153976917267,0.8214285969734192
l_curve_5,406,0.3657492995262146,0.8214285969734192
l_curve_5,407,0.3659735321998596,0.8214285969734192
l_curve_5,408,0.3659590184688568,0.8214285969734192
l_curve_5,409,0.3659399449825287,0.8214285969734192
l_curve_5,410,0.3661549687385559,0.8214285969734192
l_curve_5,411,0.36638733744621277,0.8214285969734192
l_curve_5,412,0.3665790855884552,0.8214285969734192
l_curve_5,413,0.36656269431114197,0.8214285969734192
l_curve_5,414,0.3665320575237274,0.8214285969734192
l_curve_5,415,0.3663816452026367,0.8214285969734192
l_curve_5,416,0.3664507567882538,0.8214285969734192
l_curve_5,417,0.3664189875125885,0.8214285969734192
l_curve_5,418,0.36630961298942566,0.8214285969734192
l_curve_5,419,0.3662659227848053,0.8214285969734192
l_curve_5,420,0.36634641885757446,0.8214285969734192
l_curve_5,421,0.3665160834789276,0.8214285969734192
l_curve_5,422,0.366741418838501,0.8214285969734192
l_curve_5,423,0.36730262637138367,0.8214285969734192
l_curve_5,424,0.36768773198127747,0.8214285969734192
l_curve_5,425,0.3679370880126953,0.8214285969734192
l_curve_5,426,0.36812418699264526,0.8214285969734192
l_curve_5,427,0.3681659698486328,0.8214285969734192
l_curve_5,428,0.36820775270462036,0.8214285969734192
l_curve_5,429,0.3681047856807709,0.8214285969734192
l_curve_5,430,0.3679702579975128,0.8214285969734192
l_curve_5,431,0.3678860664367676,0.8214285969734192
l_curve_5,432,0.36786872148513794,0.8214285969734192
l_curve_5,433,0.36793580651283264,0.8214285969734192
l_curve_5,434,0.36773183941841125,0.8214285969734192
l_curve_5,435,0.3676369786262512,0.8214285969734192
l_curve_5,436,0.36781641840934753,0.8214285969734192
l_curve_5,437,0.36770227551460266,0.8214285969734192
l_curve_5,438,0.36771830916404724,0.8214285969734192
l_curve_5,439,0.3676794171333313,0.8214285969734192
l_curve_5,440,0.367661714553833,0.8214285969734192
l_curve_5,441,0.3677058815956116,0.8214285969734192
l_curve_5,442,0.3675159811973572,0.8214285969734192
l_curve_5,443,0.3674667477607727,0.8214285969734192
l_curve_5,444,0.3676779270172119,0.8214285969734192
l_curve_5,445,0.3677310049533844,0.8214285969734192
l_curve_5,446,0.3676128685474396,0.8214285969734192
l_curve_5,447,0.3675915598869324,0.8214285969734192
l_curve_5,448,0.3674747943878174,0.8214285969734192
l_curve_5,449,0.3675200641155243,0.8214285969734192
l_curve_5,450,0.3675471842288971,0.8214285969734192
l_curve_5,451,0.3675301969051361,0.8214285969734192
l_curve_5,452,0.36759552359580994,0.8214285969734192
l_curve_5,453,0.3676171898841858,0.8214285969734192
l_curve_5,454,0.36778801679611206,0.8214285969734192
l_curve_5,455,0.3680848181247711,0.8214285969734192
l_curve_5,456,0.3683238923549652,0.8214285969734192
l_curve_5,457,0.3684673309326172,0.8214285969734192
l_curve_5,458,0.36850792169570923,0.8214285969734192
l_curve_5,459,0.3686361610889435,0.8214285969734192
l_curve_5,460,0.36873283982276917,0.8214285969734192
l_curve_5,461,0.3688972592353821,0.8214285969734192
l_curve_5,462,0.36882930994033813,0.8214285969734192
l_curve_5,463,0.3687635362148285,0.8214285969734192
l_curve_5,464,0.3687458634376526,0.8214285969734192
l_curve_5,465,0.3687402904033661,0.8214285969734192
l_curve_5,466,0.3688320815563202,0.8214285969734192
l_curve_5,467,0.3688347041606903,0.8214285969734192
l_curve_5,468,0.36882394552230835,0.8214285969734192
l_curve_5,469,0.3687993884086609,0.8214285969734192
l_curve_5,470,0.3687644302845001,0.8214285969734192
l_curve_5,471,0.36886733770370483,0.8214285969734192
l_curve_5,472,0.36895743012428284,0.8214285969734192
l_curve_5,473,0.3688631057739258,0.8214285969734192
l_curve_5,474,0.36888423562049866,0.8214285969734192
l_curve_5,475,0.3691129684448242,0.8214285969734192
l_curve_5,476,0.369255006313324,0.8214285969734192
l_curve_5,477,0.3694683909416199,0.8214285969734192
l_curve_5,478,0.3695521950721741,0.8214285969734192
l_curve_5,479,0.3694661259651184,0.8214285969734192
l_curve_5,480,0.36949363350868225,0.8214285969734192
l_curve_5,481,0.36930912733078003,0.8214285969734192
l_curve_5,482,0.3693459928035736,0.8214285969734192
l_curve_5,483,0.3692975342273712,0.8214285969734192
l_curve_5,484,0.36926302313804626,0.8214285969734192
l_curve_5,485,0.3693389892578125,0.8214285969734192
l_curve_5,486,0.3694046139717102,0.8214285969734192
l_curve_5,487,0.3691770136356354,0.8214285969734192
l_curve_5,488,0.3689865469932556,0.8214285969734192
l_curve_5,489,0.3688752055168152,0.8214285969734192
l_curve_5,490,0.36879658699035645,0.8214285969734192
l_curve_5,491,0.36879846453666687,0.8214285969734192
l_curve_5,492,0.3688916862010956,0.8214285969734192
l_curve_5,493,0.3689553737640381,0.8214285969734192
l_curve_5,494,0.3690343499183655,0.8214285969734192
l_curve_5,495,0.3692112863063812,0.8214285969734192
l_curve_5,496,0.36921510100364685,0.8214285969734192
l_curve_5,497,0.36913949251174927,0.8214285969734192
l_curve_5,498,0.36920493841171265,0.8214285969734192
l_curve_5,499,0.3692905008792877,0.8214285969734192
l_curve_5,500,0.3693818151950836,0.8214285969734192
l_curve_5,501,0.3695582449436188,0.8214285969734192
l_curve_5,502,0.36969879269599915,0.8214285969734192
l_curve_5,503,0.3697756230831146,0.8214285969734192
l_curve_5,504,0.36990076303482056,0.8214285969734192
l_curve_5,505,0.37000104784965515,0.8214285969734192
l_curve_5,506,0.36997371912002563,0.8214285969734192
l_curve_5,507,0.37009236216545105,0.8214285969734192
l_curve_5,508,0.3701343834400177,0.8214285969734192
l_curve_5,509,0.37020835280418396,0.8214285969734192
l_curve_5,510,0.37008219957351685,0.8214285969734192
l_curve_5,511,0.3701004087924957,0.8214285969734192
l_curve_5,512,0.37006324529647827,0.8214285969734192
l_curve_5,513,0.36988967657089233,0.8214285969734192
l_curve_5,514,0.36962154507637024,0.8214285969734192
l_curve_5,515,0.3693898022174835,0.8214285969734192
l_curve_5,516,0.36928609013557434,0.8214285969734192
l_curve_5,517,0.36913108825683594,0.8214285969734192
l_curve_5,518,0.36899134516716003,0.8214285969734192
l_curve_5,519,0.3689866065979004,0.8214285969734192
l_curve_5,520,0.3689262568950653,0.8214285969734192
l_curve_5,521,0.36884981393814087,0.8214285969734192
l_curve_5,522,0.36887532472610474,0.8214285969734192
l_curve_5,523,0.36894431710243225,0.8214285969734192
l_curve_5,524,0.36900684237480164,0.8214285969734192
l_curve_5,525,0.3692522644996643,0.8214285969734192
l_curve_5,526,0.36951231956481934,0.8214285969734192
l_curve_5,527,0.369697242975235,0.8214285969734192
l_curve_5,528,0.3698484003543854,0.8214285969734192
l_curve_5,529,0.36988529562950134,0.8214285969734192
l_curve_5,530,0.36989399790763855,0.8214285969734192
l_curve_5,531,0.36987051367759705,0.8214285969734192
l_curve_5,532,0.36995986104011536,0.8214285969734192
l_curve_5,533,0.36990419030189514,0.8214285969734192
l_curve_5,534,0.3698727488517761,0.8214285969734192
l_curve_5,535,0.3699987232685089,0.8214285969734192
l_curve_5,536,0.37001317739486694,0.8214285969734192
l_curve_5,537,0.37007617950439453,0.8214285969734192
l_curve_5,538,0.37007230520248413,0.8214285969734192
l_curve_5,539,0.3701903820037842,0.8214285969734192
l_curve_5,540,0.37030667066574097,0.8214285969734192
l_curve_5,541,0.3704603612422943,0.8214285969734192
l_curve_5,542,0.3704998195171356,0.8214285969734192
l_curve_5,543,0.37072059512138367,0.8214285969734192
l_curve_5,544,0.37072619795799255,0.8214285969734192
l_curve_5,545,0.37068042159080505,0.8214285969734192
l_curve_5,546,0.37085261940956116,0.8214285969734192
l_curve_5,547,0.37079793214797974,0.8214285969734192
l_curve_5,548,0.37078261375427246,0.8214285969734192
l_curve_5,549,0.37069961428642273,0.8214285969734192
l_curve_5,550,0.37050876021385193,0.8214285969734192
l_curve_5,551,0.3703697621822357,0.8214285969734192
l_curve_5,552,0.3701308071613312,0.8214285969734192
l_curve_5,553,0.37013116478919983,0.8214285969734192
l_curve_5,554,0.37016016244888306,0.8214285969734192
l_curve_5,555,0.37004685401916504,0.8214285969734192
l_curve_5,556,0.3699573576450348,0.8214285969734192
l_curve_5,557,0.37002870440483093,0.8214285969734192
l_curve_5,558,0.3700695037841797,0.8214285969734192
l_curve_5,559,0.37021705508232117,0.8214285969734192
l_curve_5,560,0.37031427025794983,0.8214285969734192
l_curve_5,561,0.3705708086490631,0.8214285969734192
l_curve_5,562,0.37063607573509216,0.8214285969734192
l_curve_5,563,0.3706514239311218,0.8214285969734192
l_curve_5,564,0.37048104405403137,0.8214285969734192
l_curve_5,565,0.3703897297382355,0.8214285969734192
l_curve_5,566,0.37039804458618164,0.8214285969734192
l_curve_5,567,0.37044113874435425,0.8214285969734192
l_curve_5,568,0.3705575168132782,0.8214285969734192
l_curve_5,569,0.3707292675971985,0.8214285969734192
l_curve_5,570,0.3707790672779083,0.8214285969734192
l_curve_5,571,0.3707256317138672,0.8214285969734192
l_curve_5,572,0.37075358629226685,0.8214285969734192
l_curve_5,573,0.37079042196273804,0.8214285969734192
l_curve_5,574,0.37078237533569336,0.8214285969734192
l_curve_5,575,0.3706638216972351,0.8214285969734192
l_curve_5,576,0.3705970346927643,0.8214285969734192
l_curve_5,577,0.3706187605857849,0.8214285969734192
l_curve_5,578,0.3707031309604645,0.8214285969734192
l_curve_5,579,0.37090441584587097,0.8214285969734192
l_curve_5,580,0.3711269199848175,0.8214285969734192
l_curve_5,581,0.37139537930488586,0.8214285969734192
l_curve_5,582,0.37152567505836487,0.8214285969734192
l_curve_5,583,0.3718976080417633,0.8214285969734192
l_curve_5,584,0.3720510005950928,0.8214285969734192
l_curve_5,585,0.3719004690647125,0.8214285969734192
l_curve_5,586,0.37175846099853516,0.8214285969734192
l_curve_5,587,0.37189432978630066,0.8214285969734192
l_curve_5,588,0.3719234764575958,0.8214285969734192
l_curve_5,589,0.3717716634273529,0.8214285969734192
l_curve_5,590,0.37183719873428345,0.8214285969734192
l_curve_5,591,0.3717019855976105,0.8214285969734192
l_curve_5,592,0.3717438876628876,0.8214285969734192
l_curve_5,593,0.3716736435890198,0.8214285969734192
l_curve_5,594,0.3717142641544342,0.8214285969734192
l_curve_5,595,0.3715693950653076,0.8214285969734192
l_curve_5,596,0.3716104030609131,0.8214285969734192
l_curve_5,597,0.3717201352119446,0.8214285969734192
l_curve_5,598,0.3716847896575928,0.8214285969734192
l_curve_5,599,0.37174704670906067,0.8214285969734192
l_curve_5,600,0.3715832233428955,0.8214285969734192
l_curve_5,601,0.3714430630207062,0.8214285969734192
l_curve_5,602,0.37150827050209045,0.8214285969734192
l_curve_5,603,0.3715742528438568,0.8214285969734192
l_curve_5,604,0.37161603569984436,0.8214285969734192
l_curve_5,605,0.3717329502105713,0.8214285969734192
l_curve_5,606,0.3718087375164032,0.8214285969734192
l_curve_5,607,0.37195178866386414,0.8214285969734192
l_curve_5,608,0.3720059096813202,0.8214285969734192
l_curve_5,609,0.37206751108169556,0.8214285969734192
l_curve_5,610,0.3722541630268097,0.8214285969734192
l_curve_5,611,0.3723547160625458,0.8214285969734192
l_curve_5,612,0.37236863374710083,0.8214285969734192
l_curve_5,613,0.3724052608013153,0.8214285969734192
l_curve_5,614,0.3721013069152832,0.8214285969734192
l_curve_5,615,0.3720211386680603,0.8214285969734192
l_curve_5,616,0.3718309700489044,0.8214285969734192
l_curve_5,617,0.3715849220752716,0.8214285969734192
l_curve_5,618,0.3714161515235901,0.8214285969734192
l_curve_5,619,0.37120553851127625,0.8214285969734192
l_curve_5,620,0.37100037932395935,0.8214285969734192
l_curve_5,621,0.37068572640419006,0.8214285969734192
l_curve_5,622,0.370406836271286,0.8214285969734192
l_curve_5,623,0.37019041180610657,0.8214285969734192
l_curve_5,624,0.3701603412628174,0.8214285969734192
l_curve_5,625,0.37003952264785767,0.8214285969734192
l_curve_5,626,0.3699498474597931,0.8214285969734192
l_curve_5,627,0.3700132966041565,0.8214285969734192
l_curve_5,628,0.36998799443244934,0.8214285969734192
l_curve_5,629,0.36999908089637756,0.8214285969734192
l_curve_5,630,0.3699175715446472,0.8214285969734192
l_curve_5,631,0.36982277035713196,0.8214285969734192
l_curve_5,632,0.3697621822357178,0.8214285969734192
l_curve_5,633,0.369886189699173,0.8214285969734192
l_curve_5,634,0.36984604597091675,0.8214285969734192
l_curve_5,635,0.3698968291282654,0.8214285969734192
l_curve_5,636,0.36984625458717346,0.8214285969734192
l_curve_5,637,0.3699832260608673,0.8214285969734192
l_curve_5,638,0.37006881833076477,0.8214285969734192
l_curve_5,639,0.3700203001499176,0.8214285969734192
l_curve_5,640,0.37001198530197144,0.8214285969734192
l_curve_5,641,0.3699464201927185,0.8214285969734192
l_curve_5,642,0.36994296312332153,0.8214285969734192
l_curve_5,643,0.37014326453208923,0.8214285969734192
l_curve_5,644,0.37030506134033203,0.8214285969734192
l_curve_5,645,0.3704303205013275,0.8214285969734192
l_curve_5,646,0.37057775259017944,0.8214285969734192
l_curve_5,647,0.37073197960853577,0.8214285969734192
l_curve_5,648,0.3707871735095978,0.8214285969734192
l_curve_5,649,0.37092074751853943,0.8214285969734192
l_curve_5,650,0.3711523413658142,0.8214285969734192
l_curve_5,651,0.3711768090724945,0.8214285969734192
l_curve_5,652,0.37117525935173035,0.8214285969734192
l_curve_5,653,0.3711596429347992,0.8214285969734192
l_curve_5,654,0.3711378872394562,0.8214285969734192
l_curve_5,655,0.3709401786327362,0.8214285969734192
l_curve_5,656,0.3707652688026428,0.8214285969734192
l_curve_5,657,0.3705895245075226,0.8214285969734192
l_curve_5,658,0.37072083353996277,0.8214285969734192
l_curve_5,659,0.37063947319984436,0.8214285969734192
l_curve_5,660,0.37071919441223145,0.8214285969734192
l_curve_5,661,0.37073883414268494,0.8214285969734192
l_curve_5,662,0.370591938495636,0.8214285969734192
l_curve_5,663,0.3705808222293854,0.8214285969734192
l_curve_5,664,0.3705771267414093,0.8214285969734192
l_curve_5,665,0.3705900013446808,0.8214285969734192
l_curve_5,666,0.3703729212284088,0.8214285969734192
l_curve_5,667,0.37043672800064087,0.8214285969734192
l_curve_5,668,0.37043875455856323,0.8214285969734192
l_curve_5,669,0.37061557173728943,0.8214285969734192
l_curve_5,670,0.3708193898200989,0.8214285969734192
l_curve_5,671,0.3709154725074768,0.8214285969734192
l_curve_5,672,0.37108340859413147,0.8214285969734192
l_curve_5,673,0.3709884285926819,0.8214285969734192
l_curve_5,674,0.37116554379463196,0.8214285969734192
l_curve_5,675,0.37122514843940735,0.8214285969734192
l_curve_5,676,0.37112411856651306,0.8214285969734192
l_curve_5,677,0.3713076114654541,0.8214285969734192
l_curve_5,678,0.371416300535202,0.8214285969734192
l_curve_5,679,0.37137269973754883,0.8214285969734192
l_curve_5,680,0.3715514540672302,0.8214285969734192
l_curve_5,681,0.37149855494499207,0.8214285969734192
l_curve_5,682,0.3716118037700653,0.8214285969734192
l_curve_5,683,0.37163466215133667,0.8214285969734192
l_curve_5,684,0.3715127110481262,0.8214285969734192
l_curve_5,685,0.3713662326335907,0.8214285969734192
l_curve_5,686,0.37128499150276184,0.8214285969734192
l_curve_5,687,0.37161532044410706,0.8214285969734192
l_curve_5,688,0.3717048466205597,0.8214285969734192
l_curve_5,689,0.3716602623462677,0.8214285969734192
l_curve_5,690,0.37167784571647644,0.8214285969734192
l_curve_5,691,0.3716440498828888,0.8214285969734192
l_curve_5,692,0.37174472212791443,0.8214285969734192
l_curve_5,693,0.37168100476264954,0.8214285969734192
l_curve_5,694,0.3716564476490021,0.8214285969734192
l_curve_5,695,0.37172582745552063,0.8214285969734192
l_curve_5,696,0.3717183470726013,0.8214285969734192
l_curve_5,697,0.37165436148643494,0.8214285969734192
l_curve_5,698,0.37164315581321716,0.8214285969734192
l_curve_5,699,0.37160107493400574,0.8214285969734192
l_curve_5,700,0.3717769682407379,0.8214285969734192
l_curve_5,701,0.37167415022850037,0.8214285969734192
l_curve_5,702,0.3715706467628479,0.8214285969734192
l_curve_5,703,0.3713909089565277,0.8214285969734192
l_curve_5,704,0.37139812111854553,0.8214285969734192
l_curve_5,705,0.37140852212905884,0.8214285969734192
l_curve_5,706,0.3712983727455139,0.8214285969734192
l_curve_5,707,0.3714261054992676,0.8214285969734192
l_curve_5,708,0.371322900056839,0.8214285969734192
l_curve_5,709,0.3712427616119385,0.8214285969734192
l_curve_5,710,0.3710559904575348,0.8214285969734192
l_curve_5,711,0.3709098696708679,0.8214285969734192
l_curve_5,712,0.37080642580986023,0.8214285969734192
l_curve_5,713,0.3705325722694397,0.8214285969734192
l_curve_5,714,0.3703407347202301,0.8214285969734192
l_curve_5,715,0.3701545298099518,0.8214285969734192
l_curve_5,716,0.37000149488449097,0.8214285969734192
l_curve_5,717,0.3698810040950775,0.8214285969734192
l_curve_5,718,0.3697614073753357,0.8214285969734192
l_curve_5,719,0.3698243796825409,0.8214285969734192
l_curve_5,720,0.36977091431617737,0.8214285969734192
l_curve_5,721,0.3698367476463318,0.8214285969734192
l_curve_5,722,0.3700084686279297,0.8214285969734192
l_curve_5,723,0.36992162466049194,0.8214285969734192
l_curve_5,724,0.36978062987327576,0.8214285969734192
l_curve_5,725,0.36981087923049927,0.8214285969734192
l_curve_5,726,0.3698279559612274,0.8214285969734192
l_curve_5,727,0.3698432445526123,0.8214285969734192
l_curve_5,728,0.3698562979698181,0.8214285969734192
l_curve_5,729,0.3697343170642853,0.8214285969734192
l_curve_5,730,0.3697493374347687,0.8214285969734192
l_curve_5,731,0.36988452076911926,0.8214285969734192
l_curve_5,732,0.3700055778026581,0.8214285969734192
l_curve_5,733,0.37013694643974304,0.8214285969734192
l_curve_5,734,0.37014228105545044,0.8214285969734192
l_curve_5,735,0.36987942457199097,0.8214285969734192
l_curve_5,736,0.3695995509624481,0.8214285969734192
l_curve_5,737,0.3694550096988678,0.8214285969734192
l_curve_5,738,0.3694056570529938,0.8214285969734192
l_curve_5,739,0.3693299889564514,0.8214285969734192
l_curve_5,740,0.3692561686038971,0.8214285969734192
l_curve_5,741,0.3693080544471741,0.8214285969734192
l_curve_5,742,0.369544118642807,0.8214285969734192
l_curve_5,743,0.36959412693977356,0.8214285969734192
l_curve_5,744,0.3695332109928131,0.8214285969734192
l_curve_5,745,0.36956462264060974,0.8214285969734192
l_curve_5,746,0.36940690875053406,0.8214285969734192
l_curve_5,747,0.3693292438983917,0.8214285969734192
l_curve_5,748,0.3692772686481476,0.8214285969734192
l_curve_5,749,0.36924657225608826,0.8214285969734192
l_curve_5,750,0.36936208605766296,0.8214285969734192
l_curve_5,751,0.36931711435317993,0.8214285969734192
l_curve_5,752,0.3691699504852295,0.8214285969734192
l_curve_5,753,0.3691984713077545,0.8214285969734192
l_curve_5,754,0.36931541562080383,0.8214285969734192
l_curve_5,755,0.3691650331020355,0.8214285969734192
l_curve_5,756,0.3690789043903351,0.8214285969734192
l_curve_5,757,0.3689872622489929,0.8214285969734192
l_curve_5,758,0.36881834268569946,0.8214285969734192
l_curve_5,759,0.36879533529281616,0.8214285969734192
l_curve_5,760,0.36894917488098145,0.8214285969734192
l_curve_5,761,0.36892038583755493,0.8214285969734192
l_curve_5,762,0.3689437210559845,0.8214285969734192
l_curve_5,763,0.36892980337142944,0.8214285969734192
l_curve_5,764,0.36903032660484314,0.8214285969734192
l_curve_5,765,0.3691195845603943,0.8214285969734192
l_curve_5,766,0.3692108988761902,0.8214285969734192
l_curve_5,767,0.3694203794002533,0.8214285969734192
l_curve_5,768,0.3696182072162628,0.8214285969734192
l_curve_5,769,0.3697965443134308,0.8214285969734192
l_curve_5,770,0.36975952982902527,0.8214285969734192
l_curve_5,771,0.36961743235588074,0.8214285969734192
l_curve_5,772,0.3698265552520752,0.8214285969734192
l_curve_5,773,0.36969828605651855,0.8214285969734192
l_curve_5,774,0.3696231245994568,0.8214285969734192
l_curve_5,775,0.36962586641311646,0.8214285969734192
l_curve_5,776,0.36984091997146606,0.8214285969734192
l_curve_5,777,0.36991575360298157,0.8214285969734192
l_curve_5,778,0.3700242340564728,0.8214285969734192
l_curve_5,779,0.3699553310871124,0.8214285969734192
l_curve_5,780,0.3698287606239319,0.8214285969734192
l_curve_5,781,0.3700030446052551,0.8214285969734192
l_curve_5,782,0.3700657784938812,0.8214285969734192
l_curve_5,783,0.3701939284801483,0.8214285969734192
l_curve_5,784,0.37012410163879395,0.8214285969734192
l_curve_5,785,0.37010830640792847,0.8214285969734192
l_curve_5,786,0.3700089752674103,0.8214285969734192
l_curve_5,787,0.3699471056461334,0.8214285969734192
l_curve_5,788,0.3696361184120178,0.8214285969734192
l_curve_5,789,0.36934393644332886,0.8214285969734192
l_curve_5,790,0.3691028952598572,0.8214285969734192
l_curve_5,791,0.3689562976360321,0.8214285969734192
l_curve_5,792,0.3688018023967743,0.8214285969734192
l_curve_5,793,0.3687070906162262,0.8214285969734192
l_curve_5,794,0.36866503953933716,0.8214285969734192
l_curve_5,795,0.3686991333961487,0.8214285969734192
l_curve_5,796,0.36896559596061707,0.8214285969734192
l_curve_5,797,0.3691646456718445,0.8214285969734192
l_curve_5,798,0.36905577778816223,0.8214285969734192
l_curve_5,799,0.36908963322639465,0.8214285969734192
l_curve_5,800,0.36928075551986694,0.8214285969734192
l_curve_5,801,0.36928412318229675,0.8214285969734192
l_curve_5,802,0.3691982626914978,0.8214285969734192
l_curve_5,803,0.36914023756980896,0.8214285969734192
l_curve_5,804,0.3691411316394806,0.8214285969734192
l_curve_5,805,0.36914369463920593,0.8214285969734192
l_curve_5,806,0.3692663013935089,0.8214285969734192
l_curve_5,807,0.369381844997406,0.8214285969734192
l_curve_5,808,0.36950281262397766,0.8214285969734192
l_curve_5,809,0.36955299973487854,0.8214285969734192
l_curve_5,810,0.3694324195384979,0.8214285969734192
l_curve_5,811,0.36930742859840393,0.8214285969734192
l_curve_5,812,0.3689931035041809,0.8214285969734192
l_curve_5,813,0.36881622672080994,0.8214285969734192
l_curve_5,814,0.3687543272972107,0.8214285969734192
l_curve_5,815,0.36875972151756287,0.8214285969734192
l_curve_5,816,0.36874788999557495,0.8214285969734192
l_curve_5,817,0.36894819140434265,0.8214285969734192
l_curve_5,818,0.36908015608787537,0.8214285969734192
l_curve_5,819,0.36896267533302307,0.8214285969734192
l_curve_5,820,0.3689482510089874,0.8214285969734192
l_curve_5,821,0.3688185214996338,0.8214285969734192
l_curve_5,822,0.3686279356479645,0.8214285969734192
l_curve_5,823,0.3686920702457428,0.8214285969734192
l_curve_5,824,0.3687131404876709,0.8214285969734192
l_curve_5,825,0.3686080574989319,0.8214285969734192
l_curve_5,826,0.36851271986961365,0.8214285969734192
l_curve_5,827,0.36867401003837585,0.8214285969734192
l_curve_5,828,0.36879706382751465,0.8214285969734192
l_curve_5,829,0.3687400817871094,0.8214285969734192
l_curve_5,830,0.3687606453895569,0.8214285969734192
l_curve_5,831,0.36879006028175354,0.8214285969734192
l_curve_5,832,0.3688463866710663,0.8214285969734192
l_curve_5,833,0.368813693523407,0.8214285969734192
l_curve_5,834,0.36885613203048706,0.8214285969734192
l_curve_5,835,0.3688475787639618,0.8214285969734192
l_curve_5,836,0.36890795826911926,0.8214285969734192
l_curve_5,837,0.36884361505508423,0.8214285969734192
l_curve_5,838,0.3685491383075714,0.8214285969734192
l_curve_5,839,0.36841845512390137,0.8214285969734192
l_curve_5,840,0.36830952763557434,0.8214285969734192
l_curve_5,841,0.36820265650749207,0.8214285969734192
l_curve_5,842,0.36815235018730164,0.8214285969734192
l_curve_5,843,0.36810430884361267,0.8214285969734192
l_curve_5,844,0.3681626617908478,0.8214285969734192
l_curve_5,845,0.3680722415447235,0.8214285969734192
l_curve_5,846,0.3681878447532654,0.8214285969734192
l_curve_5,847,0.36826759576797485,0.8214285969734192
l_curve_5,848,0.36850506067276,0.8214285969734192
l_curve_5,849,0.3687579035758972,0.8214285969734192
l_curve_5,850,0.36886778473854065,0.8214285969734192
l_curve_5,851,0.36896657943725586,0.8214285969734192
l_curve_5,852,0.36908450722694397,0.8214285969734192
l_curve_5,853,0.3694188594818115,0.8214285969734192
l_curve_5,854,0.3696773052215576,0.8214285969734192
l_curve_5,855,0.3696577250957489,0.8214285969734192
l_curve_5,856,0.3695734441280365,0.8214285969734192
l_curve_5,857,0.3695755898952484,0.8214285969734192
l_curve_5,858,0.3694670498371124,0.8214285969734192
l_curve_5,859,0.36950212717056274,0.8214285969734192
l_curve_5,860,0.36946651339530945,0.8214285969734192
l_curve_5,861,0.36955827474594116,0.8214285969734192
l_curve_5,862,0.3695434629917145,0.8214285969734192
l_curve_5,863,0.36939820647239685,0.8214285969734192
l_curve_5,864,0.3693332374095917,0.8214285969734192
l_curve_5,865,0.3692813515663147,0.8214285969734192
l_curve_5,866,0.36929652094841003,0.8214285969734192
l_curve_5,867,0.36912235617637634,0.8214285969734192
l_curve_5,868,0.3688926100730896,0.8214285969734192
l_curve_5,869,0.36890268325805664,0.8214285969734192
l_curve_5,870,0.3686695992946625,0.8214285969734192
l_curve_5,871,0.36854079365730286,0.8214285969734192
l_curve_5,872,0.3684694766998291,0.8214285969734192
l_curve_5,873,0.3684757351875305,0.8214285969734192
l_curve_5,874,0.36832407116889954,0.8214285969734192
l_curve_5,875,0.3682403564453125,0.8214285969734192
l_curve_5,876,0.36814624071121216,0.8214285969734192
l_curve_5,877,0.3680263161659241,0.8214285969734192
l_curve_5,878,0.36798223853111267,0.8214285969734192
l_curve_5,879,0.36799827218055725,0.8214285969734192
l_curve_5,880,0.3678348660469055,0.8214285969734192
l_curve_5,881,0.36771002411842346,0.8214285969734192
l_curve_5,882,0.36759278178215027,0.8214285969734192
l_curve_5,883,0.36750873923301697,0.8214285969734192
l_curve_5,884,0.36734360456466675,0.8214285969734192
l_curve_5,885,0.36708542704582214,0.8214285969734192
l_curve_5,886,0.3669116199016571,0.8214285969734192
l_curve_5,887,0.3668469786643982,0.8214285969734192
l_curve_5,888,0.3665654957294464,0.8214285969734192
l_curve_5,889,0.3664759695529938,0.8214285969734192
l_curve_5,890,0.3664093315601349,0.8214285969734192
l_curve_5,891,0.3661193251609802,0.8214285969734192
l_curve_5,892,0.3661060929298401,0.8214285969734192
l_curve_5,893,0.3661387860774994,0.8214285969734192
l_curve_5,894,0.36625006794929504,0.8214285969734192
l_curve_5,895,0.3662901222705841,0.8214285969734192
l_curve_5,896,0.3664090931415558,0.8214285969734192
l_curve_5,897,0.36639857292175293,0.8214285969734192
l_curve_5,898,0.36665835976600647,0.8214285969734192
l_curve_5,899,0.3667345643043518,0.8214285969734192
l_curve_5,900,0.36675456166267395,0.8214285969734192
l_curve_5,901,0.3670137822628021,0.8214285969734192
l_curve_5,902,0.3671458661556244,0.8214285969734192
l_curve_5,903,0.3672817051410675,0.8214285969734192
l_curve_5,904,0.3674897253513336,0.8214285969734192
l_curve_5,905,0.3674437403678894,0.8214285969734192
l_curve_5,906,0.3675360381603241,0.8214285969734192
l_curve_5,907,0.3675611615180969,0.8214285969734192
l_curve_5,908,0.36756783723831177,0.8214285969734192
l_curve_5,909,0.36729392409324646,0.8214285969734192
l_curve_5,910,0.36733701825141907,0.8214285969734192
l_curve_5,911,0.36727073788642883,0.8214285969734192
l_curve_5,912,0.36735406517982483,0.8214285969734192
l_curve_5,913,0.3674018085002899,0.8214285969734192
l_curve_5,914,0.3673962950706482,0.8214285969734192
l_curve_5,915,0.3675260841846466,0.8214285969734192
l_curve_5,916,0.36756137013435364,0.8214285969734192
l_curve_5,917,0.3675949275493622,0.8214285969734192
l_curve_5,918,0.36762523651123047,0.8214285969734192
l_curve_5,919,0.3677087128162384,0.8214285969734192
l_curve_5,920,0.36764901876449585,0.8214285969734192
l_curve_5,921,0.36753398180007935,0.8214285969734192
l_curve_5,922,0.36760085821151733,0.8214285969734192
l_curve_5,923,0.36771339178085327,0.8214285969734192
l_curve_5,924,0.36790162324905396,0.8214285969734192
l_curve_5,925,0.3681556284427643,0.8214285969734192
l_curve_5,926,0.3681722581386566,0.8214285969734192
l_curve_5,927,0.3680112361907959,0.8214285969734192
l_curve_5,928,0.3677719235420227,0.8214285969734192
l_curve_5,929,0.36759695410728455,0.8214285969734192
l_curve_5,930,0.36732974648475647,0.8214285969734192
l_curve_5,931,0.367233544588089,0.8214285969734192
l_curve_5,932,0.36712291836738586,0.8214285969734192
l_curve_5,933,0.36726322770118713,0.8214285969734192
l_curve_5,934,0.36724382638931274,0.8214285969734192
l_curve_5,935,0.36721327900886536,0.8214285969734192
l_curve_5,936,0.36720433831214905,0.8214285969734192
l_curve_5,937,0.36715760827064514,0.8214285969734192
l_curve_5,938,0.3671462833881378,0.8214285969734192
l_curve_5,939,0.3671160340309143,0.8214285969734192
l_curve_5,940,0.3671269416809082,0.8214285969734192
l_curve_5,941,0.36705031991004944,0.8214285969734192
l_curve_5,942,0.36705419421195984,0.8214285969734192
l_curve_5,943,0.3668687045574188,0.8214285969734192
l_curve_5,944,0.36705487966537476,0.8214285969734192
l_curve_5,945,0.36716219782829285,0.8214285969734192
l_curve_5,946,0.3674013614654541,0.8214285969734192
l_curve_5,947,0.3675978481769562,0.8214285969734192
l_curve_5,948,0.3675539195537567,0.8214285969734192
l_curve_5,949,0.36759230494499207,0.8214285969734192
l_curve_5,950,0.3674376308917999,0.8214285969734192
l_curve_5,951,0.3673027455806732,0.8214285969734192
l_curve_5,952,0.36737060546875,0.8214285969734192
l_curve_5,953,0.36733412742614746,0.8214285969734192
l_curve_5,954,0.36726832389831543,0.8214285969734192
l_curve_5,955,0.3671986162662506,0.8214285969734192
l_curve_5,956,0.36722663044929504,0.8214285969734192
l_curve_5,957,0.3670977056026459,0.8214285969734192
l_curve_5,958,0.3670494854450226,0.8214285969734192
l_curve_5,959,0.3669438660144806,0.8214285969734192
l_curve_5,960,0.3668879568576813,0.8214285969734192
l_curve_5,961,0.36684414744377136,0.8214285969734192
l_curve_5,962,0.3666444718837738,0.8214285969734192
l_curve_5,963,0.3664695918560028,0.8214285969734192
l_curve_5,964,0.36629518866539,0.8214285969734192
l_curve_5,965,0.3661045432090759,0.8214285969734192
l_curve_5,966,0.36591193079948425,0.8214285969734192
l_curve_5,967,0.3657519519329071,0.8214285969734192
l_curve_5,968,0.36563581228256226,0.8214285969734192
l_curve_5,969,0.36559537053108215,0.8214285969734192
l_curve_5,970,0.365521639585495,0.8214285969734192
l_curve_5,971,0.3655174672603607,0.8214285969734192
l_curve_5,972,0.3655497133731842,0.8214285969734192
l_curve_5,973,0.36569738388061523,0.8214285969734192
l_curve_5,974,0.3658197820186615,0.8214285969734192
l_curve_5,975,0.365806519985199,0.8214285969734192
l_curve_5,976,0.3657585680484772,0.8214285969734192
l_curve_5,977,0.36574625968933105,0.8214285969734192
l_curve_5,978,0.36555132269859314,0.8214285969734192
l_curve_5,979,0.365400493144989,0.8214285969734192
l_curve_5,980,0.36548399925231934,0.8214285969734192
l_curve_5,981,0.3656037449836731,0.8214285969734192
l_curve_5,982,0.3656574785709381,0.8214285969734192
l_curve_5,983,0.3655228614807129,0.8214285969734192
l_curve_5,984,0.3655222952365875,0.8214285969734192
l_curve_5,985,0.36567211151123047,0.8214285969734192
l_curve_5,986,0.3656494915485382,0.8214285969734192
l_curve_5,987,0.3658481240272522,0.8214285969734192
l_curve_5,988,0.36586442589759827,0.8214285969734192
l_curve_5,989,0.3656941056251526,0.8214285969734192
l_curve_5,990,0.3655610978603363,0.8214285969734192
l_curve_5,991,0.36559242010116577,0.8214285969734192
l_curve_5,992,0.3655538558959961,0.8214285969734192
l_curve_5,993,0.365589439868927,0.8214285969734192
l_curve_5,994,0.36550793051719666,0.8214285969734192
l_curve_5,995,0.36544352769851685,0.8214285969734192
l_curve_5,996,0.3653259873390198,0.8214285969734192
l_curve_5,997,0.3653227984905243,0.8214285969734192
l_curve_5,998,0.36531734466552734,0.8214285969734192
l_curve_5,999,0.36524033546447754,0.8214285969734192
l_curve_5,1000,0.36524075269699097,0.8214285969734192
l_curve_5,1000,0.36524075269699097,0.8214285969734192
