client,round,loss,accuracy
l_curve_0,1,0.7636750936508179,0.3571428656578064
l_curve_0,2,0.7600379586219788,0.3571428656578064
l_curve_0,3,0.7564240097999573,0.3571428656578064
l_curve_0,4,0.7529500126838684,0.3571428656578064
l_curve_0,5,0.7498473525047302,0.3214285671710968
l_curve_0,6,0.7467977404594421,0.3214285671710968
l_curve_0,7,0.7437554597854614,0.3571428656578064
l_curve_0,8,0.7409222722053528,0.3571428656578064
l_curve_0,9,0.7380889654159546,0.3571428656578064
l_curve_0,10,0.7352943420410156,0.3571428656578064
l_curve_0,11,0.7326513528823853,0.3571428656578064
l_curve_0,12,0.7301064729690552,0.3214285671710968
l_curve_0,13,0.7276821732521057,0.3214285671710968
l_curve_0,14,0.7253313064575195,0.3214285671710968
l_curve_0,15,0.7229817509651184,0.3214285671710968
l_curve_0,16,0.720798909664154,0.2857142984867096
l_curve_0,17,0.7186926603317261,0.3571428656578064
l_curve_0,18,0.716762900352478,0.3928571343421936
l_curve_0,19,0.7149047255516052,0.3928571343421936
l_curve_0,20,0.7130541205406189,0.3928571343421936
l_curve_0,21,0.7112408876419067,0.3214285671710968
l_curve_0,22,0.7095026969909668,0.3214285671710968
l_curve_0,23,0.7077904939651489,0.3214285671710968
l_curve_0,24,0.7061617970466614,0.3571428656578064
l_curve_0,25,0.7046682238578796,0.3928571343421936
l_curve_0,26,0.7031470537185669,0.3928571343421936
l_curve_0,27,0.7017313241958618,0.4285714328289032
l_curve_0,28,0.7003762125968933,0.5714285969734192
l_curve_0,29,0.6990495920181274,0.5714285969734192
l_curve_0,30,0.6977864503860474,0.5714285969734192
l_curve_0,31,0.6964824795722961,0.5714285969734192
l_curve_0,32,0.6952224373817444,0.5714285969734192
l_curve_0,33,0.6940825581550598,0.5714285969734192
l_curve_0,34,0.692912757396698,0.5714285969734192
l_curve_0,35,0.691705048084259,0.5714285969734192
l_curve_0,36,0.6904827356338501,0.5714285969734192
l_curve_0,37,0.6893007159233093,0.5714285969734192
l_curve_0,38,0.6881929636001587,0.5714285969734192
l_curve_0,39,0.6871033906936646,0.5714285969734192
l_curve_0,40,0.6860145330429077,0.5714285969734192
l_curve_0,41,0.6849313378334045,0.5714285969734192
l_curve_0,42,0.6838496923446655,0.5714285969734192
l_curve_0,43,0.6827868819236755,0.5714285969734192
l_curve_0,44,0.6818269491195679,0.5714285969734192
l_curve_0,45,0.6808176040649414,0.5714285969734192
l_curve_0,46,0.6798591613769531,0.5714285969734192
l_curve_0,47,0.6788564324378967,0.5714285969734192
l_curve_0,48,0.6779016852378845,0.5714285969734192
l_curve_0,49,0.6770090460777283,0.5714285969734192
l_curve_0,50,0.6760583519935608,0.5714285969734192
l_curve_0,51,0.6751416921615601,0.5714285969734192
l_curve_0,52,0.6741787195205688,0.6071428656578064
l_curve_0,53,0.6731454133987427,0.6071428656578064
l_curve_0,54,0.6720953583717346,0.6071428656578064
l_curve_0,55,0.6709626317024231,0.6071428656578064
l_curve_0,56,0.6697959899902344,0.6071428656578064
l_curve_0,57,0.6686290502548218,0.6428571343421936
l_curve_0,58,0.6674640774726868,0.6428571343421936
l_curve_0,59,0.6663131713867188,0.6428571343421936
l_curve_0,60,0.6651156544685364,0.6785714030265808
l_curve_0,61,0.6639259457588196,0.6785714030265808
l_curve_0,62,0.662688672542572,0.7142857313156128
l_curve_0,63,0.6613075137138367,0.75
l_curve_0,64,0.6599893569946289,0.75
l_curve_0,65,0.6586002707481384,0.75
l_curve_0,66,0.6572334170341492,0.75
l_curve_0,67,0.6557798385620117,0.75
l_curve_0,68,0.6542800068855286,0.75
l_curve_0,69,0.6527506113052368,0.75
l_curve_0,70,0.6511337161064148,0.75
l_curve_0,71,0.649500846862793,0.75
l_curve_0,72,0.647786557674408,0.75
l_curve_0,73,0.6460995674133301,0.75
l_curve_0,74,0.6443678736686707,0.75
l_curve_0,75,0.6426491141319275,0.75
l_curve_0,76,0.6407769322395325,0.75
l_curve_0,77,0.638891875743866,0.75
l_curve_0,78,0.6369109153747559,0.75
l_curve_0,79,0.6348605751991272,0.75
l_curve_0,80,0.6327701210975647,0.75
l_curve_0,81,0.6305612325668335,0.75
l_curve_0,82,0.6282753944396973,0.75
l_curve_0,83,0.625921368598938,0.75
l_curve_0,84,0.6234899163246155,0.75
l_curve_0,85,0.620995819568634,0.75
l_curve_0,86,0.6184739470481873,0.75
l_curve_0,87,0.6159133911132812,0.75
l_curve_0,88,0.6132960319519043,0.75
l_curve_0,89,0.6105908155441284,0.75
l_curve_0,90,0.6078835725784302,0.75
l_curve_0,91,0.6051600575447083,0.75
l_curve_0,92,0.602403998374939,0.75
l_curve_0,93,0.5996216535568237,0.7142857313156128
l_curve_0,94,0.5967851281166077,0.7142857313156128
l_curve_0,95,0.5938254594802856,0.7142857313156128
l_curve_0,96,0.5908031463623047,0.75
l_curve_0,97,0.5877782106399536,0.75
l_curve_0,98,0.5846959948539734,0.75
l_curve_0,99,0.5815063118934631,0.75
l_curve_0,100,0.5783122181892395,0.75
l_curve_0,101,0.5750913023948669,0.75
l_curve_0,102,0.5718445777893066,0.75
l_curve_0,103,0.5685583353042603,0.75
l_curve_0,104,0.565262496471405,0.7142857313156128
l_curve_0,105,0.5618945956230164,0.7142857313156128
l_curve_0,106,0.558556318283081,0.7142857313156128
l_curve_0,107,0.555205225944519,0.7142857313156128
l_curve_0,108,0.5518388152122498,0.7142857313156128
l_curve_0,109,0.54843670129776,0.7142857313156128
l_curve_0,110,0.5450713038444519,0.7142857313156128
l_curve_0,111,0.5417312383651733,0.7142857313156128
l_curve_0,112,0.5383474230766296,0.7142857313156128
l_curve_0,113,0.5349875688552856,0.7142857313156128
l_curve_0,114,0.5316326022148132,0.7142857313156128
l_curve_0,115,0.5282493829727173,0.7142857313156128
l_curve_0,116,0.5248754024505615,0.7142857313156128
l_curve_0,117,0.5215327739715576,0.7142857313156128
l_curve_0,118,0.5181993246078491,0.7142857313156128
l_curve_0,119,0.5148490071296692,0.7142857313156128
l_curve_0,120,0.5115963220596313,0.7142857313156128
l_curve_0,121,0.5083724856376648,0.75
l_curve_0,122,0.5051491856575012,0.75
l_curve_0,123,0.5020066499710083,0.7142857313156128
l_curve_0,124,0.4988552927970886,0.7142857313156128
l_curve_0,125,0.4957277476787567,0.7142857313156128
l_curve_0,126,0.4926511347293854,0.7142857313156128
l_curve_0,127,0.48960310220718384,0.7142857313156128
l_curve_0,128,0.48658499121665955,0.75
l_curve_0,129,0.4835951626300812,0.75
l_curve_0,130,0.480639785528183,0.75
l_curve_0,131,0.47773265838623047,0.75
l_curve_0,132,0.4748363494873047,0.75
l_curve_0,133,0.4719931185245514,0.75
l_curve_0,134,0.4691905379295349,0.75
l_curve_0,135,0.4664383828639984,0.75
l_curve_0,136,0.46373245120048523,0.75
l_curve_0,137,0.46103736758232117,0.75
l_curve_0,138,0.4584018588066101,0.75
l_curve_0,139,0.45578405261039734,0.75
l_curve_0,140,0.4532209038734436,0.75
l_curve_0,141,0.45070067048072815,0.75
l_curve_0,142,0.44821739196777344,0.7857142686843872
l_curve_0,143,0.4457727372646332,0.7857142686843872
l_curve_0,144,0.4433347284793854,0.7857142686843872
l_curve_0,145,0.44094228744506836,0.7857142686843872
l_curve_0,146,0.4385787546634674,0.7857142686843872
l_curve_0,147,0.4362621307373047,0.7857142686843872
l_curve_0,148,0.4339790642261505,0.7857142686843872
l_curve_0,149,0.4317449927330017,0.7857142686843872
l_curve_0,150,0.42954131960868835,0.7857142686843872
l_curve_0,151,0.4273545444011688,0.7857142686843872
l_curve_0,152,0.4252254366874695,0.7857142686843872
l_curve_0,153,0.423138827085495,0.7857142686843872
l_curve_0,154,0.421076238155365,0.7857142686843872
l_curve_0,155,0.4190427362918854,0.7857142686843872
l_curve_0,156,0.4170333445072174,0.7857142686843872
l_curve_0,157,0.41507333517074585,0.7857142686843872
l_curve_0,158,0.4131205677986145,0.7857142686843872
l_curve_0,159,0.4112012982368469,0.7857142686843872
l_curve_0,160,0.40934523940086365,0.7857142686843872
l_curve_0,161,0.4075078070163727,0.7857142686843872
l_curve_0,162,0.40568092465400696,0.7857142686843872
l_curve_0,163,0.40387922525405884,0.7857142686843872
l_curve_0,164,0.40211114287376404,0.7857142686843872
l_curve_0,165,0.4003707468509674,0.7857142686843872
l_curve_0,166,0.3986636996269226,0.7857142686843872
l_curve_0,167,0.3969728350639343,0.8214285969734192
l_curve_0,168,0.3953036665916443,0.8214285969734192
l_curve_0,169,0.3936808705329895,0.8214285969734192
l_curve_0,170,0.3920835554599762,0.8214285969734192
l_curve_0,171,0.3905016779899597,0.8214285969734192
l_curve_0,172,0.38894084095954895,0.8214285969734192
l_curve_0,173,0.3874222934246063,0.8214285969734192
l_curve_0,174,0.3859097361564636,0.8214285969734192
l_curve_0,175,0.3844318687915802,0.8214285969734192
l_curve_0,176,0.3829801678657532,0.8214285969734192
l_curve_0,177,0.38153406977653503,0.8214285969734192
l_curve_0,178,0.3801095485687256,0.8214285969734192
l_curve_0,179,0.3787313997745514,0.8214285969734192
l_curve_0,180,0.37735626101493835,0.8214285969734192
l_curve_0,181,0.375990629196167,0.8214285969734192
l_curve_0,182,0.37465429306030273,0.8214285969734192
l_curve_0,183,0.37334519624710083,0.8214285969734192
l_curve_0,184,0.3720741868019104,0.8214285969734192
l_curve_0,185,0.370818167924881,0.8214285969734192
l_curve_0,186,0.3695795238018036,0.8214285969734192
l_curve_0,187,0.3683512508869171,0.8214285969734192
l_curve_0,188,0.3671205937862396,0.8214285969734192
l_curve_0,189,0.365928590297699,0.8214285969734192
l_curve_0,190,0.36477169394493103,0.8214285969734192
l_curve_0,191,0.36362457275390625,0.8214285969734192
l_curve_0,192,0.3625147342681885,0.8214285969734192
l_curve_0,193,0.3614186942577362,0.8214285969734192
l_curve_0,194,0.36032336950302124,0.8214285969734192
l_curve_0,195,0.3592359721660614,0.8214285969734192
l_curve_0,196,0.35818105936050415,0.8214285969734192
l_curve_0,197,0.35712867975234985,0.8214285969734192
l_curve_0,198,0.3561062812805176,0.8214285969734192
l_curve_0,199,0.35511836409568787,0.8214285969734192
l_curve_0,200,0.3541320264339447,0.8214285969734192
l_curve_0,201,0.35314077138900757,0.8214285969734192
l_curve_0,202,0.35216981172561646,0.8214285969734192
l_curve_0,203,0.3512273132801056,0.8214285969734192
l_curve_0,204,0.35030698776245117,0.8214285969734192
l_curve_0,205,0.3493747413158417,0.8214285969734192
l_curve_0,206,0.3484407961368561,0.8214285969734192
l_curve_0,207,0.34754064679145813,0.8214285969734192
l_curve_0,208,0.346644788980484,0.8214285969734192
l_curve_0,209,0.3457656800746918,0.8214285969734192
l_curve_0,210,0.34490710496902466,0.8214285969734192
l_curve_0,211,0.34405699372291565,0.8214285969734192
l_curve_0,212,0.3432155251502991,0.8214285969734192
l_curve_0,213,0.3424089848995209,0.8214285969734192
l_curve_0,214,0.34160444140434265,0.8214285969734192
l_curve_0,215,0.34082818031311035,0.8214285969734192
l_curve_0,216,0.340059757232666,0.8214285969734192
l_curve_0,217,0.33928537368774414,0.8214285969734192
l_curve_0,218,0.33851099014282227,0.8214285969734192
l_curve_0,219,0.3377540409564972,0.8214285969734192
l_curve_0,220,0.3370135724544525,0.8214285969734192
l_curve_0,221,0.33628612756729126,0.8214285969734192
l_curve_0,222,0.33559566736221313,0.8214285969734192
l_curve_0,223,0.33489611744880676,0.8214285969734192
l_curve_0,224,0.33421972393989563,0.8214285969734192
l_curve_0,225,0.3335549831390381,0.8214285969734192
l_curve_0,226,0.33289602398872375,0.8214285969734192
l_curve_0,227,0.33224257826805115,0.8214285969734192
l_curve_0,228,0.3315851390361786,0.8214285969734192
l_curve_0,229,0.330951064825058,0.8214285969734192
l_curve_0,230,0.3303331434726715,0.8214285969734192
l_curve_0,231,0.32971668243408203,0.8214285969734192
l_curve_0,232,0.3291332423686981,0.8214285969734192
l_curve_0,233,0.32854411005973816,0.8214285969734192
l_curve_0,234,0.32796376943588257,0.8214285969734192
l_curve_0,235,0.3273964822292328,0.8214285969734192
l_curve_0,236,0.3268330693244934,0.8214285969734192
l_curve_0,237,0.3262999951839447,0.8214285969734192
l_curve_0,238,0.3257769048213959,0.8214285969734192
l_curve_0,239,0.3252567648887634,0.8214285969734192
l_curve_0,240,0.3247408866882324,0.8214285969734192
l_curve_0,241,0.32422447204589844,0.8214285969734192
l_curve_0,242,0.32372140884399414,0.8214285969734192
l_curve_0,243,0.32323193550109863,0.8214285969734192
l_curve_0,244,0.32275453209877014,0.8214285969734192
l_curve_0,245,0.32228073477745056,0.8214285969734192
l_curve_0,246,0.3218235671520233,0.8214285969734192
l_curve_0,247,0.3213513493537903,0.8214285969734192
l_curve_0,248,0.3208824098110199,0.8214285969734192
l_curve_0,249,0.3204370439052582,0.8214285969734192
l_curve_0,250,0.3200018107891083,0.8214285969734192
l_curve_0,251,0.3195706009864807,0.8214285969734192
l_curve_0,252,0.3191255033016205,0.8214285969734192
l_curve_0,253,0.3186945915222168,0.8214285969734192
l_curve_0,254,0.31827589869499207,0.8214285969734192
l_curve_0,255,0.31786543130874634,0.8214285969734192
l_curve_0,256,0.31747546792030334,0.8214285969734192
l_curve_0,257,0.31708264350891113,0.8214285969734192
l_curve_0,258,0.31671005487442017,0.8214285969734192
l_curve_0,259,0.3163295388221741,0.8214285969734192
l_curve_0,260,0.3159412443637848,0.8214285969734192
l_curve_0,261,0.3155589699745178,0.8214285969734192
l_curve_0,262,0.31518101692199707,0.8214285969734192
l_curve_0,263,0.314810186624527,0.8214285969734192
l_curve_0,264,0.3144601285457611,0.8214285969734192
l_curve_0,265,0.31410881876945496,0.8214285969734192
l_curve_0,266,0.3137715756893158,0.8214285969734192
l_curve_0,267,0.3134293854236603,0.8214285969734192
l_curve_0,268,0.31309184432029724,0.8214285969734192
l_curve_0,269,0.3127591907978058,0.8214285969734192
l_curve_0,270,0.31243422627449036,0.8214285969734192
l_curve_0,271,0.312112420797348,0.8214285969734192
l_curve_0,272,0.3117932677268982,0.8214285969734192
l_curve_0,273,0.3114793598651886,0.8214285969734192
l_curve_0,274,0.3111729025840759,0.8214285969734192
l_curve_0,275,0.31088218092918396,0.8214285969734192
l_curve_0,276,0.3105953335762024,0.8214285969734192
l_curve_0,277,0.31031957268714905,0.8214285969734192
l_curve_0,278,0.31005051732063293,0.8214285969734192
l_curve_0,279,0.3097798526287079,0.8214285969734192
l_curve_0,280,0.30951476097106934,0.8214285969734192
l_curve_0,281,0.30925196409225464,0.8214285969734192
l_curve_0,282,0.30898571014404297,0.8214285969734192
l_curve_0,283,0.3087177574634552,0.8214285969734192
l_curve_0,284,0.3084673285484314,0.8214285969734192
l_curve_0,285,0.30823591351509094,0.8214285969734192
l_curve_0,286,0.3080109655857086,0.8214285969734192
l_curve_0,287,0.30778056383132935,0.8214285969734192
l_curve_0,288,0.3075478672981262,0.8214285969734192
l_curve_0,289,0.3072998821735382,0.8214285969734192
l_curve_0,290,0.3070654273033142,0.8214285969734192
l_curve_0,291,0.3068380355834961,0.8214285969734192
l_curve_0,292,0.3066166937351227,0.8214285969734192
l_curve_0,293,0.306399405002594,0.8214285969734192
l_curve_0,294,0.3061848282814026,0.8214285969734192
l_curve_0,295,0.3059767782688141,0.8214285969734192
l_curve_0,296,0.30578193068504333,0.8214285969734192
l_curve_0,297,0.3055896759033203,0.8214285969734192
l_curve_0,298,0.3053954541683197,0.8214285969734192
l_curve_0,299,0.3052070140838623,0.8214285969734192
l_curve_0,300,0.3050190806388855,0.8214285969734192
l_curve_0,301,0.30483850836753845,0.8214285969734192
l_curve_0,302,0.3046607971191406,0.8214285969734192
l_curve_0,303,0.3044874668121338,0.8214285969734192
l_curve_0,304,0.30430692434310913,0.8214285969734192
l_curve_0,305,0.30413368344306946,0.8214285969734192
l_curve_0,306,0.30395811796188354,0.8214285969734192
l_curve_0,307,0.30378109216690063,0.8214285969734192
l_curve_0,308,0.3036125600337982,0.8214285969734192
l_curve_0,309,0.30345821380615234,0.8214285969734192
l_curve_0,310,0.3033160865306854,0.8571428656578064
l_curve_0,311,0.3031676113605499,0.8571428656578064
l_curve_0,312,0.30301353335380554,0.8571428656578064
l_curve_0,313,0.3028471767902374,0.8571428656578064
l_curve_0,314,0.30267730355262756,0.8571428656578064
l_curve_0,315,0.30251622200012207,0.8571428656578064
l_curve_0,316,0.302369624376297,0.8571428656578064
l_curve_0,317,0.3022270202636719,0.8571428656578064
l_curve_0,318,0.30208295583724976,0.8571428656578064
l_curve_0,319,0.3019449710845947,0.8571428656578064
l_curve_0,320,0.3018014132976532,0.8571428656578064
l_curve_0,321,0.3016695976257324,0.8571428656578064
l_curve_0,322,0.30152273178100586,0.8571428656578064
l_curve_0,323,0.30137938261032104,0.8571428656578064
l_curve_0,324,0.30125299096107483,0.8571428656578064
l_curve_0,325,0.3011219799518585,0.8571428656578064
l_curve_0,326,0.3010077476501465,0.8571428656578064
l_curve_0,327,0.30089905858039856,0.8571428656578064
l_curve_0,328,0.30078986287117004,0.8571428656578064
l_curve_0,329,0.30068185925483704,0.8571428656578064
l_curve_0,330,0.30056801438331604,0.8571428656578064
l_curve_0,331,0.3004588484764099,0.8571428656578064
l_curve_0,332,0.30036982893943787,0.8571428656578064
l_curve_0,333,0.30028364062309265,0.8571428656578064
l_curve_0,334,0.3001851737499237,0.8571428656578064
l_curve_0,335,0.3000849187374115,0.8571428656578064
l_curve_0,336,0.2999761402606964,0.8571428656578064
l_curve_0,337,0.2998664081096649,0.8571428656578064
l_curve_0,338,0.29975011944770813,0.8571428656578064
l_curve_0,339,0.2996380627155304,0.8571428656578064
l_curve_0,340,0.2995375990867615,0.8571428656578064
l_curve_0,341,0.29943302273750305,0.8571428656578064
l_curve_0,342,0.2993488311767578,0.8571428656578064
l_curve_0,343,0.29926565289497375,0.8571428656578064
l_curve_0,344,0.2991839349269867,0.8571428656578064
l_curve_0,345,0.2991010546684265,0.8571428656578064
l_curve_0,346,0.29902487993240356,0.8571428656578064
l_curve_0,347,0.29893919825553894,0.8571428656578064
l_curve_0,348,0.2988393008708954,0.8571428656578064
l_curve_0,349,0.2987406551837921,0.8571428656578064
l_curve_0,350,0.2986510097980499,0.8571428656578064
l_curve_0,351,0.2985665500164032,0.8571428656578064
l_curve_0,352,0.2984783351421356,0.8571428656578064
l_curve_0,353,0.29839324951171875,0.8571428656578064
l_curve_0,354,0.2983078360557556,0.8571428656578064
l_curve_0,355,0.2982245087623596,0.8571428656578064
l_curve_0,356,0.2981468737125397,0.8571428656578064
l_curve_0,357,0.2980717718601227,0.8571428656578064
l_curve_0,358,0.2980017066001892,0.8571428656578064
l_curve_0,359,0.29794007539749146,0.8571428656578064
l_curve_0,360,0.2978675961494446,0.8571428656578064
l_curve_0,361,0.29779550433158875,0.8571428656578064
l_curve_0,362,0.29771947860717773,0.8571428656578064
l_curve_0,363,0.29764875769615173,0.8571428656578064
l_curve_0,364,0.2975735366344452,0.8571428656578064
l_curve_0,365,0.29749664664268494,0.8571428656578064
l_curve_0,366,0.29742929339408875,0.8571428656578064
l_curve_0,367,0.29735010862350464,0.8571428656578064
l_curve_0,368,0.29729196429252625,0.8571428656578064
l_curve_0,369,0.2972225844860077,0.8571428656578064
l_curve_0,370,0.29714536666870117,0.8571428656578064
l_curve_0,371,0.29709187150001526,0.8571428656578064
l_curve_0,372,0.2970271408557892,0.8571428656578064
l_curve_0,373,0.2969807982444763,0.8571428656578064
l_curve_0,374,0.29692983627319336,0.8571428656578064
l_curve_0,375,0.2968771159648895,0.8571428656578064
l_curve_0,376,0.2968301773071289,0.8571428656578064
l_curve_0,377,0.2967917323112488,0.8571428656578064
l_curve_0,378,0.2967448830604553,0.8571428656578064
l_curve_0,379,0.2966899275779724,0.8571428656578064
l_curve_0,380,0.29665473103523254,0.8571428656578064
l_curve_0,381,0.29659074544906616,0.8571428656578064
l_curve_0,382,0.2965218424797058,0.8571428656578064
l_curve_0,383,0.29644766449928284,0.8571428656578064
l_curve_0,384,0.2963784635066986,0.8571428656578064
l_curve_0,385,0.29631394147872925,0.8571428656578064
l_curve_0,386,0.29625415802001953,0.8571428656578064
l_curve_0,387,0.29620233178138733,0.8571428656578064
l_curve_0,388,0.29614806175231934,0.8571428656578064
l_curve_0,389,0.2961044907569885,0.8571428656578064
l_curve_0,390,0.29607054591178894,0.8571428656578064
l_curve_0,391,0.2960435450077057,0.8571428656578064
l_curve_0,392,0.29601478576660156,0.8571428656578064
l_curve_0,393,0.2959630787372589,0.8571428656578064
l_curve_0,394,0.29591771960258484,0.8571428656578064
l_curve_0,395,0.2958872616291046,0.8571428656578064
l_curve_0,396,0.29583969712257385,0.8571428656578064
l_curve_0,397,0.29579511284828186,0.8571428656578064
l_curve_0,398,0.29574117064476013,0.8571428656578064
l_curve_0,399,0.2956940531730652,0.8571428656578064
l_curve_0,400,0.2956581711769104,0.8571428656578064
l_curve_0,401,0.29561805725097656,0.8571428656578064
l_curve_0,402,0.29558300971984863,0.8571428656578064
l_curve_0,403,0.2955484688282013,0.8571428656578064
l_curve_0,404,0.29550981521606445,0.8571428656578064
l_curve_0,405,0.2954595386981964,0.8571428656578064
l_curve_0,406,0.29541248083114624,0.8571428656578064
l_curve_0,407,0.2953549027442932,0.8571428656578064
l_curve_0,408,0.2953205704689026,0.8571428656578064
l_curve_0,409,0.2952839732170105,0.8571428656578064
l_curve_0,410,0.295229434967041,0.8571428656578064
l_curve_0,411,0.29517635703086853,0.8571428656578064
l_curve_0,412,0.2951255738735199,0.8571428656578064
l_curve_0,413,0.2950938642024994,0.8571428656578064
l_curve_0,414,0.2950642704963684,0.8571428656578064
l_curve_0,415,0.2950458526611328,0.8571428656578064
l_curve_0,416,0.29500967264175415,0.8571428656578064
l_curve_0,417,0.2949831783771515,0.8571428656578064
l_curve_0,418,0.29496604204177856,0.8571428656578064
l_curve_0,419,0.2949416935443878,0.8571428656578064
l_curve_0,420,0.29490581154823303,0.8571428656578064
l_curve_0,421,0.2948645055294037,0.8571428656578064
l_curve_0,422,0.2948167026042938,0.8571428656578064
l_curve_0,423,0.29474273324012756,0.8571428656578064
l_curve_0,424,0.2946867346763611,0.8571428656578064
l_curve_0,425,0.29464203119277954,0.8571428656578064
l_curve_0,426,0.29460379481315613,0.8571428656578064
l_curve_0,427,0.2945738434791565,0.8571428656578064
l_curve_0,428,0.2945457100868225,0.8571428656578064
l_curve_0,429,0.29452913999557495,0.8571428656578064
l_curve_0,430,0.29451486468315125,0.8571428656578064
l_curve_0,431,0.29449811577796936,0.8571428656578064
l_curve_0,432,0.2944791615009308,0.8571428656578064
l_curve_0,433,0.2944517731666565,0.8571428656578064
l_curve_0,434,0.2944481074810028,0.8571428656578064
l_curve_0,435,0.2944321036338806,0.8571428656578064
l_curve_0,436,0.2943958640098572,0.8571428656578064
l_curve_0,437,0.29438433051109314,0.8571428656578064
l_curve_0,438,0.29436057806015015,0.8571428656578064
l_curve_0,439,0.2943439781665802,0.8571428656578064
l_curve_0,440,0.29432743787765503,0.8571428656578064
l_curve_0,441,0.29430219531059265,0.8571428656578064
l_curve_0,442,0.29429641366004944,0.8571428656578064
l_curve_0,443,0.29427990317344666,0.8571428656578064
l_curve_0,444,0.2942427098751068,0.8571428656578064
l_curve_0,445,0.29421859979629517,0.8571428656578064
l_curve_0,446,0.29420992732048035,0.8571428656578064
l_curve_0,447,0.2941927909851074,0.8571428656578064
l_curve_0,448,0.294185608625412,0.8571428656578064
l_curve_0,449,0.29416123032569885,0.8571428656578064
l_curve_0,450,0.29413726925849915,0.8571428656578064
l_curve_0,451,0.2941199243068695,0.8571428656578064
l_curve_0,452,0.2940956652164459,0.8571428656578064
l_curve_0,453,0.29407575726509094,0.8571428656578064
l_curve_0,454,0.2940414845943451,0.8571428656578064
l_curve_0,455,0.2939966320991516,0.8571428656578064
l_curve_0,456,0.2939579486846924,0.8571428656578064
l_curve_0,457,0.2939283847808838,0.8571428656578064
l_curve_0,458,0.29390475153923035,0.8571428656578064
l_curve_0,459,0.2938762307167053,0.8571428656578064
l_curve_0,460,0.2938518524169922,0.8571428656578064
l_curve_0,461,0.2938203513622284,0.8571428656578064
l_curve_0,462,0.29380908608436584,0.8571428656578064
l_curve_0,463,0.29379740357398987,0.8571428656578064
l_curve_0,464,0.2937822639942169,0.8571428656578064
l_curve_0,465,0.2937682569026947,0.8571428656578064
l_curve_0,466,0.29374387860298157,0.8571428656578064
l_curve_0,467,0.2937255799770355,0.8571428656578064
l_curve_0,468,0.29370954632759094,0.8571428656578064
l_curve_0,469,0.29369431734085083,0.8571428656578064
l_curve_0,470,0.29368314146995544,0.8571428656578064
l_curve_0,471,0.29365965723991394,0.8571428656578064
l_curve_0,472,0.2936371862888336,0.8571428656578064
l_curve_0,473,0.29363152384757996,0.8571428656578064
l_curve_0,474,0.29361313581466675,0.8571428656578064
l_curve_0,475,0.2935757040977478,0.8571428656578064
l_curve_0,476,0.2935470938682556,0.8571428656578064
l_curve_0,477,0.29351431131362915,0.8571428656578064
l_curve_0,478,0.2934931218624115,0.8571428656578064
l_curve_0,479,0.2934848964214325,0.8571428656578064
l_curve_0,480,0.2934691607952118,0.8571428656578064
l_curve_0,481,0.29347309470176697,0.8571428656578064
l_curve_0,482,0.29345646500587463,0.8571428656578064
l_curve_0,483,0.2934451699256897,0.8571428656578064
l_curve_0,484,0.29343265295028687,0.8571428656578064
l_curve_0,485,0.2934117317199707,0.8571428656578064
l_curve_0,486,0.2933901846408844,0.8571428656578064
l_curve_0,487,0.2933945059776306,0.8571428656578064
l_curve_0,488,0.29339876770973206,0.8571428656578064
l_curve_0,489,0.2933969497680664,0.8571428656578064
l_curve_0,490,0.29338937997817993,0.8571428656578064
l_curve_0,491,0.29337549209594727,0.8571428656578064
l_curve_0,492,0.2933524549007416,0.8571428656578064
l_curve_0,493,0.2933359742164612,0.8571428656578064
l_curve_0,494,0.2933158278465271,0.8571428656578064
l_curve_0,495,0.29328539967536926,0.8571428656578064
l_curve_0,496,0.2932708263397217,0.8571428656578064
l_curve_0,497,0.2932646572589874,0.8571428656578064
l_curve_0,498,0.2932448387145996,0.8571428656578064
l_curve_0,499,0.29322248697280884,0.8571428656578064
l_curve_0,500,0.2932007908821106,0.8571428656578064
l_curve_0,501,0.2931711971759796,0.8571428656578064
l_curve_0,502,0.29314833879470825,0.8571428656578064
l_curve_0,503,0.2931305468082428,0.8571428656578064
l_curve_0,504,0.2931070923805237,0.8571428656578064
l_curve_0,505,0.29308757185935974,0.8571428656578064
l_curve_0,506,0.2930803894996643,0.8571428656578064
l_curve_0,507,0.29305920004844666,0.8571428656578064
l_curve_0,508,0.2930454909801483,0.8571428656578064
l_curve_0,509,0.2930297255516052,0.8571428656578064
l_curve_0,510,0.29302978515625,0.8571428656578064
l_curve_0,511,0.2930179536342621,0.8571428656578064
l_curve_0,512,0.29300883412361145,0.8571428656578064
l_curve_0,513,0.2930127680301666,0.8571428656578064
l_curve_0,514,0.2930270731449127,0.8571428656578064
l_curve_0,515,0.29303839802742004,0.8571428656578064
l_curve_0,516,0.29303738474845886,0.8571428656578064
l_curve_0,517,0.2930440902709961,0.8571428656578064
l_curve_0,518,0.2930477261543274,0.8571428656578064
l_curve_0,519,0.29303687810897827,0.8571428656578064
l_curve_0,520,0.29303523898124695,0.8571428656578064
l_curve_0,521,0.2930353283882141,0.8571428656578064
l_curve_0,522,0.29302549362182617,0.8571428656578064
l_curve_0,523,0.2930075228214264,0.8571428656578064
l_curve_0,524,0.2929907739162445,0.8571428656578064
l_curve_0,525,0.29295584559440613,0.8571428656578064
l_curve_0,526,0.2929176986217499,0.8571428656578064
l_curve_0,527,0.2928885519504547,0.8571428656578064
l_curve_0,528,0.29286548495292664,0.8571428656578064
l_curve_0,529,0.2928544878959656,0.8571428656578064
l_curve_0,530,0.29284682869911194,0.8571428656578064
l_curve_0,531,0.29283785820007324,0.8571428656578064
l_curve_0,532,0.2928193509578705,0.8571428656578064
l_curve_0,533,0.29281550645828247,0.8571428656578064
l_curve_0,534,0.2928087115287781,0.8571428656578064
l_curve_0,535,0.29278454184532166,0.8571428656578064
l_curve_0,536,0.2927737832069397,0.8571428656578064
l_curve_0,537,0.292757123708725,0.8571428656578064
l_curve_0,538,0.292747437953949,0.8571428656578064
l_curve_0,539,0.29272398352622986,0.8571428656578064
l_curve_0,540,0.2927006781101227,0.8571428656578064
l_curve_0,541,0.2926761507987976,0.8571428656578064
l_curve_0,542,0.2926607131958008,0.8571428656578064
l_curve_0,543,0.29262691736221313,0.8571428656578064
l_curve_0,544,0.2926148772239685,0.8571428656578064
l_curve_0,545,0.2926062047481537,0.8571428656578064
l_curve_0,546,0.29257693886756897,0.8571428656578064
l_curve_0,547,0.2925717532634735,0.8571428656578064
l_curve_0,548,0.2925606071949005,0.8571428656578064
l_curve_0,549,0.29255956411361694,0.8571428656578064
l_curve_0,550,0.29256826639175415,0.8571428656578064
l_curve_0,551,0.2925724387168884,0.8571428656578064
l_curve_0,552,0.29258784651756287,0.8571428656578064
l_curve_0,553,0.29257798194885254,0.8571428656578064
l_curve_0,554,0.29256466031074524,0.8571428656578064
l_curve_0,555,0.29256513714790344,0.8571428656578064
l_curve_0,556,0.29256564378738403,0.8571428656578064
l_curve_0,557,0.29254549741744995,0.8571428656578064
l_curve_0,558,0.292531281709671,0.8571428656578064
l_curve_0,559,0.2925064265727997,0.8571428656578064
l_curve_0,560,0.29248669743537903,0.8571428656578064
l_curve_0,561,0.292450487613678,0.8571428656578064
l_curve_0,562,0.2924348711967468,0.8571428656578064
l_curve_0,563,0.29242318868637085,0.8571428656578064
l_curve_0,564,0.29243049025535583,0.8571428656578064
l_curve_0,565,0.29242947697639465,0.8571428656578064
l_curve_0,566,0.29241856932640076,0.8571428656578064
l_curve_0,567,0.2924060821533203,0.8571428656578064
l_curve_0,568,0.29238495230674744,0.8571428656578064
l_curve_0,569,0.29235830903053284,0.8571428656578064
l_curve_0,570,0.2923441529273987,0.8571428656578064
l_curve_0,571,0.2923387587070465,0.8571428656578064
l_curve_0,572,0.29232603311538696,0.8571428656578064
l_curve_0,573,0.29231318831443787,0.8571428656578064
l_curve_0,574,0.2923053801059723,0.8571428656578064
l_curve_0,575,0.29230740666389465,0.8571428656578064
l_curve_0,576,0.29230451583862305,0.8571428656578064
l_curve_0,577,0.2922942340373993,0.8571428656578064
l_curve_0,578,0.29227691888809204,0.8571428656578064
l_curve_0,579,0.29224893450737,0.8571428656578064
l_curve_0,580,0.29221993684768677,0.8571428656578064
l_curve_0,581,0.2921874523162842,0.8571428656578064
l_curve_0,582,0.292168527841568,0.8571428656578064
l_curve_0,583,0.2921285033226013,0.8571428656578064
l_curve_0,584,0.29210761189460754,0.8571428656578064
l_curve_0,585,0.2921115756034851,0.8571428656578064
l_curve_0,586,0.29211553931236267,0.8571428656578064
l_curve_0,587,0.2920934855937958,0.8571428656578064
l_curve_0,588,0.2920801341533661,0.8571428656578064
l_curve_0,589,0.2920849621295929,0.8571428656578064
l_curve_0,590,0.2920688986778259,0.8571428656578064
l_curve_0,591,0.2920714318752289,0.8571428656578064
l_curve_0,592,0.29205790162086487,0.8571428656578064
l_curve_0,593,0.2920559048652649,0.8571428656578064
l_curve_0,594,0.29204127192497253,0.8571428656578064
l_curve_0,595,0.2920440137386322,0.8571428656578064
l_curve_0,596,0.2920307219028473,0.8571428656578064
l_curve_0,597,0.2920098304748535,0.8571428656578064
l_curve_0,598,0.2920038104057312,0.8571428656578064
l_curve_0,599,0.291988343000412,0.8571428656578064
l_curve_0,600,0.2919929623603821,0.8571428656578064
l_curve_0,601,0.29199761152267456,0.8571428656578064
l_curve_0,602,0.2919807732105255,0.8571428656578064
l_curve_0,603,0.29196447134017944,0.8571428656578064
l_curve_0,604,0.29194948077201843,0.8571428656578064
l_curve_0,605,0.29192879796028137,0.8571428656578064
l_curve_0,606,0.29191237688064575,0.8571428656578064
l_curve_0,607,0.29188665747642517,0.8571428656578064
l_curve_0,608,0.29186978936195374,0.8571428656578064
l_curve_0,609,0.2918531894683838,0.8571428656578064
l_curve_0,610,0.29182714223861694,0.8571428656578064
l_curve_0,611,0.29180747270584106,0.8571428656578064
l_curve_0,612,0.2917955219745636,0.8571428656578064
l_curve_0,613,0.29178205132484436,0.8571428656578064
l_curve_0,614,0.29179710149765015,0.8571428656578064
l_curve_0,615,0.2917918562889099,0.8571428656578064
l_curve_0,616,0.29179784655570984,0.8571428656578064
l_curve_0,617,0.2918095588684082,0.8571428656578064
l_curve_0,618,0.2918143570423126,0.8571428656578064
l_curve_0,619,0.29182571172714233,0.8571428656578064
l_curve_0,620,0.29183897376060486,0.8571428656578064
l_curve_0,621,0.2918652594089508,0.8571428656578064
l_curve_0,622,0.2918892800807953,0.8571428656578064
l_curve_0,623,0.2919035851955414,0.8571428656578064
l_curve_0,624,0.2918989658355713,0.8571428656578064
l_curve_0,625,0.2919056713581085,0.8571428656578064
l_curve_0,626,0.29190942645072937,0.8571428656578064
l_curve_0,627,0.2918925881385803,0.8571428656578064
l_curve_0,628,0.29188841581344604,0.8571428656578064
l_curve_0,629,0.29188019037246704,0.8571428656578064
l_curve_0,630,0.2918808162212372,0.8571428656578064
l_curve_0,631,0.2918836176395416,0.8571428656578064
l_curve_0,632,0.2918859124183655,0.8571428656578064
l_curve_0,633,0.2918621599674225,0.8571428656578064
l_curve_0,634,0.29185599088668823,0.8571428656578064
l_curve_0,635,0.29183676838874817,0.8571428656578064
l_curve_0,636,0.2918294370174408,0.8571428656578064
l_curve_0,637,0.2917996942996979,0.8571428656578064
l_curve_0,638,0.29177847504615784,0.8571428656578064
l_curve_0,639,0.29177188873291016,0.8571428656578064
l_curve_0,640,0.29175934195518494,0.8571428656578064
l_curve_0,641,0.29175740480422974,0.8571428656578064
l_curve_0,642,0.291746586561203,0.8571428656578064
l_curve_0,643,0.29171401262283325,0.8571428656578064
l_curve_0,644,0.2916869521141052,0.8571428656578064
l_curve_0,645,0.2916662096977234,0.8571428656578064
l_curve_0,646,0.2916390895843506,0.8571428656578064
l_curve_0,647,0.29161447286605835,0.8571428656578064
l_curve_0,648,0.2915998101234436,0.8571428656578064
l_curve_0,649,0.291578084230423,0.8571428656578064
l_curve_0,650,0.291543185710907,0.8571428656578064
l_curve_0,651,0.29153138399124146,0.8571428656578064
l_curve_0,652,0.2915217876434326,0.8571428656578064
l_curve_0,653,0.2915137708187103,0.8571428656578064
l_curve_0,654,0.29150792956352234,0.8571428656578064
l_curve_0,655,0.2915186285972595,0.8571428656578064
l_curve_0,656,0.2915274500846863,0.8571428656578064
l_curve_0,657,0.2915354371070862,0.8571428656578064
l_curve_0,658,0.29150962829589844,0.8571428656578064
l_curve_0,659,0.29150649905204773,0.8571428656578064
l_curve_0,660,0.2914868891239166,0.8571428656578064
l_curve_0,661,0.2914761006832123,0.8571428656578064
l_curve_0,662,0.2914816737174988,0.8571428656578064
l_curve_0,663,0.29147425293922424,0.8571428656578064
l_curve_0,664,0.2914680540561676,0.8571428656578064
l_curve_0,665,0.29145732522010803,0.8571428656578064
l_curve_0,666,0.2914746403694153,0.8571428656578064
l_curve_0,667,0.2914566397666931,0.8571428656578064
l_curve_0,668,0.29144930839538574,0.8571428656578064
l_curve_0,669,0.29141664505004883,0.8571428656578064
l_curve_0,670,0.2913820445537567,0.8571428656578064
l_curve_0,671,0.291363388299942,0.8571428656578064
l_curve_0,672,0.29133424162864685,0.8571428656578064
l_curve_0,673,0.29133325815200806,0.8571428656578064
l_curve_0,674,0.2913038432598114,0.8571428656578064
l_curve_0,675,0.291288286447525,0.8571428656578064
l_curve_0,676,0.29128748178482056,0.8571428656578064
l_curve_0,677,0.2912595570087433,0.8571428656578064
l_curve_0,678,0.2912387251853943,0.8571428656578064
l_curve_0,679,0.29123279452323914,0.8571428656578064
l_curve_0,680,0.2912030816078186,0.8571428656578064
l_curve_0,681,0.291197806596756,0.8571428656578064
l_curve_0,682,0.29117539525032043,0.8571428656578064
l_curve_0,683,0.2911623418331146,0.8571428656578064
l_curve_0,684,0.29116278886795044,0.8571428656578064
l_curve_0,685,0.29116567969322205,0.8571428656578064
l_curve_0,686,0.29116082191467285,0.8571428656578064
l_curve_0,687,0.29111653566360474,0.8571428656578064
l_curve_0,688,0.29109635949134827,0.8571428656578064
l_curve_0,689,0.2910904884338379,0.8571428656578064
l_curve_0,690,0.2910780608654022,0.8571428656578064
l_curve_0,691,0.29107075929641724,0.8571428656578064
l_curve_0,692,0.2910477817058563,0.8571428656578064
l_curve_0,693,0.29104289412498474,0.8571428656578064
l_curve_0,694,0.29103323817253113,0.8571428656578064
l_curve_0,695,0.2910183072090149,0.8571428656578064
l_curve_0,696,0.2910110354423523,0.8571428656578064
l_curve_0,697,0.2910093367099762,0.8571428656578064
l_curve_0,698,0.29100245237350464,0.8571428656578064
l_curve_0,699,0.2909955680370331,0.8571428656578064
l_curve_0,700,0.29096969962120056,0.8571428656578064
l_curve_0,701,0.2909694314002991,0.8571428656578064
l_curve_0,702,0.29096999764442444,0.8571428656578064
l_curve_0,703,0.2909761965274811,0.8571428656578064
l_curve_0,704,0.2909620702266693,0.8571428656578064
l_curve_0,705,0.29094910621643066,0.8571428656578064
l_curve_0,706,0.29094818234443665,0.8571428656578064
l_curve_0,707,0.2909228205680847,0.8571428656578064
l_curve_0,708,0.2909207344055176,0.8571428656578064
l_curve_0,709,0.29091495275497437,0.8571428656578064
l_curve_0,710,0.2909228205680847,0.8571428656578064
l_curve_0,711,0.29092520475387573,0.8571428656578064
l_curve_0,712,0.2909236550331116,0.8571428656578064
l_curve_0,713,0.2909392714500427,0.8571428656578064
l_curve_0,714,0.29095005989074707,0.8571428656578064
l_curve_0,715,0.29095929861068726,0.8571428656578064
l_curve_0,716,0.2909640669822693,0.8571428656578064
l_curve_0,717,0.29096683859825134,0.8571428656578064
l_curve_0,718,0.2909698486328125,0.8571428656578064
l_curve_0,719,0.29095110297203064,0.8571428656578064
l_curve_0,720,0.2909475862979889,0.8571428656578064
l_curve_0,721,0.2909269332885742,0.8571428656578064
l_curve_0,722,0.2908947169780731,0.8571428656578064
l_curve_0,723,0.29089027643203735,0.8571428656578064
l_curve_0,724,0.29089292883872986,0.8571428656578064
l_curve_0,725,0.2908785045146942,0.8571428656578064
l_curve_0,726,0.2908625900745392,0.8571428656578064
l_curve_0,727,0.2908472716808319,0.8571428656578064
l_curve_0,728,0.2908341884613037,0.8571428656578064
l_curve_0,729,0.2908363342285156,0.8571428656578064
l_curve_0,730,0.29082223773002625,0.8571428656578064
l_curve_0,731,0.2907945215702057,0.8571428656578064
l_curve_0,732,0.29076844453811646,0.8571428656578064
l_curve_0,733,0.29074567556381226,0.8571428656578064
l_curve_0,734,0.29073572158813477,0.8571428656578064
l_curve_0,735,0.2907557487487793,0.8571428656578064
l_curve_0,736,0.2907765805721283,0.8571428656578064
l_curve_0,737,0.290785014629364,0.8571428656578064
l_curve_0,738,0.29078131914138794,0.8571428656578064
l_curve_0,739,0.29077932238578796,0.8571428656578064
l_curve_0,740,0.29077544808387756,0.8571428656578064
l_curve_0,741,0.2907542288303375,0.8571428656578064
l_curve_0,742,0.2907121181488037,0.8571428656578064
l_curve_0,743,0.2906959056854248,0.8571428656578064
l_curve_0,744,0.29069098830223083,0.8571428656578064
l_curve_0,745,0.29067614674568176,0.8571428656578064
l_curve_0,746,0.29068249464035034,0.8571428656578064
l_curve_0,747,0.2906815707683563,0.8571428656578064
l_curve_0,748,0.2906769812107086,0.8571428656578064
l_curve_0,749,0.2906697690486908,0.8571428656578064
l_curve_0,750,0.2906408905982971,0.8571428656578064
l_curve_0,751,0.2906355559825897,0.8571428656578064
l_curve_0,752,0.29064124822616577,0.8571428656578064
l_curve_0,753,0.29062628746032715,0.8571428656578064
l_curve_0,754,0.29059845209121704,0.8571428656578064
l_curve_0,755,0.29060330986976624,0.8571428656578064
l_curve_0,756,0.2905990779399872,0.8571428656578064
l_curve_0,757,0.2905927002429962,0.8571428656578064
l_curve_0,758,0.29059475660324097,0.8571428656578064
l_curve_0,759,0.29058194160461426,0.8571428656578064
l_curve_0,760,0.29054680466651917,0.8571428656578064
l_curve_0,761,0.29053759574890137,0.8571428656578064
l_curve_0,762,0.2905215322971344,0.8571428656578064
l_curve_0,763,0.29051288962364197,0.8571428656578064
l_curve_0,764,0.2904905378818512,0.8571428656578064
l_curve_0,765,0.2904667258262634,0.8571428656578064
l_curve_0,766,0.2904445230960846,0.8571428656578064
l_curve_0,767,0.290405809879303,0.8571428656578064
l_curve_0,768,0.29037126898765564,0.8571428656578064
l_curve_0,769,0.29033908247947693,0.8571428656578064
l_curve_0,770,0.2903297543525696,0.8571428656578064
l_curve_0,771,0.2903350293636322,0.8571428656578064
l_curve_0,772,0.2903003394603729,0.8571428656578064
l_curve_0,773,0.2903048098087311,0.8571428656578064
l_curve_0,774,0.2903013825416565,0.8571428656578064
l_curve_0,775,0.29028865694999695,0.8571428656578064
l_curve_0,776,0.29025083780288696,0.8571428656578064
l_curve_0,777,0.29022976756095886,0.8571428656578064
l_curve_0,778,0.2902054190635681,0.8571428656578064
l_curve_0,779,0.290199339389801,0.8571428656578064
l_curve_0,780,0.29019981622695923,0.8571428656578064
l_curve_0,781,0.2901687026023865,0.8571428656578064
l_curve_0,782,0.29014888405799866,0.8571428656578064
l_curve_0,783,0.290120929479599,0.8571428656578064
l_curve_0,784,0.2901163697242737,0.8571428656578064
l_curve_0,785,0.29010745882987976,0.8571428656578064
l_curve_0,786,0.29010406136512756,0.8571428656578064
l_curve_0,787,0.29009684920310974,0.8571428656578064
l_curve_0,788,0.2901173233985901,0.8571428656578064
l_curve_0,789,0.29013681411743164,0.8571428656578064
l_curve_0,790,0.29015272855758667,0.8571428656578064
l_curve_0,791,0.2901565432548523,0.8571428656578064
l_curve_0,792,0.2901630997657776,0.8571428656578064
l_curve_0,793,0.2901599109172821,0.8571428656578064
l_curve_0,794,0.29015323519706726,0.8571428656578064
l_curve_0,795,0.2901369035243988,0.8571428656578064
l_curve_0,796,0.29009079933166504,0.8571428656578064
l_curve_0,797,0.2900562584400177,0.8571428656578064
l_curve_0,798,0.290055513381958,0.8571428656578064
l_curve_0,799,0.2900405526161194,0.8571428656578064
l_curve_0,800,0.2900070250034332,0.8571428656578064
l_curve_0,801,0.2899966537952423,0.8571428656578064
l_curve_0,802,0.2899959087371826,0.8571428656578064
l_curve_0,803,0.2899949252605438,0.8571428656578064
l_curve_0,804,0.2899855077266693,0.8571428656578064
l_curve_0,805,0.2899765074253082,0.8571428656578064
l_curve_0,806,0.2899492681026459,0.8571428656578064
l_curve_0,807,0.2899194359779358,0.8571428656578064
l_curve_0,808,0.28988978266716003,0.8571428656578064
l_curve_0,809,0.28987154364585876,0.8571428656578064
l_curve_0,810,0.28987225890159607,0.8571428656578064
l_curve_0,811,0.28987494111061096,0.8571428656578064
l_curve_0,812,0.2899009585380554,0.8571428656578064
l_curve_0,813,0.2899083197116852,0.8571428656578064
l_curve_0,814,0.2899031341075897,0.8571428656578064
l_curve_0,815,0.2898936867713928,0.8571428656578064
l_curve_0,816,0.2898842394351959,0.8571428656578064
l_curve_0,817,0.28984835743904114,0.8571428656578064
l_curve_0,818,0.2898181080818176,0.8571428656578064
l_curve_0,819,0.28981834650039673,0.8571428656578064
l_curve_0,820,0.28980883955955505,0.8571428656578064
l_curve_0,821,0.28981074690818787,0.8571428656578064
l_curve_0,822,0.28982335329055786,0.8571428656578064
l_curve_0,823,0.28980541229248047,0.8571428656578064
l_curve_0,824,0.28978925943374634,0.8571428656578064
l_curve_0,825,0.28978806734085083,0.8571428656578064
l_curve_0,826,0.289787620306015,0.8571428656578064
l_curve_0,827,0.2897579073905945,0.8571428656578064
l_curve_0,828,0.289730966091156,0.8571428656578064
l_curve_0,829,0.2897261679172516,0.8571428656578064
l_curve_0,830,0.2897096276283264,0.8571428656578064
l_curve_0,831,0.28969067335128784,0.8571428656578064
l_curve_0,832,0.2896713614463806,0.8571428656578064
l_curve_0,833,0.2896598279476166,0.8571428656578064
l_curve_0,834,0.2896382808685303,0.8571428656578064
l_curve_0,835,0.28962427377700806,0.8571428656578064
l_curve_0,836,0.2896043658256531,0.8571428656578064
l_curve_0,837,0.2895958125591278,0.8571428656578064
l_curve_0,838,0.28961679339408875,0.8571428656578064
l_curve_0,839,0.2896174490451813,0.8571428656578064
l_curve_0,840,0.28961634635925293,0.8571428656578064
l_curve_0,841,0.28961628675460815,0.8571428656578064
l_curve_0,842,0.28961244225502014,0.8571428656578064
l_curve_0,843,0.28960663080215454,0.8571428656578064
l_curve_0,844,0.2895922064781189,0.8571428656578064
l_curve_0,845,0.2895929515361786,0.8571428656578064
l_curve_0,846,0.289568156003952,0.8571428656578064
l_curve_0,847,0.28954896330833435,0.8571428656578064
l_curve_0,848,0.2895037531852722,0.8571428656578064
l_curve_0,849,0.289458692073822,0.8571428656578064
l_curve_0,850,0.2894306480884552,0.8571428656578064
l_curve_0,851,0.28940457105636597,0.8571428656578064
l_curve_0,852,0.2893752455711365,0.8571428656578064
l_curve_0,853,0.28932419419288635,0.8571428656578064
l_curve_0,854,0.28928524255752563,0.8571428656578064
l_curve_0,855,0.28927722573280334,0.8571428656578064
l_curve_0,856,0.28927406668663025,0.8571428656578064
l_curve_0,857,0.2892586886882782,0.8571428656578064
l_curve_0,858,0.28925251960754395,0.8571428656578064
l_curve_0,859,0.28923240303993225,0.8571428656578064
l_curve_0,860,0.28922030329704285,0.8571428656578064
l_curve_0,861,0.2891904413700104,0.8571428656578064
l_curve_0,862,0.289175808429718,0.8571428656578064
l_curve_0,863,0.28917765617370605,0.8571428656578064
l_curve_0,864,0.2891707718372345,0.8571428656578064
l_curve_0,865,0.2891574501991272,0.8571428656578064
l_curve_0,866,0.2891399562358856,0.8571428656578064
l_curve_0,867,0.2891426384449005,0.8571428656578064
l_curve_0,868,0.28915414214134216,0.8571428656578064
l_curve_0,869,0.2891383767127991,0.8571428656578064
l_curve_0,870,0.28915128111839294,0.8571428656578064
l_curve_0,871,0.28915220499038696,0.8571428656578064
l_curve_0,872,0.28914403915405273,0.8571428656578064
l_curve_0,873,0.28912660479545593,0.8571428656578064
l_curve_0,874,0.28913143277168274,0.8571428656578064
l_curve_0,875,0.28912481665611267,0.8571428656578064
l_curve_0,876,0.2891176640987396,0.8571428656578064
l_curve_0,877,0.2891177535057068,0.8571428656578064
l_curve_0,878,0.2891111969947815,0.8571428656578064
l_curve_0,879,0.2890964448451996,0.8571428656578064
l_curve_0,880,0.28910061717033386,0.8571428656578064
l_curve_0,881,0.2890978455543518,0.8571428656578064
l_curve_0,882,0.28909796476364136,0.8571428656578064
l_curve_0,883,0.289095938205719,0.8571428656578064
l_curve_0,884,0.2891078591346741,0.8571428656578064
l_curve_0,885,0.2891305088996887,0.8571428656578064
l_curve_0,886,0.2891435921192169,0.8571428656578064
l_curve_0,887,0.2891412675380707,0.8571428656578064
l_curve_0,888,0.28916865587234497,0.8571428656578064
l_curve_0,889,0.28917196393013,0.8571428656578064
l_curve_0,890,0.2891685366630554,0.8571428656578064
l_curve_0,891,0.2891926169395447,0.8571428656578064
l_curve_0,892,0.28917738795280457,0.8571428656578064
l_curve_0,893,0.2891571521759033,0.8571428656578064
l_curve_0,894,0.2891252338886261,0.8571428656578064
l_curve_0,895,0.2890990078449249,0.8571428656578064
l_curve_0,896,0.28906768560409546,0.8571428656578064
l_curve_0,897,0.28905627131462097,0.8571428656578064
l_curve_0,898,0.2890026569366455,0.8571428656578064
l_curve_0,899,0.288978636264801,0.8571428656578064
l_curve_0,900,0.2889636158943176,0.8571428656578064
l_curve_0,901,0.28891658782958984,0.8571428656578064
l_curve_0,902,0.2888863980770111,0.8571428656578064
l_curve_0,903,0.28885337710380554,0.8571428656578064
l_curve_0,904,0.28881001472473145,0.8571428656578064
l_curve_0,905,0.28879913687705994,0.8571428656578064
l_curve_0,906,0.28876784443855286,0.8571428656578064
l_curve_0,907,0.28874653577804565,0.8571428656578064
l_curve_0,908,0.2887336313724518,0.8571428656578064
l_curve_0,909,0.2887500822544098,0.8571428656578064
l_curve_0,910,0.2887299060821533,0.8571428656578064
l_curve_0,911,0.28872326016426086,0.8571428656578064
l_curve_0,912,0.2886960208415985,0.8571428656578064
l_curve_0,913,0.28867390751838684,0.8571428656578064
l_curve_0,914,0.2886636257171631,0.8571428656578064
l_curve_0,915,0.28863325715065,0.8571428656578064
l_curve_0,916,0.2886166572570801,0.8571428656578064
l_curve_0,917,0.28859812021255493,0.8571428656578064
l_curve_0,918,0.28857892751693726,0.8571428656578064
l_curve_0,919,0.2885551154613495,0.8571428656578064
l_curve_0,920,0.288553923368454,0.8571428656578064
l_curve_0,921,0.2885570824146271,0.8571428656578064
l_curve_0,922,0.2885359227657318,0.8571428656578064
l_curve_0,923,0.28850844502449036,0.8571428656578064
l_curve_0,924,0.28847450017929077,0.8571428656578064
l_curve_0,925,0.2884308993816376,0.8571428656578064
l_curve_0,926,0.2884121239185333,0.8571428656578064
l_curve_0,927,0.28841432929039,0.8571428656578064
l_curve_0,928,0.28842470049858093,0.8571428656578064
l_curve_0,929,0.2884249687194824,0.8571428656578064
l_curve_0,930,0.28844398260116577,0.8571428656578064
l_curve_0,931,0.28844112157821655,0.8571428656578064
l_curve_0,932,0.28843599557876587,0.8571428656578064
l_curve_0,933,0.2884027659893036,0.8571428656578064
l_curve_0,934,0.288386732339859,0.8571428656578064
l_curve_0,935,0.28837552666664124,0.8571428656578064
l_curve_0,936,0.2883630394935608,0.8571428656578064
l_curve_0,937,0.28835630416870117,0.8571428656578064
l_curve_0,938,0.28834351897239685,0.8571428656578064
l_curve_0,939,0.2883300483226776,0.8571428656578064
l_curve_0,940,0.2883117198944092,0.8571428656578064
l_curve_0,941,0.28830447793006897,0.8571428656578064
l_curve_0,942,0.28828734159469604,0.8571428656578064
l_curve_0,943,0.2882971465587616,0.8571428656578064
l_curve_0,944,0.28826072812080383,0.8571428656578064
l_curve_0,945,0.28823670744895935,0.8571428656578064
l_curve_0,946,0.28819793462753296,0.8571428656578064
l_curve_0,947,0.2881637215614319,0.8571428656578064
l_curve_0,948,0.288158655166626,0.8571428656578064
l_curve_0,949,0.2881377637386322,0.8571428656578064
l_curve_0,950,0.28813856840133667,0.8571428656578064
l_curve_0,951,0.2881367802619934,0.8571428656578064
l_curve_0,952,0.2881114184856415,0.8571428656578064
l_curve_0,953,0.28810420632362366,0.8571428656578064
l_curve_0,954,0.2880963385105133,0.8571428656578064
l_curve_0,955,0.28808990120887756,0.8571428656578064
l_curve_0,956,0.2880726158618927,0.8571428656578064
l_curve_0,957,0.2880729138851166,0.8571428656578064
l_curve_0,958,0.28805944323539734,0.8571428656578064
l_curve_0,959,0.2880590856075287,0.8571428656578064
l_curve_0,960,0.28805097937583923,0.8571428656578064
l_curve_0,961,0.28804224729537964,0.8571428656578064
l_curve_0,962,0.28805556893348694,0.8571428656578064
l_curve_0,963,0.28806090354919434,0.8571428656578064
l_curve_0,964,0.28806376457214355,0.8571428656578064
l_curve_0,965,0.2880755364894867,0.8571428656578064
l_curve_0,966,0.28808078169822693,0.8571428656578064
l_curve_0,967,0.2880789637565613,0.8571428656578064
l_curve_0,968,0.28807729482650757,0.8571428656578064
l_curve_0,969,0.2880672514438629,0.8571428656578064
l_curve_0,970,0.2880583703517914,0.8571428656578064
l_curve_0,971,0.28804072737693787,0.8571428656578064
l_curve_0,972,0.2880209982395172,0.8571428656578064
l_curve_0,973,0.28798970580101013,0.8571428656578064
l_curve_0,974,0.2879588007926941,0.8571428656578064
l_curve_0,975,0.287945419549942,0.8571428656578064
l_curve_0,976,0.2879338562488556,0.8571428656578064
l_curve_0,977,0.2879190146923065,0.8571428656578064
l_curve_0,978,0.28792840242385864,0.8571428656578064
l_curve_0,979,0.28793153166770935,0.8571428656578064
l_curve_0,980,0.2879064381122589,0.8571428656578064
l_curve_0,981,0.28787916898727417,0.8571428656578064
l_curve_0,982,0.2878554165363312,0.8571428656578064
l_curve_0,983,0.2878565788269043,0.8571428656578064
l_curve_0,984,0.2878420352935791,0.8571428656578064
l_curve_0,985,0.2878115177154541,0.8571428656578064
l_curve_0,986,0.2877994477748871,0.8571428656578064
l_curve_0,987,0.2877552807331085,0.8571428656578064
l_curve_0,988,0.2877347767353058,0.8571428656578064
l_curve_0,989,0.2877404987812042,0.8571428656578064
l_curve_0,990,0.2877423167228699,0.8571428656578064
l_curve_0,991,0.2877279222011566,0.8571428656578064
l_curve_0,992,0.28771349787712097,0.8571428656578064
l_curve_0,993,0.28769078850746155,0.8571428656578064
l_curve_0,994,0.28768298029899597,0.8571428656578064
l_curve_0,995,0.2876754403114319,0.8571428656578064
l_curve_0,996,0.28767210245132446,0.8571428656578064
l_curve_0,997,0.2876543402671814,0.8571428656578064
l_curve_0,998,0.2876390516757965,0.8571428656578064
l_curve_0,999,0.2876273989677429,0.8571428656578064
l_curve_0,1000,0.2876080572605133,0.8571428656578064
l_curve_0,1000,0.2876080572605133,0.8571428656578064
