client,round,loss,accuracy
l_curve_1,1,0.5613057613372803,0.6875
l_curve_1,2,0.5606203079223633,0.6875
l_curve_1,3,0.5599791407585144,0.6875
l_curve_1,4,0.5593749284744263,0.6875
l_curve_1,5,0.5587642788887024,0.6875
l_curve_1,6,0.558205783367157,0.6875
l_curve_1,7,0.5576446056365967,0.6875
l_curve_1,8,0.5570855140686035,0.6875
l_curve_1,9,0.5564722418785095,0.6875
l_curve_1,10,0.5558799505233765,0.6875
l_curve_1,11,0.555254340171814,0.6875
l_curve_1,12,0.5546489953994751,0.6875
l_curve_1,13,0.5540381669998169,0.6875
l_curve_1,14,0.5534411668777466,0.6875
l_curve_1,15,0.552868127822876,0.6875
l_curve_1,16,0.5522103905677795,0.6875
l_curve_1,17,0.5515864491462708,0.6875
l_curve_1,18,0.550947904586792,0.6875
l_curve_1,19,0.550315260887146,0.6875
l_curve_1,20,0.5496984720230103,0.6875
l_curve_1,21,0.5490142107009888,0.6875
l_curve_1,22,0.5483295321464539,0.6875
l_curve_1,23,0.5475768446922302,0.75
l_curve_1,24,0.5468019843101501,0.875
l_curve_1,25,0.5460820198059082,0.875
l_curve_1,26,0.5453059077262878,0.875
l_curve_1,27,0.5445492267608643,0.875
l_curve_1,28,0.5437705516815186,0.875
l_curve_1,29,0.5429480075836182,0.875
l_curve_1,30,0.5421638488769531,0.875
l_curve_1,31,0.5413920283317566,0.875
l_curve_1,32,0.5405632257461548,0.875
l_curve_1,33,0.5397257208824158,0.875
l_curve_1,34,0.5388554334640503,0.875
l_curve_1,35,0.537977933883667,0.875
l_curve_1,36,0.5370897054672241,0.9375
l_curve_1,37,0.536236047744751,0.9375
l_curve_1,38,0.5353174805641174,0.9375
l_curve_1,39,0.5344313383102417,0.9375
l_curve_1,40,0.5335142612457275,0.9375
l_curve_1,41,0.5325953960418701,0.9375
l_curve_1,42,0.5316184163093567,0.9375
l_curve_1,43,0.5306391716003418,0.9375
l_curve_1,44,0.5296489596366882,0.9375
l_curve_1,45,0.5286316871643066,0.9375
l_curve_1,46,0.5276491641998291,0.9375
l_curve_1,47,0.5266403555870056,0.875
l_curve_1,48,0.525615394115448,0.875
l_curve_1,49,0.5246275067329407,0.875
l_curve_1,50,0.523541271686554,0.875
l_curve_1,51,0.5224912166595459,0.875
l_curve_1,52,0.5214254260063171,0.875
l_curve_1,53,0.520366907119751,0.875
l_curve_1,54,0.5192867517471313,0.875
l_curve_1,55,0.5181877613067627,0.875
l_curve_1,56,0.5170626640319824,0.875
l_curve_1,57,0.5159192085266113,0.875
l_curve_1,58,0.5148015022277832,0.875
l_curve_1,59,0.5136092901229858,0.875
l_curve_1,60,0.512512743473053,0.875
l_curve_1,61,0.5113644599914551,0.875
l_curve_1,62,0.5102235078811646,0.875
l_curve_1,63,0.5090541839599609,0.875
l_curve_1,64,0.5078980326652527,0.875
l_curve_1,65,0.5067258477210999,0.875
l_curve_1,66,0.5055707097053528,0.875
l_curve_1,67,0.504399299621582,0.875
l_curve_1,68,0.5032774209976196,0.875
l_curve_1,69,0.502105176448822,0.875
l_curve_1,70,0.5008713006973267,0.875
l_curve_1,71,0.49968189001083374,0.875
l_curve_1,72,0.49849846959114075,0.875
l_curve_1,73,0.4972885251045227,0.875
l_curve_1,74,0.4960673749446869,0.875
l_curve_1,75,0.49486199021339417,0.875
l_curve_1,76,0.4937056005001068,0.875
l_curve_1,77,0.49251312017440796,0.875
l_curve_1,78,0.4912635385990143,0.875
l_curve_1,79,0.49002307653427124,0.875
l_curve_1,80,0.48883408308029175,0.875
l_curve_1,81,0.4875759482383728,0.875
l_curve_1,82,0.48637521266937256,0.875
l_curve_1,83,0.4851188659667969,0.875
l_curve_1,84,0.483940064907074,0.875
l_curve_1,85,0.4827347993850708,0.875
l_curve_1,86,0.4815526306629181,0.875
l_curve_1,87,0.48039788007736206,0.875
l_curve_1,88,0.47916606068611145,0.875
l_curve_1,89,0.4779336154460907,0.875
l_curve_1,90,0.47674691677093506,0.875
l_curve_1,91,0.4755416214466095,0.875
l_curve_1,92,0.47436633706092834,0.875
l_curve_1,93,0.4731571674346924,0.875
l_curve_1,94,0.4718834459781647,0.875
l_curve_1,95,0.4706752300262451,0.875
l_curve_1,96,0.46950700879096985,0.875
l_curve_1,97,0.46836742758750916,0.875
l_curve_1,98,0.467154860496521,0.875
l_curve_1,99,0.466005802154541,0.875
l_curve_1,100,0.4648541212081909,0.875
l_curve_1,101,0.46367567777633667,0.875
l_curve_1,102,0.4625225067138672,0.875
l_curve_1,103,0.4613330364227295,0.875
l_curve_1,104,0.46013355255126953,0.875
l_curve_1,105,0.45899200439453125,0.875
l_curve_1,106,0.4578867554664612,0.875
l_curve_1,107,0.45670849084854126,0.875
l_curve_1,108,0.45556604862213135,0.875
l_curve_1,109,0.4544069170951843,0.875
l_curve_1,110,0.4532774090766907,0.875
l_curve_1,111,0.4521547555923462,0.875
l_curve_1,112,0.4510658085346222,0.875
l_curve_1,113,0.4499293565750122,0.875
l_curve_1,114,0.44884273409843445,0.875
l_curve_1,115,0.4477177858352661,0.875
l_curve_1,116,0.4465894103050232,0.875
l_curve_1,117,0.44552356004714966,0.875
l_curve_1,118,0.44443339109420776,0.875
l_curve_1,119,0.4433360993862152,0.875
l_curve_1,120,0.44222304224967957,0.875
l_curve_1,121,0.4411727488040924,0.875
l_curve_1,122,0.4401107430458069,0.875
l_curve_1,123,0.4390612840652466,0.875
l_curve_1,124,0.43799760937690735,0.875
l_curve_1,125,0.4369567930698395,0.875
l_curve_1,126,0.4359583258628845,0.875
l_curve_1,127,0.43488335609436035,0.875
l_curve_1,128,0.4338548183441162,0.875
l_curve_1,129,0.4328339099884033,0.875
l_curve_1,130,0.43182289600372314,0.875
l_curve_1,131,0.4307743310928345,0.875
l_curve_1,132,0.42978256940841675,0.875
l_curve_1,133,0.4287639260292053,0.875
l_curve_1,134,0.4277876913547516,0.875
l_curve_1,135,0.42679518461227417,0.875
l_curve_1,136,0.42586687207221985,0.875
l_curve_1,137,0.42492908239364624,0.875
l_curve_1,138,0.4239661693572998,0.875
l_curve_1,139,0.42298275232315063,0.875
l_curve_1,140,0.4220009446144104,0.875
l_curve_1,141,0.42108073830604553,0.875
l_curve_1,142,0.42012840509414673,0.875
l_curve_1,143,0.41919392347335815,0.875
l_curve_1,144,0.4181930422782898,0.875
l_curve_1,145,0.41721463203430176,0.875
l_curve_1,146,0.4162823557853699,0.875
l_curve_1,147,0.41538965702056885,0.875
l_curve_1,148,0.414511501789093,0.875
l_curve_1,149,0.4136093258857727,0.875
l_curve_1,150,0.412667453289032,0.875
l_curve_1,151,0.41176408529281616,0.875
l_curve_1,152,0.4108290672302246,0.875
l_curve_1,153,0.40994328260421753,0.875
l_curve_1,154,0.4090920388698578,0.875
l_curve_1,155,0.40822213888168335,0.875
l_curve_1,156,0.4073605239391327,0.875
l_curve_1,157,0.4065086245536804,0.875
l_curve_1,158,0.4056342840194702,0.875
l_curve_1,159,0.40479588508605957,0.875
l_curve_1,160,0.4039596915245056,0.875
l_curve_1,161,0.40309107303619385,0.875
l_curve_1,162,0.4023212790489197,0.875
l_curve_1,163,0.40152326226234436,0.875
l_curve_1,164,0.4006836414337158,0.875
l_curve_1,165,0.39983436465263367,0.875
l_curve_1,166,0.39903146028518677,0.875
l_curve_1,167,0.3982301950454712,0.875
l_curve_1,168,0.39740777015686035,0.875
l_curve_1,169,0.39657899737358093,0.875
l_curve_1,170,0.3958062529563904,0.875
l_curve_1,171,0.3950096368789673,0.875
l_curve_1,172,0.39419716596603394,0.875
l_curve_1,173,0.39338621497154236,0.875
l_curve_1,174,0.39259853959083557,0.875
l_curve_1,175,0.39183279871940613,0.875
l_curve_1,176,0.3910484313964844,0.875
l_curve_1,177,0.39034420251846313,0.875
l_curve_1,178,0.38958293199539185,0.875
l_curve_1,179,0.3888372778892517,0.875
l_curve_1,180,0.3880656957626343,0.875
l_curve_1,181,0.38733595609664917,0.875
l_curve_1,182,0.38659486174583435,0.875
l_curve_1,183,0.38586682081222534,0.875
l_curve_1,184,0.3851539194583893,0.875
l_curve_1,185,0.38443613052368164,0.875
l_curve_1,186,0.383767306804657,0.875
l_curve_1,187,0.3830344080924988,0.875
l_curve_1,188,0.38231170177459717,0.875
l_curve_1,189,0.38155409693717957,0.875
l_curve_1,190,0.38080930709838867,0.875
l_curve_1,191,0.3801088333129883,0.875
l_curve_1,192,0.3794263005256653,0.875
l_curve_1,193,0.3786999583244324,0.875
l_curve_1,194,0.37801340222358704,0.875
l_curve_1,195,0.3773283362388611,0.875
l_curve_1,196,0.3766023516654968,0.875
l_curve_1,197,0.37590742111206055,0.875
l_curve_1,198,0.3752311170101166,0.875
l_curve_1,199,0.3745587170124054,0.875
l_curve_1,200,0.3738766312599182,0.875
l_curve_1,201,0.3732239305973053,0.875
l_curve_1,202,0.3725641369819641,0.875
l_curve_1,203,0.3718821406364441,0.875
l_curve_1,204,0.37124520540237427,0.875
l_curve_1,205,0.37061285972595215,0.875
l_curve_1,206,0.36997491121292114,0.875
l_curve_1,207,0.3693573772907257,0.875
l_curve_1,208,0.3687365651130676,0.875
l_curve_1,209,0.3680873513221741,0.875
l_curve_1,210,0.3674485385417938,0.875
l_curve_1,211,0.3668383061885834,0.875
l_curve_1,212,0.3661939203739166,0.875
l_curve_1,213,0.36555302143096924,0.875
l_curve_1,214,0.3649140000343323,0.875
l_curve_1,215,0.364285409450531,0.875
l_curve_1,216,0.3636578321456909,0.875
l_curve_1,217,0.3630317449569702,0.875
l_curve_1,218,0.3624360263347626,0.875
l_curve_1,219,0.36182254552841187,0.875
l_curve_1,220,0.36120742559432983,0.875
l_curve_1,221,0.3606531023979187,0.875
l_curve_1,222,0.3600356876850128,0.875
l_curve_1,223,0.35945576429367065,0.875
l_curve_1,224,0.3588371276855469,0.875
l_curve_1,225,0.3582552671432495,0.875
l_curve_1,226,0.35765302181243896,0.875
l_curve_1,227,0.35706716775894165,0.875
l_curve_1,228,0.3564848005771637,0.875
l_curve_1,229,0.3558860123157501,0.875
l_curve_1,230,0.3553021550178528,0.875
l_curve_1,231,0.3547156751155853,0.875
l_curve_1,232,0.3541182577610016,0.875
l_curve_1,233,0.353557825088501,0.875
l_curve_1,234,0.35300213098526,0.875
l_curve_1,235,0.3524419367313385,0.875
l_curve_1,236,0.35189008712768555,0.875
l_curve_1,237,0.3513203263282776,0.875
l_curve_1,238,0.35075199604034424,0.875
l_curve_1,239,0.3501929044723511,0.875
l_curve_1,240,0.34965965151786804,0.875
l_curve_1,241,0.34911978244781494,0.875
l_curve_1,242,0.34855395555496216,0.875
l_curve_1,243,0.34804490208625793,0.875
l_curve_1,244,0.34744539856910706,0.875
l_curve_1,245,0.34690576791763306,0.875
l_curve_1,246,0.3463718593120575,0.875
l_curve_1,247,0.34585538506507874,0.875
l_curve_1,248,0.3452850580215454,0.875
l_curve_1,249,0.34480032324790955,0.875
l_curve_1,250,0.3442460894584656,0.875
l_curve_1,251,0.34371015429496765,0.875
l_curve_1,252,0.34315264225006104,0.875
l_curve_1,253,0.3425884544849396,0.875
l_curve_1,254,0.3420880138874054,0.875
l_curve_1,255,0.34160202741622925,0.875
l_curve_1,256,0.34107506275177,0.875
l_curve_1,257,0.3405919671058655,0.875
l_curve_1,258,0.34012100100517273,0.875
l_curve_1,259,0.33962225914001465,0.875
l_curve_1,260,0.33911681175231934,0.875
l_curve_1,261,0.33862918615341187,0.875
l_curve_1,262,0.33808714151382446,0.875
l_curve_1,263,0.3376142978668213,0.875
l_curve_1,264,0.3371427655220032,0.875
l_curve_1,265,0.3366130292415619,0.875
l_curve_1,266,0.33615565299987793,0.875
l_curve_1,267,0.3356463611125946,0.875
l_curve_1,268,0.33516809344291687,0.875
l_curve_1,269,0.33469945192337036,0.875
l_curve_1,270,0.3342472314834595,0.875
l_curve_1,271,0.3337620496749878,0.875
l_curve_1,272,0.3332903981208801,0.875
l_curve_1,273,0.332852303981781,0.875
l_curve_1,274,0.3323695659637451,0.875
l_curve_1,275,0.3319043517112732,0.875
l_curve_1,276,0.331405371427536,0.875
l_curve_1,277,0.33094164729118347,0.875
l_curve_1,278,0.3304944634437561,0.875
l_curve_1,279,0.33003371953964233,0.875
l_curve_1,280,0.32962366938591003,0.875
l_curve_1,281,0.32913336157798767,0.875
l_curve_1,282,0.3286418616771698,0.875
l_curve_1,283,0.3281828761100769,0.875
l_curve_1,284,0.32772761583328247,0.875
l_curve_1,285,0.3273172676563263,0.875
l_curve_1,286,0.3268785774707794,0.875
l_curve_1,287,0.3264532685279846,0.875
l_curve_1,288,0.32601165771484375,0.875
l_curve_1,289,0.3255990147590637,0.875
l_curve_1,290,0.32516342401504517,0.875
l_curve_1,291,0.3247702717781067,0.875
l_curve_1,292,0.3243562579154968,0.875
l_curve_1,293,0.3239282965660095,0.875
l_curve_1,294,0.3234882950782776,0.875
l_curve_1,295,0.3230797052383423,0.875
l_curve_1,296,0.3226505517959595,0.875
l_curve_1,297,0.3222424387931824,0.875
l_curve_1,298,0.3218045234680176,0.875
l_curve_1,299,0.32142388820648193,0.875
l_curve_1,300,0.3210180997848511,0.875
l_curve_1,301,0.32060158252716064,0.875
l_curve_1,302,0.32020074129104614,0.875
l_curve_1,303,0.3197958171367645,0.875
l_curve_1,304,0.31940051913261414,0.875
l_curve_1,305,0.31901460886001587,0.875
l_curve_1,306,0.3186466693878174,0.875
l_curve_1,307,0.3182414770126343,0.875
l_curve_1,308,0.31784138083457947,0.875
l_curve_1,309,0.3174605369567871,0.875
l_curve_1,310,0.31709372997283936,0.875
l_curve_1,311,0.3167092800140381,0.875
l_curve_1,312,0.3163425624370575,0.875
l_curve_1,313,0.31598055362701416,0.875
l_curve_1,314,0.3156098425388336,0.875
l_curve_1,315,0.3152328133583069,0.875
l_curve_1,316,0.31486040353775024,0.875
l_curve_1,317,0.31452658772468567,0.875
l_curve_1,318,0.314146488904953,0.875
l_curve_1,319,0.3138146996498108,0.875
l_curve_1,320,0.31346654891967773,0.875
l_curve_1,321,0.31310611963272095,0.875
l_curve_1,322,0.3127462863922119,0.875
l_curve_1,323,0.31239527463912964,0.875
l_curve_1,324,0.3120568096637726,0.875
l_curve_1,325,0.31169605255126953,0.875
l_curve_1,326,0.31139111518859863,0.875
l_curve_1,327,0.31106439232826233,0.875
l_curve_1,328,0.31070616841316223,0.875
l_curve_1,329,0.3103815019130707,0.875
l_curve_1,330,0.31005874276161194,0.875
l_curve_1,331,0.3097241520881653,0.875
l_curve_1,332,0.3093724846839905,0.875
l_curve_1,333,0.30905020236968994,0.875
l_curve_1,334,0.3087313175201416,0.875
l_curve_1,335,0.3084009885787964,0.875
l_curve_1,336,0.30805647373199463,0.875
l_curve_1,337,0.3077499270439148,0.875
l_curve_1,338,0.3074267506599426,0.875
l_curve_1,339,0.3071051836013794,0.875
l_curve_1,340,0.30679720640182495,0.875
l_curve_1,341,0.3064734935760498,0.875
l_curve_1,342,0.30616456270217896,0.875
l_curve_1,343,0.3058757781982422,0.875
l_curve_1,344,0.30557069182395935,0.875
l_curve_1,345,0.30526408553123474,0.875
l_curve_1,346,0.30496615171432495,0.875
l_curve_1,347,0.3046770691871643,0.875
l_curve_1,348,0.30438560247421265,0.875
l_curve_1,349,0.3040997087955475,0.875
l_curve_1,350,0.30382996797561646,0.875
l_curve_1,351,0.3035643994808197,0.875
l_curve_1,352,0.30327191948890686,0.875
l_curve_1,353,0.3030097782611847,0.875
l_curve_1,354,0.30271926522254944,0.875
l_curve_1,355,0.3024260699748993,0.875
l_curve_1,356,0.30215317010879517,0.875
l_curve_1,357,0.30187371373176575,0.875
l_curve_1,358,0.30161967873573303,0.875
l_curve_1,359,0.3013523817062378,0.875
l_curve_1,360,0.3010837435722351,0.875
l_curve_1,361,0.3008134365081787,0.875
l_curve_1,362,0.3005378246307373,0.875
l_curve_1,363,0.300296425819397,0.875
l_curve_1,364,0.3000403046607971,0.875
l_curve_1,365,0.2997869551181793,0.875
l_curve_1,366,0.2995470464229584,0.875
l_curve_1,367,0.2992911636829376,0.875
l_curve_1,368,0.2990416884422302,0.875
l_curve_1,369,0.29879844188690186,0.875
l_curve_1,370,0.29854148626327515,0.875
l_curve_1,371,0.2982743978500366,0.875
l_curve_1,372,0.2980228066444397,0.875
l_curve_1,373,0.2978031039237976,0.875
l_curve_1,374,0.2975618839263916,0.875
l_curve_1,375,0.29733628034591675,0.875
l_curve_1,376,0.2971142530441284,0.875
l_curve_1,377,0.2968856990337372,0.875
l_curve_1,378,0.29665812849998474,0.875
l_curve_1,379,0.29643070697784424,0.875
l_curve_1,380,0.29620254039764404,0.875
l_curve_1,381,0.295980304479599,0.875
l_curve_1,382,0.29576677083969116,0.875
l_curve_1,383,0.29553040862083435,0.875
l_curve_1,384,0.2953146696090698,0.875
l_curve_1,385,0.2951098680496216,0.875
l_curve_1,386,0.2948981523513794,0.875
l_curve_1,387,0.29469019174575806,0.875
l_curve_1,388,0.29447299242019653,0.875
l_curve_1,389,0.2942620515823364,0.875
l_curve_1,390,0.2940676212310791,0.875
l_curve_1,391,0.29386013746261597,0.875
l_curve_1,392,0.29365941882133484,0.875
l_curve_1,393,0.29343903064727783,0.875
l_curve_1,394,0.2932300567626953,0.875
l_curve_1,395,0.2930346429347992,0.875
l_curve_1,396,0.29282844066619873,0.875
l_curve_1,397,0.2926290035247803,0.875
l_curve_1,398,0.29244154691696167,0.875
l_curve_1,399,0.2922671437263489,0.875
l_curve_1,400,0.2920857071876526,0.875
l_curve_1,401,0.29190415143966675,0.875
l_curve_1,402,0.2917165160179138,0.875
l_curve_1,403,0.29153674840927124,0.875
l_curve_1,404,0.291349858045578,0.875
l_curve_1,405,0.2911703586578369,0.875
l_curve_1,406,0.2909861207008362,0.875
l_curve_1,407,0.29080885648727417,0.875
l_curve_1,408,0.2906237244606018,0.875
l_curve_1,409,0.290446400642395,0.875
l_curve_1,410,0.29025569558143616,0.875
l_curve_1,411,0.29007330536842346,0.875
l_curve_1,412,0.28990480303764343,0.875
l_curve_1,413,0.28974825143814087,0.875
l_curve_1,414,0.28958025574684143,0.875
l_curve_1,415,0.28940749168395996,0.875
l_curve_1,416,0.28925621509552,0.875
l_curve_1,417,0.28909265995025635,0.875
l_curve_1,418,0.2889414429664612,0.875
l_curve_1,419,0.28879302740097046,0.875
l_curve_1,420,0.28862953186035156,0.875
l_curve_1,421,0.28847190737724304,0.875
l_curve_1,422,0.28829696774482727,0.875
l_curve_1,423,0.2881366014480591,0.875
l_curve_1,424,0.28799206018447876,0.875
l_curve_1,425,0.2878287434577942,0.875
l_curve_1,426,0.287678062915802,0.875
l_curve_1,427,0.2875208258628845,0.875
l_curve_1,428,0.28738975524902344,0.875
l_curve_1,429,0.28724437952041626,0.875
l_curve_1,430,0.28710222244262695,0.875
l_curve_1,431,0.2869615852832794,0.875
l_curve_1,432,0.28681397438049316,0.875
l_curve_1,433,0.2866781949996948,0.875
l_curve_1,434,0.2865356206893921,0.875
l_curve_1,435,0.28639912605285645,0.875
l_curve_1,436,0.28626567125320435,0.875
l_curve_1,437,0.28612712025642395,0.875
l_curve_1,438,0.28599080443382263,0.875
l_curve_1,439,0.28585636615753174,0.875
l_curve_1,440,0.2857184112071991,0.875
l_curve_1,441,0.2855801582336426,0.875
l_curve_1,442,0.28544241189956665,0.875
l_curve_1,443,0.2853195369243622,0.875
l_curve_1,444,0.2851935029029846,0.875
l_curve_1,445,0.28505778312683105,0.875
l_curve_1,446,0.28492605686187744,0.875
l_curve_1,447,0.28480568528175354,0.875
l_curve_1,448,0.2846934199333191,0.875
l_curve_1,449,0.2845652103424072,0.875
l_curve_1,450,0.2844409942626953,0.875
l_curve_1,451,0.28431177139282227,0.875
l_curve_1,452,0.28419026732444763,0.875
l_curve_1,453,0.28406596183776855,0.875
l_curve_1,454,0.2839471697807312,0.875
l_curve_1,455,0.2838282585144043,0.875
l_curve_1,456,0.28370946645736694,0.875
l_curve_1,457,0.2835957407951355,0.875
l_curve_1,458,0.2834957242012024,0.875
l_curve_1,459,0.28338104486465454,0.875
l_curve_1,460,0.2832590341567993,0.875
l_curve_1,461,0.2831442356109619,0.875
l_curve_1,462,0.28302955627441406,0.875
l_curve_1,463,0.2829310894012451,0.875
l_curve_1,464,0.28282031416893005,0.875
l_curve_1,465,0.28271162509918213,0.875
l_curve_1,466,0.28260549902915955,0.875
l_curve_1,467,0.28249871730804443,0.875
l_curve_1,468,0.2823905348777771,0.875
l_curve_1,469,0.2822895050048828,0.875
l_curve_1,470,0.28218987584114075,0.875
l_curve_1,471,0.282087504863739,0.875
l_curve_1,472,0.28198254108428955,0.875
l_curve_1,473,0.28188228607177734,0.875
l_curve_1,474,0.28177809715270996,0.875
l_curve_1,475,0.2816864550113678,0.875
l_curve_1,476,0.281581848859787,0.875
l_curve_1,477,0.28149300813674927,0.875
l_curve_1,478,0.28139543533325195,0.875
l_curve_1,479,0.2812999486923218,0.875
l_curve_1,480,0.2812064290046692,0.875
l_curve_1,481,0.2811148762702942,0.875
l_curve_1,482,0.2810220420360565,0.875
l_curve_1,483,0.2809252142906189,0.875
l_curve_1,484,0.28083518147468567,0.875
l_curve_1,485,0.28074395656585693,0.875
l_curve_1,486,0.28065210580825806,0.875
l_curve_1,487,0.2805643081665039,0.875
l_curve_1,488,0.28047287464141846,0.875
l_curve_1,489,0.2803908586502075,0.875
l_curve_1,490,0.2803022563457489,0.875
l_curve_1,491,0.2802201509475708,0.875
l_curve_1,492,0.28013795614242554,0.875
l_curve_1,493,0.28005239367485046,0.875
l_curve_1,494,0.2799616754055023,0.875
l_curve_1,495,0.279878705739975,0.875
l_curve_1,496,0.27979016304016113,0.875
l_curve_1,497,0.27970728278160095,0.875
l_curve_1,498,0.27962252497673035,0.875
l_curve_1,499,0.2795405387878418,0.875
l_curve_1,500,0.27945494651794434,0.875
l_curve_1,501,0.2793787121772766,0.875
l_curve_1,502,0.2793010473251343,0.875
l_curve_1,503,0.27922523021698,0.875
l_curve_1,504,0.279147207736969,0.875
l_curve_1,505,0.2790699303150177,0.875
l_curve_1,506,0.27898991107940674,0.875
l_curve_1,507,0.2789091467857361,0.875
l_curve_1,508,0.2788337469100952,0.875
l_curve_1,509,0.2787551283836365,0.875
l_curve_1,510,0.2786763310432434,0.875
l_curve_1,511,0.2786034941673279,0.875
l_curve_1,512,0.2785313129425049,0.875
l_curve_1,513,0.2784579396247864,0.875
l_curve_1,514,0.27838560938835144,0.875
l_curve_1,515,0.2783133387565613,0.875
l_curve_1,516,0.27824363112449646,0.875
l_curve_1,517,0.2781704366207123,0.875
l_curve_1,518,0.27809977531433105,0.875
l_curve_1,519,0.27802833914756775,0.875
l_curve_1,520,0.2779596149921417,0.875
l_curve_1,521,0.2778901159763336,0.875
l_curve_1,522,0.2778169512748718,0.875
l_curve_1,523,0.27774935960769653,0.875
l_curve_1,524,0.2776823937892914,0.875
l_curve_1,525,0.27761420607566833,0.875
l_curve_1,526,0.27754664421081543,0.875
l_curve_1,527,0.277475506067276,0.875
l_curve_1,528,0.2774139940738678,0.875
l_curve_1,529,0.277347207069397,0.875
l_curve_1,530,0.2772829830646515,0.875
l_curve_1,531,0.27722081542015076,0.875
l_curve_1,532,0.277161180973053,0.875
l_curve_1,533,0.277092307806015,0.875
l_curve_1,534,0.27702754735946655,0.875
l_curve_1,535,0.2769644558429718,0.875
l_curve_1,536,0.276899516582489,0.875
l_curve_1,537,0.2768391966819763,0.875
l_curve_1,538,0.27677807211875916,0.875
l_curve_1,539,0.276721328496933,0.875
l_curve_1,540,0.27666324377059937,0.875
l_curve_1,541,0.27659955620765686,0.875
l_curve_1,542,0.2765350341796875,0.875
l_curve_1,543,0.2764754891395569,0.875
l_curve_1,544,0.2764165997505188,0.875
l_curve_1,545,0.27635639905929565,0.875
l_curve_1,546,0.27630290389060974,0.875
l_curve_1,547,0.27624624967575073,0.875
l_curve_1,548,0.27618199586868286,0.875
l_curve_1,549,0.27612388134002686,0.875
l_curve_1,550,0.2760618031024933,0.875
l_curve_1,551,0.2760075330734253,0.875
l_curve_1,552,0.27594974637031555,0.875
l_curve_1,553,0.2758917212486267,0.875
l_curve_1,554,0.27584052085876465,0.875
l_curve_1,555,0.27578017115592957,0.875
l_curve_1,556,0.27572351694107056,0.875
l_curve_1,557,0.2756689488887787,0.8125
l_curve_1,558,0.2756148874759674,0.8125
l_curve_1,559,0.27555936574935913,0.8125
l_curve_1,560,0.275503933429718,0.8125
l_curve_1,561,0.27545082569122314,0.8125
l_curve_1,562,0.2753942012786865,0.8125
l_curve_1,563,0.27533724904060364,0.8125
l_curve_1,564,0.2752821147441864,0.8125
l_curve_1,565,0.2752237617969513,0.8125
l_curve_1,566,0.2751730680465698,0.8125
l_curve_1,567,0.27511829137802124,0.8125
l_curve_1,568,0.2750663161277771,0.8125
l_curve_1,569,0.2750108540058136,0.8125
l_curve_1,570,0.27495431900024414,0.8125
l_curve_1,571,0.27489838004112244,0.8125
l_curve_1,572,0.2748456597328186,0.8125
l_curve_1,573,0.2747977077960968,0.8125
l_curve_1,574,0.274742066860199,0.8125
l_curve_1,575,0.2746889591217041,0.8125
l_curve_1,576,0.27463459968566895,0.8125
l_curve_1,577,0.27458325028419495,0.8125
l_curve_1,578,0.27452802658081055,0.8125
l_curve_1,579,0.2744724452495575,0.8125
l_curve_1,580,0.27442681789398193,0.8125
l_curve_1,581,0.2743797302246094,0.8125
l_curve_1,582,0.27432888746261597,0.8125
l_curve_1,583,0.2742795944213867,0.8125
l_curve_1,584,0.27422407269477844,0.8125
l_curve_1,585,0.2741678059101105,0.8125
l_curve_1,586,0.27412229776382446,0.8125
l_curve_1,587,0.2740710973739624,0.8125
l_curve_1,588,0.27402108907699585,0.8125
l_curve_1,589,0.27397245168685913,0.8125
l_curve_1,590,0.27391624450683594,0.8125
l_curve_1,591,0.27386537194252014,0.8125
l_curve_1,592,0.2738090455532074,0.8125
l_curve_1,593,0.27375921607017517,0.8125
l_curve_1,594,0.273710161447525,0.8125
l_curve_1,595,0.2736670970916748,0.8125
l_curve_1,596,0.2736155390739441,0.8125
l_curve_1,597,0.27356961369514465,0.8125
l_curve_1,598,0.2735165059566498,0.8125
l_curve_1,599,0.2734718918800354,0.8125
l_curve_1,600,0.27341780066490173,0.8125
l_curve_1,601,0.2733578681945801,0.8125
l_curve_1,602,0.27330493927001953,0.8125
l_curve_1,603,0.27325692772865295,0.8125
l_curve_1,604,0.2732124626636505,0.8125
l_curve_1,605,0.273152232170105,0.8125
l_curve_1,606,0.2731049954891205,0.8125
l_curve_1,607,0.2730530798435211,0.8125
l_curve_1,608,0.27300363779067993,0.8125
l_curve_1,609,0.2729485034942627,0.8125
l_curve_1,610,0.2728920876979828,0.8125
l_curve_1,611,0.2728387117385864,0.8125
l_curve_1,612,0.2727871537208557,0.8125
l_curve_1,613,0.2727346122264862,0.8125
l_curve_1,614,0.2726801037788391,0.8125
l_curve_1,615,0.27263277769088745,0.8125
l_curve_1,616,0.2725781202316284,0.8125
l_curve_1,617,0.27252861857414246,0.8125
l_curve_1,618,0.2724730372428894,0.8125
l_curve_1,619,0.27242791652679443,0.8125
l_curve_1,620,0.2723785936832428,0.8125
l_curve_1,621,0.2723332643508911,0.8125
l_curve_1,622,0.2722740173339844,0.8125
l_curve_1,623,0.2722308039665222,0.8125
l_curve_1,624,0.2721711993217468,0.8125
l_curve_1,625,0.27211594581604004,0.8125
l_curve_1,626,0.272058367729187,0.8125
l_curve_1,627,0.2720097303390503,0.8125
l_curve_1,628,0.2719622850418091,0.8125
l_curve_1,629,0.2719225287437439,0.8125
l_curve_1,630,0.27187222242355347,0.8125
l_curve_1,631,0.2718120217323303,0.8125
l_curve_1,632,0.27176347374916077,0.8125
l_curve_1,633,0.2717047929763794,0.8125
l_curve_1,634,0.27165907621383667,0.8125
l_curve_1,635,0.2715945243835449,0.8125
l_curve_1,636,0.27154260873794556,0.8125
l_curve_1,637,0.27148425579071045,0.8125
l_curve_1,638,0.27142637968063354,0.8125
l_curve_1,639,0.27138009667396545,0.8125
l_curve_1,640,0.2713315188884735,0.8125
l_curve_1,641,0.2712709605693817,0.8125
l_curve_1,642,0.27122870087623596,0.8125
l_curve_1,643,0.27117156982421875,0.8125
l_curve_1,644,0.2711196541786194,0.8125
l_curve_1,645,0.27105408906936646,0.8125
l_curve_1,646,0.2710065245628357,0.8125
l_curve_1,647,0.27095115184783936,0.8125
l_curve_1,648,0.2708848714828491,0.8125
l_curve_1,649,0.270829975605011,0.8125
l_curve_1,650,0.27077364921569824,0.8125
l_curve_1,651,0.270720899105072,0.8125
l_curve_1,652,0.27067187428474426,0.8125
l_curve_1,653,0.2706097960472107,0.8125
l_curve_1,654,0.27056652307510376,0.8125
l_curve_1,655,0.27050963044166565,0.8125
l_curve_1,656,0.2704501748085022,0.8125
l_curve_1,657,0.27038711309432983,0.8125
l_curve_1,658,0.27033764123916626,0.8125
l_curve_1,659,0.270280659198761,0.8125
l_curve_1,660,0.2702275514602661,0.8125
l_curve_1,661,0.2701643109321594,0.8125
l_curve_1,662,0.27010807394981384,0.8125
l_curve_1,663,0.27003857493400574,0.8125
l_curve_1,664,0.26998037099838257,0.8125
l_curve_1,665,0.26990896463394165,0.8125
l_curve_1,666,0.269863098859787,0.8125
l_curve_1,667,0.2698122262954712,0.8125
l_curve_1,668,0.26976269483566284,0.8125
l_curve_1,669,0.2696908712387085,0.8125
l_curve_1,670,0.26961976289749146,0.8125
l_curve_1,671,0.26957085728645325,0.8125
l_curve_1,672,0.26950907707214355,0.8125
l_curve_1,673,0.2694464325904846,0.8125
l_curve_1,674,0.26937925815582275,0.8125
l_curve_1,675,0.2693282961845398,0.8125
l_curve_1,676,0.2692769765853882,0.8125
l_curve_1,677,0.26922407746315,0.8125
l_curve_1,678,0.2691713571548462,0.8125
l_curve_1,679,0.2690896987915039,0.8125
l_curve_1,680,0.2690238058567047,0.8125
l_curve_1,681,0.26896530389785767,0.8125
l_curve_1,682,0.2689070701599121,0.8125
l_curve_1,683,0.2688542902469635,0.8125
l_curve_1,684,0.2687841057777405,0.8125
l_curve_1,685,0.2687205672264099,0.8125
l_curve_1,686,0.26866012811660767,0.8125
l_curve_1,687,0.26860055327415466,0.8125
l_curve_1,688,0.2685275971889496,0.8125
l_curve_1,689,0.26845601201057434,0.8125
l_curve_1,690,0.26839306950569153,0.8125
l_curve_1,691,0.2683231234550476,0.8125
l_curve_1,692,0.2682756781578064,0.8125
l_curve_1,693,0.2682013511657715,0.8125
l_curve_1,694,0.2681320607662201,0.8125
l_curve_1,695,0.2680695950984955,0.8125
l_curve_1,696,0.2680026888847351,0.8125
l_curve_1,697,0.2679455280303955,0.8125
l_curve_1,698,0.26788121461868286,0.8125
l_curve_1,699,0.2678227424621582,0.8125
l_curve_1,700,0.267753005027771,0.8125
l_curve_1,701,0.2676865756511688,0.8125
l_curve_1,702,0.2676122188568115,0.8125
l_curve_1,703,0.26753684878349304,0.8125
l_curve_1,704,0.2674729824066162,0.8125
l_curve_1,705,0.26740336418151855,0.8125
l_curve_1,706,0.2673248052597046,0.8125
l_curve_1,707,0.26725733280181885,0.8125
l_curve_1,708,0.26719117164611816,0.8125
l_curve_1,709,0.26713261008262634,0.8125
l_curve_1,710,0.2670527994632721,0.8125
l_curve_1,711,0.2669816017150879,0.8125
l_curve_1,712,0.2669087052345276,0.8125
l_curve_1,713,0.26684749126434326,0.8125
l_curve_1,714,0.2667616605758667,0.8125
l_curve_1,715,0.26669076085090637,0.8125
l_curve_1,716,0.2666124105453491,0.8125
l_curve_1,717,0.26653748750686646,0.8125
l_curve_1,718,0.2664641737937927,0.8125
l_curve_1,719,0.2663867473602295,0.8125
l_curve_1,720,0.2663074731826782,0.8125
l_curve_1,721,0.2662329077720642,0.8125
l_curve_1,722,0.2661503553390503,0.8125
l_curve_1,723,0.26607462763786316,0.8125
l_curve_1,724,0.26599326729774475,0.8125
l_curve_1,725,0.26592859625816345,0.8125
l_curve_1,726,0.26585373282432556,0.8125
l_curve_1,727,0.2657870948314667,0.8125
l_curve_1,728,0.2657032907009125,0.8125
l_curve_1,729,0.26563048362731934,0.8125
l_curve_1,730,0.2655540108680725,0.8125
l_curve_1,731,0.2654879689216614,0.8125
l_curve_1,732,0.26539355516433716,0.8125
l_curve_1,733,0.26531916856765747,0.8125
l_curve_1,734,0.2652435302734375,0.8125
l_curve_1,735,0.2651657164096832,0.8125
l_curve_1,736,0.2650909423828125,0.8125
l_curve_1,737,0.2650129199028015,0.8125
l_curve_1,738,0.264920175075531,0.8125
l_curve_1,739,0.2648322582244873,0.8125
l_curve_1,740,0.26474443078041077,0.8125
l_curve_1,741,0.26466476917266846,0.8125
l_curve_1,742,0.2645927965641022,0.8125
l_curve_1,743,0.26450151205062866,0.8125
l_curve_1,744,0.2644175887107849,0.8125
l_curve_1,745,0.2643415331840515,0.8125
l_curve_1,746,0.26425498723983765,0.8125
l_curve_1,747,0.26416683197021484,0.8125
l_curve_1,748,0.26409438252449036,0.8125
l_curve_1,749,0.26402372121810913,0.8125
l_curve_1,750,0.2639489769935608,0.8125
l_curve_1,751,0.26386451721191406,0.8125
l_curve_1,752,0.2637777328491211,0.8125
l_curve_1,753,0.26369941234588623,0.8125
l_curve_1,754,0.26360541582107544,0.8125
l_curve_1,755,0.2635243535041809,0.8125
l_curve_1,756,0.263424277305603,0.8125
l_curve_1,757,0.2633325755596161,0.8125
l_curve_1,758,0.2632623314857483,0.8125
l_curve_1,759,0.2631697952747345,0.8125
l_curve_1,760,0.2630780041217804,0.8125
l_curve_1,761,0.26300010085105896,0.8125
l_curve_1,762,0.2628931999206543,0.8125
l_curve_1,763,0.2627963125705719,0.8125
l_curve_1,764,0.2627153992652893,0.8125
l_curve_1,765,0.26263362169265747,0.8125
l_curve_1,766,0.26255160570144653,0.8125
l_curve_1,767,0.26245152950286865,0.8125
l_curve_1,768,0.26235899329185486,0.8125
l_curve_1,769,0.2622779607772827,0.8125
l_curve_1,770,0.26218271255493164,0.8125
l_curve_1,771,0.26209571957588196,0.8125
l_curve_1,772,0.2620108127593994,0.8125
l_curve_1,773,0.26192477345466614,0.8125
l_curve_1,774,0.2618173062801361,0.8125
l_curve_1,775,0.2617242634296417,0.8125
l_curve_1,776,0.2616281807422638,0.8125
l_curve_1,777,0.2615305185317993,0.8125
l_curve_1,778,0.2614336609840393,0.8125
l_curve_1,779,0.2613418698310852,0.8125
l_curve_1,780,0.26125460863113403,0.8125
l_curve_1,781,0.26116472482681274,0.8125
l_curve_1,782,0.2610856890678406,0.8125
l_curve_1,783,0.26099860668182373,0.8125
l_curve_1,784,0.2609029710292816,0.8125
l_curve_1,785,0.2608145773410797,0.8125
l_curve_1,786,0.2607246935367584,0.8125
l_curve_1,787,0.26063063740730286,0.8125
l_curve_1,788,0.2605375647544861,0.8125
l_curve_1,789,0.2604447603225708,0.8125
l_curve_1,790,0.2603406310081482,0.8125
l_curve_1,791,0.2602417469024658,0.8125
l_curve_1,792,0.26013505458831787,0.8125
l_curve_1,793,0.26004675030708313,0.8125
l_curve_1,794,0.25994789600372314,0.8125
l_curve_1,795,0.259840190410614,0.8125
l_curve_1,796,0.25973495841026306,0.8125
l_curve_1,797,0.25962936878204346,0.8125
l_curve_1,798,0.2595352530479431,0.8125
l_curve_1,799,0.25942447781562805,0.8125
l_curve_1,800,0.25933051109313965,0.8125
l_curve_1,801,0.25925344228744507,0.8125
l_curve_1,802,0.2591506540775299,0.8125
l_curve_1,803,0.25905585289001465,0.8125
l_curve_1,804,0.2589404881000519,0.8125
l_curve_1,805,0.25884222984313965,0.8125
l_curve_1,806,0.25874194502830505,0.8125
l_curve_1,807,0.25865086913108826,0.8125
l_curve_1,808,0.2585662007331848,0.8125
l_curve_1,809,0.25844699144363403,0.8125
l_curve_1,810,0.2583548426628113,0.8125
l_curve_1,811,0.25824499130249023,0.8125
l_curve_1,812,0.25814688205718994,0.8125
l_curve_1,813,0.25802934169769287,0.8125
l_curve_1,814,0.2579232454299927,0.8125
l_curve_1,815,0.25783461332321167,0.8125
l_curve_1,816,0.25773659348487854,0.8125
l_curve_1,817,0.257640540599823,0.8125
l_curve_1,818,0.2575424611568451,0.8125
l_curve_1,819,0.2574414014816284,0.8125
l_curve_1,820,0.2573525309562683,0.8125
l_curve_1,821,0.25725170969963074,0.8125
l_curve_1,822,0.2571452260017395,0.8125
l_curve_1,823,0.25702765583992004,0.8125
l_curve_1,824,0.2569291293621063,0.8125
l_curve_1,825,0.2568023204803467,0.8125
l_curve_1,826,0.25671085715293884,0.8125
l_curve_1,827,0.256602942943573,0.8125
l_curve_1,828,0.2564915716648102,0.8125
l_curve_1,829,0.2563847303390503,0.8125
l_curve_1,830,0.25629034638404846,0.8125
l_curve_1,831,0.2561827301979065,0.8125
l_curve_1,832,0.2560850977897644,0.8125
l_curve_1,833,0.255995512008667,0.8125
l_curve_1,834,0.25589698553085327,0.8125
l_curve_1,835,0.25578853487968445,0.8125
l_curve_1,836,0.2556636929512024,0.8125
l_curve_1,837,0.25554487109184265,0.8125
l_curve_1,838,0.2554461359977722,0.8125
l_curve_1,839,0.2553490996360779,0.8125
l_curve_1,840,0.25522997975349426,0.8125
l_curve_1,841,0.25512808561325073,0.8125
l_curve_1,842,0.2550069987773895,0.8125
l_curve_1,843,0.25491654872894287,0.8125
l_curve_1,844,0.25480759143829346,0.8125
l_curve_1,845,0.25469082593917847,0.8125
l_curve_1,846,0.2545734643936157,0.8125
l_curve_1,847,0.25446319580078125,0.8125
l_curve_1,848,0.2543666660785675,0.8125
l_curve_1,849,0.2542525827884674,0.8125
l_curve_1,850,0.2541216313838959,0.8125
l_curve_1,851,0.2540247440338135,0.8125
l_curve_1,852,0.25392553210258484,0.8125
l_curve_1,853,0.2538180649280548,0.8125
l_curve_1,854,0.25370481610298157,0.8125
l_curve_1,855,0.2535790503025055,0.8125
l_curve_1,856,0.25348377227783203,0.8125
l_curve_1,857,0.2533726990222931,0.8125
l_curve_1,858,0.253251314163208,0.8125
l_curve_1,859,0.25314608216285706,0.8125
l_curve_1,860,0.2530238926410675,0.8125
l_curve_1,861,0.2529144287109375,0.8125
l_curve_1,862,0.2528158724308014,0.8125
l_curve_1,863,0.25271421670913696,0.8125
l_curve_1,864,0.25260186195373535,0.8125
l_curve_1,865,0.2524804472923279,0.8125
l_curve_1,866,0.252377986907959,0.8125
l_curve_1,867,0.2522569000720978,0.8125
l_curve_1,868,0.25214534997940063,0.8125
l_curve_1,869,0.25201719999313354,0.8125
l_curve_1,870,0.2518904209136963,0.8125
l_curve_1,871,0.25177913904190063,0.8125
l_curve_1,872,0.25166600942611694,0.8125
l_curve_1,873,0.2515486478805542,0.8125
l_curve_1,874,0.25142085552215576,0.8125
l_curve_1,875,0.25130748748779297,0.8125
l_curve_1,876,0.25118836760520935,0.8125
l_curve_1,877,0.25107288360595703,0.8125
l_curve_1,878,0.25094038248062134,0.8125
l_curve_1,879,0.25082093477249146,0.8125
l_curve_1,880,0.2507268786430359,0.8125
l_curve_1,881,0.2506153881549835,0.8125
l_curve_1,882,0.2505023181438446,0.8125
l_curve_1,883,0.25037240982055664,0.8125
l_curve_1,884,0.2502763569355011,0.8125
l_curve_1,885,0.2501596212387085,0.8125
l_curve_1,886,0.2500562071800232,0.8125
l_curve_1,887,0.24993987381458282,0.8125
l_curve_1,888,0.24981838464736938,0.8125
l_curve_1,889,0.24971240758895874,0.8125
l_curve_1,890,0.24958185851573944,0.8125
l_curve_1,891,0.24947676062583923,0.8125
l_curve_1,892,0.249345600605011,0.8125
l_curve_1,893,0.24921995401382446,0.8125
l_curve_1,894,0.2491239756345749,0.8125
l_curve_1,895,0.24901607632637024,0.8125
l_curve_1,896,0.24890288710594177,0.8125
l_curve_1,897,0.24880264699459076,0.8125
l_curve_1,898,0.24867799878120422,0.8125
l_curve_1,899,0.24855247139930725,0.8125
l_curve_1,900,0.24842800199985504,0.8125
l_curve_1,901,0.2483101189136505,0.8125
l_curve_1,902,0.24821047484874725,0.8125
l_curve_1,903,0.2480834424495697,0.8125
l_curve_1,904,0.24797463417053223,0.8125
l_curve_1,905,0.24785572290420532,0.8125
l_curve_1,906,0.24773766100406647,0.8125
l_curve_1,907,0.24762172996997833,0.8125
l_curve_1,908,0.2475035935640335,0.8125
l_curve_1,909,0.24738356471061707,0.8125
l_curve_1,910,0.24725937843322754,0.8125
l_curve_1,911,0.24713197350502014,0.8125
l_curve_1,912,0.24700024724006653,0.8125
l_curve_1,913,0.24689270555973053,0.8125
l_curve_1,914,0.24678745865821838,0.8125
l_curve_1,915,0.2466888427734375,0.8125
l_curve_1,916,0.24655525386333466,0.8125
l_curve_1,917,0.2464226335287094,0.8125
l_curve_1,918,0.24631008505821228,0.8125
l_curve_1,919,0.24620287120342255,0.8125
l_curve_1,920,0.24608470499515533,0.8125
l_curve_1,921,0.24597452580928802,0.8125
l_curve_1,922,0.24585315585136414,0.8125
l_curve_1,923,0.2457457333803177,0.8125
l_curve_1,924,0.2456158697605133,0.8125
l_curve_1,925,0.24551521241664886,0.8125
l_curve_1,926,0.24539171159267426,0.8125
l_curve_1,927,0.2452525496482849,0.8125
l_curve_1,928,0.2451304793357849,0.8125
l_curve_1,929,0.24501778185367584,0.8125
l_curve_1,930,0.2449057698249817,0.8125
l_curve_1,931,0.24481044709682465,0.8125
l_curve_1,932,0.24468636512756348,0.8125
l_curve_1,933,0.24455493688583374,0.8125
l_curve_1,934,0.24443086981773376,0.8125
l_curve_1,935,0.2443004846572876,0.8125
l_curve_1,936,0.2441917210817337,0.8125
l_curve_1,937,0.24406401813030243,0.8125
l_curve_1,938,0.24395723640918732,0.8125
l_curve_1,939,0.24384939670562744,0.8125
l_curve_1,940,0.24373330175876617,0.8125
l_curve_1,941,0.24361678957939148,0.8125
l_curve_1,942,0.24349159002304077,0.8125
l_curve_1,943,0.24335789680480957,0.8125
l_curve_1,944,0.24325153231620789,0.8125
l_curve_1,945,0.24313881993293762,0.8125
l_curve_1,946,0.24301518499851227,0.8125
l_curve_1,947,0.24289780855178833,0.8125
l_curve_1,948,0.24275968968868256,0.8125
l_curve_1,949,0.24264554679393768,0.8125
l_curve_1,950,0.24253436923027039,0.8125
l_curve_1,951,0.24241161346435547,0.8125
l_curve_1,952,0.24229758977890015,0.8125
l_curve_1,953,0.24218672513961792,0.8125
l_curve_1,954,0.24206042289733887,0.8125
l_curve_1,955,0.24191801249980927,0.8125
l_curve_1,956,0.24179524183273315,0.8125
l_curve_1,957,0.24166716635227203,0.8125
l_curve_1,958,0.24154433608055115,0.8125
l_curve_1,959,0.24144339561462402,0.8125
l_curve_1,960,0.24133342504501343,0.8125
l_curve_1,961,0.2411944568157196,0.8125
l_curve_1,962,0.2410721629858017,0.8125
l_curve_1,963,0.2409800887107849,0.8125
l_curve_1,964,0.2408566176891327,0.8125
l_curve_1,965,0.2407234013080597,0.8125
l_curve_1,966,0.24061888456344604,0.8125
l_curve_1,967,0.24050363898277283,0.8125
l_curve_1,968,0.24038004875183105,0.8125
l_curve_1,969,0.24027304351329803,0.8125
l_curve_1,970,0.24016214907169342,0.8125
l_curve_1,971,0.2400435209274292,0.8125
l_curve_1,972,0.23991739749908447,0.8125
l_curve_1,973,0.23981164395809174,0.8125
l_curve_1,974,0.2396845668554306,0.8125
l_curve_1,975,0.2395663559436798,0.8125
l_curve_1,976,0.23945844173431396,0.8125
l_curve_1,977,0.2393210530281067,0.8125
l_curve_1,978,0.23919150233268738,0.8125
l_curve_1,979,0.2390689253807068,0.8125
l_curve_1,980,0.2389432042837143,0.8125
l_curve_1,981,0.23881763219833374,0.8125
l_curve_1,982,0.2386969029903412,0.8125
l_curve_1,983,0.2385745793581009,0.8125
l_curve_1,984,0.23846055567264557,0.8125
l_curve_1,985,0.23832809925079346,0.8125
l_curve_1,986,0.23821255564689636,0.8125
l_curve_1,987,0.23809584975242615,0.8125
l_curve_1,988,0.2379629760980606,0.8125
l_curve_1,989,0.237839475274086,0.8125
l_curve_1,990,0.23771131038665771,0.8125
l_curve_1,991,0.2375749945640564,0.8125
l_curve_1,992,0.23745180666446686,0.8125
l_curve_1,993,0.23733201622962952,0.8125
l_curve_1,994,0.23720380663871765,0.8125
l_curve_1,995,0.23708754777908325,0.8125
l_curve_1,996,0.2369461953639984,0.8125
l_curve_1,997,0.2368248999118805,0.8125
l_curve_1,998,0.23672038316726685,0.8125
l_curve_1,999,0.23660781979560852,0.8125
l_curve_1,1000,0.2364840805530548,0.8125
l_curve_1,1001,0.23636507987976074,0.8125
l_curve_1,1002,0.2362724095582962,0.8125
l_curve_1,1003,0.23616984486579895,0.8125
l_curve_1,1004,0.2360527664422989,0.8125
l_curve_1,1005,0.23591193556785583,0.8125
l_curve_1,1006,0.23578348755836487,0.8125
l_curve_1,1007,0.23565872013568878,0.8125
l_curve_1,1008,0.2355472445487976,0.8125
l_curve_1,1009,0.23540203273296356,0.8125
l_curve_1,1010,0.23528841137886047,0.8125
l_curve_1,1011,0.23517164587974548,0.8125
l_curve_1,1012,0.23505118489265442,0.8125
l_curve_1,1013,0.23494389653205872,0.8125
l_curve_1,1014,0.2348114550113678,0.8125
l_curve_1,1015,0.23468205332756042,0.8125
l_curve_1,1016,0.23457206785678864,0.8125
l_curve_1,1017,0.23445090651512146,0.8125
l_curve_1,1018,0.23433314263820648,0.8125
l_curve_1,1019,0.23419810831546783,0.8125
l_curve_1,1020,0.23406657576560974,0.8125
l_curve_1,1021,0.2339516580104828,0.8125
l_curve_1,1022,0.23382839560508728,0.8125
l_curve_1,1023,0.23371288180351257,0.8125
l_curve_1,1024,0.23360270261764526,0.8125
l_curve_1,1025,0.23347292840480804,0.8125
l_curve_1,1026,0.23332703113555908,0.8125
l_curve_1,1027,0.23322349786758423,0.8125
l_curve_1,1028,0.23311670124530792,0.8125
l_curve_1,1029,0.23299120366573334,0.8125
l_curve_1,1030,0.23289254307746887,0.8125
l_curve_1,1031,0.2327640950679779,0.8125
l_curve_1,1032,0.23264235258102417,0.8125
l_curve_1,1033,0.23252719640731812,0.8125
l_curve_1,1034,0.23239459097385406,0.8125
l_curve_1,1035,0.23226937651634216,0.8125
l_curve_1,1036,0.2321368306875229,0.8125
l_curve_1,1037,0.23202456533908844,0.8125
l_curve_1,1038,0.23190174996852875,0.8125
l_curve_1,1039,0.23179776966571808,0.8125
l_curve_1,1040,0.23167550563812256,0.8125
l_curve_1,1041,0.23156142234802246,0.8125
l_curve_1,1042,0.23142367601394653,0.8125
l_curve_1,1043,0.23129141330718994,0.8125
l_curve_1,1044,0.2311665117740631,0.8125
l_curve_1,1045,0.23105034232139587,0.8125
l_curve_1,1046,0.23093098402023315,0.8125
l_curve_1,1047,0.23080852627754211,0.8125
l_curve_1,1048,0.23067864775657654,0.8125
l_curve_1,1049,0.23055610060691833,0.8125
l_curve_1,1050,0.23044374585151672,0.8125
l_curve_1,1051,0.23033159971237183,0.8125
l_curve_1,1052,0.2302101105451584,0.8125
l_curve_1,1053,0.23010124266147614,0.8125
l_curve_1,1054,0.2299714833498001,0.8125
l_curve_1,1055,0.2298368662595749,0.8125
l_curve_1,1056,0.2297055423259735,0.8125
l_curve_1,1057,0.22957521677017212,0.8125
l_curve_1,1058,0.22946347296237946,0.8125
l_curve_1,1059,0.2293543517589569,0.8125
l_curve_1,1060,0.22923626005649567,0.8125
l_curve_1,1061,0.22912012040615082,0.8125
l_curve_1,1062,0.22902211546897888,0.8125
l_curve_1,1063,0.22889995574951172,0.8125
l_curve_1,1064,0.22878938913345337,0.8125
l_curve_1,1065,0.22865626215934753,0.8125
l_curve_1,1066,0.22852587699890137,0.8125
l_curve_1,1067,0.22840851545333862,0.8125
l_curve_1,1068,0.22828489542007446,0.8125
l_curve_1,1069,0.22816860675811768,0.8125
l_curve_1,1070,0.22803135216236115,0.8125
l_curve_1,1071,0.2278975248336792,0.8125
l_curve_1,1072,0.22778694331645966,0.8125
l_curve_1,1073,0.22766588628292084,0.8125
l_curve_1,1074,0.2275501936674118,0.8125
l_curve_1,1075,0.22744038701057434,0.8125
l_curve_1,1076,0.22731608152389526,0.8125
l_curve_1,1077,0.22718732059001923,0.8125
l_curve_1,1078,0.2270849049091339,0.8125
l_curve_1,1079,0.22696234285831451,0.8125
l_curve_1,1080,0.22685623168945312,0.8125
l_curve_1,1081,0.2267475128173828,0.8125
l_curve_1,1082,0.2266402542591095,0.8125
l_curve_1,1083,0.22652482986450195,0.8125
l_curve_1,1084,0.22639846801757812,0.8125
l_curve_1,1085,0.22627265751361847,0.8125
l_curve_1,1086,0.2261604219675064,0.8125
l_curve_1,1087,0.22602041065692902,0.8125
l_curve_1,1088,0.2258976399898529,0.8125
l_curve_1,1089,0.2257683277130127,0.8125
l_curve_1,1090,0.22564643621444702,0.8125
l_curve_1,1091,0.2255306839942932,0.8125
l_curve_1,1092,0.2254217267036438,0.8125
l_curve_1,1093,0.2253050059080124,0.8125
l_curve_1,1094,0.22518879175186157,0.8125
l_curve_1,1095,0.22508172690868378,0.8125
l_curve_1,1096,0.22497299313545227,0.8125
l_curve_1,1097,0.2248474359512329,0.8125
l_curve_1,1098,0.22472840547561646,0.8125
l_curve_1,1099,0.22460222244262695,0.8125
l_curve_1,1100,0.2244793325662613,0.8125
l_curve_1,1101,0.22436107695102692,0.8125
l_curve_1,1102,0.22422783076763153,0.8125
l_curve_1,1103,0.2241092324256897,0.8125
l_curve_1,1104,0.2239915430545807,0.8125
l_curve_1,1105,0.22385746240615845,0.8125
l_curve_1,1106,0.2237296849489212,0.8125
l_curve_1,1107,0.22361122071743011,0.8125
l_curve_1,1108,0.22348549962043762,0.8125
l_curve_1,1109,0.2233629673719406,0.8125
l_curve_1,1110,0.22326911985874176,0.8125
l_curve_1,1111,0.22315195202827454,0.8125
l_curve_1,1112,0.22302816808223724,0.8125
l_curve_1,1113,0.22291706502437592,0.8125
l_curve_1,1114,0.22279003262519836,0.8125
l_curve_1,1115,0.22265103459358215,0.8125
l_curve_1,1116,0.22251489758491516,0.8125
l_curve_1,1117,0.22240659594535828,0.8125
l_curve_1,1118,0.22229686379432678,0.8125
l_curve_1,1119,0.22217483818531036,0.8125
l_curve_1,1120,0.2220618724822998,0.8125
l_curve_1,1121,0.2219560444355011,0.8125
l_curve_1,1122,0.22182926535606384,0.8125
l_curve_1,1123,0.22171363234519958,0.8125
l_curve_1,1124,0.22161024808883667,0.8125
l_curve_1,1125,0.221513032913208,0.8125
l_curve_1,1126,0.22141191363334656,0.8125
l_curve_1,1127,0.22128504514694214,0.8125
l_curve_1,1128,0.22115489840507507,0.8125
l_curve_1,1129,0.22103279829025269,0.8125
l_curve_1,1130,0.2209082394838333,0.8125
l_curve_1,1131,0.22079773247241974,0.8125
l_curve_1,1132,0.22069063782691956,0.8125
l_curve_1,1133,0.22057697176933289,0.8125
l_curve_1,1134,0.22047528624534607,0.8125
l_curve_1,1135,0.22036828100681305,0.8125
l_curve_1,1136,0.22023364901542664,0.8125
l_curve_1,1137,0.22013415396213531,0.8125
l_curve_1,1138,0.22000658512115479,0.8125
l_curve_1,1139,0.2198873609304428,0.8125
l_curve_1,1140,0.21976886689662933,0.8125
l_curve_1,1141,0.2196435034275055,0.8125
l_curve_1,1142,0.219515860080719,0.8125
l_curve_1,1143,0.21942904591560364,0.8125
l_curve_1,1144,0.21930688619613647,0.8125
l_curve_1,1145,0.2191963493824005,0.8125
l_curve_1,1146,0.21907413005828857,0.8125
l_curve_1,1147,0.21893689036369324,0.8125
l_curve_1,1148,0.21884188055992126,0.8125
l_curve_1,1149,0.21872887015342712,0.8125
l_curve_1,1150,0.21861770749092102,0.8125
l_curve_1,1151,0.2184959053993225,0.8125
l_curve_1,1152,0.2183745801448822,0.8125
l_curve_1,1153,0.218246728181839,0.8125
l_curve_1,1154,0.2181023359298706,0.8125
l_curve_1,1155,0.21797391772270203,0.8125
l_curve_1,1156,0.21784649789333344,0.8125
l_curve_1,1157,0.21774202585220337,0.8125
l_curve_1,1158,0.21762830018997192,0.8125
l_curve_1,1159,0.217523992061615,0.8125
l_curve_1,1160,0.2174176573753357,0.8125
l_curve_1,1161,0.21728911995887756,0.8125
l_curve_1,1162,0.21715876460075378,0.8125
l_curve_1,1163,0.217054545879364,0.8125
l_curve_1,1164,0.21692948043346405,0.8125
l_curve_1,1165,0.2168264240026474,0.8125
l_curve_1,1166,0.21672460436820984,0.8125
l_curve_1,1167,0.21660876274108887,0.8125
l_curve_1,1168,0.21649083495140076,0.8125
l_curve_1,1169,0.21634933352470398,0.8125
l_curve_1,1170,0.21623605489730835,0.8125
l_curve_1,1171,0.21612578630447388,0.8125
l_curve_1,1172,0.21601739525794983,0.8125
l_curve_1,1173,0.21591100096702576,0.8125
l_curve_1,1174,0.21581217646598816,0.8125
l_curve_1,1175,0.2156950831413269,0.8125
l_curve_1,1176,0.2155834585428238,0.8125
l_curve_1,1177,0.21546989679336548,0.8125
l_curve_1,1178,0.21536391973495483,0.8125
l_curve_1,1179,0.21523995697498322,0.8125
l_curve_1,1180,0.21512015163898468,0.8125
l_curve_1,1181,0.21500906348228455,0.8125
l_curve_1,1182,0.21486927568912506,0.8125
l_curve_1,1183,0.21475717425346375,0.8125
l_curve_1,1184,0.2146393358707428,0.8125
l_curve_1,1185,0.21453914046287537,0.8125
l_curve_1,1186,0.21443778276443481,0.8125
l_curve_1,1187,0.21431884169578552,0.8125
l_curve_1,1188,0.21422064304351807,0.8125
l_curve_1,1189,0.21409742534160614,0.8125
l_curve_1,1190,0.21398372948169708,0.8125
l_curve_1,1191,0.2138858437538147,0.8125
l_curve_1,1192,0.2137681543827057,0.8125
l_curve_1,1193,0.21363617479801178,0.8125
l_curve_1,1194,0.2135232388973236,0.8125
l_curve_1,1195,0.21342408657073975,0.8125
l_curve_1,1196,0.21332290768623352,0.8125
l_curve_1,1197,0.21322090923786163,0.8125
l_curve_1,1198,0.21309402585029602,0.8125
l_curve_1,1199,0.21297666430473328,0.8125
l_curve_1,1200,0.21287085115909576,0.8125
l_curve_1,1201,0.2127615362405777,0.8125
l_curve_1,1202,0.21262778341770172,0.8125
l_curve_1,1203,0.21250373125076294,0.8125
l_curve_1,1204,0.21239346265792847,0.8125
l_curve_1,1205,0.21229322254657745,0.8125
l_curve_1,1206,0.21218454837799072,0.8125
l_curve_1,1207,0.2120646834373474,0.8125
l_curve_1,1208,0.21194197237491608,0.8125
l_curve_1,1209,0.21182918548583984,0.8125
l_curve_1,1210,0.21173512935638428,0.8125
l_curve_1,1211,0.2116195559501648,0.8125
l_curve_1,1212,0.21150586009025574,0.8125
l_curve_1,1213,0.21137699484825134,0.875
l_curve_1,1214,0.21124660968780518,0.875
l_curve_1,1215,0.21115019917488098,0.875
l_curve_1,1216,0.21104906499385834,0.875
l_curve_1,1217,0.21094650030136108,0.875
l_curve_1,1218,0.21084904670715332,0.875
l_curve_1,1219,0.21073704957962036,0.875
l_curve_1,1220,0.2106270045042038,0.875
l_curve_1,1221,0.21051663160324097,0.875
l_curve_1,1222,0.21042199432849884,0.875
l_curve_1,1223,0.21030452847480774,0.875
l_curve_1,1224,0.21017120778560638,0.875
l_curve_1,1225,0.2100645899772644,0.875
l_curve_1,1226,0.20995545387268066,0.875
l_curve_1,1227,0.20983660221099854,0.875
l_curve_1,1228,0.20972366631031036,0.875
l_curve_1,1229,0.2096109390258789,0.875
l_curve_1,1230,0.20950263738632202,0.875
l_curve_1,1231,0.20938950777053833,0.875
l_curve_1,1232,0.20927685499191284,0.875
l_curve_1,1233,0.20916342735290527,0.875
l_curve_1,1234,0.20903721451759338,0.875
l_curve_1,1235,0.20892497897148132,0.875
l_curve_1,1236,0.20882049202919006,0.875
l_curve_1,1237,0.20872445404529572,0.875
l_curve_1,1238,0.20862656831741333,0.875
l_curve_1,1239,0.20849546790122986,0.875
l_curve_1,1240,0.2083982527256012,0.875
l_curve_1,1241,0.20830613374710083,0.875
l_curve_1,1242,0.2081831991672516,0.875
l_curve_1,1243,0.2080678939819336,0.875
l_curve_1,1244,0.20794469118118286,0.875
l_curve_1,1245,0.20784056186676025,0.875
l_curve_1,1246,0.20772722363471985,0.875
l_curve_1,1247,0.20760467648506165,0.875
l_curve_1,1248,0.2074970006942749,0.875
l_curve_1,1249,0.20739758014678955,0.875
l_curve_1,1250,0.20729127526283264,0.875
l_curve_1,1251,0.20717190206050873,0.875
l_curve_1,1252,0.20708589255809784,0.875
l_curve_1,1253,0.20697639882564545,0.875
l_curve_1,1254,0.20685157179832458,0.875
l_curve_1,1255,0.2067365050315857,0.875
l_curve_1,1256,0.2066219300031662,0.875
l_curve_1,1257,0.20650750398635864,0.875
l_curve_1,1258,0.2063792645931244,0.875
l_curve_1,1259,0.2062816321849823,0.875
l_curve_1,1260,0.20616330206394196,0.875
l_curve_1,1261,0.20604924857616425,0.875
l_curve_1,1262,0.2059415876865387,0.875
l_curve_1,1263,0.2058189958333969,0.875
l_curve_1,1264,0.20571361482143402,0.875
l_curve_1,1265,0.20560535788536072,0.875
l_curve_1,1266,0.20548829436302185,0.875
l_curve_1,1267,0.20537039637565613,0.875
l_curve_1,1268,0.20528258383274078,0.875
l_curve_1,1269,0.205168217420578,0.875
l_curve_1,1270,0.2050459086894989,0.875
l_curve_1,1271,0.2049608826637268,0.875
l_curve_1,1272,0.20485088229179382,0.875
l_curve_1,1273,0.20474515855312347,0.875
l_curve_1,1274,0.20464584231376648,0.875
l_curve_1,1275,0.20454472303390503,0.875
l_curve_1,1276,0.2044263780117035,0.875
l_curve_1,1277,0.20433515310287476,0.875
l_curve_1,1278,0.2042129933834076,0.875
l_curve_1,1279,0.2040901482105255,0.875
l_curve_1,1280,0.2039715200662613,0.875
l_curve_1,1281,0.2038489580154419,0.875
l_curve_1,1282,0.20375999808311462,0.875
l_curve_1,1283,0.2036619782447815,0.875
l_curve_1,1284,0.2035551220178604,0.875
l_curve_1,1285,0.2034418284893036,0.875
l_curve_1,1286,0.20333725214004517,0.875
l_curve_1,1287,0.20324581861495972,0.875
l_curve_1,1288,0.20314624905586243,0.875
l_curve_1,1289,0.20304766297340393,0.875
l_curve_1,1290,0.20294639468193054,0.875
l_curve_1,1291,0.2028382122516632,0.875
l_curve_1,1292,0.20271643996238708,0.875
l_curve_1,1293,0.2026088535785675,0.875
l_curve_1,1294,0.20248907804489136,0.875
l_curve_1,1295,0.20236343145370483,0.875
l_curve_1,1296,0.20227673649787903,0.875
l_curve_1,1297,0.202143132686615,0.875
l_curve_1,1298,0.20204246044158936,0.875
l_curve_1,1299,0.20194564759731293,0.875
l_curve_1,1300,0.2018371969461441,0.875
l_curve_1,1301,0.20173916220664978,0.875
l_curve_1,1302,0.20163869857788086,0.875
l_curve_1,1303,0.20151059329509735,0.875
l_curve_1,1304,0.20139670372009277,0.875
l_curve_1,1305,0.20131179690361023,0.875
l_curve_1,1306,0.20120637118816376,0.875
l_curve_1,1307,0.20111916959285736,0.875
l_curve_1,1308,0.2010018229484558,0.875
l_curve_1,1309,0.2008911669254303,0.875
l_curve_1,1310,0.20075738430023193,0.875
l_curve_1,1311,0.20062929391860962,0.875
l_curve_1,1312,0.20054131746292114,0.875
l_curve_1,1313,0.20043519139289856,0.875
l_curve_1,1314,0.2003050297498703,0.875
l_curve_1,1315,0.20019274950027466,0.875
l_curve_1,1316,0.20008575916290283,0.875
l_curve_1,1317,0.19997364282608032,0.875
l_curve_1,1318,0.19986572861671448,0.875
l_curve_1,1319,0.1997573971748352,0.875
l_curve_1,1320,0.19966904819011688,0.875
l_curve_1,1321,0.19958752393722534,0.875
l_curve_1,1322,0.19947612285614014,0.875
l_curve_1,1323,0.19936197996139526,0.875
l_curve_1,1324,0.1992770880460739,0.875
l_curve_1,1325,0.19914323091506958,0.875
l_curve_1,1326,0.19903546571731567,0.875
l_curve_1,1327,0.1989307403564453,0.875
l_curve_1,1328,0.1988268494606018,0.875
l_curve_1,1329,0.19873782992362976,0.875
l_curve_1,1330,0.1986480951309204,0.875
l_curve_1,1331,0.19852586090564728,0.875
l_curve_1,1332,0.19841855764389038,0.875
l_curve_1,1333,0.19827435910701752,0.875
l_curve_1,1334,0.1981663703918457,0.875
l_curve_1,1335,0.19806700944900513,0.875
l_curve_1,1336,0.19795750081539154,0.875
l_curve_1,1337,0.1978543996810913,0.875
l_curve_1,1338,0.19774851202964783,0.875
l_curve_1,1339,0.1976395547389984,0.875
l_curve_1,1340,0.19755558669567108,0.875
l_curve_1,1341,0.19743837416172028,0.875
l_curve_1,1342,0.19736051559448242,0.875
l_curve_1,1343,0.19724959135055542,0.875
l_curve_1,1344,0.19715484976768494,0.875
l_curve_1,1345,0.19704562425613403,0.875
l_curve_1,1346,0.19694295525550842,0.875
l_curve_1,1347,0.19684134423732758,0.875
l_curve_1,1348,0.19672292470932007,0.875
l_curve_1,1349,0.19662413001060486,0.875
l_curve_1,1350,0.1965274214744568,0.875
l_curve_1,1351,0.19642141461372375,0.875
l_curve_1,1352,0.19631090760231018,0.875
l_curve_1,1353,0.1962331235408783,0.875
l_curve_1,1354,0.19613562524318695,0.875
l_curve_1,1355,0.19603151082992554,0.875
l_curve_1,1356,0.19592294096946716,0.875
l_curve_1,1357,0.1958182454109192,0.875
l_curve_1,1358,0.19574251770973206,0.875
l_curve_1,1359,0.19563019275665283,0.875
l_curve_1,1360,0.19552364945411682,0.875
l_curve_1,1361,0.1954195499420166,0.875
l_curve_1,1362,0.19529549777507782,0.875
l_curve_1,1363,0.19516989588737488,0.875
l_curve_1,1364,0.19507265090942383,0.875
l_curve_1,1365,0.1949598491191864,0.875
l_curve_1,1366,0.19487646222114563,0.875
l_curve_1,1367,0.1947595179080963,0.875
l_curve_1,1368,0.1946602314710617,0.875
l_curve_1,1369,0.19454732537269592,0.875
l_curve_1,1370,0.19443374872207642,0.875
l_curve_1,1371,0.19433210790157318,0.875
l_curve_1,1372,0.19422659277915955,0.875
l_curve_1,1373,0.19414328038692474,0.875
l_curve_1,1374,0.19403421878814697,0.875
l_curve_1,1375,0.19393232464790344,0.875
l_curve_1,1376,0.19384649395942688,0.875
l_curve_1,1377,0.19376635551452637,0.875
l_curve_1,1378,0.19365999102592468,0.875
l_curve_1,1379,0.19355803728103638,0.875
l_curve_1,1380,0.19345542788505554,0.875
l_curve_1,1381,0.19334307312965393,0.875
l_curve_1,1382,0.19324353337287903,0.875
l_curve_1,1383,0.19313094019889832,0.875
l_curve_1,1384,0.19302405416965485,0.875
l_curve_1,1385,0.19291633367538452,0.875
l_curve_1,1386,0.19280341267585754,0.875
l_curve_1,1387,0.1926947981119156,0.875
l_curve_1,1388,0.1925884187221527,0.875
l_curve_1,1389,0.1925150752067566,0.875
l_curve_1,1390,0.1924162656068802,0.875
l_curve_1,1391,0.19231989979743958,0.875
l_curve_1,1392,0.19221024215221405,0.875
l_curve_1,1393,0.192112535238266,0.875
l_curve_1,1394,0.19200460612773895,0.875
l_curve_1,1395,0.19190838932991028,0.875
l_curve_1,1396,0.19181330502033234,0.875
l_curve_1,1397,0.19170670211315155,0.875
l_curve_1,1398,0.19159060716629028,0.875
l_curve_1,1399,0.1914817839860916,0.875
l_curve_1,1400,0.1913914531469345,0.875
l_curve_1,1401,0.1913052797317505,0.875
l_curve_1,1402,0.191205695271492,0.875
l_curve_1,1403,0.191087007522583,0.875
l_curve_1,1404,0.1909981071949005,0.875
l_curve_1,1405,0.19090943038463593,0.875
l_curve_1,1406,0.19080021977424622,0.875
l_curve_1,1407,0.1906769573688507,0.875
l_curve_1,1408,0.1905871033668518,0.875
l_curve_1,1409,0.1904904991388321,0.875
l_curve_1,1410,0.19040295481681824,0.875
l_curve_1,1411,0.19030991196632385,0.875
l_curve_1,1412,0.1902351826429367,0.875
l_curve_1,1413,0.19013109803199768,0.875
l_curve_1,1414,0.1900186836719513,0.875
l_curve_1,1415,0.18991981446743011,0.875
l_curve_1,1416,0.18978285789489746,0.875
l_curve_1,1417,0.18968051671981812,0.875
l_curve_1,1418,0.18960371613502502,0.875
l_curve_1,1419,0.18949848413467407,0.875
l_curve_1,1420,0.18940119445323944,0.875
l_curve_1,1421,0.18931041657924652,0.875
l_curve_1,1422,0.189215749502182,0.875
l_curve_1,1423,0.18909981846809387,0.875
l_curve_1,1424,0.18901671469211578,0.875
l_curve_1,1425,0.18893268704414368,0.875
l_curve_1,1426,0.1888052076101303,0.875
l_curve_1,1427,0.18870428204536438,0.875
l_curve_1,1428,0.18861104547977448,0.875
l_curve_1,1429,0.1885068416595459,0.875
l_curve_1,1430,0.18840020895004272,0.875
l_curve_1,1431,0.18830586969852448,0.875
l_curve_1,1432,0.1881989687681198,0.875
l_curve_1,1433,0.18809199333190918,0.875
l_curve_1,1434,0.1879875361919403,0.875
l_curve_1,1435,0.1878615766763687,0.875
l_curve_1,1436,0.18777835369110107,0.875
l_curve_1,1437,0.18768075108528137,0.875
l_curve_1,1438,0.18759438395500183,0.875
l_curve_1,1439,0.18751543760299683,0.875
l_curve_1,1440,0.18743067979812622,0.875
l_curve_1,1441,0.18732011318206787,0.875
l_curve_1,1442,0.18726173043251038,0.875
l_curve_1,1443,0.18715637922286987,0.875
l_curve_1,1444,0.18703456223011017,0.875
l_curve_1,1445,0.18692931532859802,0.875
l_curve_1,1446,0.18683043122291565,0.875
l_curve_1,1447,0.1867261528968811,0.875
l_curve_1,1448,0.18661871552467346,0.875
l_curve_1,1449,0.18652307987213135,0.875
l_curve_1,1450,0.18643417954444885,0.875
l_curve_1,1451,0.1863313913345337,0.875
l_curve_1,1452,0.18624047935009003,0.875
l_curve_1,1453,0.18615663051605225,0.875
l_curve_1,1454,0.18605664372444153,0.875
l_curve_1,1455,0.18596479296684265,0.875
l_curve_1,1456,0.1858622431755066,0.875
l_curve_1,1457,0.185773566365242,0.875
l_curve_1,1458,0.1856694370508194,0.875
l_curve_1,1459,0.18554595112800598,0.875
l_curve_1,1460,0.18542711436748505,0.875
l_curve_1,1461,0.18534034490585327,0.875
l_curve_1,1462,0.18524469435214996,0.875
l_curve_1,1463,0.18513703346252441,0.875
l_curve_1,1464,0.18504256010055542,0.875
l_curve_1,1465,0.1849573254585266,0.875
l_curve_1,1466,0.1848493218421936,0.875
l_curve_1,1467,0.18476220965385437,0.875
l_curve_1,1468,0.1846543252468109,0.875
l_curve_1,1469,0.18456228077411652,0.875
l_curve_1,1470,0.18446595966815948,0.875
l_curve_1,1471,0.1843862533569336,0.875
l_curve_1,1472,0.18427056074142456,0.875
l_curve_1,1473,0.18418776988983154,0.875
l_curve_1,1474,0.18407031893730164,0.875
l_curve_1,1475,0.18397876620292664,0.875
l_curve_1,1476,0.18388678133487701,0.875
l_curve_1,1477,0.1837836652994156,0.875
l_curve_1,1478,0.18370939791202545,0.875
l_curve_1,1479,0.18361206352710724,0.875
l_curve_1,1480,0.18351349234580994,0.875
l_curve_1,1481,0.1834060698747635,0.875
l_curve_1,1482,0.1832866668701172,0.875
l_curve_1,1483,0.18318670988082886,0.875
l_curve_1,1484,0.18310809135437012,0.875
l_curve_1,1485,0.18301889300346375,0.875
l_curve_1,1486,0.18293213844299316,0.875
l_curve_1,1487,0.18284684419631958,0.875
l_curve_1,1488,0.18276430666446686,0.875
l_curve_1,1489,0.18264807760715485,0.875
l_curve_1,1490,0.18257474899291992,0.875
l_curve_1,1491,0.182472363114357,0.875
l_curve_1,1492,0.1823793649673462,0.875
l_curve_1,1493,0.18228402733802795,0.875
l_curve_1,1494,0.1821684092283249,0.875
l_curve_1,1495,0.1820569932460785,0.875
l_curve_1,1496,0.18196775019168854,0.875
l_curve_1,1497,0.18188270926475525,0.875
l_curve_1,1498,0.18178260326385498,0.875
l_curve_1,1499,0.18168741464614868,0.875
l_curve_1,1500,0.18162715435028076,0.875
l_curve_1,1501,0.18154293298721313,0.875
l_curve_1,1502,0.18144705891609192,0.875
l_curve_1,1503,0.18132656812667847,0.875
l_curve_1,1504,0.18122828006744385,0.875
l_curve_1,1505,0.18114706873893738,0.875
l_curve_1,1506,0.18104368448257446,0.875
l_curve_1,1507,0.18094845116138458,0.875
l_curve_1,1508,0.1808374524116516,0.875
l_curve_1,1509,0.18072810769081116,0.875
l_curve_1,1510,0.18062081933021545,0.875
l_curve_1,1511,0.18052524328231812,0.875
l_curve_1,1512,0.18044307827949524,0.875
l_curve_1,1513,0.1803414523601532,0.875
l_curve_1,1514,0.1802304983139038,0.875
l_curve_1,1515,0.18016013503074646,0.875
l_curve_1,1516,0.18007773160934448,0.875
l_curve_1,1517,0.17999367415905,0.875
l_curve_1,1518,0.17990347743034363,0.875
l_curve_1,1519,0.17981460690498352,0.875
l_curve_1,1520,0.1797269731760025,0.875
l_curve_1,1521,0.17963585257530212,0.875
l_curve_1,1522,0.17956037819385529,0.875
l_curve_1,1523,0.17946404218673706,0.875
l_curve_1,1524,0.17937740683555603,0.875
l_curve_1,1525,0.1792844533920288,0.875
l_curve_1,1526,0.17919188737869263,0.875
l_curve_1,1527,0.17907655239105225,0.875
l_curve_1,1528,0.1789836883544922,0.875
l_curve_1,1529,0.17889127135276794,0.875
l_curve_1,1530,0.17879396677017212,0.875
l_curve_1,1531,0.17870257794857025,0.875
l_curve_1,1532,0.17861536145210266,0.875
l_curve_1,1533,0.17853087186813354,0.875
l_curve_1,1534,0.1784423589706421,0.875
l_curve_1,1535,0.17834392189979553,0.875
l_curve_1,1536,0.17825555801391602,0.875
l_curve_1,1537,0.17814414203166962,0.875
l_curve_1,1538,0.1780547946691513,0.875
l_curve_1,1539,0.1779683232307434,0.875
l_curve_1,1540,0.1778697371482849,0.875
l_curve_1,1541,0.177780881524086,0.875
l_curve_1,1542,0.1776779145002365,0.875
l_curve_1,1543,0.17760899662971497,0.875
l_curve_1,1544,0.17753472924232483,0.875
l_curve_1,1545,0.1774546205997467,0.875
l_curve_1,1546,0.17737102508544922,0.875
l_curve_1,1547,0.17728248238563538,0.875
l_curve_1,1548,0.17718133330345154,0.875
l_curve_1,1549,0.17709723114967346,0.875
l_curve_1,1550,0.17701555788516998,0.875
l_curve_1,1551,0.17692172527313232,0.875
l_curve_1,1552,0.17683695256710052,0.875
l_curve_1,1553,0.1767248809337616,0.875
l_curve_1,1554,0.1766381561756134,0.875
l_curve_1,1555,0.17652668058872223,0.875
l_curve_1,1556,0.17642703652381897,0.875
l_curve_1,1557,0.17634877562522888,0.875
l_curve_1,1558,0.17625048756599426,0.875
l_curve_1,1559,0.17615173757076263,0.875
l_curve_1,1560,0.17606016993522644,0.875
l_curve_1,1561,0.17595481872558594,0.875
l_curve_1,1562,0.17585882544517517,0.875
l_curve_1,1563,0.17577186226844788,0.875
l_curve_1,1564,0.17569583654403687,0.875
l_curve_1,1565,0.1755944788455963,0.875
l_curve_1,1566,0.1755037158727646,0.875
l_curve_1,1567,0.17541691660881042,0.875
l_curve_1,1568,0.1753220558166504,0.875
l_curve_1,1569,0.1752384901046753,0.875
l_curve_1,1570,0.175165057182312,0.875
l_curve_1,1571,0.17508108913898468,0.875
l_curve_1,1572,0.17499354481697083,0.875
l_curve_1,1573,0.17487654089927673,0.875
l_curve_1,1574,0.1747811734676361,0.875
l_curve_1,1575,0.17469516396522522,0.875
l_curve_1,1576,0.17459996044635773,0.875
l_curve_1,1577,0.17451852560043335,0.875
l_curve_1,1578,0.17442408204078674,0.875
l_curve_1,1579,0.1743282675743103,0.875
l_curve_1,1580,0.1742352396249771,0.875
l_curve_1,1581,0.17415428161621094,0.875
l_curve_1,1582,0.17406240105628967,0.875
l_curve_1,1583,0.17398014664649963,0.875
l_curve_1,1584,0.17388340830802917,0.875
l_curve_1,1585,0.17376895248889923,0.875
l_curve_1,1586,0.1736927628517151,0.875
l_curve_1,1587,0.1736031174659729,0.875
l_curve_1,1588,0.17350313067436218,0.875
l_curve_1,1589,0.17342215776443481,0.875
l_curve_1,1590,0.17334432899951935,0.875
l_curve_1,1591,0.17324230074882507,0.875
l_curve_1,1592,0.17316055297851562,0.875
l_curve_1,1593,0.17306628823280334,0.875
l_curve_1,1594,0.1729741096496582,0.875
l_curve_1,1595,0.17288348078727722,0.875
l_curve_1,1596,0.17280122637748718,0.875
l_curve_1,1597,0.17272233963012695,0.875
l_curve_1,1598,0.17262610793113708,0.875
l_curve_1,1599,0.17252740263938904,0.875
l_curve_1,1600,0.17243149876594543,0.875
l_curve_1,1601,0.17234480381011963,0.875
l_curve_1,1602,0.17224591970443726,0.875
l_curve_1,1603,0.17218077182769775,0.875
l_curve_1,1604,0.17209437489509583,0.875
l_curve_1,1605,0.17199274897575378,0.875
l_curve_1,1606,0.17189989984035492,0.875
l_curve_1,1607,0.17183595895767212,0.875
l_curve_1,1608,0.1717449426651001,0.875
l_curve_1,1609,0.17164139449596405,0.875
l_curve_1,1610,0.17157098650932312,0.875
l_curve_1,1611,0.17151111364364624,0.875
l_curve_1,1612,0.17141583561897278,0.875
l_curve_1,1613,0.1713208258152008,0.875
l_curve_1,1614,0.17122897505760193,0.875
l_curve_1,1615,0.1711246371269226,0.875
l_curve_1,1616,0.17105069756507874,0.875
l_curve_1,1617,0.170953631401062,0.875
l_curve_1,1618,0.17089465260505676,0.875
l_curve_1,1619,0.17080453038215637,0.875
l_curve_1,1620,0.1707192361354828,0.875
l_curve_1,1621,0.17063507437705994,0.875
l_curve_1,1622,0.17052963376045227,0.875
l_curve_1,1623,0.1704438328742981,0.875
l_curve_1,1624,0.1703536957502365,0.875
l_curve_1,1625,0.1702476143836975,0.875
l_curve_1,1626,0.17016351222991943,0.875
l_curve_1,1627,0.17009371519088745,0.875
l_curve_1,1628,0.16999110579490662,0.875
l_curve_1,1629,0.16989706456661224,0.875
l_curve_1,1630,0.16980299353599548,0.875
l_curve_1,1631,0.16971012949943542,0.875
l_curve_1,1632,0.16963303089141846,0.875
l_curve_1,1633,0.1695568561553955,0.875
l_curve_1,1634,0.16947829723358154,0.875
l_curve_1,1635,0.16939322650432587,0.875
l_curve_1,1636,0.16927409172058105,0.875
l_curve_1,1637,0.1691971868276596,0.875
l_curve_1,1638,0.1691160500049591,0.875
l_curve_1,1639,0.16900315880775452,0.875
l_curve_1,1640,0.16890287399291992,0.875
l_curve_1,1641,0.16882666945457458,0.875
l_curve_1,1642,0.16874590516090393,0.875
l_curve_1,1643,0.1686628758907318,0.875
l_curve_1,1644,0.16857418417930603,0.875
l_curve_1,1645,0.16848190128803253,0.875
l_curve_1,1646,0.1683986932039261,0.875
l_curve_1,1647,0.16833093762397766,0.875
l_curve_1,1648,0.16822940111160278,0.875
l_curve_1,1649,0.16814902424812317,0.875
l_curve_1,1650,0.16809166967868805,0.875
l_curve_1,1651,0.16800585389137268,0.875
l_curve_1,1652,0.16792099177837372,0.875
l_curve_1,1653,0.16782733798027039,0.875
l_curve_1,1654,0.16773641109466553,0.875
l_curve_1,1655,0.16764777898788452,0.875
l_curve_1,1656,0.1675781011581421,0.875
l_curve_1,1657,0.1674841195344925,0.875
l_curve_1,1658,0.16739490628242493,0.875
l_curve_1,1659,0.16730771958827972,0.875
l_curve_1,1660,0.16723772883415222,0.875
l_curve_1,1661,0.16714808344841003,0.875
l_curve_1,1662,0.16706833243370056,0.875
l_curve_1,1663,0.166995108127594,0.875
l_curve_1,1664,0.1669178307056427,0.875
l_curve_1,1665,0.16683915257453918,0.875
l_curve_1,1666,0.16678260266780853,0.875
l_curve_1,1667,0.166703462600708,0.875
l_curve_1,1668,0.16660168766975403,0.875
l_curve_1,1669,0.1665390580892563,0.875
l_curve_1,1670,0.16644287109375,0.875
l_curve_1,1671,0.1663430631160736,0.875
l_curve_1,1672,0.16625769436359406,0.875
l_curve_1,1673,0.16616961359977722,0.875
l_curve_1,1674,0.16606417298316956,0.875
l_curve_1,1675,0.1659669280052185,0.875
l_curve_1,1676,0.16586653888225555,0.875
l_curve_1,1677,0.16578128933906555,0.875
l_curve_1,1678,0.16570287942886353,0.875
l_curve_1,1679,0.16561859846115112,0.875
l_curve_1,1680,0.16553586721420288,0.875
l_curve_1,1681,0.16543804109096527,0.875
l_curve_1,1682,0.16537164151668549,0.875
l_curve_1,1683,0.16529327630996704,0.875
l_curve_1,1684,0.16517993807792664,0.875
l_curve_1,1685,0.16510263085365295,0.875
l_curve_1,1686,0.16500720381736755,0.875
l_curve_1,1687,0.1649385690689087,0.875
l_curve_1,1688,0.1648542881011963,0.875
l_curve_1,1689,0.1647563874721527,0.875
l_curve_1,1690,0.16468892991542816,0.875
l_curve_1,1691,0.16460852324962616,0.875
l_curve_1,1692,0.1645197868347168,0.875
l_curve_1,1693,0.1644287109375,0.875
l_curve_1,1694,0.16436156630516052,0.875
l_curve_1,1695,0.16428466141223907,0.875
l_curve_1,1696,0.1641962230205536,0.875
l_curve_1,1697,0.16413046419620514,0.875
l_curve_1,1698,0.16406120359897614,0.875
l_curve_1,1699,0.16397345066070557,0.875
l_curve_1,1700,0.16387715935707092,0.875
l_curve_1,1701,0.16379135847091675,0.875
l_curve_1,1702,0.16367922723293304,0.875
l_curve_1,1703,0.16360613703727722,0.875
l_curve_1,1704,0.163516104221344,0.875
l_curve_1,1705,0.16342732310295105,0.875
l_curve_1,1706,0.16331560909748077,0.875
l_curve_1,1707,0.16324084997177124,0.875
l_curve_1,1708,0.16316354274749756,0.875
l_curve_1,1709,0.1630931794643402,0.875
l_curve_1,1710,0.16301746666431427,0.875
l_curve_1,1711,0.16294413805007935,0.875
l_curve_1,1712,0.16287192702293396,0.875
l_curve_1,1713,0.1627923548221588,0.875
l_curve_1,1714,0.1627131998538971,0.875
l_curve_1,1715,0.16263863444328308,0.875
l_curve_1,1716,0.16254766285419464,0.875
l_curve_1,1717,0.16245421767234802,0.875
l_curve_1,1718,0.16237318515777588,0.875
l_curve_1,1719,0.16230088472366333,0.875
l_curve_1,1720,0.16222575306892395,0.875
l_curve_1,1721,0.16214071214199066,0.875
l_curve_1,1722,0.16206684708595276,0.875
l_curve_1,1723,0.16197605431079865,0.875
l_curve_1,1724,0.16190236806869507,0.875
l_curve_1,1725,0.1618114709854126,0.875
l_curve_1,1726,0.16173318028450012,0.875
l_curve_1,1727,0.1616629660129547,0.875
l_curve_1,1728,0.1615745574235916,0.875
l_curve_1,1729,0.1615055799484253,0.875
l_curve_1,1730,0.16143441200256348,0.875
l_curve_1,1731,0.1613481640815735,0.875
l_curve_1,1732,0.16123968362808228,0.875
l_curve_1,1733,0.16113486886024475,0.875
l_curve_1,1734,0.16107234358787537,0.875
l_curve_1,1735,0.16098150610923767,0.875
l_curve_1,1736,0.16089436411857605,0.875
l_curve_1,1737,0.16081374883651733,0.875
l_curve_1,1738,0.16072407364845276,0.875
l_curve_1,1739,0.16063576936721802,0.875
l_curve_1,1740,0.16055190563201904,0.875
l_curve_1,1741,0.16046935319900513,0.875
l_curve_1,1742,0.16038590669631958,0.875
l_curve_1,1743,0.1603231132030487,0.875
l_curve_1,1744,0.1602318435907364,0.875
l_curve_1,1745,0.1601511836051941,0.875
l_curve_1,1746,0.1600595861673355,0.875
l_curve_1,1747,0.15996775031089783,0.875
l_curve_1,1748,0.15989765524864197,0.875
l_curve_1,1749,0.15981265902519226,0.875
l_curve_1,1750,0.15974056720733643,0.875
l_curve_1,1751,0.15967366099357605,0.875
l_curve_1,1752,0.15959948301315308,0.875
l_curve_1,1753,0.15952633321285248,0.875
l_curve_1,1754,0.15942442417144775,0.875
l_curve_1,1755,0.1593599021434784,0.875
l_curve_1,1756,0.1592842936515808,0.875
l_curve_1,1757,0.15921132266521454,0.875
l_curve_1,1758,0.15914401412010193,0.875
l_curve_1,1759,0.15907633304595947,0.875
l_curve_1,1760,0.15898898243904114,0.875
l_curve_1,1761,0.15890106558799744,0.875
l_curve_1,1762,0.1588279902935028,0.875
l_curve_1,1763,0.15873569250106812,0.875
l_curve_1,1764,0.15864457190036774,0.875
l_curve_1,1765,0.15856896340847015,0.875
l_curve_1,1766,0.15849196910858154,0.875
l_curve_1,1767,0.15841436386108398,0.875
l_curve_1,1768,0.15834221243858337,0.875
l_curve_1,1769,0.15825843811035156,0.875
l_curve_1,1770,0.15817761421203613,0.875
l_curve_1,1771,0.15808354318141937,0.875
l_curve_1,1772,0.15800034999847412,0.875
l_curve_1,1773,0.15791819989681244,0.875
l_curve_1,1774,0.15783973038196564,0.875
l_curve_1,1775,0.15777981281280518,0.875
l_curve_1,1776,0.15769702196121216,0.875
l_curve_1,1777,0.1576225608587265,0.875
l_curve_1,1778,0.1575555056333542,0.875
l_curve_1,1779,0.15745258331298828,0.875
l_curve_1,1780,0.15736426413059235,0.875
l_curve_1,1781,0.15728457272052765,0.875
l_curve_1,1782,0.15722477436065674,0.875
l_curve_1,1783,0.15714699029922485,0.875
l_curve_1,1784,0.15704117715358734,0.875
l_curve_1,1785,0.15696510672569275,0.875
l_curve_1,1786,0.15686863660812378,0.875
l_curve_1,1787,0.1568048596382141,0.875
l_curve_1,1788,0.1567242443561554,0.875
l_curve_1,1789,0.1566319763660431,0.875
l_curve_1,1790,0.1565510481595993,0.875
l_curve_1,1791,0.15646854043006897,0.875
l_curve_1,1792,0.15638190507888794,0.875
l_curve_1,1793,0.156305730342865,0.875
l_curve_1,1794,0.15623408555984497,0.875
l_curve_1,1795,0.15615050494670868,0.875
l_curve_1,1796,0.15606802701950073,0.875
l_curve_1,1797,0.15596728026866913,0.875
l_curve_1,1798,0.15589088201522827,0.875
l_curve_1,1799,0.15582174062728882,0.875
l_curve_1,1800,0.1557285189628601,0.875
l_curve_1,1801,0.15566086769104004,0.875
l_curve_1,1802,0.15559281408786774,0.875
l_curve_1,1803,0.15551669895648956,0.875
l_curve_1,1804,0.15542207658290863,0.875
l_curve_1,1805,0.15534517168998718,0.875
l_curve_1,1806,0.15526530146598816,0.875
l_curve_1,1807,0.15519580245018005,0.875
l_curve_1,1808,0.1551312506198883,0.875
l_curve_1,1809,0.1550431251525879,0.875
l_curve_1,1810,0.1549692451953888,0.875
l_curve_1,1811,0.15490153431892395,0.875
l_curve_1,1812,0.15485155582427979,0.875
l_curve_1,1813,0.15474751591682434,0.875
l_curve_1,1814,0.15466289222240448,0.875
l_curve_1,1815,0.15458589792251587,0.875
l_curve_1,1816,0.15452688932418823,0.875
l_curve_1,1817,0.15442553162574768,0.875
l_curve_1,1818,0.15434756875038147,0.875
l_curve_1,1819,0.15428560972213745,0.875
l_curve_1,1820,0.1542021930217743,0.875
l_curve_1,1821,0.15411603450775146,0.875
l_curve_1,1822,0.15403854846954346,0.875
l_curve_1,1823,0.1539594829082489,0.875
l_curve_1,1824,0.15389102697372437,0.875
l_curve_1,1825,0.1538195013999939,0.875
l_curve_1,1826,0.15373200178146362,0.875
l_curve_1,1827,0.15366297960281372,0.875
l_curve_1,1828,0.15357612073421478,0.875
l_curve_1,1829,0.1534900665283203,0.875
l_curve_1,1830,0.15341250598430634,0.875
l_curve_1,1831,0.15334956347942352,0.875
l_curve_1,1832,0.15328393876552582,0.875
l_curve_1,1833,0.15321502089500427,0.875
l_curve_1,1834,0.15311500430107117,0.875
l_curve_1,1835,0.1530337780714035,0.875
l_curve_1,1836,0.1529516875743866,0.875
l_curve_1,1837,0.15287989377975464,0.875
l_curve_1,1838,0.15280738472938538,0.875
l_curve_1,1839,0.1527213454246521,0.875
l_curve_1,1840,0.15263791382312775,0.875
l_curve_1,1841,0.15255311131477356,0.875
l_curve_1,1842,0.1524578332901001,0.875
l_curve_1,1843,0.15237490832805634,0.875
l_curve_1,1844,0.15230798721313477,0.875
l_curve_1,1845,0.15225636959075928,0.875
l_curve_1,1846,0.15217722952365875,0.875
l_curve_1,1847,0.15211477875709534,0.875
l_curve_1,1848,0.15203091502189636,0.875
l_curve_1,1849,0.15196353197097778,0.875
l_curve_1,1850,0.15189382433891296,0.875
l_curve_1,1851,0.15182551741600037,0.875
l_curve_1,1852,0.15175485610961914,0.875
l_curve_1,1853,0.15169113874435425,0.875
l_curve_1,1854,0.15161128342151642,0.875
l_curve_1,1855,0.15156370401382446,0.875
l_curve_1,1856,0.15148305892944336,0.875
l_curve_1,1857,0.15139608085155487,0.875
l_curve_1,1858,0.15130707621574402,0.875
l_curve_1,1859,0.1512373834848404,0.875
l_curve_1,1860,0.15116146206855774,0.875
l_curve_1,1861,0.15108290314674377,0.875
l_curve_1,1862,0.1510162353515625,0.875
l_curve_1,1863,0.15093275904655457,0.875
l_curve_1,1864,0.15086479485034943,0.875
l_curve_1,1865,0.15077681839466095,0.875
l_curve_1,1866,0.15067480504512787,0.875
l_curve_1,1867,0.15061484277248383,0.875
l_curve_1,1868,0.15052878856658936,0.875
l_curve_1,1869,0.1504516303539276,0.875
l_curve_1,1870,0.15037408471107483,0.875
l_curve_1,1871,0.15031199157238007,0.875
l_curve_1,1872,0.15023133158683777,0.875
l_curve_1,1873,0.15014880895614624,0.875
l_curve_1,1874,0.1500677615404129,0.875
l_curve_1,1875,0.14999762177467346,0.875
l_curve_1,1876,0.14992506802082062,0.875
l_curve_1,1877,0.14983396232128143,0.875
l_curve_1,1878,0.1497706174850464,0.875
l_curve_1,1879,0.14966943860054016,0.875
l_curve_1,1880,0.14960244297981262,0.875
l_curve_1,1881,0.14951732754707336,0.875
l_curve_1,1882,0.14942437410354614,0.875
l_curve_1,1883,0.14936046302318573,0.875
l_curve_1,1884,0.14927664399147034,0.875
l_curve_1,1885,0.14921236038208008,0.875
l_curve_1,1886,0.14916056394577026,0.875
l_curve_1,1887,0.14909091591835022,0.875
l_curve_1,1888,0.14902649819850922,0.875
l_curve_1,1889,0.14895027875900269,0.875
l_curve_1,1890,0.14889180660247803,0.875
l_curve_1,1891,0.14882294833660126,0.875
l_curve_1,1892,0.14875152707099915,0.875
l_curve_1,1893,0.14866147935390472,0.875
l_curve_1,1894,0.1485728919506073,0.875
l_curve_1,1895,0.14849062263965607,0.875
l_curve_1,1896,0.14841501414775848,0.875
l_curve_1,1897,0.14834746718406677,0.875
l_curve_1,1898,0.14827513694763184,0.875
l_curve_1,1899,0.14820827543735504,0.875
l_curve_1,1900,0.14815731346607208,0.875
l_curve_1,1901,0.1480635106563568,0.875
l_curve_1,1902,0.14799141883850098,0.875
l_curve_1,1903,0.1479235142469406,0.875
l_curve_1,1904,0.14784063398838043,0.875
l_curve_1,1905,0.14775815606117249,0.875
l_curve_1,1906,0.14769305288791656,0.875
l_curve_1,1907,0.1476091593503952,0.875
l_curve_1,1908,0.14753736555576324,0.875
l_curve_1,1909,0.14747020602226257,0.875
l_curve_1,1910,0.14741429686546326,0.875
l_curve_1,1911,0.14733105897903442,0.875
l_curve_1,1912,0.14724041521549225,0.875
l_curve_1,1913,0.14718014001846313,0.875
l_curve_1,1914,0.14710107445716858,0.875
l_curve_1,1915,0.14700911939144135,0.875
l_curve_1,1916,0.14693930745124817,0.875
l_curve_1,1917,0.14685747027397156,0.875
l_curve_1,1918,0.14678631722927094,0.875
l_curve_1,1919,0.146699920296669,0.875
l_curve_1,1920,0.14664076268672943,0.875
l_curve_1,1921,0.14656496047973633,0.875
l_curve_1,1922,0.1464920938014984,0.875
l_curve_1,1923,0.1464235931634903,0.875
l_curve_1,1924,0.14634951949119568,0.875
l_curve_1,1925,0.14627423882484436,0.875
l_curve_1,1926,0.1462060958147049,0.875
l_curve_1,1927,0.1461447924375534,0.875
l_curve_1,1928,0.1460569053888321,0.875
l_curve_1,1929,0.14597366750240326,0.875
l_curve_1,1930,0.14588338136672974,0.875
l_curve_1,1931,0.1458214521408081,0.875
l_curve_1,1932,0.14574283361434937,0.875
l_curve_1,1933,0.14566756784915924,0.875
l_curve_1,1934,0.1456133872270584,0.875
l_curve_1,1935,0.1455419957637787,0.875
l_curve_1,1936,0.14545327425003052,0.875
l_curve_1,1937,0.14538078010082245,0.875
l_curve_1,1938,0.14531010389328003,0.875
l_curve_1,1939,0.14523197710514069,0.875
l_curve_1,1940,0.14516374468803406,0.875
l_curve_1,1941,0.14508646726608276,0.875
l_curve_1,1942,0.1450044959783554,0.875
l_curve_1,1943,0.1449475884437561,0.875
l_curve_1,1944,0.14485488831996918,0.875
l_curve_1,1945,0.1447799801826477,0.875
l_curve_1,1946,0.14472737908363342,0.875
l_curve_1,1947,0.1446530520915985,0.875
l_curve_1,1948,0.14457739889621735,0.875
l_curve_1,1949,0.14451059699058533,0.875
l_curve_1,1950,0.14445807039737701,0.875
l_curve_1,1951,0.14437198638916016,0.875
l_curve_1,1952,0.1442849189043045,0.875
l_curve_1,1953,0.14422760903835297,0.875
l_curve_1,1954,0.1441611647605896,0.875
l_curve_1,1955,0.14408999681472778,0.875
l_curve_1,1956,0.14401736855506897,0.875
l_curve_1,1957,0.14393161237239838,0.875
l_curve_1,1958,0.1438641995191574,0.875
l_curve_1,1959,0.14379510283470154,0.875
l_curve_1,1960,0.14372345805168152,0.875
l_curve_1,1961,0.1436508297920227,0.875
l_curve_1,1962,0.14357489347457886,0.875
l_curve_1,1963,0.14349597692489624,0.875
l_curve_1,1964,0.14343926310539246,0.875
l_curve_1,1965,0.14337106049060822,0.875
l_curve_1,1966,0.14330469071865082,0.875
l_curve_1,1967,0.14322948455810547,0.875
l_curve_1,1968,0.14315736293792725,0.875
l_curve_1,1969,0.14306816458702087,0.875
l_curve_1,1970,0.14298437535762787,0.875
l_curve_1,1971,0.1429155468940735,0.875
l_curve_1,1972,0.1428402215242386,0.875
l_curve_1,1973,0.14275895059108734,0.875
l_curve_1,1974,0.1426999419927597,0.875
l_curve_1,1975,0.14263060688972473,0.875
l_curve_1,1976,0.14255110919475555,0.875
l_curve_1,1977,0.14247842133045197,0.875
l_curve_1,1978,0.1424240618944168,0.875
l_curve_1,1979,0.1423528492450714,0.875
l_curve_1,1980,0.14226657152175903,0.875
l_curve_1,1981,0.14219485223293304,0.875
l_curve_1,1982,0.14211653172969818,0.875
l_curve_1,1983,0.1420368254184723,0.875
l_curve_1,1984,0.14197230339050293,0.875
l_curve_1,1985,0.14188747107982635,0.875
l_curve_1,1986,0.14181913435459137,0.875
l_curve_1,1987,0.14173254370689392,0.875
l_curve_1,1988,0.14163784682750702,0.875
l_curve_1,1989,0.14158204197883606,0.875
l_curve_1,1990,0.14152932167053223,0.875
l_curve_1,1991,0.1414739191532135,0.875
l_curve_1,1992,0.14139322936534882,0.875
l_curve_1,1993,0.14134687185287476,0.875
l_curve_1,1994,0.1413063406944275,0.875
l_curve_1,1995,0.14123086631298065,0.875
l_curve_1,1996,0.14117255806922913,0.875
l_curve_1,1997,0.14109307527542114,0.875
l_curve_1,1998,0.14101725816726685,0.875
l_curve_1,1999,0.14094817638397217,0.875
l_curve_1,2000,0.14086505770683289,0.875
l_curve_1,2000,0.14086505770683289,0.875
