client,round,loss,accuracy
l_curve_3,1,1.0363048315048218,0.5714285969734192
l_curve_3,2,0.9912442564964294,0.5714285969734192
l_curve_3,3,0.9493156671524048,0.5714285969734192
l_curve_3,4,0.9106736183166504,0.6190476417541504
l_curve_3,5,0.874984085559845,0.6190476417541504
l_curve_3,6,0.8424984216690063,0.6666666865348816
l_curve_3,7,0.8128902912139893,0.6666666865348816
l_curve_3,8,0.7861542701721191,0.6666666865348816
l_curve_3,9,0.7617794871330261,0.7142857313156128
l_curve_3,10,0.7395722270011902,0.7142857313156128
l_curve_3,11,0.719418466091156,0.7142857313156128
l_curve_3,12,0.7010126709938049,0.7142857313156128
l_curve_3,13,0.6840726733207703,0.7142857313156128
l_curve_3,14,0.6687704920768738,0.7142857313156128
l_curve_3,15,0.6549002528190613,0.7142857313156128
l_curve_3,16,0.6421104669570923,0.7142857313156128
l_curve_3,17,0.6303149461746216,0.7142857313156128
l_curve_3,18,0.6195054054260254,0.7142857313156128
l_curve_3,19,0.6095206141471863,0.7142857313156128
l_curve_3,20,0.6004027128219604,0.761904776096344
l_curve_3,21,0.5921115279197693,0.761904776096344
l_curve_3,22,0.5844184160232544,0.761904776096344
l_curve_3,23,0.5771445631980896,0.761904776096344
l_curve_3,24,0.5703290700912476,0.761904776096344
l_curve_3,25,0.5639737248420715,0.7142857313156128
l_curve_3,26,0.5580727458000183,0.7142857313156128
l_curve_3,27,0.5525934100151062,0.7142857313156128
l_curve_3,28,0.5474198460578918,0.7142857313156128
l_curve_3,29,0.5425715446472168,0.7142857313156128
l_curve_3,30,0.5378883481025696,0.7142857313156128
l_curve_3,31,0.5335031151771545,0.7142857313156128
l_curve_3,32,0.529297947883606,0.7142857313156128
l_curve_3,33,0.5253016948699951,0.7142857313156128
l_curve_3,34,0.5215036869049072,0.761904776096344
l_curve_3,35,0.5178613066673279,0.761904776096344
l_curve_3,36,0.5143829584121704,0.761904776096344
l_curve_3,37,0.5110449194908142,0.761904776096344
l_curve_3,38,0.5078540444374084,0.761904776096344
l_curve_3,39,0.504749059677124,0.761904776096344
l_curve_3,40,0.5018408298492432,0.761904776096344
l_curve_3,41,0.49899211525917053,0.761904776096344
l_curve_3,42,0.4961661398410797,0.761904776096344
l_curve_3,43,0.49345383048057556,0.761904776096344
l_curve_3,44,0.49085530638694763,0.761904776096344
l_curve_3,45,0.48835164308547974,0.761904776096344
l_curve_3,46,0.4859219491481781,0.761904776096344
l_curve_3,47,0.4835488796234131,0.8095238208770752
l_curve_3,48,0.4812539517879486,0.8095238208770752
l_curve_3,49,0.4790143072605133,0.8095238208770752
l_curve_3,50,0.47679266333580017,0.8095238208770752
l_curve_3,51,0.4746173620223999,0.8095238208770752
l_curve_3,52,0.47254282236099243,0.8095238208770752
l_curve_3,53,0.47052350640296936,0.8095238208770752
l_curve_3,54,0.4685249328613281,0.8095238208770752
l_curve_3,55,0.4665864408016205,0.8095238208770752
l_curve_3,56,0.4647359251976013,0.8095238208770752
l_curve_3,57,0.4629259705543518,0.8095238208770752
l_curve_3,58,0.4611290395259857,0.8095238208770752
l_curve_3,59,0.4594029486179352,0.8095238208770752
l_curve_3,60,0.4576915502548218,0.8095238208770752
l_curve_3,61,0.45597440004348755,0.8095238208770752
l_curve_3,62,0.4543484151363373,0.8095238208770752
l_curve_3,63,0.4527747333049774,0.8095238208770752
l_curve_3,64,0.4512368142604828,0.8095238208770752
l_curve_3,65,0.4497162103652954,0.8095238208770752
l_curve_3,66,0.4482118487358093,0.8095238208770752
l_curve_3,67,0.4467164874076843,0.8095238208770752
l_curve_3,68,0.44528502225875854,0.8095238208770752
l_curve_3,69,0.44388508796691895,0.8095238208770752
l_curve_3,70,0.44251301884651184,0.8095238208770752
l_curve_3,71,0.4411308765411377,0.8095238208770752
l_curve_3,72,0.4397749602794647,0.8095238208770752
l_curve_3,73,0.4384785294532776,0.8095238208770752
l_curve_3,74,0.43718788027763367,0.8095238208770752
l_curve_3,75,0.4358730912208557,0.8095238208770752
l_curve_3,76,0.43462443351745605,0.8095238208770752
l_curve_3,77,0.433383584022522,0.8095238208770752
l_curve_3,78,0.4321717619895935,0.8095238208770752
l_curve_3,79,0.43101364374160767,0.8095238208770752
l_curve_3,80,0.42986226081848145,0.8095238208770752
l_curve_3,81,0.428731769323349,0.8095238208770752
l_curve_3,82,0.4276270270347595,0.8095238208770752
l_curve_3,83,0.4265686273574829,0.8095238208770752
l_curve_3,84,0.4254707098007202,0.8095238208770752
l_curve_3,85,0.42445921897888184,0.8095238208770752
l_curve_3,86,0.4234084486961365,0.8095238208770752
l_curve_3,87,0.4224252700805664,0.8095238208770752
l_curve_3,88,0.42147427797317505,0.8095238208770752
l_curve_3,89,0.4205010235309601,0.8095238208770752
l_curve_3,90,0.41953790187835693,0.8095238208770752
l_curve_3,91,0.4185750484466553,0.8095238208770752
l_curve_3,92,0.41762757301330566,0.8095238208770752
l_curve_3,93,0.41671353578567505,0.8095238208770752
l_curve_3,94,0.41580989956855774,0.8095238208770752
l_curve_3,95,0.414948046207428,0.8095238208770752
l_curve_3,96,0.4140687584877014,0.8095238208770752
l_curve_3,97,0.4131735861301422,0.8095238208770752
l_curve_3,98,0.4123215973377228,0.8095238208770752
l_curve_3,99,0.41148054599761963,0.8095238208770752
l_curve_3,100,0.41068750619888306,0.8095238208770752
l_curve_3,101,0.4098939299583435,0.8095238208770752
l_curve_3,102,0.40910103917121887,0.8095238208770752
l_curve_3,103,0.40837758779525757,0.8095238208770752
l_curve_3,104,0.4075915515422821,0.8095238208770752
l_curve_3,105,0.4067937731742859,0.8095238208770752
l_curve_3,106,0.40603402256965637,0.8095238208770752
l_curve_3,107,0.4053308069705963,0.8095238208770752
l_curve_3,108,0.40464746952056885,0.8095238208770752
l_curve_3,109,0.40397757291793823,0.8095238208770752
l_curve_3,110,0.4033128619194031,0.8095238208770752
l_curve_3,111,0.4026685357093811,0.8095238208770752
l_curve_3,112,0.40199485421180725,0.8095238208770752
l_curve_3,113,0.40137073397636414,0.8095238208770752
l_curve_3,114,0.40075963735580444,0.8095238208770752
l_curve_3,115,0.4001505374908447,0.8095238208770752
l_curve_3,116,0.3995405435562134,0.8095238208770752
l_curve_3,117,0.39893531799316406,0.8095238208770752
l_curve_3,118,0.39837196469306946,0.8095238208770752
l_curve_3,119,0.397810697555542,0.8095238208770752
l_curve_3,120,0.3972471356391907,0.8095238208770752
l_curve_3,121,0.39663004875183105,0.8095238208770752
l_curve_3,122,0.39605480432510376,0.8095238208770752
l_curve_3,123,0.3954317569732666,0.8095238208770752
l_curve_3,124,0.3948087692260742,0.8095238208770752
l_curve_3,125,0.3942587375640869,0.8095238208770752
l_curve_3,126,0.39371055364608765,0.8095238208770752
l_curve_3,127,0.3931715786457062,0.8095238208770752
l_curve_3,128,0.3926082253456116,0.8095238208770752
l_curve_3,129,0.39207395911216736,0.8095238208770752
l_curve_3,130,0.3915843367576599,0.8095238208770752
l_curve_3,131,0.39107754826545715,0.8095238208770752
l_curve_3,132,0.39055660367012024,0.8095238208770752
l_curve_3,133,0.39007750153541565,0.8095238208770752
l_curve_3,134,0.3896388113498688,0.8095238208770752
l_curve_3,135,0.38919681310653687,0.8095238208770752
l_curve_3,136,0.3886975646018982,0.8095238208770752
l_curve_3,137,0.3882056772708893,0.8095238208770752
l_curve_3,138,0.38774552941322327,0.8095238208770752
l_curve_3,139,0.3872874081134796,0.8095238208770752
l_curve_3,140,0.3868449628353119,0.8095238208770752
l_curve_3,141,0.3863893151283264,0.8095238208770752
l_curve_3,142,0.3859826624393463,0.8095238208770752
l_curve_3,143,0.3855254352092743,0.8095238208770752
l_curve_3,144,0.38508278131484985,0.8095238208770752
l_curve_3,145,0.3846229314804077,0.8095238208770752
l_curve_3,146,0.38422027230262756,0.8095238208770752
l_curve_3,147,0.3838256597518921,0.8095238208770752
l_curve_3,148,0.38348525762557983,0.8095238208770752
l_curve_3,149,0.38311314582824707,0.8095238208770752
l_curve_3,150,0.3827466070652008,0.8095238208770752
l_curve_3,151,0.38237249851226807,0.8095238208770752
l_curve_3,152,0.38203665614128113,0.8095238208770752
l_curve_3,153,0.3816942870616913,0.8095238208770752
l_curve_3,154,0.38131558895111084,0.8095238208770752
l_curve_3,155,0.38090696930885315,0.8095238208770752
l_curve_3,156,0.3805586099624634,0.8095238208770752
l_curve_3,157,0.3801890015602112,0.8095238208770752
l_curve_3,158,0.37985748052597046,0.8095238208770752
l_curve_3,159,0.37951359152793884,0.8095238208770752
l_curve_3,160,0.3791806995868683,0.8095238208770752
l_curve_3,161,0.3788610100746155,0.8095238208770752
l_curve_3,162,0.3785177767276764,0.8095238208770752
l_curve_3,163,0.3781830966472626,0.8095238208770752
l_curve_3,164,0.3778647780418396,0.8095238208770752
l_curve_3,165,0.3775317370891571,0.8095238208770752
l_curve_3,166,0.3771997094154358,0.8095238208770752
l_curve_3,167,0.37687161564826965,0.8095238208770752
l_curve_3,168,0.37654435634613037,0.8095238208770752
l_curve_3,169,0.37623336911201477,0.8095238208770752
l_curve_3,170,0.37594038248062134,0.8095238208770752
l_curve_3,171,0.3756261467933655,0.8095238208770752
l_curve_3,172,0.37531778216362,0.8095238208770752
l_curve_3,173,0.37503597140312195,0.8095238208770752
l_curve_3,174,0.37474969029426575,0.8095238208770752
l_curve_3,175,0.374433696269989,0.8095238208770752
l_curve_3,176,0.3741368353366852,0.8095238208770752
l_curve_3,177,0.3738499581813812,0.8095238208770752
l_curve_3,178,0.37358352541923523,0.8095238208770752
l_curve_3,179,0.3733081817626953,0.8095238208770752
l_curve_3,180,0.3730105757713318,0.8095238208770752
l_curve_3,181,0.3726843595504761,0.8095238208770752
l_curve_3,182,0.3724214434623718,0.8095238208770752
l_curve_3,183,0.3721611201763153,0.8095238208770752
l_curve_3,184,0.3719233274459839,0.8095238208770752
l_curve_3,185,0.3716806471347809,0.8095238208770752
l_curve_3,186,0.37144702672958374,0.8095238208770752
l_curve_3,187,0.37122631072998047,0.8095238208770752
l_curve_3,188,0.3709814250469208,0.8095238208770752
l_curve_3,189,0.37077128887176514,0.8095238208770752
l_curve_3,190,0.37054678797721863,0.8095238208770752
l_curve_3,191,0.37029650807380676,0.8095238208770752
l_curve_3,192,0.37006640434265137,0.8095238208770752
l_curve_3,193,0.3698290288448334,0.8095238208770752
l_curve_3,194,0.3695685863494873,0.8095238208770752
l_curve_3,195,0.3693172335624695,0.8095238208770752
l_curve_3,196,0.36904099583625793,0.8095238208770752
l_curve_3,197,0.36877796053886414,0.8095238208770752
l_curve_3,198,0.3685266375541687,0.8095238208770752
l_curve_3,199,0.3682997226715088,0.8095238208770752
l_curve_3,200,0.3680883049964905,0.8095238208770752
l_curve_3,201,0.3678719997406006,0.8095238208770752
l_curve_3,202,0.36763063073158264,0.8095238208770752
l_curve_3,203,0.3674235939979553,0.8095238208770752
l_curve_3,204,0.36721092462539673,0.8095238208770752
l_curve_3,205,0.3669942319393158,0.8095238208770752
l_curve_3,206,0.3667842447757721,0.8095238208770752
l_curve_3,207,0.3665991723537445,0.8095238208770752
l_curve_3,208,0.36637961864471436,0.8095238208770752
l_curve_3,209,0.36617180705070496,0.8095238208770752
l_curve_3,210,0.3659568428993225,0.8095238208770752
l_curve_3,211,0.3657652735710144,0.8095238208770752
l_curve_3,212,0.3655456602573395,0.8095238208770752
l_curve_3,213,0.3653107285499573,0.8095238208770752
l_curve_3,214,0.3650817573070526,0.8095238208770752
l_curve_3,215,0.3648621141910553,0.8095238208770752
l_curve_3,216,0.36467787623405457,0.8095238208770752
l_curve_3,217,0.36448872089385986,0.8095238208770752
l_curve_3,218,0.3642711043357849,0.8095238208770752
l_curve_3,219,0.36404556035995483,0.8095238208770752
l_curve_3,220,0.3638676106929779,0.8095238208770752
l_curve_3,221,0.3637019693851471,0.8095238208770752
l_curve_3,222,0.36352381110191345,0.8095238208770752
l_curve_3,223,0.36333003640174866,0.8095238208770752
l_curve_3,224,0.36313310265541077,0.8095238208770752
l_curve_3,225,0.3629392981529236,0.8095238208770752
l_curve_3,226,0.3627510964870453,0.8095238208770752
l_curve_3,227,0.36254429817199707,0.8095238208770752
l_curve_3,228,0.36236417293548584,0.8095238208770752
l_curve_3,229,0.36215299367904663,0.8095238208770752
l_curve_3,230,0.3620036542415619,0.8095238208770752
l_curve_3,231,0.36181455850601196,0.8095238208770752
l_curve_3,232,0.36161622405052185,0.8095238208770752
l_curve_3,233,0.3614295721054077,0.8095238208770752
l_curve_3,234,0.36125320196151733,0.8095238208770752
l_curve_3,235,0.3610911965370178,0.8095238208770752
l_curve_3,236,0.360954612493515,0.8095238208770752
l_curve_3,237,0.36081528663635254,0.8095238208770752
l_curve_3,238,0.3606489598751068,0.8095238208770752
l_curve_3,239,0.3605034649372101,0.8095238208770752
l_curve_3,240,0.3603530824184418,0.8095238208770752
l_curve_3,241,0.3602138161659241,0.8095238208770752
l_curve_3,242,0.3600690960884094,0.8095238208770752
l_curve_3,243,0.3599085509777069,0.8095238208770752
l_curve_3,244,0.3597426116466522,0.8095238208770752
l_curve_3,245,0.35958537459373474,0.8095238208770752
l_curve_3,246,0.3594486713409424,0.8095238208770752
l_curve_3,247,0.35929036140441895,0.8095238208770752
l_curve_3,248,0.35909566283226013,0.8095238208770752
l_curve_3,249,0.3588975965976715,0.8095238208770752
l_curve_3,250,0.35875746607780457,0.8095238208770752
l_curve_3,251,0.3585956394672394,0.8095238208770752
l_curve_3,252,0.35840925574302673,0.8095238208770752
l_curve_3,253,0.35826289653778076,0.8095238208770752
l_curve_3,254,0.3581349551677704,0.8095238208770752
l_curve_3,255,0.3580181896686554,0.8095238208770752
l_curve_3,256,0.357881635427475,0.8095238208770752
l_curve_3,257,0.3577316701412201,0.8095238208770752
l_curve_3,258,0.3575727939605713,0.8095238208770752
l_curve_3,259,0.35742753744125366,0.8095238208770752
l_curve_3,260,0.3573239743709564,0.8095238208770752
l_curve_3,261,0.3571914732456207,0.8095238208770752
l_curve_3,262,0.35704803466796875,0.8095238208770752
l_curve_3,263,0.3568836748600006,0.8095238208770752
l_curve_3,264,0.35672101378440857,0.8095238208770752
l_curve_3,265,0.35656028985977173,0.8095238208770752
l_curve_3,266,0.3564195930957794,0.8095238208770752
l_curve_3,267,0.3562476634979248,0.8095238208770752
l_curve_3,268,0.3560745120048523,0.8095238208770752
l_curve_3,269,0.3559156358242035,0.8095238208770752
l_curve_3,270,0.35576632618904114,0.8095238208770752
l_curve_3,271,0.35564088821411133,0.8095238208770752
l_curve_3,272,0.355512410402298,0.8095238208770752
l_curve_3,273,0.3553970754146576,0.8095238208770752
l_curve_3,274,0.35523658990859985,0.8095238208770752
l_curve_3,275,0.3550926446914673,0.8095238208770752
l_curve_3,276,0.35495471954345703,0.8095238208770752
l_curve_3,277,0.35481446981430054,0.8095238208770752
l_curve_3,278,0.3546946942806244,0.8095238208770752
l_curve_3,279,0.3545500934123993,0.8095238208770752
l_curve_3,280,0.3544323742389679,0.8095238208770752
l_curve_3,281,0.35429129004478455,0.8095238208770752
l_curve_3,282,0.3541628122329712,0.8095238208770752
l_curve_3,283,0.35401272773742676,0.8095238208770752
l_curve_3,284,0.35388273000717163,0.8095238208770752
l_curve_3,285,0.3537745177745819,0.8095238208770752
l_curve_3,286,0.3536610007286072,0.8095238208770752
l_curve_3,287,0.3535410761833191,0.8095238208770752
l_curve_3,288,0.3533814549446106,0.8095238208770752
l_curve_3,289,0.3532583713531494,0.8095238208770752
l_curve_3,290,0.3531343638896942,0.8095238208770752
l_curve_3,291,0.35301193594932556,0.8095238208770752
l_curve_3,292,0.35288700461387634,0.8095238208770752
l_curve_3,293,0.35275113582611084,0.8095238208770752
l_curve_3,294,0.3526473045349121,0.8095238208770752
l_curve_3,295,0.35251638293266296,0.8095238208770752
l_curve_3,296,0.352387011051178,0.8095238208770752
l_curve_3,297,0.3522726595401764,0.8095238208770752
l_curve_3,298,0.3521682322025299,0.8095238208770752
l_curve_3,299,0.352056622505188,0.8095238208770752
l_curve_3,300,0.351936399936676,0.8095238208770752
l_curve_3,301,0.35183024406433105,0.8095238208770752
l_curve_3,302,0.3517114222049713,0.8095238208770752
l_curve_3,303,0.35161519050598145,0.8095238208770752
l_curve_3,304,0.35145947337150574,0.8095238208770752
l_curve_3,305,0.35130828619003296,0.8095238208770752
l_curve_3,306,0.3511536717414856,0.8095238208770752
l_curve_3,307,0.35104507207870483,0.8095238208770752
l_curve_3,308,0.35092127323150635,0.8095238208770752
l_curve_3,309,0.3507902920246124,0.8095238208770752
l_curve_3,310,0.35066962242126465,0.8095238208770752
l_curve_3,311,0.35055413842201233,0.8095238208770752
l_curve_3,312,0.35042452812194824,0.8095238208770752
l_curve_3,313,0.3503413796424866,0.8095238208770752
l_curve_3,314,0.35023513436317444,0.8095238208770752
l_curve_3,315,0.3501320481300354,0.8095238208770752
l_curve_3,316,0.3500135838985443,0.8095238208770752
l_curve_3,317,0.3499053716659546,0.8095238208770752
l_curve_3,318,0.3497883081436157,0.8095238208770752
l_curve_3,319,0.34968724846839905,0.8095238208770752
l_curve_3,320,0.3495805859565735,0.8095238208770752
l_curve_3,321,0.3494742810726166,0.8095238208770752
l_curve_3,322,0.34936270117759705,0.8095238208770752
l_curve_3,323,0.34924250841140747,0.8095238208770752
l_curve_3,324,0.34914135932922363,0.8095238208770752
l_curve_3,325,0.3490341603755951,0.8095238208770752
l_curve_3,326,0.348930299282074,0.8095238208770752
l_curve_3,327,0.34881898760795593,0.8095238208770752
l_curve_3,328,0.34871500730514526,0.8095238208770752
l_curve_3,329,0.3486049175262451,0.8095238208770752
l_curve_3,330,0.34850192070007324,0.8095238208770752
l_curve_3,331,0.3483855724334717,0.8095238208770752
l_curve_3,332,0.3482544720172882,0.8095238208770752
l_curve_3,333,0.3481391370296478,0.8095238208770752
l_curve_3,334,0.34805038571357727,0.8095238208770752
l_curve_3,335,0.34791913628578186,0.8095238208770752
l_curve_3,336,0.34780532121658325,0.8095238208770752
l_curve_3,337,0.3477140963077545,0.8095238208770752
l_curve_3,338,0.347608745098114,0.8095238208770752
l_curve_3,339,0.34750398993492126,0.8095238208770752
l_curve_3,340,0.3473860025405884,0.8095238208770752
l_curve_3,341,0.3472803831100464,0.8095238208770752
l_curve_3,342,0.34717971086502075,0.8095238208770752
l_curve_3,343,0.3471101224422455,0.8095238208770752
l_curve_3,344,0.3470199704170227,0.8095238208770752
l_curve_3,345,0.3469102084636688,0.8095238208770752
l_curve_3,346,0.3468109965324402,0.8095238208770752
l_curve_3,347,0.34669339656829834,0.8095238208770752
l_curve_3,348,0.34658104181289673,0.8095238208770752
l_curve_3,349,0.34647831320762634,0.8095238208770752
l_curve_3,350,0.34639772772789,0.8095238208770752
l_curve_3,351,0.3462935984134674,0.8095238208770752
l_curve_3,352,0.34618932008743286,0.8095238208770752
l_curve_3,353,0.3460857570171356,0.8095238208770752
l_curve_3,354,0.34601664543151855,0.8095238208770752
l_curve_3,355,0.34592512249946594,0.8095238208770752
l_curve_3,356,0.3458356261253357,0.8095238208770752
l_curve_3,357,0.34576523303985596,0.8095238208770752
l_curve_3,358,0.34569644927978516,0.8095238208770752
l_curve_3,359,0.34564030170440674,0.8095238208770752
l_curve_3,360,0.3455250561237335,0.8095238208770752
l_curve_3,361,0.3453861474990845,0.8095238208770752
l_curve_3,362,0.3452743589878082,0.8095238208770752
l_curve_3,363,0.34515947103500366,0.8095238208770752
l_curve_3,364,0.3450487554073334,0.8095238208770752
l_curve_3,365,0.34497642517089844,0.8095238208770752
l_curve_3,366,0.3448883295059204,0.8095238208770752
l_curve_3,367,0.3448072075843811,0.8095238208770752
l_curve_3,368,0.3447161316871643,0.8095238208770752
l_curve_3,369,0.34462323784828186,0.8095238208770752
l_curve_3,370,0.34453392028808594,0.8095238208770752
l_curve_3,371,0.3444516658782959,0.8095238208770752
l_curve_3,372,0.34437212347984314,0.8095238208770752
l_curve_3,373,0.34429773688316345,0.8095238208770752
l_curve_3,374,0.3442213833332062,0.8095238208770752
l_curve_3,375,0.34412381052970886,0.8095238208770752
l_curve_3,376,0.3440525531768799,0.8095238208770752
l_curve_3,377,0.34395045042037964,0.8095238208770752
l_curve_3,378,0.3438597023487091,0.8095238208770752
l_curve_3,379,0.3437263071537018,0.8571428656578064
l_curve_3,380,0.3436269164085388,0.8571428656578064
l_curve_3,381,0.3435341417789459,0.8571428656578064
l_curve_3,382,0.3434315025806427,0.8571428656578064
l_curve_3,383,0.3433380722999573,0.8571428656578064
l_curve_3,384,0.343224436044693,0.8571428656578064
l_curve_3,385,0.34311720728874207,0.8571428656578064
l_curve_3,386,0.34305641055107117,0.8571428656578064
l_curve_3,387,0.34302058815956116,0.8571428656578064
l_curve_3,388,0.3429306447505951,0.8571428656578064
l_curve_3,389,0.3428718149662018,0.8571428656578064
l_curve_3,390,0.3428022861480713,0.8571428656578064
l_curve_3,391,0.3427138924598694,0.8571428656578064
l_curve_3,392,0.3426366448402405,0.8571428656578064
l_curve_3,393,0.3425513803958893,0.8571428656578064
l_curve_3,394,0.3424461781978607,0.8571428656578064
l_curve_3,395,0.34235459566116333,0.8571428656578064
l_curve_3,396,0.34227216243743896,0.8571428656578064
l_curve_3,397,0.34216684103012085,0.8571428656578064
l_curve_3,398,0.34208837151527405,0.8571428656578064
l_curve_3,399,0.3420007824897766,0.8571428656578064
l_curve_3,400,0.3419073820114136,0.8571428656578064
l_curve_3,401,0.3418091833591461,0.8571428656578064
l_curve_3,402,0.34173130989074707,0.8571428656578064
l_curve_3,403,0.34162038564682007,0.8571428656578064
l_curve_3,404,0.34153690934181213,0.8571428656578064
l_curve_3,405,0.34145522117614746,0.8571428656578064
l_curve_3,406,0.34134814143180847,0.8571428656578064
l_curve_3,407,0.3412688672542572,0.8571428656578064
l_curve_3,408,0.34118303656578064,0.8571428656578064
l_curve_3,409,0.34109577536582947,0.8571428656578064
l_curve_3,410,0.3410051465034485,0.8571428656578064
l_curve_3,411,0.3409136235713959,0.8571428656578064
l_curve_3,412,0.3408243656158447,0.8571428656578064
l_curve_3,413,0.34075191617012024,0.8571428656578064
l_curve_3,414,0.3406716585159302,0.8571428656578064
l_curve_3,415,0.34059378504753113,0.8571428656578064
l_curve_3,416,0.34050193428993225,0.8571428656578064
l_curve_3,417,0.34041205048561096,0.8571428656578064
l_curve_3,418,0.3403087258338928,0.8571428656578064
l_curve_3,419,0.34023505449295044,0.8571428656578064
l_curve_3,420,0.34016984701156616,0.8571428656578064
l_curve_3,421,0.34010469913482666,0.8571428656578064
l_curve_3,422,0.3400394916534424,0.8571428656578064
l_curve_3,423,0.3399573266506195,0.8571428656578064
l_curve_3,424,0.3398624062538147,0.8571428656578064
l_curve_3,425,0.3397647440433502,0.8571428656578064
l_curve_3,426,0.33970892429351807,0.8571428656578064
l_curve_3,427,0.3396376073360443,0.8571428656578064
l_curve_3,428,0.33956894278526306,0.8571428656578064
l_curve_3,429,0.33948639035224915,0.8571428656578064
l_curve_3,430,0.339408278465271,0.8571428656578064
l_curve_3,431,0.3393288254737854,0.8571428656578064
l_curve_3,432,0.33924704790115356,0.8571428656578064
l_curve_3,433,0.33917897939682007,0.8571428656578064
l_curve_3,434,0.33910202980041504,0.8571428656578064
l_curve_3,435,0.3390445113182068,0.8571428656578064
l_curve_3,436,0.3389742970466614,0.8571428656578064
l_curve_3,437,0.33891403675079346,0.8571428656578064
l_curve_3,438,0.33883336186408997,0.8571428656578064
l_curve_3,439,0.33876460790634155,0.8571428656578064
l_curve_3,440,0.3386971056461334,0.8571428656578064
l_curve_3,441,0.3386179804801941,0.8571428656578064
l_curve_3,442,0.3385167121887207,0.8571428656578064
l_curve_3,443,0.3384269177913666,0.8571428656578064
l_curve_3,444,0.3383385241031647,0.8571428656578064
l_curve_3,445,0.33826950192451477,0.8571428656578064
l_curve_3,446,0.33818018436431885,0.8571428656578064
l_curve_3,447,0.3381190299987793,0.8571428656578064
l_curve_3,448,0.3380618691444397,0.8571428656578064
l_curve_3,449,0.33798113465309143,0.8571428656578064
l_curve_3,450,0.33792662620544434,0.8571428656578064
l_curve_3,451,0.3378831446170807,0.8571428656578064
l_curve_3,452,0.33784353733062744,0.8571428656578064
l_curve_3,453,0.3377658426761627,0.8571428656578064
l_curve_3,454,0.33766937255859375,0.8571428656578064
l_curve_3,455,0.3376043736934662,0.8571428656578064
l_curve_3,456,0.337542861700058,0.8571428656578064
l_curve_3,457,0.33747467398643494,0.8571428656578064
l_curve_3,458,0.33740678429603577,0.8571428656578064
l_curve_3,459,0.3373180031776428,0.8571428656578064
l_curve_3,460,0.3372170925140381,0.8571428656578064
l_curve_3,461,0.3371264636516571,0.8571428656578064
l_curve_3,462,0.3370625972747803,0.8571428656578064
l_curve_3,463,0.33701735734939575,0.8571428656578064
l_curve_3,464,0.336957722902298,0.8571428656578064
l_curve_3,465,0.3368968665599823,0.8571428656578064
l_curve_3,466,0.3368459939956665,0.8571428656578064
l_curve_3,467,0.33676543831825256,0.8571428656578064
l_curve_3,468,0.3366951048374176,0.8571428656578064
l_curve_3,469,0.3366357386112213,0.8571428656578064
l_curve_3,470,0.33656272292137146,0.8571428656578064
l_curve_3,471,0.33647769689559937,0.8571428656578064
l_curve_3,472,0.33637651801109314,0.8571428656578064
l_curve_3,473,0.33630213141441345,0.8571428656578064
l_curve_3,474,0.33623749017715454,0.8571428656578064
l_curve_3,475,0.3361685276031494,0.8571428656578064
l_curve_3,476,0.3361054062843323,0.8571428656578064
l_curve_3,477,0.33603110909461975,0.8571428656578064
l_curve_3,478,0.3359600603580475,0.8571428656578064
l_curve_3,479,0.3359139859676361,0.8571428656578064
l_curve_3,480,0.3358452618122101,0.8571428656578064
l_curve_3,481,0.33578863739967346,0.8571428656578064
l_curve_3,482,0.3357335329055786,0.8571428656578064
l_curve_3,483,0.33567771315574646,0.8571428656578064
l_curve_3,484,0.33561280369758606,0.8571428656578064
l_curve_3,485,0.33553916215896606,0.8571428656578064
l_curve_3,486,0.33546409010887146,0.8571428656578064
l_curve_3,487,0.33539557456970215,0.8571428656578064
l_curve_3,488,0.335321307182312,0.8571428656578064
l_curve_3,489,0.3352588713169098,0.8571428656578064
l_curve_3,490,0.33519408106803894,0.8571428656578064
l_curve_3,491,0.3351270258426666,0.8571428656578064
l_curve_3,492,0.3350552022457123,0.8571428656578064
l_curve_3,493,0.33497804403305054,0.8571428656578064
l_curve_3,494,0.3349005877971649,0.8571428656578064
l_curve_3,495,0.33484309911727905,0.8571428656578064
l_curve_3,496,0.3347600996494293,0.8571428656578064
l_curve_3,497,0.33468735218048096,0.8571428656578064
l_curve_3,498,0.33463242650032043,0.8571428656578064
l_curve_3,499,0.3345881998538971,0.8571428656578064
l_curve_3,500,0.3345201909542084,0.8571428656578064
l_curve_3,501,0.33445531129837036,0.8571428656578064
l_curve_3,502,0.3343923091888428,0.8571428656578064
l_curve_3,503,0.3343164920806885,0.8571428656578064
l_curve_3,504,0.33425936102867126,0.8571428656578064
l_curve_3,505,0.33418670296669006,0.8571428656578064
l_curve_3,506,0.33414357900619507,0.8571428656578064
l_curve_3,507,0.33410146832466125,0.8571428656578064
l_curve_3,508,0.33403584361076355,0.8571428656578064
l_curve_3,509,0.3339458107948303,0.8571428656578064
l_curve_3,510,0.3338838517665863,0.8571428656578064
l_curve_3,511,0.33382219076156616,0.8571428656578064
l_curve_3,512,0.3337601125240326,0.8571428656578064
l_curve_3,513,0.3336908519268036,0.8571428656578064
l_curve_3,514,0.3336174488067627,0.8571428656578064
l_curve_3,515,0.333560973405838,0.8571428656578064
l_curve_3,516,0.333490788936615,0.8571428656578064
l_curve_3,517,0.3334408104419708,0.8571428656578064
l_curve_3,518,0.33340543508529663,0.8571428656578064
l_curve_3,519,0.33335891366004944,0.8571428656578064
l_curve_3,520,0.33330854773521423,0.8571428656578064
l_curve_3,521,0.3332759439945221,0.8571428656578064
l_curve_3,522,0.33322224020957947,0.8571428656578064
l_curve_3,523,0.33317872881889343,0.8571428656578064
l_curve_3,524,0.3331400454044342,0.8571428656578064
l_curve_3,525,0.33307260274887085,0.8571428656578064
l_curve_3,526,0.33301666378974915,0.8571428656578064
l_curve_3,527,0.3329614996910095,0.8571428656578064
l_curve_3,528,0.3329235911369324,0.8571428656578064
l_curve_3,529,0.33286553621292114,0.8571428656578064
l_curve_3,530,0.3328004777431488,0.8571428656578064
l_curve_3,531,0.3327581584453583,0.8571428656578064
l_curve_3,532,0.332716703414917,0.8571428656578064
l_curve_3,533,0.33263641595840454,0.8571428656578064
l_curve_3,534,0.3325749337673187,0.8571428656578064
l_curve_3,535,0.33252644538879395,0.8571428656578064
l_curve_3,536,0.33247631788253784,0.8571428656578064
l_curve_3,537,0.332436740398407,0.8571428656578064
l_curve_3,538,0.3323747515678406,0.8571428656578064
l_curve_3,539,0.3323458135128021,0.8571428656578064
l_curve_3,540,0.33229178190231323,0.8571428656578064
l_curve_3,541,0.33223408460617065,0.8571428656578064
l_curve_3,542,0.33218494057655334,0.8571428656578064
l_curve_3,543,0.33213168382644653,0.8571428656578064
l_curve_3,544,0.3320869207382202,0.8571428656578064
l_curve_3,545,0.33203983306884766,0.8571428656578064
l_curve_3,546,0.33199167251586914,0.8571428656578064
l_curve_3,547,0.3319441080093384,0.8571428656578064
l_curve_3,548,0.33189913630485535,0.8571428656578064
l_curve_3,549,0.33187049627304077,0.8571428656578064
l_curve_3,550,0.33184799551963806,0.8571428656578064
l_curve_3,551,0.3317883014678955,0.8571428656578064
l_curve_3,552,0.33173462748527527,0.8571428656578064
l_curve_3,553,0.33167392015457153,0.8571428656578064
l_curve_3,554,0.3316110670566559,0.8571428656578064
l_curve_3,555,0.3315458297729492,0.8571428656578064
l_curve_3,556,0.3314746618270874,0.8571428656578064
l_curve_3,557,0.33140188455581665,0.8571428656578064
l_curve_3,558,0.33136889338493347,0.8571428656578064
l_curve_3,559,0.3313104212284088,0.8571428656578064
l_curve_3,560,0.331265389919281,0.8571428656578064
l_curve_3,561,0.33124688267707825,0.8571428656578064
l_curve_3,562,0.3311956822872162,0.8571428656578064
l_curve_3,563,0.3311504125595093,0.8571428656578064
l_curve_3,564,0.33112236857414246,0.8571428656578064
l_curve_3,565,0.33107006549835205,0.8571428656578064
l_curve_3,566,0.3310069739818573,0.8571428656578064
l_curve_3,567,0.33096006512641907,0.8571428656578064
l_curve_3,568,0.33089759945869446,0.8571428656578064
l_curve_3,569,0.3308565318584442,0.8571428656578064
l_curve_3,570,0.3308313190937042,0.8571428656578064
l_curve_3,571,0.33079132437705994,0.8571428656578064
l_curve_3,572,0.33073800802230835,0.8571428656578064
l_curve_3,573,0.33067575097084045,0.8571428656578064
l_curve_3,574,0.3306165337562561,0.8571428656578064
l_curve_3,575,0.33057254552841187,0.8571428656578064
l_curve_3,576,0.3305404782295227,0.8571428656578064
l_curve_3,577,0.3305070400238037,0.8571428656578064
l_curve_3,578,0.33048543334007263,0.8571428656578064
l_curve_3,579,0.33045944571495056,0.8571428656578064
l_curve_3,580,0.33040928840637207,0.8571428656578064
l_curve_3,581,0.3303796350955963,0.8571428656578064
l_curve_3,582,0.33035770058631897,0.8571428656578064
l_curve_3,583,0.3303188681602478,0.8571428656578064
l_curve_3,584,0.3302556872367859,0.8571428656578064
l_curve_3,585,0.33019891381263733,0.8571428656578064
l_curve_3,586,0.33016088604927063,0.8571428656578064
l_curve_3,587,0.3301246166229248,0.8571428656578064
l_curve_3,588,0.3300709128379822,0.8571428656578064
l_curve_3,589,0.33005204796791077,0.8571428656578064
l_curve_3,590,0.3300155997276306,0.8571428656578064
l_curve_3,591,0.3299802243709564,0.8571428656578064
l_curve_3,592,0.32994702458381653,0.8571428656578064
l_curve_3,593,0.3299103379249573,0.8571428656578064
l_curve_3,594,0.32985955476760864,0.8571428656578064
l_curve_3,595,0.3298094570636749,0.8571428656578064
l_curve_3,596,0.3297554552555084,0.8571428656578064
l_curve_3,597,0.32973361015319824,0.8571428656578064
l_curve_3,598,0.32969608902931213,0.8571428656578064
l_curve_3,599,0.3296319544315338,0.8571428656578064
l_curve_3,600,0.32956498861312866,0.8571428656578064
l_curve_3,601,0.3295016884803772,0.8571428656578064
l_curve_3,602,0.3294486105442047,0.8571428656578064
l_curve_3,603,0.32942551374435425,0.8571428656578064
l_curve_3,604,0.32941141724586487,0.8571428656578064
l_curve_3,605,0.3293590545654297,0.8571428656578064
l_curve_3,606,0.32930418848991394,0.8571428656578064
l_curve_3,607,0.32924020290374756,0.8571428656578064
l_curve_3,608,0.3292136788368225,0.8571428656578064
l_curve_3,609,0.329175740480423,0.8571428656578064
l_curve_3,610,0.3291202187538147,0.8571428656578064
l_curve_3,611,0.3291020095348358,0.8571428656578064
l_curve_3,612,0.3290930390357971,0.8571428656578064
l_curve_3,613,0.3290635645389557,0.8571428656578064
l_curve_3,614,0.32900121808052063,0.8571428656578064
l_curve_3,615,0.3289562165737152,0.8571428656578064
l_curve_3,616,0.3289274573326111,0.8571428656578064
l_curve_3,617,0.32887324690818787,0.8571428656578064
l_curve_3,618,0.3288215100765228,0.8571428656578064
l_curve_3,619,0.3287615478038788,0.8571428656578064
l_curve_3,620,0.32874035835266113,0.8571428656578064
l_curve_3,621,0.32870784401893616,0.8571428656578064
l_curve_3,622,0.32868361473083496,0.8571428656578064
l_curve_3,623,0.32866859436035156,0.8571428656578064
l_curve_3,624,0.3286488652229309,0.8571428656578064
l_curve_3,625,0.32863202691078186,0.8571428656578064
l_curve_3,626,0.32862749695777893,0.8571428656578064
l_curve_3,627,0.3286133408546448,0.8571428656578064
l_curve_3,628,0.3285832107067108,0.8571428656578064
l_curve_3,629,0.32855477929115295,0.8571428656578064
l_curve_3,630,0.3285027742385864,0.8571428656578064
l_curve_3,631,0.32845965027809143,0.8571428656578064
l_curve_3,632,0.3284358084201813,0.8571428656578064
l_curve_3,633,0.32839474081993103,0.8571428656578064
l_curve_3,634,0.3283461034297943,0.8571428656578064
l_curve_3,635,0.3283049166202545,0.8571428656578064
l_curve_3,636,0.32825687527656555,0.8571428656578064
l_curve_3,637,0.3282202184200287,0.8571428656578064
l_curve_3,638,0.3282036781311035,0.8571428656578064
l_curve_3,639,0.32817310094833374,0.8571428656578064
l_curve_3,640,0.3281254172325134,0.8571428656578064
l_curve_3,641,0.3280579745769501,0.8571428656578064
l_curve_3,642,0.328024297952652,0.8571428656578064
l_curve_3,643,0.327991247177124,0.8571428656578064
l_curve_3,644,0.3279433846473694,0.8571428656578064
l_curve_3,645,0.3279041051864624,0.8571428656578064
l_curve_3,646,0.327868789434433,0.8571428656578064
l_curve_3,647,0.32782718539237976,0.8571428656578064
l_curve_3,648,0.3277818560600281,0.8571428656578064
l_curve_3,649,0.327744722366333,0.8571428656578064
l_curve_3,650,0.32770028710365295,0.8571428656578064
l_curve_3,651,0.3276655972003937,0.8571428656578064
l_curve_3,652,0.32763248682022095,0.8571428656578064
l_curve_3,653,0.3275822103023529,0.8571428656578064
l_curve_3,654,0.3275609612464905,0.8571428656578064
l_curve_3,655,0.32750722765922546,0.8571428656578064
l_curve_3,656,0.3274628520011902,0.8571428656578064
l_curve_3,657,0.3274616301059723,0.8571428656578064
l_curve_3,658,0.32744717597961426,0.8571428656578064
l_curve_3,659,0.3274102807044983,0.8571428656578064
l_curve_3,660,0.32735833525657654,0.8571428656578064
l_curve_3,661,0.32731619477272034,0.8571428656578064
l_curve_3,662,0.32726624608039856,0.8571428656578064
l_curve_3,663,0.3272424042224884,0.8571428656578064
l_curve_3,664,0.3272172510623932,0.8571428656578064
l_curve_3,665,0.327189177274704,0.8571428656578064
l_curve_3,666,0.3271677792072296,0.8571428656578064
l_curve_3,667,0.32713475823402405,0.8571428656578064
l_curve_3,668,0.327100545167923,0.8571428656578064
l_curve_3,669,0.3270626664161682,0.8571428656578064
l_curve_3,670,0.3270231783390045,0.8571428656578064
l_curve_3,671,0.32700347900390625,0.8571428656578064
l_curve_3,672,0.32698121666908264,0.8571428656578064
l_curve_3,673,0.3269460201263428,0.8571428656578064
l_curve_3,674,0.3269166350364685,0.8571428656578064
l_curve_3,675,0.3269042372703552,0.8571428656578064
l_curve_3,676,0.3268778324127197,0.8571428656578064
l_curve_3,677,0.3268304169178009,0.8571428656578064
l_curve_3,678,0.32680565118789673,0.8571428656578064
l_curve_3,679,0.3267970383167267,0.8571428656578064
l_curve_3,680,0.32677024602890015,0.8571428656578064
l_curve_3,681,0.32674717903137207,0.8571428656578064
l_curve_3,682,0.3267110288143158,0.8571428656578064
l_curve_3,683,0.32665809988975525,0.8571428656578064
l_curve_3,684,0.3266077935695648,0.8571428656578064
l_curve_3,685,0.32656732201576233,0.8571428656578064
l_curve_3,686,0.3265109956264496,0.8571428656578064
l_curve_3,687,0.3264544904232025,0.8571428656578064
l_curve_3,688,0.3264065980911255,0.8571428656578064
l_curve_3,689,0.3263764977455139,0.8571428656578064
l_curve_3,690,0.3263424336910248,0.8571428656578064
l_curve_3,691,0.32631251215934753,0.8571428656578064
l_curve_3,692,0.32628312706947327,0.8571428656578064
l_curve_3,693,0.32626616954803467,0.8571428656578064
l_curve_3,694,0.3262394070625305,0.8571428656578064
l_curve_3,695,0.326209157705307,0.8571428656578064
l_curve_3,696,0.3261759579181671,0.8571428656578064
l_curve_3,697,0.326150506734848,0.8571428656578064
l_curve_3,698,0.32611599564552307,0.8571428656578064
l_curve_3,699,0.3260807394981384,0.8571428656578064
l_curve_3,700,0.3260619640350342,0.8571428656578064
l_curve_3,701,0.32602232694625854,0.8571428656578064
l_curve_3,702,0.32598137855529785,0.8571428656578064
l_curve_3,703,0.32593831419944763,0.8571428656578064
l_curve_3,704,0.3258938193321228,0.8571428656578064
l_curve_3,705,0.3258633017539978,0.8571428656578064
l_curve_3,706,0.32582661509513855,0.8571428656578064
l_curve_3,707,0.32580554485321045,0.8571428656578064
l_curve_3,708,0.32579848170280457,0.8571428656578064
l_curve_3,709,0.3258010447025299,0.8571428656578064
l_curve_3,710,0.3257746398448944,0.8571428656578064
l_curve_3,711,0.3257582187652588,0.8571428656578064
l_curve_3,712,0.32574087381362915,0.8571428656578064
l_curve_3,713,0.3257160186767578,0.8571428656578064
l_curve_3,714,0.32569384574890137,0.8571428656578064
l_curve_3,715,0.32565227150917053,0.8571428656578064
l_curve_3,716,0.32560425996780396,0.8571428656578064
l_curve_3,717,0.32556724548339844,0.8571428656578064
l_curve_3,718,0.325532466173172,0.8571428656578064
l_curve_3,719,0.3254894018173218,0.8571428656578064
l_curve_3,720,0.3254450559616089,0.8571428656578064
l_curve_3,721,0.3254212737083435,0.8571428656578064
l_curve_3,722,0.3254024088382721,0.8571428656578064
l_curve_3,723,0.3253527581691742,0.8571428656578064
l_curve_3,724,0.3253100514411926,0.8571428656578064
l_curve_3,725,0.32526645064353943,0.8571428656578064
l_curve_3,726,0.32524895668029785,0.8571428656578064
l_curve_3,727,0.32523876428604126,0.8571428656578064
l_curve_3,728,0.32523971796035767,0.8571428656578064
l_curve_3,729,0.32521122694015503,0.8571428656578064
l_curve_3,730,0.3251722455024719,0.8571428656578064
l_curve_3,731,0.32512935996055603,0.8571428656578064
l_curve_3,732,0.32511675357818604,0.8571428656578064
l_curve_3,733,0.3251096308231354,0.8571428656578064
l_curve_3,734,0.32509541511535645,0.8571428656578064
l_curve_3,735,0.3250623047351837,0.8571428656578064
l_curve_3,736,0.3250391483306885,0.8571428656578064
l_curve_3,737,0.3250185251235962,0.8571428656578064
l_curve_3,738,0.32495778799057007,0.8571428656578064
l_curve_3,739,0.3249245584011078,0.8571428656578064
l_curve_3,740,0.32489895820617676,0.8571428656578064
l_curve_3,741,0.32489073276519775,0.8571428656578064
l_curve_3,742,0.32487013936042786,0.8571428656578064
l_curve_3,743,0.32482239603996277,0.8571428656578064
l_curve_3,744,0.32479989528656006,0.8571428656578064
l_curve_3,745,0.32476916909217834,0.8571428656578064
l_curve_3,746,0.3247465491294861,0.8571428656578064
l_curve_3,747,0.3247239589691162,0.8571428656578064
l_curve_3,748,0.32471248507499695,0.8571428656578064
l_curve_3,749,0.3246927559375763,0.8571428656578064
l_curve_3,750,0.324690043926239,0.8571428656578064
l_curve_3,751,0.3246557414531708,0.8571428656578064
l_curve_3,752,0.32461923360824585,0.8571428656578064
l_curve_3,753,0.3245881497859955,0.8571428656578064
l_curve_3,754,0.32454419136047363,0.8571428656578064
l_curve_3,755,0.3245079815387726,0.8571428656578064
l_curve_3,756,0.3244648575782776,0.8571428656578064
l_curve_3,757,0.3244263231754303,0.8571428656578064
l_curve_3,758,0.32439494132995605,0.8571428656578064
l_curve_3,759,0.3243597447872162,0.8571428656578064
l_curve_3,760,0.3243483006954193,0.8571428656578064
l_curve_3,761,0.3243318796157837,0.8571428656578064
l_curve_3,762,0.3243285119533539,0.8571428656578064
l_curve_3,763,0.3243032991886139,0.8571428656578064
l_curve_3,764,0.3242604732513428,0.8571428656578064
l_curve_3,765,0.3242377042770386,0.8571428656578064
l_curve_3,766,0.324197381734848,0.8571428656578064
l_curve_3,767,0.3241591155529022,0.8571428656578064
l_curve_3,768,0.3241468369960785,0.8571428656578064
l_curve_3,769,0.3241231441497803,0.8571428656578064
l_curve_3,770,0.3241131901741028,0.8571428656578064
l_curve_3,771,0.3241141140460968,0.8571428656578064
l_curve_3,772,0.32411104440689087,0.8571428656578064
l_curve_3,773,0.3241163492202759,0.8571428656578064
l_curve_3,774,0.32408761978149414,0.8571428656578064
l_curve_3,775,0.3240477442741394,0.8571428656578064
l_curve_3,776,0.32398882508277893,0.8571428656578064
l_curve_3,777,0.3239597976207733,0.8571428656578064
l_curve_3,778,0.32392412424087524,0.8571428656578064
l_curve_3,779,0.3238793909549713,0.8571428656578064
l_curve_3,780,0.3238523006439209,0.8571428656578064
l_curve_3,781,0.323814332485199,0.8571428656578064
l_curve_3,782,0.32377761602401733,0.8571428656578064
l_curve_3,783,0.3237248361110687,0.8571428656578064
l_curve_3,784,0.3236880898475647,0.8571428656578064
l_curve_3,785,0.3236560523509979,0.8571428656578064
l_curve_3,786,0.32363778352737427,0.8571428656578064
l_curve_3,787,0.3236277401447296,0.8571428656578064
l_curve_3,788,0.3236235976219177,0.8571428656578064
l_curve_3,789,0.3236049711704254,0.8571428656578064
l_curve_3,790,0.32359257340431213,0.8571428656578064
l_curve_3,791,0.32358643412590027,0.8571428656578064
l_curve_3,792,0.32355672121047974,0.8571428656578064
l_curve_3,793,0.3235398828983307,0.8571428656578064
l_curve_3,794,0.3234978914260864,0.8571428656578064
l_curve_3,795,0.32347768545150757,0.8571428656578064
l_curve_3,796,0.3234422206878662,0.8571428656578064
l_curve_3,797,0.32342344522476196,0.8571428656578064
l_curve_3,798,0.3234204053878784,0.8571428656578064
l_curve_3,799,0.32339245080947876,0.8571428656578064
l_curve_3,800,0.32339274883270264,0.8571428656578064
l_curve_3,801,0.3233881890773773,0.8571428656578064
l_curve_3,802,0.3233575224876404,0.8571428656578064
l_curve_3,803,0.32331377267837524,0.8571428656578064
l_curve_3,804,0.32326993346214294,0.8571428656578064
l_curve_3,805,0.3232336640357971,0.8571428656578064
l_curve_3,806,0.32320037484169006,0.8571428656578064
l_curve_3,807,0.32317525148391724,0.8571428656578064
l_curve_3,808,0.32315927743911743,0.8571428656578064
l_curve_3,809,0.3231416344642639,0.8571428656578064
l_curve_3,810,0.3231336176395416,0.8571428656578064
l_curve_3,811,0.32312026619911194,0.8571428656578064
l_curve_3,812,0.32310613989830017,0.8571428656578064
l_curve_3,813,0.3230809271335602,0.8571428656578064
l_curve_3,814,0.3230763077735901,0.8571428656578064
l_curve_3,815,0.323076069355011,0.8571428656578064
l_curve_3,816,0.32305440306663513,0.8571428656578064
l_curve_3,817,0.32306036353111267,0.8571428656578064
l_curve_3,818,0.32304006814956665,0.8571428656578064
l_curve_3,819,0.3230316638946533,0.8571428656578064
l_curve_3,820,0.32300513982772827,0.8571428656578064
l_curve_3,821,0.32298627495765686,0.8571428656578064
l_curve_3,822,0.322948157787323,0.8571428656578064
l_curve_3,823,0.3228839635848999,0.8571428656578064
l_curve_3,824,0.3228597044944763,0.8571428656578064
l_curve_3,825,0.32285723090171814,0.8571428656578064
l_curve_3,826,0.3228449821472168,0.8571428656578064
l_curve_3,827,0.3228156268596649,0.8571428656578064
l_curve_3,828,0.3228020966053009,0.8571428656578064
l_curve_3,829,0.32278650999069214,0.8571428656578064
l_curve_3,830,0.32275936007499695,0.8571428656578064
l_curve_3,831,0.3227452039718628,0.8571428656578064
l_curve_3,832,0.32273799180984497,0.8571428656578064
l_curve_3,833,0.322722852230072,0.8571428656578064
l_curve_3,834,0.32272064685821533,0.8571428656578064
l_curve_3,835,0.3226969242095947,0.8571428656578064
l_curve_3,836,0.32268068194389343,0.8571428656578064
l_curve_3,837,0.322702556848526,0.8571428656578064
l_curve_3,838,0.3226611912250519,0.8571428656578064
l_curve_3,839,0.32262322306632996,0.8571428656578064
l_curve_3,840,0.3225863575935364,0.8571428656578064
l_curve_3,841,0.32256829738616943,0.8571428656578064
l_curve_3,842,0.3225320279598236,0.8571428656578064
l_curve_3,843,0.3224877417087555,0.8571428656578064
l_curve_3,844,0.3224484920501709,0.8571428656578064
l_curve_3,845,0.3224219083786011,0.8571428656578064
l_curve_3,846,0.3224189281463623,0.8571428656578064
l_curve_3,847,0.32244059443473816,0.8571428656578064
l_curve_3,848,0.32243818044662476,0.8571428656578064
l_curve_3,849,0.32241129875183105,0.8571428656578064
l_curve_3,850,0.32239192724227905,0.8571428656578064
l_curve_3,851,0.32237547636032104,0.8571428656578064
l_curve_3,852,0.3223516047000885,0.8571428656578064
l_curve_3,853,0.32233065366744995,0.8571428656578064
l_curve_3,854,0.32230398058891296,0.8571428656578064
l_curve_3,855,0.32227224111557007,0.8571428656578064
l_curve_3,856,0.3222395181655884,0.8571428656578064
l_curve_3,857,0.3222073018550873,0.8571428656578064
l_curve_3,858,0.32219234108924866,0.8571428656578064
l_curve_3,859,0.32217732071876526,0.8571428656578064
l_curve_3,860,0.3221481442451477,0.8571428656578064
l_curve_3,861,0.32214516401290894,0.8571428656578064
l_curve_3,862,0.32211679220199585,0.8571428656578064
l_curve_3,863,0.32212042808532715,0.8571428656578064
l_curve_3,864,0.3221267759799957,0.8571428656578064
l_curve_3,865,0.3221306800842285,0.8571428656578064
l_curve_3,866,0.3221452832221985,0.8571428656578064
l_curve_3,867,0.3221399486064911,0.8571428656578064
l_curve_3,868,0.32212650775909424,0.8571428656578064
l_curve_3,869,0.322103351354599,0.8571428656578064
l_curve_3,870,0.32206863164901733,0.8571428656578064
l_curve_3,871,0.3220515847206116,0.8571428656578064
l_curve_3,872,0.32202234864234924,0.8571428656578064
l_curve_3,873,0.3220192790031433,0.8571428656578064
l_curve_3,874,0.3220340311527252,0.8571428656578064
l_curve_3,875,0.32203781604766846,0.8571428656578064
l_curve_3,876,0.32204681634902954,0.8571428656578064
l_curve_3,877,0.3220221996307373,0.8571428656578064
l_curve_3,878,0.3219689726829529,0.8571428656578064
l_curve_3,879,0.32193392515182495,0.8571428656578064
l_curve_3,880,0.32194143533706665,0.8571428656578064
l_curve_3,881,0.32195019721984863,0.8571428656578064
l_curve_3,882,0.3219388723373413,0.8571428656578064
l_curve_3,883,0.32191571593284607,0.8571428656578064
l_curve_3,884,0.32189640402793884,0.8571428656578064
l_curve_3,885,0.321876585483551,0.8571428656578064
l_curve_3,886,0.32183557748794556,0.8571428656578064
l_curve_3,887,0.3218085765838623,0.8571428656578064
l_curve_3,888,0.3218146860599518,0.8571428656578064
l_curve_3,889,0.3218236565589905,0.8571428656578064
l_curve_3,890,0.3218088150024414,0.8571428656578064
l_curve_3,891,0.3217797875404358,0.8571428656578064
l_curve_3,892,0.3217565715312958,0.8571428656578064
l_curve_3,893,0.3217153549194336,0.8571428656578064
l_curve_3,894,0.3217211961746216,0.8571428656578064
l_curve_3,895,0.3217099606990814,0.8571428656578064
l_curve_3,896,0.3216772973537445,0.8571428656578064
l_curve_3,897,0.32166725397109985,0.8571428656578064
l_curve_3,898,0.32163378596305847,0.8571428656578064
l_curve_3,899,0.32160812616348267,0.8571428656578064
l_curve_3,900,0.32159513235092163,0.8571428656578064
l_curve_3,901,0.3215775489807129,0.8571428656578064
l_curve_3,902,0.3215629458427429,0.8571428656578064
l_curve_3,903,0.3215598464012146,0.8571428656578064
l_curve_3,904,0.32154813408851624,0.8571428656578064
l_curve_3,905,0.321520060300827,0.8571428656578064
l_curve_3,906,0.3214956820011139,0.8571428656578064
l_curve_3,907,0.32150301337242126,0.8571428656578064
l_curve_3,908,0.32149213552474976,0.8571428656578064
l_curve_3,909,0.3214743137359619,0.8571428656578064
l_curve_3,910,0.3214581310749054,0.8571428656578064
l_curve_3,911,0.32145050168037415,0.8571428656578064
l_curve_3,912,0.3214433193206787,0.8571428656578064
l_curve_3,913,0.3214377760887146,0.8571428656578064
l_curve_3,914,0.3214101195335388,0.8571428656578064
l_curve_3,915,0.3214098811149597,0.8571428656578064
l_curve_3,916,0.32138895988464355,0.8571428656578064
l_curve_3,917,0.32136163115501404,0.8571428656578064
l_curve_3,918,0.3213370740413666,0.8571428656578064
l_curve_3,919,0.321304589509964,0.8571428656578064
l_curve_3,920,0.321272611618042,0.8571428656578064
l_curve_3,921,0.3212347626686096,0.8571428656578064
l_curve_3,922,0.3212010860443115,0.8571428656578064
l_curve_3,923,0.3211930990219116,0.8571428656578064
l_curve_3,924,0.32118719816207886,0.8571428656578064
l_curve_3,925,0.3211919367313385,0.8571428656578064
l_curve_3,926,0.32120609283447266,0.8571428656578064
l_curve_3,927,0.3211919367313385,0.8571428656578064
l_curve_3,928,0.3211806118488312,0.8571428656578064
l_curve_3,929,0.32117199897766113,0.8571428656578064
l_curve_3,930,0.32119131088256836,0.8571428656578064
l_curve_3,931,0.32119715213775635,0.8571428656578064
l_curve_3,932,0.3211952745914459,0.8571428656578064
l_curve_3,933,0.32119879126548767,0.8571428656578064
l_curve_3,934,0.3212181329727173,0.8571428656578064
l_curve_3,935,0.3212101459503174,0.8571428656578064
l_curve_3,936,0.3211978077888489,0.8571428656578064
l_curve_3,937,0.32116976380348206,0.8571428656578064
l_curve_3,938,0.3211602568626404,0.8571428656578064
l_curve_3,939,0.3211463987827301,0.8571428656578064
l_curve_3,940,0.32112374901771545,0.8571428656578064
l_curve_3,941,0.32108741998672485,0.8571428656578064
l_curve_3,942,0.3210383355617523,0.8571428656578064
l_curve_3,943,0.3210054636001587,0.8571428656578064
l_curve_3,944,0.320966511964798,0.8571428656578064
l_curve_3,945,0.3209415078163147,0.8571428656578064
l_curve_3,946,0.3209344744682312,0.8571428656578064
l_curve_3,947,0.3209265470504761,0.8571428656578064
l_curve_3,948,0.320911705493927,0.8571428656578064
l_curve_3,949,0.32089120149612427,0.8571428656578064
l_curve_3,950,0.3209007680416107,0.8571428656578064
l_curve_3,951,0.3208872377872467,0.8571428656578064
l_curve_3,952,0.3208683729171753,0.8571428656578064
l_curve_3,953,0.32087084650993347,0.8571428656578064
l_curve_3,954,0.3208601772785187,0.8571428656578064
l_curve_3,955,0.32082876563072205,0.8571428656578064
l_curve_3,956,0.3208117187023163,0.8571428656578064
l_curve_3,957,0.3208133578300476,0.8571428656578064
l_curve_3,958,0.32082200050354004,0.8571428656578064
l_curve_3,959,0.3208425045013428,0.8571428656578064
l_curve_3,960,0.3208504915237427,0.8571428656578064
l_curve_3,961,0.3208433985710144,0.8571428656578064
l_curve_3,962,0.3208165764808655,0.8571428656578064
l_curve_3,963,0.3207886815071106,0.8571428656578064
l_curve_3,964,0.32075035572052,0.8571428656578064
l_curve_3,965,0.32075852155685425,0.8571428656578064
l_curve_3,966,0.3207426965236664,0.8571428656578064
l_curve_3,967,0.32074546813964844,0.8571428656578064
l_curve_3,968,0.3207501471042633,0.8571428656578064
l_curve_3,969,0.3207564055919647,0.8571428656578064
l_curve_3,970,0.3207503855228424,0.8571428656578064
l_curve_3,971,0.32076165080070496,0.8571428656578064
l_curve_3,972,0.32077255845069885,0.8571428656578064
l_curve_3,973,0.32078441977500916,0.8571428656578064
l_curve_3,974,0.3208003044128418,0.8571428656578064
l_curve_3,975,0.32076454162597656,0.8571428656578064
l_curve_3,976,0.320746511220932,0.8571428656578064
l_curve_3,977,0.3207421898841858,0.8571428656578064
l_curve_3,978,0.320748507976532,0.8571428656578064
l_curve_3,979,0.32073983550071716,0.8571428656578064
l_curve_3,980,0.32071974873542786,0.8571428656578064
l_curve_3,981,0.32070106267929077,0.8571428656578064
l_curve_3,982,0.320726603269577,0.8571428656578064
l_curve_3,983,0.3207230269908905,0.8571428656578064
l_curve_3,984,0.3207152783870697,0.8571428656578064
l_curve_3,985,0.32066863775253296,0.8571428656578064
l_curve_3,986,0.3206443190574646,0.8571428656578064
l_curve_3,987,0.32064351439476013,0.8571428656578064
l_curve_3,988,0.32063013315200806,0.8571428656578064
l_curve_3,989,0.3205909729003906,0.8571428656578064
l_curve_3,990,0.3205467760562897,0.8571428656578064
l_curve_3,991,0.32050758600234985,0.8571428656578064
l_curve_3,992,0.32048293948173523,0.8571428656578064
l_curve_3,993,0.32047322392463684,0.8571428656578064
l_curve_3,994,0.3204546570777893,0.8571428656578064
l_curve_3,995,0.32043159008026123,0.8571428656578064
l_curve_3,996,0.32043156027793884,0.8571428656578064
l_curve_3,997,0.32043910026550293,0.8571428656578064
l_curve_3,998,0.320425420999527,0.8571428656578064
l_curve_3,999,0.3204251229763031,0.8571428656578064
l_curve_3,1000,0.3204123377799988,0.8571428656578064
l_curve_3,1000,0.3204123377799988,0.8571428656578064
