client,round,loss,accuracy
l_curve_0,1,1.1441539525985718,0.4761904776096344
l_curve_0,2,1.0846467018127441,0.4761904776096344
l_curve_0,3,1.0291211605072021,0.4761904776096344
l_curve_0,4,0.9777571558952332,0.4761904776096344
l_curve_0,5,0.9302334785461426,0.4761904776096344
l_curve_0,6,0.8868361711502075,0.523809552192688
l_curve_0,7,0.8471776247024536,0.523809552192688
l_curve_0,8,0.8112828135490417,0.6190476417541504
l_curve_0,9,0.7785495519638062,0.6190476417541504
l_curve_0,10,0.7486653923988342,0.6190476417541504
l_curve_0,11,0.7214730381965637,0.6190476417541504
l_curve_0,12,0.6966612339019775,0.7142857313156128
l_curve_0,13,0.6738269329071045,0.7142857313156128
l_curve_0,14,0.6531777381896973,0.7142857313156128
l_curve_0,15,0.6344346404075623,0.7142857313156128
l_curve_0,16,0.6171486973762512,0.7142857313156128
l_curve_0,17,0.6012070178985596,0.7142857313156128
l_curve_0,18,0.5866418480873108,0.7142857313156128
l_curve_0,19,0.5732033848762512,0.7142857313156128
l_curve_0,20,0.5609083771705627,0.7142857313156128
l_curve_0,21,0.5497465133666992,0.761904776096344
l_curve_0,22,0.5393906831741333,0.761904776096344
l_curve_0,23,0.529662549495697,0.761904776096344
l_curve_0,24,0.5205661058425903,0.8095238208770752
l_curve_0,25,0.5121094584465027,0.8571428656578064
l_curve_0,26,0.5042808055877686,0.8571428656578064
l_curve_0,27,0.49703484773635864,0.8571428656578064
l_curve_0,28,0.4902360439300537,0.8571428656578064
l_curve_0,29,0.48389747738838196,0.8571428656578064
l_curve_0,30,0.4778158962726593,0.8571428656578064
l_curve_0,31,0.47215208411216736,0.8571428656578064
l_curve_0,32,0.4667504131793976,0.8571428656578064
l_curve_0,33,0.46167996525764465,0.8571428656578064
l_curve_0,34,0.45688048005104065,0.8571428656578064
l_curve_0,35,0.4523243308067322,0.8571428656578064
l_curve_0,36,0.4479900896549225,0.8571428656578064
l_curve_0,37,0.4438611567020416,0.8571428656578064
l_curve_0,38,0.4399760961532593,0.8571428656578064
l_curve_0,39,0.4362024664878845,0.8571428656578064
l_curve_0,40,0.43273162841796875,0.8571428656578064
l_curve_0,41,0.429338276386261,0.8571428656578064
l_curve_0,42,0.4259592592716217,0.8571428656578064
l_curve_0,43,0.422778457403183,0.8571428656578064
l_curve_0,44,0.4197746813297272,0.8571428656578064
l_curve_0,45,0.4169129431247711,0.8571428656578064
l_curve_0,46,0.4141635000705719,0.8571428656578064
l_curve_0,47,0.41146719455718994,0.8571428656578064
l_curve_0,48,0.40887415409088135,0.8571428656578064
l_curve_0,49,0.4063856899738312,0.8571428656578064
l_curve_0,50,0.4039037227630615,0.8571428656578064
l_curve_0,51,0.40146327018737793,0.8571428656578064
l_curve_0,52,0.3992203176021576,0.8571428656578064
l_curve_0,53,0.397047221660614,0.8571428656578064
l_curve_0,54,0.39486607909202576,0.8571428656578064
l_curve_0,55,0.39277032017707825,0.8571428656578064
l_curve_0,56,0.3907938003540039,0.8571428656578064
l_curve_0,57,0.3888860046863556,0.8571428656578064
l_curve_0,58,0.3869979977607727,0.8571428656578064
l_curve_0,59,0.38522058725357056,0.8571428656578064
l_curve_0,60,0.38339006900787354,0.8571428656578064
l_curve_0,61,0.3815782964229584,0.8571428656578064
l_curve_0,62,0.3799188733100891,0.8571428656578064
l_curve_0,63,0.37830179929733276,0.8571428656578064
l_curve_0,64,0.37671539187431335,0.8571428656578064
l_curve_0,65,0.37516018748283386,0.8571428656578064
l_curve_0,66,0.3736240267753601,0.8571428656578064
l_curve_0,67,0.37207719683647156,0.8571428656578064
l_curve_0,68,0.37062278389930725,0.8571428656578064
l_curve_0,69,0.3692079186439514,0.8571428656578064
l_curve_0,70,0.36784958839416504,0.8571428656578064
l_curve_0,71,0.36643487215042114,0.8571428656578064
l_curve_0,72,0.3650549352169037,0.8571428656578064
l_curve_0,73,0.36377906799316406,0.8571428656578064
l_curve_0,74,0.36247244477272034,0.8571428656578064
l_curve_0,75,0.3610588610172272,0.8571428656578064
l_curve_0,76,0.35975033044815063,0.8571428656578064
l_curve_0,77,0.35844460129737854,0.8571428656578064
l_curve_0,78,0.35723891854286194,0.8571428656578064
l_curve_0,79,0.3561127483844757,0.8571428656578064
l_curve_0,80,0.35495105385780334,0.8571428656578064
l_curve_0,81,0.3538026809692383,0.8571428656578064
l_curve_0,82,0.3527279496192932,0.8571428656578064
l_curve_0,83,0.3517252206802368,0.8571428656578064
l_curve_0,84,0.350625604391098,0.8571428656578064
l_curve_0,85,0.3496659994125366,0.8571428656578064
l_curve_0,86,0.34860825538635254,0.8571428656578064
l_curve_0,87,0.34764331579208374,0.8571428656578064
l_curve_0,88,0.34674349427223206,0.8571428656578064
l_curve_0,89,0.34574389457702637,0.8571428656578064
l_curve_0,90,0.3447820246219635,0.8571428656578064
l_curve_0,91,0.34379562735557556,0.8571428656578064
l_curve_0,92,0.34278616309165955,0.8571428656578064
l_curve_0,93,0.34184303879737854,0.8571428656578064
l_curve_0,94,0.34094274044036865,0.8571428656578064
l_curve_0,95,0.34010615944862366,0.8571428656578064
l_curve_0,96,0.3391649127006531,0.8571428656578064
l_curve_0,97,0.3381999135017395,0.8571428656578064
l_curve_0,98,0.33729544281959534,0.8571428656578064
l_curve_0,99,0.336370050907135,0.8571428656578064
l_curve_0,100,0.33555883169174194,0.8571428656578064
l_curve_0,101,0.3347752094268799,0.8571428656578064
l_curve_0,102,0.3339984118938446,0.8095238208770752
l_curve_0,103,0.3333705961704254,0.8571428656578064
l_curve_0,104,0.33251819014549255,0.8095238208770752
l_curve_0,105,0.3315919041633606,0.8095238208770752
l_curve_0,106,0.3307601511478424,0.8095238208770752
l_curve_0,107,0.32999372482299805,0.8095238208770752
l_curve_0,108,0.32931503653526306,0.8095238208770752
l_curve_0,109,0.3286694288253784,0.8095238208770752
l_curve_0,110,0.3279940187931061,0.8571428656578064
l_curve_0,111,0.32738184928894043,0.8571428656578064
l_curve_0,112,0.3266439437866211,0.8571428656578064
l_curve_0,113,0.32606589794158936,0.8571428656578064
l_curve_0,114,0.3255122900009155,0.8571428656578064
l_curve_0,115,0.3249204456806183,0.8571428656578064
l_curve_0,116,0.32424288988113403,0.8571428656578064
l_curve_0,117,0.32364392280578613,0.8571428656578064
l_curve_0,118,0.32314279675483704,0.8571428656578064
l_curve_0,119,0.3226098418235779,0.8571428656578064
l_curve_0,120,0.3220204710960388,0.8571428656578064
l_curve_0,121,0.3212193548679352,0.8571428656578064
l_curve_0,122,0.3205258846282959,0.8571428656578064
l_curve_0,123,0.3197648227214813,0.8571428656578064
l_curve_0,124,0.3189849853515625,0.8571428656578064
l_curve_0,125,0.3183239996433258,0.8571428656578064
l_curve_0,126,0.31769007444381714,0.8571428656578064
l_curve_0,127,0.31710439920425415,0.8571428656578064
l_curve_0,128,0.3164229094982147,0.8571428656578064
l_curve_0,129,0.3158259987831116,0.8571428656578064
l_curve_0,130,0.3153453469276428,0.8571428656578064
l_curve_0,131,0.3148099482059479,0.8571428656578064
l_curve_0,132,0.31417691707611084,0.8571428656578064
l_curve_0,133,0.31365832686424255,0.8571428656578064
l_curve_0,134,0.31311479210853577,0.8571428656578064
l_curve_0,135,0.3126392066478729,0.8571428656578064
l_curve_0,136,0.3119707703590393,0.8571428656578064
l_curve_0,137,0.311324805021286,0.8571428656578064
l_curve_0,138,0.31083017587661743,0.8571428656578064
l_curve_0,139,0.3103054463863373,0.8571428656578064
l_curve_0,140,0.30982357263565063,0.8571428656578064
l_curve_0,141,0.3091731667518616,0.8571428656578064
l_curve_0,142,0.3088178336620331,0.8571428656578064
l_curve_0,143,0.3082710802555084,0.8571428656578064
l_curve_0,144,0.30770233273506165,0.8571428656578064
l_curve_0,145,0.3071073889732361,0.8571428656578064
l_curve_0,146,0.30666887760162354,0.8571428656578064
l_curve_0,147,0.30623680353164673,0.8571428656578064
l_curve_0,148,0.3058798015117645,0.8571428656578064
l_curve_0,149,0.30548375844955444,0.8571428656578064
l_curve_0,150,0.30513373017311096,0.8571428656578064
l_curve_0,151,0.30472883582115173,0.8571428656578064
l_curve_0,152,0.3044309616088867,0.8571428656578064
l_curve_0,153,0.30412203073501587,0.8571428656578064
l_curve_0,154,0.30365970730781555,0.8571428656578064
l_curve_0,155,0.30311036109924316,0.8571428656578064
l_curve_0,156,0.3027593493461609,0.8571428656578064
l_curve_0,157,0.3022953271865845,0.8571428656578064
l_curve_0,158,0.30185291171073914,0.8571428656578064
l_curve_0,159,0.30140942335128784,0.8571428656578064
l_curve_0,160,0.30104437470436096,0.8571428656578064
l_curve_0,161,0.3006431758403778,0.8571428656578064
l_curve_0,162,0.3001350462436676,0.8571428656578064
l_curve_0,163,0.29968905448913574,0.8571428656578064
l_curve_0,164,0.29928579926490784,0.8571428656578064
l_curve_0,165,0.29887068271636963,0.8571428656578064
l_curve_0,166,0.29856076836586,0.8571428656578064
l_curve_0,167,0.2981870174407959,0.8571428656578064
l_curve_0,168,0.29780063033103943,0.8571428656578064
l_curve_0,169,0.29743722081184387,0.8571428656578064
l_curve_0,170,0.2970045208930969,0.8571428656578064
l_curve_0,171,0.2965451180934906,0.8571428656578064
l_curve_0,172,0.29620638489723206,0.8571428656578064
l_curve_0,173,0.2958516776561737,0.8571428656578064
l_curve_0,174,0.29544180631637573,0.8571428656578064
l_curve_0,175,0.29499804973602295,0.8571428656578064
l_curve_0,176,0.294683039188385,0.8571428656578064
l_curve_0,177,0.29434213042259216,0.8571428656578064
l_curve_0,178,0.29405519366264343,0.8571428656578064
l_curve_0,179,0.29380306601524353,0.8571428656578064
l_curve_0,180,0.2934214174747467,0.8571428656578064
l_curve_0,181,0.29295939207077026,0.8571428656578064
l_curve_0,182,0.292693555355072,0.8571428656578064
l_curve_0,183,0.29251521825790405,0.8571428656578064
l_curve_0,184,0.29239213466644287,0.8571428656578064
l_curve_0,185,0.29200395941734314,0.8571428656578064
l_curve_0,186,0.2916693091392517,0.8571428656578064
l_curve_0,187,0.29139867424964905,0.8571428656578064
l_curve_0,188,0.29107609391212463,0.8571428656578064
l_curve_0,189,0.2908437252044678,0.8571428656578064
l_curve_0,190,0.29058098793029785,0.8571428656578064
l_curve_0,191,0.2901899218559265,0.8571428656578064
l_curve_0,192,0.28994402289390564,0.8571428656578064
l_curve_0,193,0.28959956765174866,0.8571428656578064
l_curve_0,194,0.28917816281318665,0.8571428656578064
l_curve_0,195,0.28882449865341187,0.8571428656578064
l_curve_0,196,0.28847452998161316,0.8571428656578064
l_curve_0,197,0.2881881296634674,0.8571428656578064
l_curve_0,198,0.28787264227867126,0.8571428656578064
l_curve_0,199,0.2875751852989197,0.8571428656578064
l_curve_0,200,0.28723791241645813,0.8571428656578064
l_curve_0,201,0.28691697120666504,0.8571428656578064
l_curve_0,202,0.28662341833114624,0.8571428656578064
l_curve_0,203,0.28636056184768677,0.8571428656578064
l_curve_0,204,0.2862212657928467,0.8571428656578064
l_curve_0,205,0.2860845923423767,0.8571428656578064
l_curve_0,206,0.28572869300842285,0.8571428656578064
l_curve_0,207,0.28554806113243103,0.8571428656578064
l_curve_0,208,0.28521618247032166,0.8571428656578064
l_curve_0,209,0.28496572375297546,0.8571428656578064
l_curve_0,210,0.284712016582489,0.8571428656578064
l_curve_0,211,0.28442367911338806,0.8571428656578064
l_curve_0,212,0.2841515839099884,0.8571428656578064
l_curve_0,213,0.2837688624858856,0.8571428656578064
l_curve_0,214,0.2835056185722351,0.8571428656578064
l_curve_0,215,0.2831358313560486,0.8571428656578064
l_curve_0,216,0.2829393446445465,0.8571428656578064
l_curve_0,217,0.2826305329799652,0.8571428656578064
l_curve_0,218,0.28237220644950867,0.8571428656578064
l_curve_0,219,0.282016396522522,0.8571428656578064
l_curve_0,220,0.28170913457870483,0.8571428656578064
l_curve_0,221,0.2814992666244507,0.8571428656578064
l_curve_0,222,0.28131553530693054,0.8571428656578064
l_curve_0,223,0.280996710062027,0.8571428656578064
l_curve_0,224,0.28077641129493713,0.8571428656578064
l_curve_0,225,0.2805388271808624,0.8571428656578064
l_curve_0,226,0.28046584129333496,0.8571428656578064
l_curve_0,227,0.28018060326576233,0.8571428656578064
l_curve_0,228,0.27989649772644043,0.8571428656578064
l_curve_0,229,0.2795393466949463,0.8571428656578064
l_curve_0,230,0.279411256313324,0.8571428656578064
l_curve_0,231,0.27916064858436584,0.8571428656578064
l_curve_0,232,0.27894434332847595,0.8571428656578064
l_curve_0,233,0.2787192165851593,0.8571428656578064
l_curve_0,234,0.2784665524959564,0.8571428656578064
l_curve_0,235,0.27835583686828613,0.8571428656578064
l_curve_0,236,0.27827227115631104,0.8571428656578064
l_curve_0,237,0.27810442447662354,0.8571428656578064
l_curve_0,238,0.27781176567077637,0.8571428656578064
l_curve_0,239,0.27771446108818054,0.8571428656578064
l_curve_0,240,0.2775750756263733,0.8571428656578064
l_curve_0,241,0.2774115204811096,0.8571428656578064
l_curve_0,242,0.27714821696281433,0.8571428656578064
l_curve_0,243,0.27686285972595215,0.8571428656578064
l_curve_0,244,0.2766289710998535,0.8571428656578064
l_curve_0,245,0.27647313475608826,0.8571428656578064
l_curve_0,246,0.2763723134994507,0.8571428656578064
l_curve_0,247,0.2761663496494293,0.8571428656578064
l_curve_0,248,0.27589431405067444,0.8571428656578064
l_curve_0,249,0.27559781074523926,0.8571428656578064
l_curve_0,250,0.2753843069076538,0.8571428656578064
l_curve_0,251,0.2752121686935425,0.8571428656578064
l_curve_0,252,0.2749626636505127,0.8571428656578064
l_curve_0,253,0.2748655676841736,0.8571428656578064
l_curve_0,254,0.2747404873371124,0.8571428656578064
l_curve_0,255,0.2745811343193054,0.8571428656578064
l_curve_0,256,0.27449509501457214,0.8571428656578064
l_curve_0,257,0.27440017461776733,0.8571428656578064
l_curve_0,258,0.27426886558532715,0.8571428656578064
l_curve_0,259,0.27405038475990295,0.8571428656578064
l_curve_0,260,0.2739604413509369,0.8571428656578064
l_curve_0,261,0.2737412750720978,0.8571428656578064
l_curve_0,262,0.273511677980423,0.8571428656578064
l_curve_0,263,0.2733110785484314,0.8571428656578064
l_curve_0,264,0.27313703298568726,0.8571428656578064
l_curve_0,265,0.27287960052490234,0.8571428656578064
l_curve_0,266,0.2727759778499603,0.8571428656578064
l_curve_0,267,0.27246490120887756,0.8571428656578064
l_curve_0,268,0.27232375741004944,0.8571428656578064
l_curve_0,269,0.2721591591835022,0.8571428656578064
l_curve_0,270,0.27192217111587524,0.8571428656578064
l_curve_0,271,0.2718203365802765,0.8571428656578064
l_curve_0,272,0.2716330587863922,0.8571428656578064
l_curve_0,273,0.271514356136322,0.8571428656578064
l_curve_0,274,0.27142149209976196,0.8571428656578064
l_curve_0,275,0.27125781774520874,0.8571428656578064
l_curve_0,276,0.2710346579551697,0.8571428656578064
l_curve_0,277,0.2706768810749054,0.8571428656578064
l_curve_0,278,0.27045923471450806,0.8571428656578064
l_curve_0,279,0.2703259587287903,0.8571428656578064
l_curve_0,280,0.2702217102050781,0.8571428656578064
l_curve_0,281,0.2700764238834381,0.8571428656578064
l_curve_0,282,0.2699097692966461,0.8571428656578064
l_curve_0,283,0.2697969377040863,0.8571428656578064
l_curve_0,284,0.2696067690849304,0.8571428656578064
l_curve_0,285,0.2695204019546509,0.8571428656578064
l_curve_0,286,0.269439697265625,0.8571428656578064
l_curve_0,287,0.2693553566932678,0.8571428656578064
l_curve_0,288,0.2691148519515991,0.8571428656578064
l_curve_0,289,0.26897454261779785,0.8571428656578064
l_curve_0,290,0.2688388228416443,0.8571428656578064
l_curve_0,291,0.2686987519264221,0.8571428656578064
l_curve_0,292,0.26862651109695435,0.8571428656578064
l_curve_0,293,0.26829224824905396,0.8571428656578064
l_curve_0,294,0.26810699701309204,0.8571428656578064
l_curve_0,295,0.26789382100105286,0.8571428656578064
l_curve_0,296,0.26774460077285767,0.8571428656578064
l_curve_0,297,0.26758378744125366,0.8571428656578064
l_curve_0,298,0.2674424648284912,0.8571428656578064
l_curve_0,299,0.26730382442474365,0.8571428656578064
l_curve_0,300,0.26721450686454773,0.8571428656578064
l_curve_0,301,0.26707392930984497,0.8571428656578064
l_curve_0,302,0.2669579088687897,0.8571428656578064
l_curve_0,303,0.26691898703575134,0.8571428656578064
l_curve_0,304,0.26668524742126465,0.8571428656578064
l_curve_0,305,0.2663502097129822,0.8571428656578064
l_curve_0,306,0.26606127619743347,0.8571428656578064
l_curve_0,307,0.2659258246421814,0.8571428656578064
l_curve_0,308,0.26582708954811096,0.8571428656578064
l_curve_0,309,0.2656271755695343,0.8571428656578064
l_curve_0,310,0.2654946744441986,0.8571428656578064
l_curve_0,311,0.26544690132141113,0.8571428656578064
l_curve_0,312,0.2651684284210205,0.8571428656578064
l_curve_0,313,0.2651684284210205,0.8571428656578064
l_curve_0,314,0.2650379538536072,0.8571428656578064
l_curve_0,315,0.26497432589530945,0.8571428656578064
l_curve_0,316,0.2648157477378845,0.8571428656578064
l_curve_0,317,0.26463836431503296,0.8571428656578064
l_curve_0,318,0.26445916295051575,0.8571428656578064
l_curve_0,319,0.2643026113510132,0.8571428656578064
l_curve_0,320,0.2642521262168884,0.8571428656578064
l_curve_0,321,0.26417046785354614,0.8571428656578064
l_curve_0,322,0.26405683159828186,0.8571428656578064
l_curve_0,323,0.26385778188705444,0.8571428656578064
l_curve_0,324,0.26360297203063965,0.8571428656578064
l_curve_0,325,0.26336315274238586,0.8571428656578064
l_curve_0,326,0.2632093131542206,0.8571428656578064
l_curve_0,327,0.2631339728832245,0.8571428656578064
l_curve_0,328,0.2629825472831726,0.8571428656578064
l_curve_0,329,0.2627840042114258,0.8571428656578064
l_curve_0,330,0.2627086937427521,0.8571428656578064
l_curve_0,331,0.2627439796924591,0.8571428656578064
l_curve_0,332,0.26271623373031616,0.8571428656578064
l_curve_0,333,0.2626091241836548,0.8571428656578064
l_curve_0,334,0.26256921887397766,0.8571428656578064
l_curve_0,335,0.26233530044555664,0.8571428656578064
l_curve_0,336,0.26224568486213684,0.8571428656578064
l_curve_0,337,0.26220008730888367,0.8571428656578064
l_curve_0,338,0.2618614435195923,0.8571428656578064
l_curve_0,339,0.2617042064666748,0.8571428656578064
l_curve_0,340,0.26158031821250916,0.8571428656578064
l_curve_0,341,0.2613712549209595,0.8571428656578064
l_curve_0,342,0.2613115906715393,0.8571428656578064
l_curve_0,343,0.2613421082496643,0.8571428656578064
l_curve_0,344,0.26132452487945557,0.8571428656578064
l_curve_0,345,0.2611047923564911,0.8571428656578064
l_curve_0,346,0.2609681487083435,0.8571428656578064
l_curve_0,347,0.2607652246952057,0.8571428656578064
l_curve_0,348,0.2606692612171173,0.8571428656578064
l_curve_0,349,0.260610431432724,0.8571428656578064
l_curve_0,350,0.2605307996273041,0.8571428656578064
l_curve_0,351,0.26032647490501404,0.8571428656578064
l_curve_0,352,0.26016220450401306,0.8571428656578064
l_curve_0,353,0.2600819170475006,0.8571428656578064
l_curve_0,354,0.26007795333862305,0.8571428656578064
l_curve_0,355,0.2600342631340027,0.8571428656578064
l_curve_0,356,0.26008284091949463,0.8571428656578064
l_curve_0,357,0.26003021001815796,0.8571428656578064
l_curve_0,358,0.26001980900764465,0.8571428656578064
l_curve_0,359,0.2600223124027252,0.8571428656578064
l_curve_0,360,0.25993695855140686,0.8571428656578064
l_curve_0,361,0.2596924602985382,0.8571428656578064
l_curve_0,362,0.25954774022102356,0.8571428656578064
l_curve_0,363,0.25931987166404724,0.8571428656578064
l_curve_0,364,0.25911280512809753,0.8571428656578064
l_curve_0,365,0.2590005397796631,0.8571428656578064
l_curve_0,366,0.2587762773036957,0.8571428656578064
l_curve_0,367,0.2585943639278412,0.8571428656578064
l_curve_0,368,0.2585197985172272,0.8571428656578064
l_curve_0,369,0.25835976004600525,0.8571428656578064
l_curve_0,370,0.2582642734050751,0.8571428656578064
l_curve_0,371,0.2582836449146271,0.8571428656578064
l_curve_0,372,0.25827208161354065,0.8571428656578064
l_curve_0,373,0.25832340121269226,0.8571428656578064
l_curve_0,374,0.25819066166877747,0.8571428656578064
l_curve_0,375,0.2581295669078827,0.8571428656578064
l_curve_0,376,0.25804975628852844,0.8571428656578064
l_curve_0,377,0.25782543420791626,0.8571428656578064
l_curve_0,378,0.2577606737613678,0.8571428656578064
l_curve_0,379,0.2575795352458954,0.8571428656578064
l_curve_0,380,0.2575274109840393,0.8571428656578064
l_curve_0,381,0.2574514150619507,0.8571428656578064
l_curve_0,382,0.2574446499347687,0.8571428656578064
l_curve_0,383,0.25732749700546265,0.8571428656578064
l_curve_0,384,0.2570565342903137,0.8571428656578064
l_curve_0,385,0.2568778395652771,0.8571428656578064
l_curve_0,386,0.2568579614162445,0.8571428656578064
l_curve_0,387,0.25698181986808777,0.8571428656578064
l_curve_0,388,0.2569175660610199,0.8571428656578064
l_curve_0,389,0.2568419873714447,0.8571428656578064
l_curve_0,390,0.25685128569602966,0.8571428656578064
l_curve_0,391,0.25671127438545227,0.8571428656578064
l_curve_0,392,0.2565806210041046,0.8571428656578064
l_curve_0,393,0.25638988614082336,0.8571428656578064
l_curve_0,394,0.2562367022037506,0.8571428656578064
l_curve_0,395,0.256218820810318,0.8571428656578064
l_curve_0,396,0.25610536336898804,0.8571428656578064
l_curve_0,397,0.2559853196144104,0.8571428656578064
l_curve_0,398,0.25591135025024414,0.8571428656578064
l_curve_0,399,0.25579142570495605,0.8571428656578064
l_curve_0,400,0.25562596321105957,0.8571428656578064
l_curve_0,401,0.25546860694885254,0.8571428656578064
l_curve_0,402,0.25534287095069885,0.8571428656578064
l_curve_0,403,0.25521060824394226,0.8571428656578064
l_curve_0,404,0.2550834119319916,0.8571428656578064
l_curve_0,405,0.25500988960266113,0.8571428656578064
l_curve_0,406,0.2548680901527405,0.8571428656578064
l_curve_0,407,0.25489112734794617,0.8571428656578064
l_curve_0,408,0.2549208104610443,0.8571428656578064
l_curve_0,409,0.2548067569732666,0.8571428656578064
l_curve_0,410,0.2545541226863861,0.8571428656578064
l_curve_0,411,0.25435400009155273,0.8571428656578064
l_curve_0,412,0.254360556602478,0.8571428656578064
l_curve_0,413,0.25446757674217224,0.8571428656578064
l_curve_0,414,0.25437086820602417,0.8571428656578064
l_curve_0,415,0.2543002963066101,0.8571428656578064
l_curve_0,416,0.25418806076049805,0.8571428656578064
l_curve_0,417,0.25406527519226074,0.8571428656578064
l_curve_0,418,0.2538818418979645,0.8571428656578064
l_curve_0,419,0.2539267838001251,0.8571428656578064
l_curve_0,420,0.25401073694229126,0.8571428656578064
l_curve_0,421,0.2540300786495209,0.8571428656578064
l_curve_0,422,0.25388672947883606,0.8571428656578064
l_curve_0,423,0.2537251114845276,0.8571428656578064
l_curve_0,424,0.2536688446998596,0.8571428656578064
l_curve_0,425,0.25349828600883484,0.8571428656578064
l_curve_0,426,0.25351452827453613,0.8571428656578064
l_curve_0,427,0.2534574866294861,0.8571428656578064
l_curve_0,428,0.2533239424228668,0.8571428656578064
l_curve_0,429,0.25321024656295776,0.8571428656578064
l_curve_0,430,0.25310394167900085,0.8571428656578064
l_curve_0,431,0.2529170513153076,0.8571428656578064
l_curve_0,432,0.252868115901947,0.8571428656578064
l_curve_0,433,0.2528773844242096,0.8571428656578064
l_curve_0,434,0.25274646282196045,0.8571428656578064
l_curve_0,435,0.2526404559612274,0.8571428656578064
l_curve_0,436,0.2525479793548584,0.8571428656578064
l_curve_0,437,0.2524866759777069,0.8571428656578064
l_curve_0,438,0.2524551749229431,0.8571428656578064
l_curve_0,439,0.2523999512195587,0.8571428656578064
l_curve_0,440,0.25237470865249634,0.8571428656578064
l_curve_0,441,0.2522139847278595,0.8571428656578064
l_curve_0,442,0.2520224153995514,0.8571428656578064
l_curve_0,443,0.2519185543060303,0.8571428656578064
l_curve_0,444,0.25184816122055054,0.8571428656578064
l_curve_0,445,0.2517211437225342,0.8571428656578064
l_curve_0,446,0.2516052722930908,0.8571428656578064
l_curve_0,447,0.25153830647468567,0.8571428656578064
l_curve_0,448,0.251543253660202,0.8571428656578064
l_curve_0,449,0.2514288127422333,0.8571428656578064
l_curve_0,450,0.2514123022556305,0.8571428656578064
l_curve_0,451,0.2514152526855469,0.8571428656578064
l_curve_0,452,0.25137829780578613,0.8571428656578064
l_curve_0,453,0.2511819303035736,0.8571428656578064
l_curve_0,454,0.25096482038497925,0.8571428656578064
l_curve_0,455,0.25086840987205505,0.8571428656578064
l_curve_0,456,0.25088927149772644,0.8571428656578064
l_curve_0,457,0.25084179639816284,0.8571428656578064
l_curve_0,458,0.2508402466773987,0.8571428656578064
l_curve_0,459,0.250762403011322,0.8571428656578064
l_curve_0,460,0.25058436393737793,0.8571428656578064
l_curve_0,461,0.25035709142684937,0.8571428656578064
l_curve_0,462,0.25032344460487366,0.8571428656578064
l_curve_0,463,0.2503419518470764,0.8571428656578064
l_curve_0,464,0.2503143846988678,0.8571428656578064
l_curve_0,465,0.25015389919281006,0.8571428656578064
l_curve_0,466,0.24997402727603912,0.8571428656578064
l_curve_0,467,0.24978728592395782,0.8571428656578064
l_curve_0,468,0.24966689944267273,0.8571428656578064
l_curve_0,469,0.2496238648891449,0.8571428656578064
l_curve_0,470,0.24951374530792236,0.8571428656578064
l_curve_0,471,0.2494526207447052,0.8571428656578064
l_curve_0,472,0.24936135113239288,0.8571428656578064
l_curve_0,473,0.2493985891342163,0.8571428656578064
l_curve_0,474,0.24940559267997742,0.8571428656578064
l_curve_0,475,0.24928028881549835,0.8571428656578064
l_curve_0,476,0.24920117855072021,0.8571428656578064
l_curve_0,477,0.24917230010032654,0.8571428656578064
l_curve_0,478,0.24904285371303558,0.8571428656578064
l_curve_0,479,0.2490929812192917,0.8571428656578064
l_curve_0,480,0.24898715317249298,0.8571428656578064
l_curve_0,481,0.2489534616470337,0.8571428656578064
l_curve_0,482,0.24894055724143982,0.8571428656578064
l_curve_0,483,0.2488294541835785,0.8571428656578064
l_curve_0,484,0.24879448115825653,0.8571428656578064
l_curve_0,485,0.248744398355484,0.8571428656578064
l_curve_0,486,0.2485867738723755,0.8571428656578064
l_curve_0,487,0.24851585924625397,0.8571428656578064
l_curve_0,488,0.24839895963668823,0.8571428656578064
l_curve_0,489,0.24835599958896637,0.8571428656578064
l_curve_0,490,0.24831129610538483,0.8571428656578064
l_curve_0,491,0.24825412034988403,0.8571428656578064
l_curve_0,492,0.2482266128063202,0.8571428656578064
l_curve_0,493,0.24817770719528198,0.8571428656578064
l_curve_0,494,0.24800793826580048,0.8571428656578064
l_curve_0,495,0.2479339987039566,0.8571428656578064
l_curve_0,496,0.24783512949943542,0.8571428656578064
l_curve_0,497,0.24790652096271515,0.8571428656578064
l_curve_0,498,0.247979998588562,0.8571428656578064
l_curve_0,499,0.24797764420509338,0.8571428656578064
l_curve_0,500,0.24780936539173126,0.8571428656578064
l_curve_0,501,0.2476302981376648,0.8571428656578064
l_curve_0,502,0.24755169451236725,0.8571428656578064
l_curve_0,503,0.24744713306427002,0.8571428656578064
l_curve_0,504,0.24731622636318207,0.8571428656578064
l_curve_0,505,0.24729299545288086,0.8571428656578064
l_curve_0,506,0.2473250776529312,0.8571428656578064
l_curve_0,507,0.24736763536930084,0.8571428656578064
l_curve_0,508,0.24731436371803284,0.8571428656578064
l_curve_0,509,0.24709860980510712,0.8571428656578064
l_curve_0,510,0.24704651534557343,0.8571428656578064
l_curve_0,511,0.24697503447532654,0.8571428656578064
l_curve_0,512,0.24693775177001953,0.8571428656578064
l_curve_0,513,0.24683324992656708,0.8571428656578064
l_curve_0,514,0.2468051016330719,0.8571428656578064
l_curve_0,515,0.24671341478824615,0.8571428656578064
l_curve_0,516,0.24662698805332184,0.8571428656578064
l_curve_0,517,0.24666202068328857,0.8571428656578064
l_curve_0,518,0.24672344326972961,0.8571428656578064
l_curve_0,519,0.24670211970806122,0.8571428656578064
l_curve_0,520,0.24668927490711212,0.8571428656578064
l_curve_0,521,0.24675352871418,0.8571428656578064
l_curve_0,522,0.2467707395553589,0.8571428656578064
l_curve_0,523,0.24672162532806396,0.8571428656578064
l_curve_0,524,0.2467937022447586,0.8571428656578064
l_curve_0,525,0.24672742187976837,0.8571428656578064
l_curve_0,526,0.24670612812042236,0.8571428656578064
l_curve_0,527,0.24656261503696442,0.8571428656578064
l_curve_0,528,0.24655501544475555,0.8571428656578064
l_curve_0,529,0.24645844101905823,0.8571428656578064
l_curve_0,530,0.24632324278354645,0.8571428656578064
l_curve_0,531,0.24640138447284698,0.8571428656578064
l_curve_0,532,0.2464253306388855,0.8571428656578064
l_curve_0,533,0.24620816111564636,0.8571428656578064
l_curve_0,534,0.24612070620059967,0.8571428656578064
l_curve_0,535,0.24614472687244415,0.8571428656578064
l_curve_0,536,0.24610896408557892,0.8571428656578064
l_curve_0,537,0.24607090651988983,0.8571428656578064
l_curve_0,538,0.24591709673404694,0.8571428656578064
l_curve_0,539,0.24584536254405975,0.8571428656578064
l_curve_0,540,0.24580442905426025,0.8571428656578064
l_curve_0,541,0.24572411179542542,0.8571428656578064
l_curve_0,542,0.24564938247203827,0.8571428656578064
l_curve_0,543,0.24558943510055542,0.8571428656578064
l_curve_0,544,0.24566997587680817,0.8571428656578064
l_curve_0,545,0.24557417631149292,0.8571428656578064
l_curve_0,546,0.2455720156431198,0.8571428656578064
l_curve_0,547,0.24545924365520477,0.8571428656578064
l_curve_0,548,0.24535171687602997,0.8571428656578064
l_curve_0,549,0.24526327848434448,0.8571428656578064
l_curve_0,550,0.24525858461856842,0.8571428656578064
l_curve_0,551,0.24525576829910278,0.8571428656578064
l_curve_0,552,0.24535687267780304,0.8571428656578064
l_curve_0,553,0.24530819058418274,0.8571428656578064
l_curve_0,554,0.24520479142665863,0.8571428656578064
l_curve_0,555,0.24516555666923523,0.8571428656578064
l_curve_0,556,0.24500656127929688,0.8571428656578064
l_curve_0,557,0.24474763870239258,0.8571428656578064
l_curve_0,558,0.24466606974601746,0.8571428656578064
l_curve_0,559,0.24455849826335907,0.8571428656578064
l_curve_0,560,0.24449890851974487,0.8571428656578064
l_curve_0,561,0.24461664259433746,0.8571428656578064
l_curve_0,562,0.24450799822807312,0.8571428656578064
l_curve_0,563,0.2445029467344284,0.8571428656578064
l_curve_0,564,0.24453480541706085,0.8571428656578064
l_curve_0,565,0.2445293813943863,0.8571428656578064
l_curve_0,566,0.24445724487304688,0.8571428656578064
l_curve_0,567,0.24445100128650665,0.8571428656578064
l_curve_0,568,0.24446335434913635,0.8571428656578064
l_curve_0,569,0.24450500309467316,0.8571428656578064
l_curve_0,570,0.24462366104125977,0.8571428656578064
l_curve_0,571,0.24459974467754364,0.8571428656578064
l_curve_0,572,0.2445422112941742,0.8571428656578064
l_curve_0,573,0.24447672069072723,0.8571428656578064
l_curve_0,574,0.24441735446453094,0.8571428656578064
l_curve_0,575,0.24431975185871124,0.8571428656578064
l_curve_0,576,0.24426420032978058,0.8571428656578064
l_curve_0,577,0.24418535828590393,0.8571428656578064
l_curve_0,578,0.24416741728782654,0.8571428656578064
l_curve_0,579,0.24418093264102936,0.8571428656578064
l_curve_0,580,0.24412983655929565,0.8571428656578064
l_curve_0,581,0.244278684258461,0.8571428656578064
l_curve_0,582,0.24427799880504608,0.8571428656578064
l_curve_0,583,0.2442106455564499,0.8571428656578064
l_curve_0,584,0.2440485656261444,0.8571428656578064
l_curve_0,585,0.24392157793045044,0.8571428656578064
l_curve_0,586,0.24386708438396454,0.8571428656578064
l_curve_0,587,0.24386346340179443,0.8571428656578064
l_curve_0,588,0.24373547732830048,0.8571428656578064
l_curve_0,589,0.2438189685344696,0.8571428656578064
l_curve_0,590,0.24369299411773682,0.8571428656578064
l_curve_0,591,0.24361088871955872,0.8571428656578064
l_curve_0,592,0.24357318878173828,0.8571428656578064
l_curve_0,593,0.24354059994220734,0.8571428656578064
l_curve_0,594,0.24347621202468872,0.8571428656578064
l_curve_0,595,0.2433292716741562,0.8571428656578064
l_curve_0,596,0.2432384043931961,0.8571428656578064
l_curve_0,597,0.2433270961046219,0.8571428656578064
l_curve_0,598,0.24336785078048706,0.8571428656578064
l_curve_0,599,0.24320900440216064,0.8571428656578064
l_curve_0,600,0.24312514066696167,0.8571428656578064
l_curve_0,601,0.24309135973453522,0.8571428656578064
l_curve_0,602,0.2431386113166809,0.8571428656578064
l_curve_0,603,0.24317491054534912,0.8571428656578064
l_curve_0,604,0.2432830035686493,0.8571428656578064
l_curve_0,605,0.24317628145217896,0.8571428656578064
l_curve_0,606,0.24304606020450592,0.8571428656578064
l_curve_0,607,0.24291765689849854,0.8571428656578064
l_curve_0,608,0.24289290606975555,0.8571428656578064
l_curve_0,609,0.24286754429340363,0.8571428656578064
l_curve_0,610,0.24276097118854523,0.8571428656578064
l_curve_0,611,0.2428389936685562,0.8571428656578064
l_curve_0,612,0.2428576797246933,0.8571428656578064
l_curve_0,613,0.24281983077526093,0.8571428656578064
l_curve_0,614,0.24278919398784637,0.8571428656578064
l_curve_0,615,0.24279376864433289,0.8571428656578064
l_curve_0,616,0.24285975098609924,0.8571428656578064
l_curve_0,617,0.2428065687417984,0.8571428656578064
l_curve_0,618,0.2426905632019043,0.8571428656578064
l_curve_0,619,0.242578387260437,0.8571428656578064
l_curve_0,620,0.24257954955101013,0.8571428656578064
l_curve_0,621,0.24250571429729462,0.8571428656578064
l_curve_0,622,0.2424134761095047,0.8571428656578064
l_curve_0,623,0.2423645257949829,0.8571428656578064
l_curve_0,624,0.24231824278831482,0.8571428656578064
l_curve_0,625,0.24237319827079773,0.8571428656578064
l_curve_0,626,0.24244719743728638,0.8571428656578064
l_curve_0,627,0.24242687225341797,0.8571428656578064
l_curve_0,628,0.2423200160264969,0.8571428656578064
l_curve_0,629,0.2422504872083664,0.8571428656578064
l_curve_0,630,0.24221575260162354,0.8571428656578064
l_curve_0,631,0.24218875169754028,0.8571428656578064
l_curve_0,632,0.24224133789539337,0.8571428656578064
l_curve_0,633,0.24225273728370667,0.8571428656578064
l_curve_0,634,0.2421732395887375,0.8571428656578064
l_curve_0,635,0.24227887392044067,0.8571428656578064
l_curve_0,636,0.24219608306884766,0.8571428656578064
l_curve_0,637,0.2420700639486313,0.8571428656578064
l_curve_0,638,0.2420382797718048,0.8571428656578064
l_curve_0,639,0.2419835925102234,0.8571428656578064
l_curve_0,640,0.24194744229316711,0.8571428656578064
l_curve_0,641,0.24191811680793762,0.8571428656578064
l_curve_0,642,0.24195396900177002,0.8571428656578064
l_curve_0,643,0.24194666743278503,0.8571428656578064
l_curve_0,644,0.24190117418766022,0.8571428656578064
l_curve_0,645,0.24191232025623322,0.8571428656578064
l_curve_0,646,0.2418772429227829,0.8571428656578064
l_curve_0,647,0.24177668988704681,0.8571428656578064
l_curve_0,648,0.24173307418823242,0.8571428656578064
l_curve_0,649,0.24173294007778168,0.8571428656578064
l_curve_0,650,0.24168774485588074,0.8571428656578064
l_curve_0,651,0.24162955582141876,0.8571428656578064
l_curve_0,652,0.2415287345647812,0.8571428656578064
l_curve_0,653,0.24141909182071686,0.8571428656578064
l_curve_0,654,0.2414623647928238,0.8571428656578064
l_curve_0,655,0.2414255142211914,0.8571428656578064
l_curve_0,656,0.24145269393920898,0.8571428656578064
l_curve_0,657,0.24155113101005554,0.8571428656578064
l_curve_0,658,0.24159419536590576,0.8571428656578064
l_curve_0,659,0.241560161113739,0.8571428656578064
l_curve_0,660,0.24157120287418365,0.8571428656578064
l_curve_0,661,0.24162544310092926,0.8571428656578064
l_curve_0,662,0.24150888621807098,0.8571428656578064
l_curve_0,663,0.24138936400413513,0.8571428656578064
l_curve_0,664,0.24138256907463074,0.8571428656578064
l_curve_0,665,0.24123217165470123,0.8571428656578064
l_curve_0,666,0.24115827679634094,0.8571428656578064
l_curve_0,667,0.24107599258422852,0.8571428656578064
l_curve_0,668,0.2410198450088501,0.8571428656578064
l_curve_0,669,0.24099352955818176,0.8571428656578064
l_curve_0,670,0.24094057083129883,0.8571428656578064
l_curve_0,671,0.2409396469593048,0.8571428656578064
l_curve_0,672,0.24092790484428406,0.8571428656578064
l_curve_0,673,0.24091166257858276,0.8571428656578064
l_curve_0,674,0.2409176081418991,0.9047619104385376
l_curve_0,675,0.24088943004608154,0.8571428656578064
l_curve_0,676,0.24086233973503113,0.8571428656578064
l_curve_0,677,0.2407684624195099,0.9047619104385376
l_curve_0,678,0.24083387851715088,0.9047619104385376
l_curve_0,679,0.24083812534809113,0.8571428656578064
l_curve_0,680,0.24081186950206757,0.9047619104385376
l_curve_0,681,0.24080674350261688,0.8571428656578064
l_curve_0,682,0.24077284336090088,0.9047619104385376
l_curve_0,683,0.24075482785701752,0.9047619104385376
l_curve_0,684,0.2407018393278122,0.9047619104385376
l_curve_0,685,0.2406717985868454,0.9047619104385376
l_curve_0,686,0.24058836698532104,0.9047619104385376
l_curve_0,687,0.24048325419425964,0.9047619104385376
l_curve_0,688,0.24047963321208954,0.9047619104385376
l_curve_0,689,0.24048671126365662,0.9047619104385376
l_curve_0,690,0.24049250781536102,0.9047619104385376
l_curve_0,691,0.24045242369174957,0.9047619104385376
l_curve_0,692,0.24038058519363403,0.9047619104385376
l_curve_0,693,0.24032960832118988,0.9047619104385376
l_curve_0,694,0.24022428691387177,0.9047619104385376
l_curve_0,695,0.2402397096157074,0.9047619104385376
l_curve_0,696,0.24021923542022705,0.9047619104385376
l_curve_0,697,0.24025006592273712,0.9047619104385376
l_curve_0,698,0.24032163619995117,0.9047619104385376
l_curve_0,699,0.24035193026065826,0.9047619104385376
l_curve_0,700,0.2404412031173706,0.9047619104385376
l_curve_0,701,0.24043729901313782,0.9047619104385376
l_curve_0,702,0.24031642079353333,0.9047619104385376
l_curve_0,703,0.24021117389202118,0.9047619104385376
l_curve_0,704,0.24003846943378448,0.9047619104385376
l_curve_0,705,0.2399781495332718,0.9047619104385376
l_curve_0,706,0.23993530869483948,0.9047619104385376
l_curve_0,707,0.2399713397026062,0.9047619104385376
l_curve_0,708,0.24005945026874542,0.9047619104385376
l_curve_0,709,0.24010145664215088,0.9047619104385376
l_curve_0,710,0.24004137516021729,0.9047619104385376
l_curve_0,711,0.2400335967540741,0.9047619104385376
l_curve_0,712,0.2399725615978241,0.9047619104385376
l_curve_0,713,0.2399306744337082,0.9047619104385376
l_curve_0,714,0.23995095491409302,0.9047619104385376
l_curve_0,715,0.23993223905563354,0.9047619104385376
l_curve_0,716,0.23993274569511414,0.9047619104385376
l_curve_0,717,0.23991845548152924,0.9047619104385376
l_curve_0,718,0.23991619050502777,0.9047619104385376
l_curve_0,719,0.23991017043590546,0.9047619104385376
l_curve_0,720,0.23983338475227356,0.9047619104385376
l_curve_0,721,0.23982302844524384,0.9047619104385376
l_curve_0,722,0.23980344831943512,0.9047619104385376
l_curve_0,723,0.23980262875556946,0.9047619104385376
l_curve_0,724,0.23974718153476715,0.9047619104385376
l_curve_0,725,0.23963148891925812,0.9047619104385376
l_curve_0,726,0.23966047167778015,0.9047619104385376
l_curve_0,727,0.2397153526544571,0.9047619104385376
l_curve_0,728,0.23982222378253937,0.9047619104385376
l_curve_0,729,0.23983603715896606,0.9047619104385376
l_curve_0,730,0.23978541791439056,0.9047619104385376
l_curve_0,731,0.23972806334495544,0.9047619104385376
l_curve_0,732,0.239797905087471,0.9047619104385376
l_curve_0,733,0.23983144760131836,0.9047619104385376
l_curve_0,734,0.23982810974121094,0.9047619104385376
l_curve_0,735,0.23976919054985046,0.9047619104385376
l_curve_0,736,0.23978471755981445,0.9047619104385376
l_curve_0,737,0.23976173996925354,0.9047619104385376
l_curve_0,738,0.23963172733783722,0.9047619104385376
l_curve_0,739,0.23952338099479675,0.9047619104385376
l_curve_0,740,0.23945513367652893,0.9047619104385376
l_curve_0,741,0.23948219418525696,0.9047619104385376
l_curve_0,742,0.23944225907325745,0.9047619104385376
l_curve_0,743,0.23930680751800537,0.9047619104385376
l_curve_0,744,0.23921403288841248,0.9047619104385376
l_curve_0,745,0.23909695446491241,0.9047619104385376
l_curve_0,746,0.2390146255493164,0.9047619104385376
l_curve_0,747,0.23900985717773438,0.9047619104385376
l_curve_0,748,0.23907209932804108,0.9047619104385376
l_curve_0,749,0.23907525837421417,0.9047619104385376
l_curve_0,750,0.2391553819179535,0.9047619104385376
l_curve_0,751,0.2391459196805954,0.9047619104385376
l_curve_0,752,0.2391250878572464,0.9047619104385376
l_curve_0,753,0.23918451368808746,0.9047619104385376
l_curve_0,754,0.23916217684745789,0.9047619104385376
l_curve_0,755,0.23910409212112427,0.9047619104385376
l_curve_0,756,0.2390100359916687,0.9047619104385376
l_curve_0,757,0.23891285061836243,0.9047619104385376
l_curve_0,758,0.23894141614437103,0.9047619104385376
l_curve_0,759,0.2389812469482422,0.9047619104385376
l_curve_0,760,0.23908047378063202,0.9047619104385376
l_curve_0,761,0.23915793001651764,0.9047619104385376
l_curve_0,762,0.2391805201768875,0.9047619104385376
l_curve_0,763,0.2390761822462082,0.9047619104385376
l_curve_0,764,0.23892952501773834,0.9047619104385376
l_curve_0,765,0.23890100419521332,0.9047619104385376
l_curve_0,766,0.23884035646915436,0.9047619104385376
l_curve_0,767,0.23885543644428253,0.9047619104385376
l_curve_0,768,0.23886850476264954,0.9047619104385376
l_curve_0,769,0.2388279139995575,0.9047619104385376
l_curve_0,770,0.23891648650169373,0.9047619104385376
l_curve_0,771,0.23896892368793488,0.9047619104385376
l_curve_0,772,0.2390073984861374,0.9047619104385376
l_curve_0,773,0.2390526831150055,0.9047619104385376
l_curve_0,774,0.2390097677707672,0.9047619104385376
l_curve_0,775,0.23893894255161285,0.9047619104385376
l_curve_0,776,0.23895542323589325,0.9047619104385376
l_curve_0,777,0.238934725522995,0.9047619104385376
l_curve_0,778,0.23879514634609222,0.9047619104385376
l_curve_0,779,0.2387004792690277,0.9047619104385376
l_curve_0,780,0.23865817487239838,0.9047619104385376
l_curve_0,781,0.23857462406158447,0.9047619104385376
l_curve_0,782,0.23847779631614685,0.9047619104385376
l_curve_0,783,0.23838281631469727,0.9047619104385376
l_curve_0,784,0.23835408687591553,0.9047619104385376
l_curve_0,785,0.2383791208267212,0.9047619104385376
l_curve_0,786,0.23843543231487274,0.9047619104385376
l_curve_0,787,0.23847314715385437,0.9047619104385376
l_curve_0,788,0.23855049908161163,0.9047619104385376
l_curve_0,789,0.2385999858379364,0.9047619104385376
l_curve_0,790,0.238676980137825,0.9047619104385376
l_curve_0,791,0.23879891633987427,0.9047619104385376
l_curve_0,792,0.2387665957212448,0.9047619104385376
l_curve_0,793,0.23867686092853546,0.9047619104385376
l_curve_0,794,0.2384997308254242,0.9047619104385376
l_curve_0,795,0.23841090500354767,0.9047619104385376
l_curve_0,796,0.23832377791404724,0.9047619104385376
l_curve_0,797,0.23828133940696716,0.9047619104385376
l_curve_0,798,0.23830898106098175,0.9047619104385376
l_curve_0,799,0.23833425343036652,0.9047619104385376
l_curve_0,800,0.23846657574176788,0.9047619104385376
l_curve_0,801,0.23856501281261444,0.9047619104385376
l_curve_0,802,0.23861859738826752,0.9047619104385376
l_curve_0,803,0.2385374903678894,0.9047619104385376
l_curve_0,804,0.2385060042142868,0.9047619104385376
l_curve_0,805,0.23850493133068085,0.9047619104385376
l_curve_0,806,0.2385886311531067,0.9047619104385376
l_curve_0,807,0.238582044839859,0.9047619104385376
l_curve_0,808,0.23859021067619324,0.9047619104385376
l_curve_0,809,0.2386367917060852,0.9047619104385376
l_curve_0,810,0.23862865567207336,0.9047619104385376
l_curve_0,811,0.23867438733577728,0.9047619104385376
l_curve_0,812,0.23868951201438904,0.9047619104385376
l_curve_0,813,0.23857879638671875,0.9047619104385376
l_curve_0,814,0.2384311556816101,0.9047619104385376
l_curve_0,815,0.2384129762649536,0.9047619104385376
l_curve_0,816,0.23833145201206207,0.9047619104385376
l_curve_0,817,0.23839160799980164,0.9047619104385376
l_curve_0,818,0.23836366832256317,0.9047619104385376
l_curve_0,819,0.23836031556129456,0.9047619104385376
l_curve_0,820,0.23831717669963837,0.9047619104385376
l_curve_0,821,0.23830969631671906,0.9047619104385376
l_curve_0,822,0.23823745548725128,0.9047619104385376
l_curve_0,823,0.23819124698638916,0.9047619104385376
l_curve_0,824,0.23830334842205048,0.9047619104385376
l_curve_0,825,0.23832929134368896,0.9047619104385376
l_curve_0,826,0.2383255511522293,0.9047619104385376
l_curve_0,827,0.23825840651988983,0.9047619104385376
l_curve_0,828,0.23825618624687195,0.9047619104385376
l_curve_0,829,0.23827791213989258,0.9047619104385376
l_curve_0,830,0.2382480502128601,0.9047619104385376
l_curve_0,831,0.23826490342617035,0.9047619104385376
l_curve_0,832,0.2383333146572113,0.9047619104385376
l_curve_0,833,0.23840409517288208,0.9047619104385376
l_curve_0,834,0.2383316308259964,0.9047619104385376
l_curve_0,835,0.2381919026374817,0.9047619104385376
l_curve_0,836,0.23813922703266144,0.9047619104385376
l_curve_0,837,0.23818588256835938,0.9047619104385376
l_curve_0,838,0.2380676567554474,0.9047619104385376
l_curve_0,839,0.23803946375846863,0.9047619104385376
l_curve_0,840,0.23809632658958435,0.9047619104385376
l_curve_0,841,0.23813463747501373,0.9047619104385376
l_curve_0,842,0.23811522126197815,0.9047619104385376
l_curve_0,843,0.23793011903762817,0.9047619104385376
l_curve_0,844,0.2378178834915161,0.9047619104385376
l_curve_0,845,0.2378430813550949,0.9047619104385376
l_curve_0,846,0.23794971406459808,0.9047619104385376
l_curve_0,847,0.23810039460659027,0.9047619104385376
l_curve_0,848,0.23802566528320312,0.9047619104385376
l_curve_0,849,0.23805367946624756,0.9047619104385376
l_curve_0,850,0.2380894422531128,0.9047619104385376
l_curve_0,851,0.23812821507453918,0.9047619104385376
l_curve_0,852,0.2381126582622528,0.9047619104385376
l_curve_0,853,0.23811709880828857,0.9047619104385376
l_curve_0,854,0.2380407601594925,0.9047619104385376
l_curve_0,855,0.23793774843215942,0.9047619104385376
l_curve_0,856,0.23792102932929993,0.9047619104385376
l_curve_0,857,0.23787550628185272,0.9047619104385376
l_curve_0,858,0.2379075437784195,0.9047619104385376
l_curve_0,859,0.2379222810268402,0.9047619104385376
l_curve_0,860,0.2378426492214203,0.9047619104385376
l_curve_0,861,0.23790232837200165,0.9047619104385376
l_curve_0,862,0.2378872185945511,0.9047619104385376
l_curve_0,863,0.2379549741744995,0.9047619104385376
l_curve_0,864,0.2380189448595047,0.9047619104385376
l_curve_0,865,0.2380339503288269,0.9047619104385376
l_curve_0,866,0.23812879621982574,0.9047619104385376
l_curve_0,867,0.238176167011261,0.9047619104385376
l_curve_0,868,0.23811189830303192,0.9047619104385376
l_curve_0,869,0.2380184829235077,0.9047619104385376
l_curve_0,870,0.23798701167106628,0.9047619104385376
l_curve_0,871,0.23791010677814484,0.9047619104385376
l_curve_0,872,0.23776009678840637,0.9047619104385376
l_curve_0,873,0.23776519298553467,0.9047619104385376
l_curve_0,874,0.23787619173526764,0.9047619104385376
l_curve_0,875,0.237908273935318,0.9047619104385376
l_curve_0,876,0.23798756301403046,0.9047619104385376
l_curve_0,877,0.23792870342731476,0.9047619104385376
l_curve_0,878,0.23776254057884216,0.9047619104385376
l_curve_0,879,0.23774811625480652,0.9047619104385376
l_curve_0,880,0.23781122267246246,0.9047619104385376
l_curve_0,881,0.23793944716453552,0.9047619104385376
l_curve_0,882,0.23795384168624878,0.9047619104385376
l_curve_0,883,0.23791854083538055,0.9047619104385376
l_curve_0,884,0.2379845678806305,0.9047619104385376
l_curve_0,885,0.23801478743553162,0.9047619104385376
l_curve_0,886,0.237929567694664,0.9047619104385376
l_curve_0,887,0.23784559965133667,0.9047619104385376
l_curve_0,888,0.23792235553264618,0.9047619104385376
l_curve_0,889,0.23787958920001984,0.9047619104385376
l_curve_0,890,0.2378205806016922,0.9047619104385376
l_curve_0,891,0.23775708675384521,0.9047619104385376
l_curve_0,892,0.23776790499687195,0.9047619104385376
l_curve_0,893,0.23766915500164032,0.9047619104385376
l_curve_0,894,0.23771445453166962,0.9047619104385376
l_curve_0,895,0.23768529295921326,0.9047619104385376
l_curve_0,896,0.2377314567565918,0.9047619104385376
l_curve_0,897,0.23776814341545105,0.9047619104385376
l_curve_0,898,0.23774419724941254,0.9047619104385376
l_curve_0,899,0.23766985535621643,0.9047619104385376
l_curve_0,900,0.23766681551933289,0.9047619104385376
l_curve_0,901,0.237665057182312,0.9047619104385376
l_curve_0,902,0.23763196170330048,0.9047619104385376
l_curve_0,903,0.23773379623889923,0.9047619104385376
l_curve_0,904,0.23771880567073822,0.9047619104385376
l_curve_0,905,0.23769503831863403,0.9047619104385376
l_curve_0,906,0.2376619130373001,0.9047619104385376
l_curve_0,907,0.23774176836013794,0.9047619104385376
l_curve_0,908,0.23777419328689575,0.9047619104385376
l_curve_0,909,0.23775282502174377,0.9047619104385376
l_curve_0,910,0.23771095275878906,0.9047619104385376
l_curve_0,911,0.23770782351493835,0.9047619104385376
l_curve_0,912,0.23768246173858643,0.9047619104385376
l_curve_0,913,0.23774397373199463,0.9047619104385376
l_curve_0,914,0.23773089051246643,0.9047619104385376
l_curve_0,915,0.23780931532382965,0.9047619104385376
l_curve_0,916,0.23777228593826294,0.9047619104385376
l_curve_0,917,0.23767796158790588,0.9047619104385376
l_curve_0,918,0.23767825961112976,0.9047619104385376
l_curve_0,919,0.2376696914434433,0.9047619104385376
l_curve_0,920,0.23757153749465942,0.9047619104385376
l_curve_0,921,0.2374669909477234,0.9047619104385376
l_curve_0,922,0.23743560910224915,0.9047619104385376
l_curve_0,923,0.23747117817401886,0.9047619104385376
l_curve_0,924,0.23756735026836395,0.9047619104385376
l_curve_0,925,0.23766176402568817,0.9047619104385376
l_curve_0,926,0.23773609101772308,0.9047619104385376
l_curve_0,927,0.2376917004585266,0.9047619104385376
l_curve_0,928,0.23767440021038055,0.9047619104385376
l_curve_0,929,0.23764526844024658,0.9047619104385376
l_curve_0,930,0.2376556694507599,0.9047619104385376
l_curve_0,931,0.2376008927822113,0.9047619104385376
l_curve_0,932,0.23747414350509644,0.9047619104385376
l_curve_0,933,0.23746217787265778,0.9047619104385376
l_curve_0,934,0.2375679463148117,0.9047619104385376
l_curve_0,935,0.23764130473136902,0.9047619104385376
l_curve_0,936,0.23758475482463837,0.9047619104385376
l_curve_0,937,0.23747843503952026,0.9047619104385376
l_curve_0,938,0.2374173402786255,0.9047619104385376
l_curve_0,939,0.23747123777866364,0.9047619104385376
l_curve_0,940,0.2375236302614212,0.9047619104385376
l_curve_0,941,0.2375643402338028,0.9047619104385376
l_curve_0,942,0.23747117817401886,0.9047619104385376
l_curve_0,943,0.23745368421077728,0.9047619104385376
l_curve_0,944,0.23747102916240692,0.9047619104385376
l_curve_0,945,0.23747049272060394,0.9047619104385376
l_curve_0,946,0.2374754399061203,0.9047619104385376
l_curve_0,947,0.23748371005058289,0.9047619104385376
l_curve_0,948,0.23736664652824402,0.9047619104385376
l_curve_0,949,0.2374017983675003,0.9047619104385376
l_curve_0,950,0.23740866780281067,0.9047619104385376
l_curve_0,951,0.23739641904830933,0.9047619104385376
l_curve_0,952,0.23735769093036652,0.9047619104385376
l_curve_0,953,0.23740628361701965,0.9047619104385376
l_curve_0,954,0.23737582564353943,0.9047619104385376
l_curve_0,955,0.23715373873710632,0.9047619104385376
l_curve_0,956,0.23704642057418823,0.9047619104385376
l_curve_0,957,0.23699219524860382,0.9047619104385376
l_curve_0,958,0.2368779182434082,0.9047619104385376
l_curve_0,959,0.23698009550571442,0.9047619104385376
l_curve_0,960,0.23706267774105072,0.9047619104385376
l_curve_0,961,0.2371251881122589,0.9047619104385376
l_curve_0,962,0.23704233765602112,0.9047619104385376
l_curve_0,963,0.23701472580432892,0.9047619104385376
l_curve_0,964,0.23695233464241028,0.9047619104385376
l_curve_0,965,0.23698320984840393,0.9047619104385376
l_curve_0,966,0.23697978258132935,0.9047619104385376
l_curve_0,967,0.23695360124111176,0.9047619104385376
l_curve_0,968,0.23703645169734955,0.9047619104385376
l_curve_0,969,0.2370510995388031,0.9047619104385376
l_curve_0,970,0.23703491687774658,0.9047619104385376
l_curve_0,971,0.23714467883110046,0.9047619104385376
l_curve_0,972,0.23716813325881958,0.9047619104385376
l_curve_0,973,0.2373032122850418,0.9047619104385376
l_curve_0,974,0.2373548448085785,0.9047619104385376
l_curve_0,975,0.23729512095451355,0.9047619104385376
l_curve_0,976,0.23727013170719147,0.9047619104385376
l_curve_0,977,0.23737633228302002,0.9047619104385376
l_curve_0,978,0.23746122419834137,0.9047619104385376
l_curve_0,979,0.23741452395915985,0.9047619104385376
l_curve_0,980,0.23736034333705902,0.9047619104385376
l_curve_0,981,0.23736627399921417,0.9047619104385376
l_curve_0,982,0.23742078244686127,0.9047619104385376
l_curve_0,983,0.23741528391838074,0.9047619104385376
l_curve_0,984,0.23733751475811005,0.9047619104385376
l_curve_0,985,0.23715044558048248,0.9047619104385376
l_curve_0,986,0.23711398243904114,0.9047619104385376
l_curve_0,987,0.23711912333965302,0.9047619104385376
l_curve_0,988,0.23705413937568665,0.9047619104385376
l_curve_0,989,0.23690903186798096,0.9047619104385376
l_curve_0,990,0.23678702116012573,0.9047619104385376
l_curve_0,991,0.23681558668613434,0.9047619104385376
l_curve_0,992,0.23692739009857178,0.9047619104385376
l_curve_0,993,0.23709192872047424,0.9047619104385376
l_curve_0,994,0.23711350560188293,0.9047619104385376
l_curve_0,995,0.23704642057418823,0.9047619104385376
l_curve_0,996,0.2370559573173523,0.9047619104385376
l_curve_0,997,0.2370128184556961,0.9047619104385376
l_curve_0,998,0.23687689006328583,0.9047619104385376
l_curve_0,999,0.23688095808029175,0.9047619104385376
l_curve_0,1000,0.23692834377288818,0.9047619104385376
l_curve_0,1000,0.23692834377288818,0.9047619104385376
