client,round,loss,accuracy
l_curve_4,1,1.5041767358779907,0.3333333432674408
l_curve_4,2,1.429734706878662,0.3333333432674408
l_curve_4,3,1.3601572513580322,0.3333333432674408
l_curve_4,4,1.2956914901733398,0.3333333432674408
l_curve_4,5,1.2357797622680664,0.380952388048172
l_curve_4,6,1.1808923482894897,0.4761904776096344
l_curve_4,7,1.130489706993103,0.5714285969734192
l_curve_4,8,1.08457350730896,0.5714285969734192
l_curve_4,9,1.0423552989959717,0.5714285969734192
l_curve_4,10,1.0035349130630493,0.5714285969734192
l_curve_4,11,0.9679182171821594,0.6190476417541504
l_curve_4,12,0.9350792765617371,0.6190476417541504
l_curve_4,13,0.9045006632804871,0.6190476417541504
l_curve_4,14,0.8765936493873596,0.6190476417541504
l_curve_4,15,0.8510575294494629,0.6190476417541504
l_curve_4,16,0.8272650837898254,0.6666666865348816
l_curve_4,17,0.805071234703064,0.6666666865348816
l_curve_4,18,0.7845093011856079,0.6666666865348816
l_curve_4,19,0.7653685808181763,0.6666666865348816
l_curve_4,20,0.7477880716323853,0.6666666865348816
l_curve_4,21,0.7317582368850708,0.6666666865348816
l_curve_4,22,0.7167996764183044,0.6666666865348816
l_curve_4,23,0.7025691270828247,0.6666666865348816
l_curve_4,24,0.6891105771064758,0.6666666865348816
l_curve_4,25,0.6765322685241699,0.6666666865348816
l_curve_4,26,0.6649315357208252,0.6666666865348816
l_curve_4,27,0.6542540192604065,0.6666666865348816
l_curve_4,28,0.6441272497177124,0.6666666865348816
l_curve_4,29,0.6347607374191284,0.6666666865348816
l_curve_4,30,0.6256749629974365,0.6666666865348816
l_curve_4,31,0.6173043251037598,0.6666666865348816
l_curve_4,32,0.6093137860298157,0.6666666865348816
l_curve_4,33,0.6017138361930847,0.6666666865348816
l_curve_4,34,0.5945452451705933,0.6666666865348816
l_curve_4,35,0.5876700282096863,0.6190476417541504
l_curve_4,36,0.5812156796455383,0.6190476417541504
l_curve_4,37,0.5750854015350342,0.6190476417541504
l_curve_4,38,0.5692870020866394,0.6190476417541504
l_curve_4,39,0.5637221336364746,0.6190476417541504
l_curve_4,40,0.5587643980979919,0.6190476417541504
l_curve_4,41,0.5538855791091919,0.6666666865348816
l_curve_4,42,0.5489723682403564,0.6666666865348816
l_curve_4,43,0.5443342924118042,0.6666666865348816
l_curve_4,44,0.5400437712669373,0.6666666865348816
l_curve_4,45,0.5359944105148315,0.6666666865348816
l_curve_4,46,0.5321306586265564,0.6666666865348816
l_curve_4,47,0.5283514261245728,0.6666666865348816
l_curve_4,48,0.5247669219970703,0.6666666865348816
l_curve_4,49,0.5212439298629761,0.6666666865348816
l_curve_4,50,0.5176681280136108,0.6666666865348816
l_curve_4,51,0.5142516493797302,0.6666666865348816
l_curve_4,52,0.5112786889076233,0.6666666865348816
l_curve_4,53,0.5083938837051392,0.6666666865348816
l_curve_4,54,0.5053551197052002,0.6666666865348816
l_curve_4,55,0.5024296641349792,0.6666666865348816
l_curve_4,56,0.499864399433136,0.6666666865348816
l_curve_4,57,0.4973011016845703,0.6666666865348816
l_curve_4,58,0.49471351504325867,0.6666666865348816
l_curve_4,59,0.49238285422325134,0.6666666865348816
l_curve_4,60,0.48998457193374634,0.6666666865348816
l_curve_4,61,0.4874941408634186,0.6666666865348816
l_curve_4,62,0.4853743612766266,0.6666666865348816
l_curve_4,63,0.4833384156227112,0.6666666865348816
l_curve_4,64,0.48133087158203125,0.6666666865348816
l_curve_4,65,0.47937512397766113,0.6666666865348816
l_curve_4,66,0.47743669152259827,0.6666666865348816
l_curve_4,67,0.475392609834671,0.6666666865348816
l_curve_4,68,0.473613977432251,0.6666666865348816
l_curve_4,69,0.471832275390625,0.6666666865348816
l_curve_4,70,0.4700457751750946,0.6666666865348816
l_curve_4,71,0.4681759774684906,0.6666666865348816
l_curve_4,72,0.46631959080696106,0.6666666865348816
l_curve_4,73,0.4647338390350342,0.6666666865348816
l_curve_4,74,0.4630686938762665,0.6666666865348816
l_curve_4,75,0.46109727025032043,0.6666666865348816
l_curve_4,76,0.4593837857246399,0.6666666865348816
l_curve_4,77,0.4576568603515625,0.761904776096344
l_curve_4,78,0.4560787081718445,0.761904776096344
l_curve_4,79,0.4547173082828522,0.761904776096344
l_curve_4,80,0.45322832465171814,0.761904776096344
l_curve_4,81,0.45182737708091736,0.761904776096344
l_curve_4,82,0.4504038095474243,0.761904776096344
l_curve_4,83,0.44904351234436035,0.761904776096344
l_curve_4,84,0.4474700689315796,0.761904776096344
l_curve_4,85,0.4463721811771393,0.761904776096344
l_curve_4,86,0.4449525475502014,0.761904776096344
l_curve_4,87,0.4438786208629608,0.761904776096344
l_curve_4,88,0.44293421506881714,0.761904776096344
l_curve_4,89,0.44158509373664856,0.761904776096344
l_curve_4,90,0.44027093052864075,0.761904776096344
l_curve_4,91,0.4388616979122162,0.761904776096344
l_curve_4,92,0.437377393245697,0.8095238208770752
l_curve_4,93,0.43618035316467285,0.8095238208770752
l_curve_4,94,0.4349328577518463,0.8095238208770752
l_curve_4,95,0.43385976552963257,0.8095238208770752
l_curve_4,96,0.4326101541519165,0.8095238208770752
l_curve_4,97,0.4312140643596649,0.8095238208770752
l_curve_4,98,0.4300481379032135,0.8095238208770752
l_curve_4,99,0.4288299083709717,0.8095238208770752
l_curve_4,100,0.42787718772888184,0.8095238208770752
l_curve_4,101,0.4268884062767029,0.8095238208770752
l_curve_4,102,0.42592766880989075,0.8095238208770752
l_curve_4,103,0.4253283143043518,0.8095238208770752
l_curve_4,104,0.4240629971027374,0.8095238208770752
l_curve_4,105,0.4225725531578064,0.8095238208770752
l_curve_4,106,0.4213629364967346,0.8095238208770752
l_curve_4,107,0.42049703001976013,0.8095238208770752
l_curve_4,108,0.4196844696998596,0.8095238208770752
l_curve_4,109,0.41896766424179077,0.8095238208770752
l_curve_4,110,0.4182819128036499,0.8095238208770752
l_curve_4,111,0.4175986349582672,0.8095238208770752
l_curve_4,112,0.41656261682510376,0.8095238208770752
l_curve_4,113,0.4158901870250702,0.8095238208770752
l_curve_4,114,0.415330708026886,0.8095238208770752
l_curve_4,115,0.41463902592658997,0.8095238208770752
l_curve_4,116,0.41373711824417114,0.8095238208770752
l_curve_4,117,0.41294798254966736,0.8095238208770752
l_curve_4,118,0.4124826192855835,0.8095238208770752
l_curve_4,119,0.4119570553302765,0.8095238208770752
l_curve_4,120,0.41139593720436096,0.8095238208770752
l_curve_4,121,0.41027361154556274,0.8095238208770752
l_curve_4,122,0.40938448905944824,0.8095238208770752
l_curve_4,123,0.4081713855266571,0.8095238208770752
l_curve_4,124,0.40690550208091736,0.8095238208770752
l_curve_4,125,0.4060218334197998,0.8095238208770752
l_curve_4,126,0.4051988124847412,0.8095238208770752
l_curve_4,127,0.4044151306152344,0.8095238208770752
l_curve_4,128,0.40328770875930786,0.8095238208770752
l_curve_4,129,0.4024568200111389,0.8095238208770752
l_curve_4,130,0.4019829332828522,0.8095238208770752
l_curve_4,131,0.4012511968612671,0.8095238208770752
l_curve_4,132,0.4002848267555237,0.8095238208770752
l_curve_4,133,0.3996492028236389,0.8095238208770752
l_curve_4,134,0.39908072352409363,0.8095238208770752
l_curve_4,135,0.3985596299171448,0.8095238208770752
l_curve_4,136,0.39746084809303284,0.8095238208770752
l_curve_4,137,0.39648643136024475,0.8095238208770752
l_curve_4,138,0.3959716260433197,0.8095238208770752
l_curve_4,139,0.3953508734703064,0.8095238208770752
l_curve_4,140,0.3946731686592102,0.8095238208770752
l_curve_4,141,0.39362484216690063,0.8095238208770752
l_curve_4,142,0.3932643532752991,0.8095238208770752
l_curve_4,143,0.3924800455570221,0.8095238208770752
l_curve_4,144,0.39167675375938416,0.8095238208770752
l_curve_4,145,0.3907221853733063,0.8095238208770752
l_curve_4,146,0.3901330828666687,0.8095238208770752
l_curve_4,147,0.38961338996887207,0.8095238208770752
l_curve_4,148,0.3893314599990845,0.8095238208770752
l_curve_4,149,0.38894349336624146,0.8095238208770752
l_curve_4,150,0.3886183798313141,0.8095238208770752
l_curve_4,151,0.38808637857437134,0.8095238208770752
l_curve_4,152,0.3879035413265228,0.8095238208770752
l_curve_4,153,0.38765957951545715,0.8095238208770752
l_curve_4,154,0.38700562715530396,0.8095238208770752
l_curve_4,155,0.38607361912727356,0.8095238208770752
l_curve_4,156,0.3856317102909088,0.8095238208770752
l_curve_4,157,0.3849005401134491,0.8095238208770752
l_curve_4,158,0.38428574800491333,0.8095238208770752
l_curve_4,159,0.3835757076740265,0.8095238208770752
l_curve_4,160,0.3831437826156616,0.8095238208770752
l_curve_4,161,0.38273149728775024,0.8095238208770752
l_curve_4,162,0.38204818964004517,0.8095238208770752
l_curve_4,163,0.38138872385025024,0.8095238208770752
l_curve_4,164,0.3808719515800476,0.8095238208770752
l_curve_4,165,0.38036882877349854,0.8095238208770752
l_curve_4,166,0.38008740544319153,0.8095238208770752
l_curve_4,167,0.3795648217201233,0.8095238208770752
l_curve_4,168,0.37895235419273376,0.8095238208770752
l_curve_4,169,0.37843069434165955,0.8095238208770752
l_curve_4,170,0.3779405951499939,0.8095238208770752
l_curve_4,171,0.3773037791252136,0.8095238208770752
l_curve_4,172,0.3768731355667114,0.8095238208770752
l_curve_4,173,0.3764234781265259,0.8095238208770752
l_curve_4,174,0.37593165040016174,0.8095238208770752
l_curve_4,175,0.37525475025177,0.8095238208770752
l_curve_4,176,0.3747614026069641,0.8095238208770752
l_curve_4,177,0.37431058287620544,0.8095238208770752
l_curve_4,178,0.37398067116737366,0.8095238208770752
l_curve_4,179,0.3736717700958252,0.8095238208770752
l_curve_4,180,0.37311071157455444,0.8095238208770752
l_curve_4,181,0.37229791283607483,0.8095238208770752
l_curve_4,182,0.3720761239528656,0.8095238208770752
l_curve_4,183,0.3719973862171173,0.8095238208770752
l_curve_4,184,0.3719702661037445,0.8095238208770752
l_curve_4,185,0.3714660108089447,0.8095238208770752
l_curve_4,186,0.3710744380950928,0.8095238208770752
l_curve_4,187,0.37081167101860046,0.8095238208770752
l_curve_4,188,0.3703983724117279,0.8095238208770752
l_curve_4,189,0.37024152278900146,0.8095238208770752
l_curve_4,190,0.3699927031993866,0.8095238208770752
l_curve_4,191,0.3692960739135742,0.8095238208770752
l_curve_4,192,0.36895015835762024,0.8095238208770752
l_curve_4,193,0.3684719204902649,0.8095238208770752
l_curve_4,194,0.36778712272644043,0.8095238208770752
l_curve_4,195,0.3672519326210022,0.8095238208770752
l_curve_4,196,0.36666616797447205,0.8095238208770752
l_curve_4,197,0.36620303988456726,0.8095238208770752
l_curve_4,198,0.3656717836856842,0.8095238208770752
l_curve_4,199,0.36518076062202454,0.8095238208770752
l_curve_4,200,0.36480018496513367,0.8095238208770752
l_curve_4,201,0.3644639551639557,0.8095238208770752
l_curve_4,202,0.3640522360801697,0.8095238208770752
l_curve_4,203,0.36369869112968445,0.8095238208770752
l_curve_4,204,0.3635994493961334,0.8095238208770752
l_curve_4,205,0.36343270540237427,0.8095238208770752
l_curve_4,206,0.36287376284599304,0.8095238208770752
l_curve_4,207,0.36277076601982117,0.8095238208770752
l_curve_4,208,0.3622499406337738,0.8095238208770752
l_curve_4,209,0.36186879873275757,0.8095238208770752
l_curve_4,210,0.3615351617336273,0.8095238208770752
l_curve_4,211,0.36120280623435974,0.8095238208770752
l_curve_4,212,0.36088821291923523,0.8095238208770752
l_curve_4,213,0.3601725101470947,0.8095238208770752
l_curve_4,214,0.3597343862056732,0.8095238208770752
l_curve_4,215,0.35898107290267944,0.8095238208770752
l_curve_4,216,0.3588201403617859,0.8095238208770752
l_curve_4,217,0.358445405960083,0.8095238208770752
l_curve_4,218,0.35814419388771057,0.8095238208770752
l_curve_4,219,0.3575582206249237,0.8095238208770752
l_curve_4,220,0.3572104573249817,0.8095238208770752
l_curve_4,221,0.35703805088996887,0.8095238208770752
l_curve_4,222,0.3568931818008423,0.8095238208770752
l_curve_4,223,0.3564341962337494,0.8095238208770752
l_curve_4,224,0.35623544454574585,0.8095238208770752
l_curve_4,225,0.3559744358062744,0.8095238208770752
l_curve_4,226,0.35597658157348633,0.8095238208770752
l_curve_4,227,0.3554946780204773,0.8095238208770752
l_curve_4,228,0.35507073998451233,0.8095238208770752
l_curve_4,229,0.3543972969055176,0.8095238208770752
l_curve_4,230,0.3543373644351959,0.8095238208770752
l_curve_4,231,0.35385385155677795,0.8095238208770752
l_curve_4,232,0.3534781038761139,0.8571428656578064
l_curve_4,233,0.3531593680381775,0.8571428656578064
l_curve_4,234,0.35283198952674866,0.8571428656578064
l_curve_4,235,0.3528785705566406,0.8571428656578064
l_curve_4,236,0.35300832986831665,0.8571428656578064
l_curve_4,237,0.3528791069984436,0.8571428656578064
l_curve_4,238,0.35247889161109924,0.8571428656578064
l_curve_4,239,0.3524955213069916,0.8571428656578064
l_curve_4,240,0.352424293756485,0.8571428656578064
l_curve_4,241,0.35231342911720276,0.8571428656578064
l_curve_4,242,0.35198116302490234,0.8571428656578064
l_curve_4,243,0.35153746604919434,0.8571428656578064
l_curve_4,244,0.3511348068714142,0.8571428656578064
l_curve_4,245,0.3510436415672302,0.8571428656578064
l_curve_4,246,0.3509862422943115,0.8571428656578064
l_curve_4,247,0.35065415501594543,0.8571428656578064
l_curve_4,248,0.3501194715499878,0.8571428656578064
l_curve_4,249,0.34942927956581116,0.8571428656578064
l_curve_4,250,0.3491457998752594,0.8571428656578064
l_curve_4,251,0.34894466400146484,0.8571428656578064
l_curve_4,252,0.3483924865722656,0.8571428656578064
l_curve_4,253,0.3482772707939148,0.8571428656578064
l_curve_4,254,0.3481895923614502,0.8571428656578064
l_curve_4,255,0.3480708599090576,0.8571428656578064
l_curve_4,256,0.3481464385986328,0.8571428656578064
l_curve_4,257,0.3481408655643463,0.8571428656578064
l_curve_4,258,0.34798693656921387,0.8571428656578064
l_curve_4,259,0.34767794609069824,0.8571428656578064
l_curve_4,260,0.3478540778160095,0.8571428656578064
l_curve_4,261,0.3476477265357971,0.8571428656578064
l_curve_4,262,0.347263365983963,0.8571428656578064
l_curve_4,263,0.34683308005332947,0.8571428656578064
l_curve_4,264,0.3465520739555359,0.8571428656578064
l_curve_4,265,0.34601879119873047,0.8571428656578064
l_curve_4,266,0.3459557890892029,0.8571428656578064
l_curve_4,267,0.3453981578350067,0.8571428656578064
l_curve_4,268,0.3452247381210327,0.8571428656578064
l_curve_4,269,0.34502777457237244,0.8571428656578064
l_curve_4,270,0.34457889199256897,0.8571428656578064
l_curve_4,271,0.3444826602935791,0.8571428656578064
l_curve_4,272,0.34421980381011963,0.8571428656578064
l_curve_4,273,0.3441908359527588,0.8571428656578064
l_curve_4,274,0.3440876603126526,0.8571428656578064
l_curve_4,275,0.34383925795555115,0.8571428656578064
l_curve_4,276,0.3435381352901459,0.8571428656578064
l_curve_4,277,0.3428833484649658,0.8571428656578064
l_curve_4,278,0.3425714075565338,0.8571428656578064
l_curve_4,279,0.34241917729377747,0.8571428656578064
l_curve_4,280,0.3422640562057495,0.8571428656578064
l_curve_4,281,0.3420923352241516,0.8571428656578064
l_curve_4,282,0.3418484628200531,0.8571428656578064
l_curve_4,283,0.3416004180908203,0.8571428656578064
l_curve_4,284,0.341200053691864,0.8571428656578064
l_curve_4,285,0.34122276306152344,0.8571428656578064
l_curve_4,286,0.34117990732192993,0.8571428656578064
l_curve_4,287,0.3411426544189453,0.8571428656578064
l_curve_4,288,0.3406431972980499,0.8571428656578064
l_curve_4,289,0.34053662419319153,0.8571428656578064
l_curve_4,290,0.34031417965888977,0.8571428656578064
l_curve_4,291,0.3401499390602112,0.8571428656578064
l_curve_4,292,0.34021368622779846,0.8571428656578064
l_curve_4,293,0.33960893750190735,0.8571428656578064
l_curve_4,294,0.33938270807266235,0.8571428656578064
l_curve_4,295,0.3390609920024872,0.8571428656578064
l_curve_4,296,0.3388887643814087,0.8571428656578064
l_curve_4,297,0.3386545181274414,0.8571428656578064
l_curve_4,298,0.3385176360607147,0.8571428656578064
l_curve_4,299,0.33836203813552856,0.8571428656578064
l_curve_4,300,0.3383670449256897,0.8571428656578064
l_curve_4,301,0.3382001221179962,0.8571428656578064
l_curve_4,302,0.33808785676956177,0.8571428656578064
l_curve_4,303,0.3381376564502716,0.8571428656578064
l_curve_4,304,0.3376542329788208,0.8571428656578064
l_curve_4,305,0.33692896366119385,0.8571428656578064
l_curve_4,306,0.3361802399158478,0.8571428656578064
l_curve_4,307,0.33601969480514526,0.8571428656578064
l_curve_4,308,0.3359418213367462,0.8571428656578064
l_curve_4,309,0.33567655086517334,0.8571428656578064
l_curve_4,310,0.3355681896209717,0.8571428656578064
l_curve_4,311,0.33559608459472656,0.8571428656578064
l_curve_4,312,0.33496034145355225,0.8571428656578064
l_curve_4,313,0.3351079821586609,0.8571428656578064
l_curve_4,314,0.3349471688270569,0.8571428656578064
l_curve_4,315,0.33494651317596436,0.8571428656578064
l_curve_4,316,0.3347567021846771,0.8571428656578064
l_curve_4,317,0.33454594016075134,0.8571428656578064
l_curve_4,318,0.33416494727134705,0.8571428656578064
l_curve_4,319,0.33388298749923706,0.8571428656578064
l_curve_4,320,0.33382922410964966,0.8571428656578064
l_curve_4,321,0.333797425031662,0.8571428656578064
l_curve_4,322,0.33377665281295776,0.8571428656578064
l_curve_4,323,0.33352985978126526,0.8571428656578064
l_curve_4,324,0.333055317401886,0.8571428656578064
l_curve_4,325,0.3325917422771454,0.8571428656578064
l_curve_4,326,0.3323734998703003,0.8571428656578064
l_curve_4,327,0.3322781026363373,0.8571428656578064
l_curve_4,328,0.33211416006088257,0.8571428656578064
l_curve_4,329,0.33167293667793274,0.8571428656578064
l_curve_4,330,0.3315381705760956,0.8571428656578064
l_curve_4,331,0.33171048760414124,0.8571428656578064
l_curve_4,332,0.33161336183547974,0.8571428656578064
l_curve_4,333,0.3314097821712494,0.8571428656578064
l_curve_4,334,0.33145496249198914,0.8571428656578064
l_curve_4,335,0.33097365498542786,0.8571428656578064
l_curve_4,336,0.33087357878685,0.8571428656578064
l_curve_4,337,0.3308795392513275,0.8571428656578064
l_curve_4,338,0.33028921484947205,0.8571428656578064
l_curve_4,339,0.3300914764404297,0.8571428656578064
l_curve_4,340,0.3299192786216736,0.8571428656578064
l_curve_4,341,0.3295735716819763,0.8571428656578064
l_curve_4,342,0.3296806216239929,0.8571428656578064
l_curve_4,343,0.33006763458251953,0.8571428656578064
l_curve_4,344,0.3301505744457245,0.8571428656578064
l_curve_4,345,0.3297157883644104,0.8571428656578064
l_curve_4,346,0.3295614421367645,0.8571428656578064
l_curve_4,347,0.32907405495643616,0.8571428656578064
l_curve_4,348,0.3288527727127075,0.8571428656578064
l_curve_4,349,0.32887446880340576,0.8571428656578064
l_curve_4,350,0.3289501667022705,0.8571428656578064
l_curve_4,351,0.32867223024368286,0.8571428656578064
l_curve_4,352,0.3284339904785156,0.8571428656578064
l_curve_4,353,0.32838425040245056,0.8571428656578064
l_curve_4,354,0.32863593101501465,0.8571428656578064
l_curve_4,355,0.32866770029067993,0.8571428656578064
l_curve_4,356,0.32889118790626526,0.8571428656578064
l_curve_4,357,0.3289032280445099,0.8571428656578064
l_curve_4,358,0.3290122151374817,0.8571428656578064
l_curve_4,359,0.32918184995651245,0.8571428656578064
l_curve_4,360,0.3290601074695587,0.8571428656578064
l_curve_4,361,0.3285180628299713,0.8571428656578064
l_curve_4,362,0.3282233774662018,0.8571428656578064
l_curve_4,363,0.32766878604888916,0.8571428656578064
l_curve_4,364,0.32715028524398804,0.8571428656578064
l_curve_4,365,0.3269104063510895,0.8571428656578064
l_curve_4,366,0.3265296518802643,0.8571428656578064
l_curve_4,367,0.32620278000831604,0.8571428656578064
l_curve_4,368,0.32616955041885376,0.8571428656578064
l_curve_4,369,0.3259052634239197,0.8571428656578064
l_curve_4,370,0.325706422328949,0.8571428656578064
l_curve_4,371,0.3258707821369171,0.8571428656578064
l_curve_4,372,0.32609084248542786,0.8571428656578064
l_curve_4,373,0.32638660073280334,0.8571428656578064
l_curve_4,374,0.32625168561935425,0.8571428656578064
l_curve_4,375,0.32613059878349304,0.8571428656578064
l_curve_4,376,0.3260851502418518,0.8571428656578064
l_curve_4,377,0.32555654644966125,0.8571428656578064
l_curve_4,378,0.3254743814468384,0.8571428656578064
l_curve_4,379,0.32494500279426575,0.8571428656578064
l_curve_4,380,0.32482871413230896,0.8571428656578064
l_curve_4,381,0.3246943950653076,0.8571428656578064
l_curve_4,382,0.32475438714027405,0.8571428656578064
l_curve_4,383,0.3244841992855072,0.8571428656578064
l_curve_4,384,0.3238646984100342,0.8571428656578064
l_curve_4,385,0.32346364855766296,0.8571428656578064
l_curve_4,386,0.32370153069496155,0.8571428656578064
l_curve_4,387,0.32430940866470337,0.8571428656578064
l_curve_4,388,0.3242934048175812,0.8571428656578064
l_curve_4,389,0.3243336081504822,0.8571428656578064
l_curve_4,390,0.32457318902015686,0.8571428656578064
l_curve_4,391,0.32438328862190247,0.8571428656578064
l_curve_4,392,0.3241998851299286,0.8571428656578064
l_curve_4,393,0.3239274024963379,0.8571428656578064
l_curve_4,394,0.32356733083724976,0.8571428656578064
l_curve_4,395,0.3236236274242401,0.8571428656578064
l_curve_4,396,0.32344645261764526,0.8571428656578064
l_curve_4,397,0.32322221994400024,0.8571428656578064
l_curve_4,398,0.323218435049057,0.8571428656578064
l_curve_4,399,0.32298359274864197,0.8571428656578064
l_curve_4,400,0.3225787580013275,0.8571428656578064
l_curve_4,401,0.3222501575946808,0.8571428656578064
l_curve_4,402,0.3219725787639618,0.8571428656578064
l_curve_4,403,0.321666955947876,0.8571428656578064
l_curve_4,404,0.32145318388938904,0.8571428656578064
l_curve_4,405,0.32140839099884033,0.8571428656578064
l_curve_4,406,0.3211207389831543,0.8571428656578064
l_curve_4,407,0.32127100229263306,0.8571428656578064
l_curve_4,408,0.32143619656562805,0.8571428656578064
l_curve_4,409,0.3213290274143219,0.8571428656578064
l_curve_4,410,0.32080984115600586,0.8571428656578064
l_curve_4,411,0.32046154141426086,0.8571428656578064
l_curve_4,412,0.32054147124290466,0.8571428656578064
l_curve_4,413,0.3209500014781952,0.8571428656578064
l_curve_4,414,0.3208414614200592,0.8571428656578064
l_curve_4,415,0.3208061456680298,0.8571428656578064
l_curve_4,416,0.3206184506416321,0.8571428656578064
l_curve_4,417,0.32039886713027954,0.8571428656578064
l_curve_4,418,0.3199540972709656,0.8571428656578064
l_curve_4,419,0.3201950788497925,0.8571428656578064
l_curve_4,420,0.320570170879364,0.8571428656578064
l_curve_4,421,0.3206968903541565,0.8571428656578064
l_curve_4,422,0.3204200267791748,0.8571428656578064
l_curve_4,423,0.32009005546569824,0.8571428656578064
l_curve_4,424,0.32002338767051697,0.8571428656578064
l_curve_4,425,0.31965821981430054,0.8571428656578064
l_curve_4,426,0.31989020109176636,0.8571428656578064
l_curve_4,427,0.31989485025405884,0.8571428656578064
l_curve_4,428,0.31972697377204895,0.8571428656578064
l_curve_4,429,0.3195708692073822,0.8571428656578064
l_curve_4,430,0.3194550573825836,0.8571428656578064
l_curve_4,431,0.31913837790489197,0.8571428656578064
l_curve_4,432,0.3190849721431732,0.8571428656578064
l_curve_4,433,0.31924736499786377,0.8571428656578064
l_curve_4,434,0.3191809058189392,0.8571428656578064
l_curve_4,435,0.3191436529159546,0.8571428656578064
l_curve_4,436,0.3190701901912689,0.8571428656578064
l_curve_4,437,0.3191557228565216,0.8571428656578064
l_curve_4,438,0.3191407024860382,0.8571428656578064
l_curve_4,439,0.31913653016090393,0.8571428656578064
l_curve_4,440,0.3191707134246826,0.8571428656578064
l_curve_4,441,0.31884750723838806,0.8571428656578064
l_curve_4,442,0.31838831305503845,0.8571428656578064
l_curve_4,443,0.3181665539741516,0.8571428656578064
l_curve_4,444,0.3180220127105713,0.8571428656578064
l_curve_4,445,0.317787766456604,0.8571428656578064
l_curve_4,446,0.3175002932548523,0.8571428656578064
l_curve_4,447,0.31741300225257874,0.8571428656578064
l_curve_4,448,0.31749027967453003,0.8571428656578064
l_curve_4,449,0.31720632314682007,0.8571428656578064
l_curve_4,450,0.3173288106918335,0.8571428656578064
l_curve_4,451,0.31756123900413513,0.8571428656578064
l_curve_4,452,0.31770914793014526,0.8571428656578064
l_curve_4,453,0.31730982661247253,0.8571428656578064
l_curve_4,454,0.31687140464782715,0.8571428656578064
l_curve_4,455,0.31675419211387634,0.8571428656578064
l_curve_4,456,0.3169228434562683,0.8571428656578064
l_curve_4,457,0.31687572598457336,0.8571428656578064
l_curve_4,458,0.3169691562652588,0.8571428656578064
l_curve_4,459,0.31675460934638977,0.8571428656578064
l_curve_4,460,0.3162357211112976,0.8571428656578064
l_curve_4,461,0.3156451880931854,0.8571428656578064
l_curve_4,462,0.3156336843967438,0.8571428656578064
l_curve_4,463,0.3158755898475647,0.8571428656578064
l_curve_4,464,0.31583917140960693,0.8571428656578064
l_curve_4,465,0.3155863285064697,0.8571428656578064
l_curve_4,466,0.31530505418777466,0.8571428656578064
l_curve_4,467,0.31490832567214966,0.8571428656578064
l_curve_4,468,0.31478506326675415,0.8571428656578064
l_curve_4,469,0.31476810574531555,0.8571428656578064
l_curve_4,470,0.31448113918304443,0.8571428656578064
l_curve_4,471,0.3143076002597809,0.8571428656578064
l_curve_4,472,0.31401416659355164,0.8571428656578064
l_curve_4,473,0.3141636252403259,0.8571428656578064
l_curve_4,474,0.31437715888023376,0.8571428656578064
l_curve_4,475,0.31419673562049866,0.8571428656578064
l_curve_4,476,0.31417667865753174,0.8571428656578064
l_curve_4,477,0.31419920921325684,0.8571428656578064
l_curve_4,478,0.31401175260543823,0.8571428656578064
l_curve_4,479,0.3142740726470947,0.8571428656578064
l_curve_4,480,0.31417298316955566,0.8571428656578064
l_curve_4,481,0.31423789262771606,0.8571428656578064
l_curve_4,482,0.31428438425064087,0.8571428656578064
l_curve_4,483,0.3140738010406494,0.8571428656578064
l_curve_4,484,0.3140469193458557,0.8571428656578064
l_curve_4,485,0.3139548897743225,0.8571428656578064
l_curve_4,486,0.3136836588382721,0.8571428656578064
l_curve_4,487,0.3136221766471863,0.8571428656578064
l_curve_4,488,0.3133164644241333,0.8571428656578064
l_curve_4,489,0.3132399022579193,0.8571428656578064
l_curve_4,490,0.31323301792144775,0.8571428656578064
l_curve_4,491,0.3131426274776459,0.8571428656578064
l_curve_4,492,0.31308597326278687,0.8571428656578064
l_curve_4,493,0.3129322826862335,0.8571428656578064
l_curve_4,494,0.31241661310195923,0.8571428656578064
l_curve_4,495,0.3123084604740143,0.8571428656578064
l_curve_4,496,0.31193992495536804,0.8571428656578064
l_curve_4,497,0.312089741230011,0.8571428656578064
l_curve_4,498,0.31235218048095703,0.8571428656578064
l_curve_4,499,0.3124796450138092,0.8571428656578064
l_curve_4,500,0.3121755123138428,0.8571428656578064
l_curve_4,501,0.3118382692337036,0.8571428656578064
l_curve_4,502,0.31173720955848694,0.8571428656578064
l_curve_4,503,0.31158968806266785,0.8571428656578064
l_curve_4,504,0.3114270865917206,0.8571428656578064
l_curve_4,505,0.31138351559638977,0.8571428656578064
l_curve_4,506,0.3116272985935211,0.8571428656578064
l_curve_4,507,0.311816930770874,0.8571428656578064
l_curve_4,508,0.3117648661136627,0.8571428656578064
l_curve_4,509,0.3111541271209717,0.8571428656578064
l_curve_4,510,0.31108057498931885,0.8571428656578064
l_curve_4,511,0.3110324740409851,0.8571428656578064
l_curve_4,512,0.3110821545124054,0.8571428656578064
l_curve_4,513,0.3108808100223541,0.8571428656578064
l_curve_4,514,0.31081217527389526,0.8571428656578064
l_curve_4,515,0.31067413091659546,0.8571428656578064
l_curve_4,516,0.31054842472076416,0.8571428656578064
l_curve_4,517,0.3107869625091553,0.8571428656578064
l_curve_4,518,0.31111735105514526,0.8571428656578064
l_curve_4,519,0.3111625909805298,0.8571428656578064
l_curve_4,520,0.31120336055755615,0.8571428656578064
l_curve_4,521,0.31136780977249146,0.8571428656578064
l_curve_4,522,0.3113533556461334,0.8571428656578064
l_curve_4,523,0.3112577199935913,0.8571428656578064
l_curve_4,524,0.3114803731441498,0.8571428656578064
l_curve_4,525,0.31132015585899353,0.8571428656578064
l_curve_4,526,0.3112756311893463,0.8571428656578064
l_curve_4,527,0.31093817949295044,0.8571428656578064
l_curve_4,528,0.3110586702823639,0.8571428656578064
l_curve_4,529,0.31090205907821655,0.8571428656578064
l_curve_4,530,0.31050023436546326,0.8571428656578064
l_curve_4,531,0.31074321269989014,0.8571428656578064
l_curve_4,532,0.31090304255485535,0.8571428656578064
l_curve_4,533,0.31034722924232483,0.8571428656578064
l_curve_4,534,0.3102364242076874,0.8571428656578064
l_curve_4,535,0.31036561727523804,0.8571428656578064
l_curve_4,536,0.3104079067707062,0.8571428656578064
l_curve_4,537,0.31043025851249695,0.8571428656578064
l_curve_4,538,0.310102254152298,0.8571428656578064
l_curve_4,539,0.3101019263267517,0.8571428656578064
l_curve_4,540,0.31001392006874084,0.8571428656578064
l_curve_4,541,0.30986762046813965,0.8571428656578064
l_curve_4,542,0.30974748730659485,0.8571428656578064
l_curve_4,543,0.30955222249031067,0.8571428656578064
l_curve_4,544,0.30972838401794434,0.8571428656578064
l_curve_4,545,0.30955997109413147,0.8571428656578064
l_curve_4,546,0.3096001446247101,0.8571428656578064
l_curve_4,547,0.3095383048057556,0.8571428656578064
l_curve_4,548,0.3094521462917328,0.8571428656578064
l_curve_4,549,0.30937904119491577,0.8571428656578064
l_curve_4,550,0.30944952368736267,0.8571428656578064
l_curve_4,551,0.30940350890159607,0.8571428656578064
l_curve_4,552,0.3095265328884125,0.8571428656578064
l_curve_4,553,0.30937671661376953,0.8571428656578064
l_curve_4,554,0.3090935945510864,0.8571428656578064
l_curve_4,555,0.30896610021591187,0.8571428656578064
l_curve_4,556,0.30845582485198975,0.8571428656578064
l_curve_4,557,0.3078244924545288,0.8571428656578064
l_curve_4,558,0.3078638017177582,0.8571428656578064
l_curve_4,559,0.3076825737953186,0.8571428656578064
l_curve_4,560,0.30768510699272156,0.8571428656578064
l_curve_4,561,0.30810561776161194,0.8571428656578064
l_curve_4,562,0.307791531085968,0.8571428656578064
l_curve_4,563,0.30781036615371704,0.8571428656578064
l_curve_4,564,0.30801859498023987,0.8571428656578064
l_curve_4,565,0.30797654390335083,0.8571428656578064
l_curve_4,566,0.3078491985797882,0.8571428656578064
l_curve_4,567,0.3078797459602356,0.8571428656578064
l_curve_4,568,0.30781373381614685,0.8571428656578064
l_curve_4,569,0.3078990578651428,0.8571428656578064
l_curve_4,570,0.30824506282806396,0.8571428656578064
l_curve_4,571,0.30820146203041077,0.8571428656578064
l_curve_4,572,0.3081508278846741,0.8571428656578064
l_curve_4,573,0.3079734146595001,0.8571428656578064
l_curve_4,574,0.30779314041137695,0.8571428656578064
l_curve_4,575,0.30754992365837097,0.8571428656578064
l_curve_4,576,0.30753472447395325,0.8571428656578064
l_curve_4,577,0.3074646592140198,0.8571428656578064
l_curve_4,578,0.3075697422027588,0.8571428656578064
l_curve_4,579,0.3076559007167816,0.8571428656578064
l_curve_4,580,0.30758681893348694,0.8571428656578064
l_curve_4,581,0.30794548988342285,0.8571428656578064
l_curve_4,582,0.3079858422279358,0.8571428656578064
l_curve_4,583,0.30789443850517273,0.8571428656578064
l_curve_4,584,0.30747926235198975,0.8571428656578064
l_curve_4,585,0.3070831894874573,0.8571428656578064
l_curve_4,586,0.3070579469203949,0.8571428656578064
l_curve_4,587,0.30702638626098633,0.8571428656578064
l_curve_4,588,0.30667826533317566,0.8571428656578064
l_curve_4,589,0.3068973124027252,0.8571428656578064
l_curve_4,590,0.30671805143356323,0.8571428656578064
l_curve_4,591,0.30666396021842957,0.8571428656578064
l_curve_4,592,0.3066607713699341,0.8571428656578064
l_curve_4,593,0.30670997500419617,0.8571428656578064
l_curve_4,594,0.3065992593765259,0.8571428656578064
l_curve_4,595,0.30622899532318115,0.8571428656578064
l_curve_4,596,0.3060021698474884,0.8571428656578064
l_curve_4,597,0.30634409189224243,0.8571428656578064
l_curve_4,598,0.30650606751441956,0.8571428656578064
l_curve_4,599,0.3061162531375885,0.8571428656578064
l_curve_4,600,0.3058784008026123,0.8571428656578064
l_curve_4,601,0.3056938648223877,0.8571428656578064
l_curve_4,602,0.3057063817977905,0.8571428656578064
l_curve_4,603,0.3059172034263611,0.8571428656578064
l_curve_4,604,0.30630287528038025,0.8571428656578064
l_curve_4,605,0.30597782135009766,0.8571428656578064
l_curve_4,606,0.30564776062965393,0.8571428656578064
l_curve_4,607,0.30519604682922363,0.8571428656578064
l_curve_4,608,0.30519452691078186,0.8571428656578064
l_curve_4,609,0.3052154779434204,0.8571428656578064
l_curve_4,610,0.30495962500572205,0.8571428656578064
l_curve_4,611,0.3052622377872467,0.8571428656578064
l_curve_4,612,0.3054392337799072,0.8571428656578064
l_curve_4,613,0.3053726553916931,0.8571428656578064
l_curve_4,614,0.30520933866500854,0.8571428656578064
l_curve_4,615,0.3052203953266144,0.8571428656578064
l_curve_4,616,0.30540555715560913,0.8571428656578064
l_curve_4,617,0.3052789568901062,0.8571428656578064
l_curve_4,618,0.30496641993522644,0.8571428656578064
l_curve_4,619,0.3046457767486572,0.8571428656578064
l_curve_4,620,0.3047775626182556,0.8571428656578064
l_curve_4,621,0.30478939414024353,0.8571428656578064
l_curve_4,622,0.3047945201396942,0.8571428656578064
l_curve_4,623,0.3048531115055084,0.8571428656578064
l_curve_4,624,0.3048557639122009,0.8571428656578064
l_curve_4,625,0.3050169348716736,0.8571428656578064
l_curve_4,626,0.3053490221500397,0.8571428656578064
l_curve_4,627,0.30546897649765015,0.8571428656578064
l_curve_4,628,0.30532369017601013,0.8571428656578064
l_curve_4,629,0.3052282929420471,0.8571428656578064
l_curve_4,630,0.30501142144203186,0.8571428656578064
l_curve_4,631,0.30488649010658264,0.8571428656578064
l_curve_4,632,0.30502748489379883,0.8571428656578064
l_curve_4,633,0.3050638735294342,0.8571428656578064
l_curve_4,634,0.30488646030426025,0.8571428656578064
l_curve_4,635,0.30508148670196533,0.8571428656578064
l_curve_4,636,0.30481183528900146,0.8571428656578064
l_curve_4,637,0.3045404851436615,0.8571428656578064
l_curve_4,638,0.3045741319656372,0.8571428656578064
l_curve_4,639,0.3045693337917328,0.8571428656578064
l_curve_4,640,0.30444809794425964,0.8571428656578064
l_curve_4,641,0.3042392134666443,0.8571428656578064
l_curve_4,642,0.3043692708015442,0.8571428656578064
l_curve_4,643,0.30438122153282166,0.8571428656578064
l_curve_4,644,0.3042435646057129,0.8571428656578064
l_curve_4,645,0.3043126165866852,0.8571428656578064
l_curve_4,646,0.3042934834957123,0.8571428656578064
l_curve_4,647,0.30414947867393494,0.8571428656578064
l_curve_4,648,0.30407968163490295,0.8571428656578064
l_curve_4,649,0.30407536029815674,0.8571428656578064
l_curve_4,650,0.3038678467273712,0.8571428656578064
l_curve_4,651,0.3037363588809967,0.8571428656578064
l_curve_4,652,0.30356162786483765,0.8571428656578064
l_curve_4,653,0.30324363708496094,0.8571428656578064
l_curve_4,654,0.3033795654773712,0.8571428656578064
l_curve_4,655,0.3031310439109802,0.8571428656578064
l_curve_4,656,0.3030925393104553,0.8571428656578064
l_curve_4,657,0.3034481406211853,0.8571428656578064
l_curve_4,658,0.3036460280418396,0.8571428656578064
l_curve_4,659,0.3035699129104614,0.8571428656578064
l_curve_4,660,0.3034822940826416,0.8571428656578064
l_curve_4,661,0.30356577038764954,0.8571428656578064
l_curve_4,662,0.3032533824443817,0.8571428656578064
l_curve_4,663,0.3031591773033142,0.8571428656578064
l_curve_4,664,0.30318519473075867,0.8571428656578064
l_curve_4,665,0.3028898239135742,0.8571428656578064
l_curve_4,666,0.3028565049171448,0.8571428656578064
l_curve_4,667,0.3026885986328125,0.8571428656578064
l_curve_4,668,0.30260416865348816,0.8571428656578064
l_curve_4,669,0.3025183081626892,0.8571428656578064
l_curve_4,670,0.3023782968521118,0.8571428656578064
l_curve_4,671,0.30246108770370483,0.8571428656578064
l_curve_4,672,0.30244889855384827,0.8571428656578064
l_curve_4,673,0.30236339569091797,0.8571428656578064
l_curve_4,674,0.3023853302001953,0.8571428656578064
l_curve_4,675,0.3024689853191376,0.8571428656578064
l_curve_4,676,0.30245161056518555,0.8571428656578064
l_curve_4,677,0.30221056938171387,0.8571428656578064
l_curve_4,678,0.3024093806743622,0.8571428656578064
l_curve_4,679,0.30261048674583435,0.8571428656578064
l_curve_4,680,0.302541047334671,0.8571428656578064
l_curve_4,681,0.30261877179145813,0.8571428656578064
l_curve_4,682,0.30252182483673096,0.8571428656578064
l_curve_4,683,0.302427738904953,0.8571428656578064
l_curve_4,684,0.302266925573349,0.8571428656578064
l_curve_4,685,0.302179753780365,0.8571428656578064
l_curve_4,686,0.3018321394920349,0.8571428656578064
l_curve_4,687,0.30141395330429077,0.8571428656578064
l_curve_4,688,0.3013201653957367,0.8571428656578064
l_curve_4,689,0.30135464668273926,0.8571428656578064
l_curve_4,690,0.30137738585472107,0.8571428656578064
l_curve_4,691,0.30133020877838135,0.8571428656578064
l_curve_4,692,0.3012469708919525,0.8571428656578064
l_curve_4,693,0.30119824409484863,0.8571428656578064
l_curve_4,694,0.3010028004646301,0.8571428656578064
l_curve_4,695,0.30105891823768616,0.8571428656578064
l_curve_4,696,0.3010261058807373,0.8571428656578064
l_curve_4,697,0.30114904046058655,0.8571428656578064
l_curve_4,698,0.3012848496437073,0.8571428656578064
l_curve_4,699,0.3013980984687805,0.8571428656578064
l_curve_4,700,0.30168214440345764,0.8571428656578064
l_curve_4,701,0.30163928866386414,0.8571428656578064
l_curve_4,702,0.3013570308685303,0.8571428656578064
l_curve_4,703,0.3010387420654297,0.8571428656578064
l_curve_4,704,0.30064305663108826,0.8571428656578064
l_curve_4,705,0.3005150854587555,0.8571428656578064
l_curve_4,706,0.30042076110839844,0.8571428656578064
l_curve_4,707,0.3005562722682953,0.8571428656578064
l_curve_4,708,0.30083519220352173,0.8571428656578064
l_curve_4,709,0.3011501431465149,0.8571428656578064
l_curve_4,710,0.30104610323905945,0.8571428656578064
l_curve_4,711,0.3010721206665039,0.8571428656578064
l_curve_4,712,0.30105501413345337,0.8571428656578064
l_curve_4,713,0.30104461312294006,0.8571428656578064
l_curve_4,714,0.30116090178489685,0.8571428656578064
l_curve_4,715,0.30107438564300537,0.8571428656578064
l_curve_4,716,0.30094435811042786,0.8571428656578064
l_curve_4,717,0.30086809396743774,0.8571428656578064
l_curve_4,718,0.3008677661418915,0.8571428656578064
l_curve_4,719,0.3006996810436249,0.8571428656578064
l_curve_4,720,0.3004503846168518,0.8571428656578064
l_curve_4,721,0.3004993200302124,0.8571428656578064
l_curve_4,722,0.30052924156188965,0.8571428656578064
l_curve_4,723,0.30038532614707947,0.8571428656578064
l_curve_4,724,0.30020904541015625,0.8571428656578064
l_curve_4,725,0.2998861074447632,0.8571428656578064
l_curve_4,726,0.30005037784576416,0.8571428656578064
l_curve_4,727,0.30020490288734436,0.8571428656578064
l_curve_4,728,0.3006446361541748,0.8571428656578064
l_curve_4,729,0.3007160723209381,0.8571428656578064
l_curve_4,730,0.3006606101989746,0.8571428656578064
l_curve_4,731,0.30051273107528687,0.8571428656578064
l_curve_4,732,0.30074039101600647,0.8571428656578064
l_curve_4,733,0.3008918762207031,0.8571428656578064
l_curve_4,734,0.3009275197982788,0.8571428656578064
l_curve_4,735,0.30075815320014954,0.8571428656578064
l_curve_4,736,0.3007982671260834,0.8571428656578064
l_curve_4,737,0.300824373960495,0.8571428656578064
l_curve_4,738,0.30035459995269775,0.8571428656578064
l_curve_4,739,0.30014103651046753,0.8571428656578064
l_curve_4,740,0.30004677176475525,0.8571428656578064
l_curve_4,741,0.3001905083656311,0.8571428656578064
l_curve_4,742,0.30016574263572693,0.8571428656578064
l_curve_4,743,0.29984766244888306,0.8571428656578064
l_curve_4,744,0.29975226521492004,0.8571428656578064
l_curve_4,745,0.29947808384895325,0.8571428656578064
l_curve_4,746,0.2993486523628235,0.8571428656578064
l_curve_4,747,0.29937228560447693,0.8571428656578064
l_curve_4,748,0.2995414137840271,0.8571428656578064
l_curve_4,749,0.2995428442955017,0.8571428656578064
l_curve_4,750,0.29976123571395874,0.8571428656578064
l_curve_4,751,0.2996552586555481,0.8571428656578064
l_curve_4,752,0.2995615005493164,0.8571428656578064
l_curve_4,753,0.2996562719345093,0.8571428656578064
l_curve_4,754,0.299520343542099,0.8571428656578064
l_curve_4,755,0.29936307668685913,0.8571428656578064
l_curve_4,756,0.29914602637290955,0.8571428656578064
l_curve_4,757,0.2989066541194916,0.8571428656578064
l_curve_4,758,0.29893583059310913,0.8571428656578064
l_curve_4,759,0.2989681661128998,0.8571428656578064
l_curve_4,760,0.29925018548965454,0.8571428656578064
l_curve_4,761,0.2994024157524109,0.8571428656578064
l_curve_4,762,0.2995730936527252,0.8571428656578064
l_curve_4,763,0.2994278371334076,0.8571428656578064
l_curve_4,764,0.2991044819355011,0.8571428656578064
l_curve_4,765,0.2990356683731079,0.8571428656578064
l_curve_4,766,0.29882559180259705,0.8571428656578064
l_curve_4,767,0.2987779676914215,0.8571428656578064
l_curve_4,768,0.29889115691185,0.8571428656578064
l_curve_4,769,0.29879212379455566,0.8571428656578064
l_curve_4,770,0.29909926652908325,0.8571428656578064
l_curve_4,771,0.29937511682510376,0.8571428656578064
l_curve_4,772,0.2995205521583557,0.8571428656578064
l_curve_4,773,0.299825519323349,0.8571428656578064
l_curve_4,774,0.2997230887413025,0.8571428656578064
l_curve_4,775,0.2994871437549591,0.8571428656578064
l_curve_4,776,0.29927316308021545,0.8571428656578064
l_curve_4,777,0.29921382665634155,0.8571428656578064
l_curve_4,778,0.29892832040786743,0.8571428656578064
l_curve_4,779,0.2985662817955017,0.8571428656578064
l_curve_4,780,0.2984777092933655,0.8571428656578064
l_curve_4,781,0.29822665452957153,0.8571428656578064
l_curve_4,782,0.2979070246219635,0.8571428656578064
l_curve_4,783,0.2974424958229065,0.8571428656578064
l_curve_4,784,0.29727187752723694,0.8571428656578064
l_curve_4,785,0.29723963141441345,0.8571428656578064
l_curve_4,786,0.29741933941841125,0.8571428656578064
l_curve_4,787,0.29762357473373413,0.8571428656578064
l_curve_4,788,0.2979562282562256,0.8571428656578064
l_curve_4,789,0.2980174124240875,0.8571428656578064
l_curve_4,790,0.2982216775417328,0.8571428656578064
l_curve_4,791,0.2985919713973999,0.8571428656578064
l_curve_4,792,0.2985302209854126,0.8571428656578064
l_curve_4,793,0.2985105514526367,0.8571428656578064
l_curve_4,794,0.29806897044181824,0.8571428656578064
l_curve_4,795,0.29798221588134766,0.8571428656578064
l_curve_4,796,0.2977508306503296,0.8571428656578064
l_curve_4,797,0.29772478342056274,0.8571428656578064
l_curve_4,798,0.2979108989238739,0.8571428656578064
l_curve_4,799,0.29786524176597595,0.8571428656578064
l_curve_4,800,0.2982628345489502,0.8571428656578064
l_curve_4,801,0.29855233430862427,0.8571428656578064
l_curve_4,802,0.29856589436531067,0.8571428656578064
l_curve_4,803,0.2981972098350525,0.8571428656578064
l_curve_4,804,0.29791244864463806,0.8571428656578064
l_curve_4,805,0.2977345883846283,0.8571428656578064
l_curve_4,806,0.29770365357398987,0.8571428656578064
l_curve_4,807,0.297647625207901,0.8571428656578064
l_curve_4,808,0.2976699471473694,0.8571428656578064
l_curve_4,809,0.29780346155166626,0.8571428656578064
l_curve_4,810,0.2978554666042328,0.8571428656578064
l_curve_4,811,0.2979678809642792,0.8571428656578064
l_curve_4,812,0.29807931184768677,0.8571428656578064
l_curve_4,813,0.2978709638118744,0.8571428656578064
l_curve_4,814,0.29767805337905884,0.8571428656578064
l_curve_4,815,0.2977712154388428,0.8571428656578064
l_curve_4,816,0.29765555262565613,0.8571428656578064
l_curve_4,817,0.2979181706905365,0.8571428656578064
l_curve_4,818,0.29783928394317627,0.8571428656578064
l_curve_4,819,0.2979057729244232,0.8571428656578064
l_curve_4,820,0.2977473735809326,0.8571428656578064
l_curve_4,821,0.29773738980293274,0.8571428656578064
l_curve_4,822,0.29744473099708557,0.8571428656578064
l_curve_4,823,0.2970774471759796,0.8571428656578064
l_curve_4,824,0.29724082350730896,0.8571428656578064
l_curve_4,825,0.2973770797252655,0.8571428656578064
l_curve_4,826,0.29740649461746216,0.8571428656578064
l_curve_4,827,0.2972175180912018,0.8571428656578064
l_curve_4,828,0.297264039516449,0.8571428656578064
l_curve_4,829,0.29731518030166626,0.8571428656578064
l_curve_4,830,0.29726359248161316,0.8571428656578064
l_curve_4,831,0.2973649203777313,0.8571428656578064
l_curve_4,832,0.29755648970603943,0.8571428656578064
l_curve_4,833,0.29773685336112976,0.8571428656578064
l_curve_4,834,0.2976575791835785,0.8571428656578064
l_curve_4,835,0.297329843044281,0.8571428656578064
l_curve_4,836,0.29722845554351807,0.8571428656578064
l_curve_4,837,0.297599732875824,0.8571428656578064
l_curve_4,838,0.29721084237098694,0.8571428656578064
l_curve_4,839,0.2970205545425415,0.8571428656578064
l_curve_4,840,0.2970081567764282,0.8571428656578064
l_curve_4,841,0.2970319390296936,0.8571428656578064
l_curve_4,842,0.29685065150260925,0.8571428656578064
l_curve_4,843,0.29628387093544006,0.8571428656578064
l_curve_4,844,0.2959238588809967,0.8571428656578064
l_curve_4,845,0.295905739068985,0.8571428656578064
l_curve_4,846,0.2962365746498108,0.8571428656578064
l_curve_4,847,0.29679274559020996,0.8571428656578064
l_curve_4,848,0.2967741787433624,0.8571428656578064
l_curve_4,849,0.29679471254348755,0.8571428656578064
l_curve_4,850,0.29685914516448975,0.8571428656578064
l_curve_4,851,0.2969624102115631,0.8571428656578064
l_curve_4,852,0.2969285547733307,0.8571428656578064
l_curve_4,853,0.29690781235694885,0.8571428656578064
l_curve_4,854,0.2967689633369446,0.8571428656578064
l_curve_4,855,0.29647931456565857,0.8571428656578064
l_curve_4,856,0.29637646675109863,0.8571428656578064
l_curve_4,857,0.2961888015270233,0.8571428656578064
l_curve_4,858,0.29622071981430054,0.8571428656578064
l_curve_4,859,0.2962293028831482,0.8571428656578064
l_curve_4,860,0.2959355115890503,0.8571428656578064
l_curve_4,861,0.2960738241672516,0.8571428656578064
l_curve_4,862,0.29597100615501404,0.8571428656578064
l_curve_4,863,0.29630932211875916,0.8571428656578064
l_curve_4,864,0.296593576669693,0.8571428656578064
l_curve_4,865,0.29677528142929077,0.8571428656578064
l_curve_4,866,0.2971743047237396,0.8571428656578064
l_curve_4,867,0.29734405875205994,0.8571428656578064
l_curve_4,868,0.29729509353637695,0.8571428656578064
l_curve_4,869,0.29705554246902466,0.8571428656578064
l_curve_4,870,0.2968473434448242,0.8571428656578064
l_curve_4,871,0.296723872423172,0.8571428656578064
l_curve_4,872,0.29634183645248413,0.8571428656578064
l_curve_4,873,0.2963792383670807,0.8571428656578064
l_curve_4,874,0.2967851161956787,0.8571428656578064
l_curve_4,875,0.29696735739707947,0.8571428656578064
l_curve_4,876,0.29728344082832336,0.8571428656578064
l_curve_4,877,0.29716819524765015,0.8571428656578064
l_curve_4,878,0.29668882489204407,0.8571428656578064
l_curve_4,879,0.2965127229690552,0.8571428656578064
l_curve_4,880,0.2967591881752014,0.8571428656578064
l_curve_4,881,0.2971188426017761,0.8571428656578064
l_curve_4,882,0.2972365915775299,0.8571428656578064
l_curve_4,883,0.2971489429473877,0.8571428656578064
l_curve_4,884,0.29726579785346985,0.8571428656578064
l_curve_4,885,0.2972741425037384,0.8571428656578064
l_curve_4,886,0.29692840576171875,0.8571428656578064
l_curve_4,887,0.2966642677783966,0.8571428656578064
l_curve_4,888,0.2969453036785126,0.8571428656578064
l_curve_4,889,0.29704031348228455,0.8571428656578064
l_curve_4,890,0.29694896936416626,0.8571428656578064
l_curve_4,891,0.29676109552383423,0.8571428656578064
l_curve_4,892,0.29676082730293274,0.8571428656578064
l_curve_4,893,0.29640650749206543,0.8571428656578064
l_curve_4,894,0.2966192662715912,0.8571428656578064
l_curve_4,895,0.29655900597572327,0.8571428656578064
l_curve_4,896,0.2964908480644226,0.8571428656578064
l_curve_4,897,0.29656127095222473,0.8571428656578064
l_curve_4,898,0.2963505685329437,0.8571428656578064
l_curve_4,899,0.2961415946483612,0.8571428656578064
l_curve_4,900,0.29614004492759705,0.8571428656578064
l_curve_4,901,0.2961472272872925,0.8571428656578064
l_curve_4,902,0.29609155654907227,0.8571428656578064
l_curve_4,903,0.2963506281375885,0.8571428656578064
l_curve_4,904,0.2964138388633728,0.8571428656578064
l_curve_4,905,0.29631638526916504,0.8571428656578064
l_curve_4,906,0.29620644450187683,0.8571428656578064
l_curve_4,907,0.29652515053749084,0.8571428656578064
l_curve_4,908,0.296556293964386,0.8571428656578064
l_curve_4,909,0.29648345708847046,0.8571428656578064
l_curve_4,910,0.29639601707458496,0.8571428656578064
l_curve_4,911,0.2964039444923401,0.8571428656578064
l_curve_4,912,0.29643237590789795,0.8571428656578064
l_curve_4,913,0.29661718010902405,0.8571428656578064
l_curve_4,914,0.29653096199035645,0.8571428656578064
l_curve_4,915,0.296796590089798,0.8571428656578064
l_curve_4,916,0.29668861627578735,0.8571428656578064
l_curve_4,917,0.29647067189216614,0.8571428656578064
l_curve_4,918,0.2963946759700775,0.8571428656578064
l_curve_4,919,0.2963070273399353,0.8571428656578064
l_curve_4,920,0.2960171103477478,0.8571428656578064
l_curve_4,921,0.2956293821334839,0.8571428656578064
l_curve_4,922,0.29550132155418396,0.8571428656578064
l_curve_4,923,0.2956438362598419,0.8571428656578064
l_curve_4,924,0.295890748500824,0.8571428656578064
l_curve_4,925,0.2961847186088562,0.8571428656578064
l_curve_4,926,0.29646429419517517,0.8571428656578064
l_curve_4,927,0.29633966088294983,0.8571428656578064
l_curve_4,928,0.2962683141231537,0.8571428656578064
l_curve_4,929,0.29622381925582886,0.8571428656578064
l_curve_4,930,0.2964373528957367,0.8571428656578064
l_curve_4,931,0.2964329719543457,0.8571428656578064
l_curve_4,932,0.2962803542613983,0.8571428656578064
l_curve_4,933,0.296393483877182,0.8571428656578064
l_curve_4,934,0.29680055379867554,0.8571428656578064
l_curve_4,935,0.2969984710216522,0.8571428656578064
l_curve_4,936,0.2969743311405182,0.8571428656578064
l_curve_4,937,0.2967044413089752,0.8571428656578064
l_curve_4,938,0.29664257168769836,0.8571428656578064
l_curve_4,939,0.29670611023902893,0.8571428656578064
l_curve_4,940,0.29674801230430603,0.8571428656578064
l_curve_4,941,0.29673293232917786,0.8571428656578064
l_curve_4,942,0.29635703563690186,0.8571428656578064
l_curve_4,943,0.29626554250717163,0.8571428656578064
l_curve_4,944,0.2961433529853821,0.8571428656578064
l_curve_4,945,0.29603809118270874,0.8571428656578064
l_curve_4,946,0.29602769017219543,0.8571428656578064
l_curve_4,947,0.2959984242916107,0.8571428656578064
l_curve_4,948,0.2957644760608673,0.8571428656578064
l_curve_4,949,0.2957800328731537,0.8571428656578064
l_curve_4,950,0.2959129810333252,0.8571428656578064
l_curve_4,951,0.2958676815032959,0.8571428656578064
l_curve_4,952,0.2957218289375305,0.8571428656578064
l_curve_4,953,0.2959251403808594,0.8571428656578064
l_curve_4,954,0.2959468364715576,0.8571428656578064
l_curve_4,955,0.29537147283554077,0.8571428656578064
l_curve_4,956,0.2951195538043976,0.8571428656578064
l_curve_4,957,0.2950966954231262,0.8571428656578064
l_curve_4,958,0.2950696349143982,0.8571428656578064
l_curve_4,959,0.2954631447792053,0.8571428656578064
l_curve_4,960,0.2957284450531006,0.8571428656578064
l_curve_4,961,0.29586899280548096,0.8571428656578064
l_curve_4,962,0.2955668866634369,0.8571428656578064
l_curve_4,963,0.2953929007053375,0.8571428656578064
l_curve_4,964,0.2951176166534424,0.8571428656578064
l_curve_4,965,0.2952752411365509,0.8571428656578064
l_curve_4,966,0.29521942138671875,0.8571428656578064
l_curve_4,967,0.2952307462692261,0.8571428656578064
l_curve_4,968,0.2955305874347687,0.8571428656578064
l_curve_4,969,0.29570600390434265,0.8571428656578064
l_curve_4,970,0.29576927423477173,0.8571428656578064
l_curve_4,971,0.2961300015449524,0.8571428656578064
l_curve_4,972,0.29627954959869385,0.8571428656578064
l_curve_4,973,0.29663681983947754,0.8571428656578064
l_curve_4,974,0.2968462407588959,0.8571428656578064
l_curve_4,975,0.2966004014015198,0.8571428656578064
l_curve_4,976,0.29654425382614136,0.8571428656578064
l_curve_4,977,0.29677504301071167,0.8571428656578064
l_curve_4,978,0.29703497886657715,0.8571428656578064
l_curve_4,979,0.2968970835208893,0.8571428656578064
l_curve_4,980,0.29674434661865234,0.8571428656578064
l_curve_4,981,0.29674991965293884,0.8571428656578064
l_curve_4,982,0.29703813791275024,0.8571428656578064
l_curve_4,983,0.29702305793762207,0.8571428656578064
l_curve_4,984,0.29688140749931335,0.8571428656578064
l_curve_4,985,0.296398401260376,0.8571428656578064
l_curve_4,986,0.29623353481292725,0.8571428656578064
l_curve_4,987,0.29627159237861633,0.8571428656578064
l_curve_4,988,0.2960868775844574,0.8571428656578064
l_curve_4,989,0.2956274151802063,0.8571428656578064
l_curve_4,990,0.2951841354370117,0.8571428656578064
l_curve_4,991,0.29506704211235046,0.8571428656578064
l_curve_4,992,0.29518675804138184,0.8571428656578064
l_curve_4,993,0.29553067684173584,0.8571428656578064
l_curve_4,994,0.29548802971839905,0.8571428656578064
l_curve_4,995,0.295245885848999,0.8571428656578064
l_curve_4,996,0.2953788936138153,0.8571428656578064
l_curve_4,997,0.29538774490356445,0.8571428656578064
l_curve_4,998,0.29508158564567566,0.8571428656578064
l_curve_4,999,0.2951006293296814,0.8571428656578064
l_curve_4,1000,0.2951797842979431,0.8571428656578064
l_curve_4,1000,0.2951797842979431,0.8571428656578064
