client,round,loss,accuracy
l_curve_2,1,1.1923761367797852,0.380952388048172
l_curve_2,2,1.1214089393615723,0.380952388048172
l_curve_2,3,1.0557503700256348,0.380952388048172
l_curve_2,4,0.9954754114151001,0.4285714328289032
l_curve_2,5,0.9401846528053284,0.4285714328289032
l_curve_2,6,0.8900718688964844,0.523809552192688
l_curve_2,7,0.8446017503738403,0.6190476417541504
l_curve_2,8,0.8037109375,0.6190476417541504
l_curve_2,9,0.7666880488395691,0.7142857313156128
l_curve_2,10,0.7330760359764099,0.7142857313156128
l_curve_2,11,0.7026154398918152,0.7142857313156128
l_curve_2,12,0.6749807000160217,0.7142857313156128
l_curve_2,13,0.6496436595916748,0.7142857313156128
l_curve_2,14,0.626807689666748,0.7142857313156128
l_curve_2,15,0.6061421036720276,0.7142857313156128
l_curve_2,16,0.5871302485466003,0.7142857313156128
l_curve_2,17,0.5696232914924622,0.7142857313156128
l_curve_2,18,0.5536603331565857,0.761904776096344
l_curve_2,19,0.5389634370803833,0.761904776096344
l_curve_2,20,0.5255349278450012,0.8095238208770752
l_curve_2,21,0.5133807063102722,0.8571428656578064
l_curve_2,22,0.5021141767501831,0.8571428656578064
l_curve_2,23,0.49155235290527344,0.8571428656578064
l_curve_2,24,0.4816678464412689,0.8571428656578064
l_curve_2,25,0.47249549627304077,0.8571428656578064
l_curve_2,26,0.4640444219112396,0.8571428656578064
l_curve_2,27,0.4562632143497467,0.8571428656578064
l_curve_2,28,0.44896602630615234,0.8571428656578064
l_curve_2,29,0.44220924377441406,0.8571428656578064
l_curve_2,30,0.435729444026947,0.8571428656578064
l_curve_2,31,0.42973971366882324,0.8571428656578064
l_curve_2,32,0.4240460991859436,0.8571428656578064
l_curve_2,33,0.41871407628059387,0.8571428656578064
l_curve_2,34,0.41368475556373596,0.8571428656578064
l_curve_2,35,0.40892064571380615,0.8571428656578064
l_curve_2,36,0.4044213593006134,0.8571428656578064
l_curve_2,37,0.40015938878059387,0.8571428656578064
l_curve_2,38,0.3961793780326843,0.8571428656578064
l_curve_2,39,0.3923366069793701,0.8571428656578064
l_curve_2,40,0.3888874053955078,0.8571428656578064
l_curve_2,41,0.3855099081993103,0.8571428656578064
l_curve_2,42,0.382122665643692,0.8571428656578064
l_curve_2,43,0.3789714276790619,0.8571428656578064
l_curve_2,44,0.37605002522468567,0.8571428656578064
l_curve_2,45,0.3733006715774536,0.8571428656578064
l_curve_2,46,0.37068673968315125,0.8571428656578064
l_curve_2,47,0.36811837553977966,0.8571428656578064
l_curve_2,48,0.36567407846450806,0.8571428656578064
l_curve_2,49,0.36333420872688293,0.8571428656578064
l_curve_2,50,0.36097291111946106,0.8571428656578064
l_curve_2,51,0.35867416858673096,0.8571428656578064
l_curve_2,52,0.35667476058006287,0.8571428656578064
l_curve_2,53,0.35474467277526855,0.8571428656578064
l_curve_2,54,0.3527411222457886,0.8571428656578064
l_curve_2,55,0.3508297801017761,0.8571428656578064
l_curve_2,56,0.34910619258880615,0.8571428656578064
l_curve_2,57,0.3474360704421997,0.8571428656578064
l_curve_2,58,0.3457736372947693,0.8571428656578064
l_curve_2,59,0.34427085518836975,0.8571428656578064
l_curve_2,60,0.342671275138855,0.8571428656578064
l_curve_2,61,0.3410721719264984,0.8571428656578064
l_curve_2,62,0.33970457315444946,0.8571428656578064
l_curve_2,63,0.3383732736110687,0.8571428656578064
l_curve_2,64,0.3370600640773773,0.8571428656578064
l_curve_2,65,0.3357905149459839,0.8571428656578064
l_curve_2,66,0.33453935384750366,0.8571428656578064
l_curve_2,67,0.3332339823246002,0.8571428656578064
l_curve_2,68,0.3320770561695099,0.8571428656578064
l_curve_2,69,0.33094125986099243,0.8571428656578064
l_curve_2,70,0.32984915375709534,0.8571428656578064
l_curve_2,71,0.32867249846458435,0.8571428656578064
l_curve_2,72,0.3275209665298462,0.8571428656578064
l_curve_2,73,0.32653823494911194,0.8571428656578064
l_curve_2,74,0.32548826932907104,0.8571428656578064
l_curve_2,75,0.32422661781311035,0.8571428656578064
l_curve_2,76,0.3231242001056671,0.8571428656578064
l_curve_2,77,0.32201603055000305,0.8571428656578064
l_curve_2,78,0.32105574011802673,0.8571428656578064
l_curve_2,79,0.3202216625213623,0.8571428656578064
l_curve_2,80,0.3192955553531647,0.8571428656578064
l_curve_2,81,0.31840142607688904,0.8571428656578064
l_curve_2,82,0.3175620436668396,0.8571428656578064
l_curve_2,83,0.31678909063339233,0.8571428656578064
l_curve_2,84,0.3158623278141022,0.8571428656578064
l_curve_2,85,0.31520000100135803,0.8571428656578064
l_curve_2,86,0.3143410086631775,0.8571428656578064
l_curve_2,87,0.3136619031429291,0.8571428656578064
l_curve_2,88,0.31308016180992126,0.8571428656578064
l_curve_2,89,0.3122498393058777,0.8571428656578064
l_curve_2,90,0.31146854162216187,0.8571428656578064
l_curve_2,91,0.31062376499176025,0.8571428656578064
l_curve_2,92,0.30971017479896545,0.8571428656578064
l_curve_2,93,0.30895644426345825,0.8571428656578064
l_curve_2,94,0.30822184681892395,0.8571428656578064
l_curve_2,95,0.30759066343307495,0.8571428656578064
l_curve_2,96,0.30679115653038025,0.8571428656578064
l_curve_2,97,0.3059229254722595,0.8571428656578064
l_curve_2,98,0.3051765561103821,0.8571428656578064
l_curve_2,99,0.3043777346611023,0.8571428656578064
l_curve_2,100,0.3037697970867157,0.8571428656578064
l_curve_2,101,0.30317896604537964,0.8571428656578064
l_curve_2,102,0.30260902643203735,0.8571428656578064
l_curve_2,103,0.30228757858276367,0.8571428656578064
l_curve_2,104,0.30150502920150757,0.8571428656578064
l_curve_2,105,0.3005611300468445,0.8571428656578064
l_curve_2,106,0.2998030185699463,0.8571428656578064
l_curve_2,107,0.299209326505661,0.8571428656578064
l_curve_2,108,0.298713356256485,0.8571428656578064
l_curve_2,109,0.2982826828956604,0.8571428656578064
l_curve_2,110,0.29783108830451965,0.8571428656578064
l_curve_2,111,0.2974296808242798,0.8571428656578064
l_curve_2,112,0.29677337408065796,0.8571428656578064
l_curve_2,113,0.29639720916748047,0.8571428656578064
l_curve_2,114,0.2960849404335022,0.8571428656578064
l_curve_2,115,0.29567521810531616,0.8571428656578064
l_curve_2,116,0.29508650302886963,0.8571428656578064
l_curve_2,117,0.2946254312992096,0.8571428656578064
l_curve_2,118,0.2943706512451172,0.8571428656578064
l_curve_2,119,0.2940561771392822,0.8571428656578064
l_curve_2,120,0.29367223381996155,0.8571428656578064
l_curve_2,121,0.29287251830101013,0.8571428656578064
l_curve_2,122,0.2922500967979431,0.8571428656578064
l_curve_2,123,0.2914590835571289,0.8571428656578064
l_curve_2,124,0.2906263470649719,0.8571428656578064
l_curve_2,125,0.29001885652542114,0.8571428656578064
l_curve_2,126,0.2894652783870697,0.8571428656578064
l_curve_2,127,0.2889705002307892,0.8571428656578064
l_curve_2,128,0.2882469594478607,0.8571428656578064
l_curve_2,129,0.2877180576324463,0.8571428656578064
l_curve_2,130,0.28742721676826477,0.8571428656578064
l_curve_2,131,0.2869807183742523,0.8571428656578064
l_curve_2,132,0.28634387254714966,0.8571428656578064
l_curve_2,133,0.28593483567237854,0.8571428656578064
l_curve_2,134,0.28549352288246155,0.8571428656578064
l_curve_2,135,0.2851457893848419,0.8571428656578064
l_curve_2,136,0.28439345955848694,0.8571428656578064
l_curve_2,137,0.2837163209915161,0.8571428656578064
l_curve_2,138,0.2833750247955322,0.8571428656578064
l_curve_2,139,0.2829534709453583,0.8571428656578064
l_curve_2,140,0.28253260254859924,0.8571428656578064
l_curve_2,141,0.2817839980125427,0.8571428656578064
l_curve_2,142,0.28160321712493896,0.8571428656578064
l_curve_2,143,0.28108492493629456,0.8571428656578064
l_curve_2,144,0.2805234491825104,0.8571428656578064
l_curve_2,145,0.27988293766975403,0.8571428656578064
l_curve_2,146,0.2795132100582123,0.8571428656578064
l_curve_2,147,0.2791769802570343,0.8571428656578064
l_curve_2,148,0.2789749801158905,0.8571428656578064
l_curve_2,149,0.27871617674827576,0.8571428656578064
l_curve_2,150,0.27852725982666016,0.8571428656578064
l_curve_2,151,0.2781928479671478,0.8571428656578064
l_curve_2,152,0.2780954837799072,0.8571428656578064
l_curve_2,153,0.2779651880264282,0.8571428656578064
l_curve_2,154,0.2775263488292694,0.8571428656578064
l_curve_2,155,0.2768986225128174,0.8571428656578064
l_curve_2,156,0.27664104104042053,0.8571428656578064
l_curve_2,157,0.2761562764644623,0.8571428656578064
l_curve_2,158,0.2757120430469513,0.8571428656578064
l_curve_2,159,0.2752327620983124,0.8571428656578064
l_curve_2,160,0.2749549448490143,0.8571428656578064
l_curve_2,161,0.2746407985687256,0.8571428656578064
l_curve_2,162,0.2741164267063141,0.8571428656578064
l_curve_2,163,0.27365389466285706,0.8571428656578064
l_curve_2,164,0.27328619360923767,0.8571428656578064
l_curve_2,165,0.27292996644973755,0.8571428656578064
l_curve_2,166,0.27278396487236023,0.8571428656578064
l_curve_2,167,0.2724539339542389,0.8571428656578064
l_curve_2,168,0.2720663547515869,0.8571428656578064
l_curve_2,169,0.2717299461364746,0.8571428656578064
l_curve_2,170,0.27132919430732727,0.8571428656578064
l_curve_2,171,0.2708519995212555,0.8571428656578064
l_curve_2,172,0.2705850303173065,0.8571428656578064
l_curve_2,173,0.2702670395374298,0.8571428656578064
l_curve_2,174,0.2698836922645569,0.8571428656578064
l_curve_2,175,0.26940473914146423,0.8571428656578064
l_curve_2,176,0.26911821961402893,0.8571428656578064
l_curve_2,177,0.2688212990760803,0.8571428656578064
l_curve_2,178,0.2686159014701843,0.8571428656578064
l_curve_2,179,0.26846280694007874,0.8571428656578064
l_curve_2,180,0.2680843770503998,0.8571428656578064
l_curve_2,181,0.2675322890281677,0.8571428656578064
l_curve_2,182,0.26739993691444397,0.8571428656578064
l_curve_2,183,0.2674197256565094,0.8571428656578064
l_curve_2,184,0.2674930989742279,0.9047619104385376
l_curve_2,185,0.2670844495296478,0.9047619104385376
l_curve_2,186,0.26677536964416504,0.9047619104385376
l_curve_2,187,0.26657870411872864,0.8571428656578064
l_curve_2,188,0.26628148555755615,0.8571428656578064
l_curve_2,189,0.2661643624305725,0.8571428656578064
l_curve_2,190,0.2659880220890045,0.8571428656578064
l_curve_2,191,0.2654872536659241,0.8571428656578064
l_curve_2,192,0.26528218388557434,0.8571428656578064
l_curve_2,193,0.2649275064468384,0.8571428656578064
l_curve_2,194,0.2644176483154297,0.8571428656578064
l_curve_2,195,0.26403966546058655,0.8571428656578064
l_curve_2,196,0.2636651396751404,0.8571428656578064
l_curve_2,197,0.2633976340293884,0.8571428656578064
l_curve_2,198,0.26305657625198364,0.8571428656578064
l_curve_2,199,0.26272597908973694,0.8571428656578064
l_curve_2,200,0.2624044120311737,0.8571428656578064
l_curve_2,201,0.26212742924690247,0.8571428656578064
l_curve_2,202,0.2618623375892639,0.8571428656578064
l_curve_2,203,0.2616182565689087,0.8571428656578064
l_curve_2,204,0.26162487268447876,0.8571428656578064
l_curve_2,205,0.2616032063961029,0.8571428656578064
l_curve_2,206,0.2611719071865082,0.8571428656578064
l_curve_2,207,0.2611142694950104,0.8571428656578064
l_curve_2,208,0.26073604822158813,0.8571428656578064
l_curve_2,209,0.26049214601516724,0.8571428656578064
l_curve_2,210,0.2602803707122803,0.8571428656578064
l_curve_2,211,0.2600121796131134,0.8571428656578064
l_curve_2,212,0.25979894399642944,0.8571428656578064
l_curve_2,213,0.2592872381210327,0.8571428656578064
l_curve_2,214,0.2590271234512329,0.8571428656578064
l_curve_2,215,0.2584909200668335,0.8571428656578064
l_curve_2,216,0.2583903670310974,0.8571428656578064
l_curve_2,217,0.2580825686454773,0.8571428656578064
l_curve_2,218,0.2578915059566498,0.8571428656578064
l_curve_2,219,0.2574687600135803,0.8571428656578064
l_curve_2,220,0.2571675479412079,0.8571428656578064
l_curve_2,221,0.2570308446884155,0.8571428656578064
l_curve_2,222,0.2569463849067688,0.8571428656578064
l_curve_2,223,0.2565913796424866,0.8571428656578064
l_curve_2,224,0.2564707398414612,0.8571428656578064
l_curve_2,225,0.2562962770462036,0.8571428656578064
l_curve_2,226,0.2564034163951874,0.8571428656578064
l_curve_2,227,0.25608181953430176,0.8571428656578064
l_curve_2,228,0.2557627260684967,0.8571428656578064
l_curve_2,229,0.25527575612068176,0.8571428656578064
l_curve_2,230,0.2552582919597626,0.8571428656578064
l_curve_2,231,0.2549448609352112,0.8571428656578064
l_curve_2,232,0.25473180413246155,0.8571428656578064
l_curve_2,233,0.2545311450958252,0.8571428656578064
l_curve_2,234,0.25429052114486694,0.8571428656578064
l_curve_2,235,0.2543669044971466,0.8571428656578064
l_curve_2,236,0.2544843554496765,0.8571428656578064
l_curve_2,237,0.25438588857650757,0.8571428656578064
l_curve_2,238,0.25406068563461304,0.8571428656578064
l_curve_2,239,0.25411269068717957,0.8571428656578064
l_curve_2,240,0.2540871798992157,0.8571428656578064
l_curve_2,241,0.25400611758232117,0.8571428656578064
l_curve_2,242,0.25372281670570374,0.8571428656578064
l_curve_2,243,0.25337523221969604,0.8571428656578064
l_curve_2,244,0.253098726272583,0.8571428656578064
l_curve_2,245,0.2530592381954193,0.8571428656578064
l_curve_2,246,0.25305894017219543,0.8571428656578064
l_curve_2,247,0.25284045934677124,0.8571428656578064
l_curve_2,248,0.2524937093257904,0.8571428656578064
l_curve_2,249,0.25203973054885864,0.8571428656578064
l_curve_2,250,0.25182271003723145,0.8571428656578064
l_curve_2,251,0.25171178579330444,0.8571428656578064
l_curve_2,252,0.2513624429702759,0.8571428656578064
l_curve_2,253,0.2513463497161865,0.8571428656578064
l_curve_2,254,0.25130122900009155,0.8571428656578064
l_curve_2,255,0.25119686126708984,0.8571428656578064
l_curve_2,256,0.2512911856174469,0.8571428656578064
l_curve_2,257,0.2513488531112671,0.8571428656578064
l_curve_2,258,0.25130048394203186,0.8571428656578064
l_curve_2,259,0.2510747015476227,0.8571428656578064
l_curve_2,260,0.2511913776397705,0.8571428656578064
l_curve_2,261,0.25101199746131897,0.8571428656578064
l_curve_2,262,0.25072938203811646,0.8571428656578064
l_curve_2,263,0.2504686117172241,0.8571428656578064
l_curve_2,264,0.2503172755241394,0.8571428656578064
l_curve_2,265,0.24994736909866333,0.8571428656578064
l_curve_2,266,0.2499576359987259,0.8571428656578064
l_curve_2,267,0.24954496324062347,0.8571428656578064
l_curve_2,268,0.2494976818561554,0.8571428656578064
l_curve_2,269,0.24940159916877747,0.8571428656578064
l_curve_2,270,0.24908259510993958,0.8571428656578064
l_curve_2,271,0.2490537315607071,0.8571428656578064
l_curve_2,272,0.24886095523834229,0.8571428656578064
l_curve_2,273,0.2488487958908081,0.8571428656578064
l_curve_2,274,0.24886906147003174,0.8571428656578064
l_curve_2,275,0.24872395396232605,0.8571428656578064
l_curve_2,276,0.24849550426006317,0.8571428656578064
l_curve_2,277,0.24795114994049072,0.8571428656578064
l_curve_2,278,0.24769628047943115,0.8571428656578064
l_curve_2,279,0.24763710796833038,0.8571428656578064
l_curve_2,280,0.2475644052028656,0.8571428656578064
l_curve_2,281,0.24747861921787262,0.8571428656578064
l_curve_2,282,0.24731595814228058,0.8571428656578064
l_curve_2,283,0.2472214251756668,0.8571428656578064
l_curve_2,284,0.2469489872455597,0.8571428656578064
l_curve_2,285,0.2469877004623413,0.8571428656578064
l_curve_2,286,0.2469971925020218,0.8571428656578064
l_curve_2,287,0.2470175176858902,0.8571428656578064
l_curve_2,288,0.2466856688261032,0.8571428656578064
l_curve_2,289,0.2466253936290741,0.8571428656578064
l_curve_2,290,0.24649806320667267,0.8571428656578064
l_curve_2,291,0.2464013397693634,0.8571428656578064
l_curve_2,292,0.2465045154094696,0.8571428656578064
l_curve_2,293,0.2460080087184906,0.8571428656578064
l_curve_2,294,0.24581600725650787,0.8571428656578064
l_curve_2,295,0.24557776749134064,0.8571428656578064
l_curve_2,296,0.24548041820526123,0.8571428656578064
l_curve_2,297,0.24531705677509308,0.8571428656578064
l_curve_2,298,0.2452143281698227,0.8571428656578064
l_curve_2,299,0.24511268734931946,0.8571428656578064
l_curve_2,300,0.2451605498790741,0.8571428656578064
l_curve_2,301,0.24504218995571136,0.8571428656578064
l_curve_2,302,0.24499556422233582,0.8571428656578064
l_curve_2,303,0.24508047103881836,0.8571428656578064
l_curve_2,304,0.24476094543933868,0.8571428656578064
l_curve_2,305,0.2442079782485962,0.8571428656578064
l_curve_2,306,0.24367977678775787,0.8571428656578064
l_curve_2,307,0.24357353150844574,0.8571428656578064
l_curve_2,308,0.24356777966022491,0.8571428656578064
l_curve_2,309,0.24337808787822723,0.8571428656578064
l_curve_2,310,0.24332427978515625,0.8571428656578064
l_curve_2,311,0.24341487884521484,0.8571428656578064
l_curve_2,312,0.24293245375156403,0.8571428656578064
l_curve_2,313,0.24308942258358002,0.8571428656578064
l_curve_2,314,0.2429850846529007,0.8571428656578064
l_curve_2,315,0.24303050339221954,0.8571428656578064
l_curve_2,316,0.24290722608566284,0.8571428656578064
l_curve_2,317,0.24274322390556335,0.8571428656578064
l_curve_2,318,0.24248111248016357,0.8571428656578064
l_curve_2,319,0.24227464199066162,0.8571428656578064
l_curve_2,320,0.24230210483074188,0.8571428656578064
l_curve_2,321,0.24231967329978943,0.8571428656578064
l_curve_2,322,0.24232995510101318,0.8571428656578064
l_curve_2,323,0.24214354157447815,0.8571428656578064
l_curve_2,324,0.24174264073371887,0.8571428656578064
l_curve_2,325,0.2413681596517563,0.8571428656578064
l_curve_2,326,0.24120661616325378,0.8571428656578064
l_curve_2,327,0.24119779467582703,0.8571428656578064
l_curve_2,328,0.24107563495635986,0.8571428656578064
l_curve_2,329,0.24074843525886536,0.8571428656578064
l_curve_2,330,0.24069803953170776,0.8571428656578064
l_curve_2,331,0.24095027148723602,0.8571428656578064
l_curve_2,332,0.2410048544406891,0.8571428656578064
l_curve_2,333,0.24090857803821564,0.8571428656578064
l_curve_2,334,0.24098627269268036,0.8571428656578064
l_curve_2,335,0.2406439483165741,0.8571428656578064
l_curve_2,336,0.24062736332416534,0.8571428656578064
l_curve_2,337,0.24067670106887817,0.8571428656578064
l_curve_2,338,0.24014699459075928,0.8571428656578064
l_curve_2,339,0.24000445008277893,0.8571428656578064
l_curve_2,340,0.23992334306240082,0.8571428656578064
l_curve_2,341,0.2396472543478012,0.8095238208770752
l_curve_2,342,0.2397666871547699,0.8095238208770752
l_curve_2,343,0.24009039998054504,0.8095238208770752
l_curve_2,344,0.2402106672525406,0.8095238208770752
l_curve_2,345,0.23987509310245514,0.8095238208770752
l_curve_2,346,0.23976720869541168,0.8095238208770752
l_curve_2,347,0.2394208163022995,0.8095238208770752
l_curve_2,348,0.2393185943365097,0.8095238208770752
l_curve_2,349,0.23938915133476257,0.8095238208770752
l_curve_2,350,0.2394455522298813,0.8095238208770752
l_curve_2,351,0.23921775817871094,0.8095238208770752
l_curve_2,352,0.23904652893543243,0.8095238208770752
l_curve_2,353,0.23905837535858154,0.8095238208770752
l_curve_2,354,0.23927108943462372,0.8095238208770752
l_curve_2,355,0.23934268951416016,0.8095238208770752
l_curve_2,356,0.23960812389850616,0.8095238208770752
l_curve_2,357,0.23963139951229095,0.8095238208770752
l_curve_2,358,0.23974578082561493,0.8095238208770752
l_curve_2,359,0.23989200592041016,0.8095238208770752
l_curve_2,360,0.23987025022506714,0.8095238208770752
l_curve_2,361,0.23949064314365387,0.8095238208770752
l_curve_2,362,0.23930740356445312,0.8095238208770752
l_curve_2,363,0.2388971894979477,0.8095238208770752
l_curve_2,364,0.23851816356182098,0.8095238208770752
l_curve_2,365,0.2383311539888382,0.8095238208770752
l_curve_2,366,0.23799389600753784,0.8095238208770752
l_curve_2,367,0.2377139925956726,0.8095238208770752
l_curve_2,368,0.23772434890270233,0.8095238208770752
l_curve_2,369,0.2375217229127884,0.8095238208770752
l_curve_2,370,0.23740103840827942,0.8095238208770752
l_curve_2,371,0.23759600520133972,0.8095238208770752
l_curve_2,372,0.23780596256256104,0.8095238208770752
l_curve_2,373,0.23810569941997528,0.8095238208770752
l_curve_2,374,0.23798426985740662,0.8095238208770752
l_curve_2,375,0.23795422911643982,0.8095238208770752
l_curve_2,376,0.23792307078838348,0.8095238208770752
l_curve_2,377,0.23751012980937958,0.8095238208770752
l_curve_2,378,0.23749467730522156,0.8095238208770752
l_curve_2,379,0.2371608167886734,0.8095238208770752
l_curve_2,380,0.23714196681976318,0.8571428656578064
l_curve_2,381,0.23708483576774597,0.8571428656578064
l_curve_2,382,0.23722383379936218,0.8571428656578064
l_curve_2,383,0.23704741895198822,0.8571428656578064
l_curve_2,384,0.23655764758586884,0.8571428656578064
l_curve_2,385,0.23626944422721863,0.8571428656578064
l_curve_2,386,0.2364550083875656,0.8571428656578064
l_curve_2,387,0.2369551956653595,0.8571428656578064
l_curve_2,388,0.23698745667934418,0.8571428656578064
l_curve_2,389,0.23699799180030823,0.8571428656578064
l_curve_2,390,0.23722222447395325,0.8571428656578064
l_curve_2,391,0.23707641661167145,0.8571428656578064
l_curve_2,392,0.23692460358142853,0.8571428656578064
l_curve_2,393,0.23668384552001953,0.8571428656578064
l_curve_2,394,0.23644092679023743,0.8571428656578064
l_curve_2,395,0.23655886948108673,0.8571428656578064
l_curve_2,396,0.2364329844713211,0.8571428656578064
l_curve_2,397,0.23630978167057037,0.8571428656578064
l_curve_2,398,0.2363279014825821,0.8571428656578064
l_curve_2,399,0.23616664111614227,0.8571428656578064
l_curve_2,400,0.23586323857307434,0.8571428656578064
l_curve_2,401,0.2356288731098175,0.8571428656578064
l_curve_2,402,0.2354145497083664,0.8571428656578064
l_curve_2,403,0.23523394763469696,0.8571428656578064
l_curve_2,404,0.23507434129714966,0.8571428656578064
l_curve_2,405,0.23506510257720947,0.8571428656578064
l_curve_2,406,0.23488382995128632,0.8571428656578064
l_curve_2,407,0.23507340252399445,0.8571428656578064
l_curve_2,408,0.23528702557086945,0.8571428656578064
l_curve_2,409,0.23521964251995087,0.8571428656578064
l_curve_2,410,0.23477689921855927,0.8571428656578064
l_curve_2,411,0.23449212312698364,0.8571428656578064
l_curve_2,412,0.2346412092447281,0.8571428656578064
l_curve_2,413,0.23506028950214386,0.8571428656578064
l_curve_2,414,0.2349931001663208,0.8571428656578064
l_curve_2,415,0.23498623073101044,0.8571428656578064
l_curve_2,416,0.23486977815628052,0.8571428656578064
l_curve_2,417,0.23472265899181366,0.8571428656578064
l_curve_2,418,0.23439520597457886,0.8571428656578064
l_curve_2,419,0.2346573770046234,0.8571428656578064
l_curve_2,420,0.23502817749977112,0.8571428656578064
l_curve_2,421,0.23517729341983795,0.8571428656578064
l_curve_2,422,0.23493202030658722,0.8571428656578064
l_curve_2,423,0.23466551303863525,0.8571428656578064
l_curve_2,424,0.23468077182769775,0.8571428656578064
l_curve_2,425,0.23441387712955475,0.8571428656578064
l_curve_2,426,0.23462368547916412,0.8571428656578064
l_curve_2,427,0.23464930057525635,0.8571428656578064
l_curve_2,428,0.2344970703125,0.8571428656578064
l_curve_2,429,0.23438775539398193,0.8571428656578064
l_curve_2,430,0.2343076467514038,0.8571428656578064
l_curve_2,431,0.2340293824672699,0.8571428656578064
l_curve_2,432,0.23403336107730865,0.8571428656578064
l_curve_2,433,0.23421141505241394,0.8571428656578064
l_curve_2,434,0.23415401577949524,0.8571428656578064
l_curve_2,435,0.23409993946552277,0.8571428656578064
l_curve_2,436,0.2340458631515503,0.8571428656578064
l_curve_2,437,0.23411190509796143,0.8571428656578064
l_curve_2,438,0.2341616004705429,0.8571428656578064
l_curve_2,439,0.23418313264846802,0.8571428656578064
l_curve_2,440,0.2342524230480194,0.8571428656578064
l_curve_2,441,0.23399235308170319,0.8571428656578064
l_curve_2,442,0.23364976048469543,0.8571428656578064
l_curve_2,443,0.233516663312912,0.8571428656578064
l_curve_2,444,0.23346273601055145,0.8571428656578064
l_curve_2,445,0.233269602060318,0.8571428656578064
l_curve_2,446,0.2330806404352188,0.8571428656578064
l_curve_2,447,0.23301783204078674,0.8571428656578064
l_curve_2,448,0.23311583697795868,0.8571428656578064
l_curve_2,449,0.23291292786598206,0.8571428656578064
l_curve_2,450,0.2330244779586792,0.8571428656578064
l_curve_2,451,0.2332163155078888,0.8571428656578064
l_curve_2,452,0.23331429064273834,0.8571428656578064
l_curve_2,453,0.23297159373760223,0.8571428656578064
l_curve_2,454,0.23262257874011993,0.8571428656578064
l_curve_2,455,0.2325320541858673,0.8571428656578064
l_curve_2,456,0.23272185027599335,0.8571428656578064
l_curve_2,457,0.23271578550338745,0.8571428656578064
l_curve_2,458,0.23284409940242767,0.8571428656578064
l_curve_2,459,0.2327296882867813,0.8571428656578064
l_curve_2,460,0.23234783113002777,0.8571428656578064
l_curve_2,461,0.23186583817005157,0.8571428656578064
l_curve_2,462,0.2318892925977707,0.8571428656578064
l_curve_2,463,0.23210179805755615,0.8571428656578064
l_curve_2,464,0.23210251331329346,0.8571428656578064
l_curve_2,465,0.2318631112575531,0.8571428656578064
l_curve_2,466,0.23156972229480743,0.8571428656578064
l_curve_2,467,0.23124343156814575,0.8571428656578064
l_curve_2,468,0.2311462163925171,0.8571428656578064
l_curve_2,469,0.2311508059501648,0.8571428656578064
l_curve_2,470,0.23093777894973755,0.8571428656578064
l_curve_2,471,0.23086395859718323,0.8571428656578064
l_curve_2,472,0.23071639239788055,0.8571428656578064
l_curve_2,473,0.23093244433403015,0.8571428656578064
l_curve_2,474,0.23116107285022736,0.8571428656578064
l_curve_2,475,0.2310175597667694,0.8571428656578064
l_curve_2,476,0.23101529479026794,0.8571428656578064
l_curve_2,477,0.23109500110149384,0.8571428656578064
l_curve_2,478,0.2309473156929016,0.8571428656578064
l_curve_2,479,0.23120246827602386,0.8571428656578064
l_curve_2,480,0.23112912476062775,0.8571428656578064
l_curve_2,481,0.23120328783988953,0.8571428656578064
l_curve_2,482,0.23127515614032745,0.8571428656578064
l_curve_2,483,0.2310888171195984,0.8571428656578064
l_curve_2,484,0.23110610246658325,0.8571428656578064
l_curve_2,485,0.2310817390680313,0.8571428656578064
l_curve_2,486,0.23086044192314148,0.8571428656578064
l_curve_2,487,0.23084458708763123,0.8571428656578064
l_curve_2,488,0.23062346875667572,0.8571428656578064
l_curve_2,489,0.2305976301431656,0.8571428656578064
l_curve_2,490,0.23062919080257416,0.8571428656578064
l_curve_2,491,0.23058950901031494,0.8571428656578064
l_curve_2,492,0.23060385882854462,0.8571428656578064
l_curve_2,493,0.23054005205631256,0.8571428656578064
l_curve_2,494,0.23012733459472656,0.8571428656578064
l_curve_2,495,0.2300487756729126,0.8571428656578064
l_curve_2,496,0.22980430722236633,0.8571428656578064
l_curve_2,497,0.23004359006881714,0.8571428656578064
l_curve_2,498,0.2303391844034195,0.8571428656578064
l_curve_2,499,0.23046264052391052,0.8571428656578064
l_curve_2,500,0.23020140826702118,0.8571428656578064
l_curve_2,501,0.2299015372991562,0.8571428656578064
l_curve_2,502,0.22983866930007935,0.8571428656578064
l_curve_2,503,0.22975417971611023,0.8571428656578064
l_curve_2,504,0.22960904240608215,0.8571428656578064
l_curve_2,505,0.22964327037334442,0.8571428656578064
l_curve_2,506,0.22987769544124603,0.8571428656578064
l_curve_2,507,0.23007579147815704,0.8571428656578064
l_curve_2,508,0.2300781011581421,0.8571428656578064
l_curve_2,509,0.22958946228027344,0.8571428656578064
l_curve_2,510,0.22956405580043793,0.8571428656578064
l_curve_2,511,0.22954866290092468,0.8571428656578064
l_curve_2,512,0.22963011264801025,0.8571428656578064
l_curve_2,513,0.22949127852916718,0.8571428656578064
l_curve_2,514,0.22951066493988037,0.8571428656578064
l_curve_2,515,0.22940517961978912,0.8571428656578064
l_curve_2,516,0.22934487462043762,0.8571428656578064
l_curve_2,517,0.2295980006456375,0.8571428656578064
l_curve_2,518,0.22990821301937103,0.8571428656578064
l_curve_2,519,0.22996895015239716,0.8571428656578064
l_curve_2,520,0.2300407737493515,0.8571428656578064
l_curve_2,521,0.23021280765533447,0.8571428656578064
l_curve_2,522,0.23025639355182648,0.8571428656578064
l_curve_2,523,0.23018096387386322,0.8571428656578064
l_curve_2,524,0.23042115569114685,0.8571428656578064
l_curve_2,525,0.23033878207206726,0.8571428656578064
l_curve_2,526,0.2303510457277298,0.8571428656578064
l_curve_2,527,0.23005631566047668,0.8571428656578064
l_curve_2,528,0.23017160594463348,0.8571428656578064
l_curve_2,529,0.23005381226539612,0.8571428656578064
l_curve_2,530,0.2297287881374359,0.8571428656578064
l_curve_2,531,0.2299945056438446,0.8571428656578064
l_curve_2,532,0.2301662117242813,0.8571428656578064
l_curve_2,533,0.22970536351203918,0.8571428656578064
l_curve_2,534,0.22964055836200714,0.8571428656578064
l_curve_2,535,0.22979801893234253,0.8571428656578064
l_curve_2,536,0.22986134886741638,0.8571428656578064
l_curve_2,537,0.22988110780715942,0.8571428656578064
l_curve_2,538,0.229599267244339,0.8571428656578064
l_curve_2,539,0.22956155240535736,0.8571428656578064
l_curve_2,540,0.22952626645565033,0.8571428656578064
l_curve_2,541,0.22942794859409332,0.8571428656578064
l_curve_2,542,0.22933517396450043,0.8571428656578064
l_curve_2,543,0.2291916012763977,0.8571428656578064
l_curve_2,544,0.22940942645072937,0.8571428656578064
l_curve_2,545,0.2292613983154297,0.8571428656578064
l_curve_2,546,0.22933609783649445,0.8571428656578064
l_curve_2,547,0.22927293181419373,0.8571428656578064
l_curve_2,548,0.22918741405010223,0.8571428656578064
l_curve_2,549,0.22908437252044678,0.8571428656578064
l_curve_2,550,0.22912462055683136,0.8571428656578064
l_curve_2,551,0.22915203869342804,0.8571428656578064
l_curve_2,552,0.22935880720615387,0.8571428656578064
l_curve_2,553,0.22928406298160553,0.8571428656578064
l_curve_2,554,0.22907300293445587,0.8571428656578064
l_curve_2,555,0.22902996838092804,0.8571428656578064
l_curve_2,556,0.22861841320991516,0.8571428656578064
l_curve_2,557,0.2280641496181488,0.8571428656578064
l_curve_2,558,0.22807429730892181,0.8571428656578064
l_curve_2,559,0.22794151306152344,0.8571428656578064
l_curve_2,560,0.22795617580413818,0.8571428656578064
l_curve_2,561,0.2283473014831543,0.8571428656578064
l_curve_2,562,0.22808057069778442,0.8571428656578064
l_curve_2,563,0.22813449800014496,0.8571428656578064
l_curve_2,564,0.22833074629306793,0.8571428656578064
l_curve_2,565,0.22834913432598114,0.8571428656578064
l_curve_2,566,0.22829051315784454,0.8571428656578064
l_curve_2,567,0.2283584326505661,0.8571428656578064
l_curve_2,568,0.2283899486064911,0.8571428656578064
l_curve_2,569,0.22851522266864777,0.8571428656578064
l_curve_2,570,0.22886571288108826,0.8571428656578064
l_curve_2,571,0.22884877026081085,0.8571428656578064
l_curve_2,572,0.22884759306907654,0.8571428656578064
l_curve_2,573,0.22874902188777924,0.8571428656578064
l_curve_2,574,0.22864414751529694,0.8571428656578064
l_curve_2,575,0.22842693328857422,0.8571428656578064
l_curve_2,576,0.228400319814682,0.8571428656578064
l_curve_2,577,0.2283194661140442,0.8571428656578064
l_curve_2,578,0.22838856279850006,0.8571428656578064
l_curve_2,579,0.22846876084804535,0.8571428656578064
l_curve_2,580,0.2284456044435501,0.8571428656578064
l_curve_2,581,0.2288380116224289,0.8571428656578064
l_curve_2,582,0.22886444628238678,0.8571428656578064
l_curve_2,583,0.2287900596857071,0.8571428656578064
l_curve_2,584,0.22844626009464264,0.8571428656578064
l_curve_2,585,0.22811876237392426,0.8571428656578064
l_curve_2,586,0.2281070500612259,0.8571428656578064
l_curve_2,587,0.22810086607933044,0.8571428656578064
l_curve_2,588,0.22780545055866241,0.8571428656578064
l_curve_2,589,0.2280089110136032,0.8571428656578064
l_curve_2,590,0.22782205045223236,0.8571428656578064
l_curve_2,591,0.22776634991168976,0.8571428656578064
l_curve_2,592,0.22777032852172852,0.8571428656578064
l_curve_2,593,0.2278291881084442,0.8571428656578064
l_curve_2,594,0.2277664691209793,0.8571428656578064
l_curve_2,595,0.22743800282478333,0.8571428656578064
l_curve_2,596,0.22727155685424805,0.8571428656578064
l_curve_2,597,0.22760418057441711,0.8571428656578064
l_curve_2,598,0.2277957797050476,0.8571428656578064
l_curve_2,599,0.2274753451347351,0.8571428656578064
l_curve_2,600,0.22733819484710693,0.8571428656578064
l_curve_2,601,0.2272593379020691,0.8571428656578064
l_curve_2,602,0.22736012935638428,0.8571428656578064
l_curve_2,603,0.22756154835224152,0.8571428656578064
l_curve_2,604,0.22792629897594452,0.8571428656578064
l_curve_2,605,0.2276596575975418,0.8571428656578064
l_curve_2,606,0.22738738358020782,0.8571428656578064
l_curve_2,607,0.22702792286872864,0.8571428656578064
l_curve_2,608,0.22701823711395264,0.8571428656578064
l_curve_2,609,0.2270634025335312,0.8571428656578064
l_curve_2,610,0.22687217593193054,0.8571428656578064
l_curve_2,611,0.22715623676776886,0.8571428656578064
l_curve_2,612,0.22728218138217926,0.8571428656578064
l_curve_2,613,0.22721564769744873,0.8571428656578064
l_curve_2,614,0.22715364396572113,0.8571428656578064
l_curve_2,615,0.22722521424293518,0.8571428656578064
l_curve_2,616,0.22743208706378937,0.8571428656578064
l_curve_2,617,0.22737447917461395,0.8571428656578064
l_curve_2,618,0.22711709141731262,0.8571428656578064
l_curve_2,619,0.22687669098377228,0.8571428656578064
l_curve_2,620,0.22698792815208435,0.8571428656578064
l_curve_2,621,0.22699646651744843,0.8571428656578064
l_curve_2,622,0.22697362303733826,0.8571428656578064
l_curve_2,623,0.2269846647977829,0.8571428656578064
l_curve_2,624,0.22695259749889374,0.8571428656578064
l_curve_2,625,0.22709928452968597,0.8571428656578064
l_curve_2,626,0.22738388180732727,0.8571428656578064
l_curve_2,627,0.22746342420578003,0.8571428656578064
l_curve_2,628,0.22730782628059387,0.8571428656578064
l_curve_2,629,0.22720961272716522,0.8571428656578064
l_curve_2,630,0.2270626276731491,0.8571428656578064
l_curve_2,631,0.2269832044839859,0.8571428656578064
l_curve_2,632,0.22713153064250946,0.8571428656578064
l_curve_2,633,0.22721531987190247,0.8571428656578064
l_curve_2,634,0.2270873337984085,0.8571428656578064
l_curve_2,635,0.2273527979850769,0.8571428656578064
l_curve_2,636,0.22713133692741394,0.8571428656578064
l_curve_2,637,0.2268669307231903,0.8571428656578064
l_curve_2,638,0.22687041759490967,0.8571428656578064
l_curve_2,639,0.22686979174613953,0.8571428656578064
l_curve_2,640,0.22681067883968353,0.8571428656578064
l_curve_2,641,0.22672128677368164,0.8571428656578064
l_curve_2,642,0.2268851399421692,0.8571428656578064
l_curve_2,643,0.22692549228668213,0.8571428656578064
l_curve_2,644,0.22685123980045319,0.8571428656578064
l_curve_2,645,0.22697092592716217,0.8571428656578064
l_curve_2,646,0.22697937488555908,0.8571428656578064
l_curve_2,647,0.2268649935722351,0.8571428656578064
l_curve_2,648,0.226852685213089,0.8571428656578064
l_curve_2,649,0.22688773274421692,0.8571428656578064
l_curve_2,650,0.22673475742340088,0.8571428656578064
l_curve_2,651,0.22662179172039032,0.8571428656578064
l_curve_2,652,0.226449653506279,0.8571428656578064
l_curve_2,653,0.22618888318538666,0.8571428656578064
l_curve_2,654,0.2263290137052536,0.8571428656578064
l_curve_2,655,0.22616754472255707,0.8571428656578064
l_curve_2,656,0.22620005905628204,0.8571428656578064
l_curve_2,657,0.22650854289531708,0.8571428656578064
l_curve_2,658,0.22668734192848206,0.8571428656578064
l_curve_2,659,0.2266446053981781,0.8571428656578064
l_curve_2,660,0.22664615511894226,0.8571428656578064
l_curve_2,661,0.22680051624774933,0.8571428656578064
l_curve_2,662,0.22654259204864502,0.8571428656578064
l_curve_2,663,0.22642122209072113,0.8571428656578064
l_curve_2,664,0.22645428776741028,0.8571428656578064
l_curve_2,665,0.22613786160945892,0.8571428656578064
l_curve_2,666,0.2260793298482895,0.8571428656578064
l_curve_2,667,0.22591949999332428,0.8571428656578064
l_curve_2,668,0.22585605084896088,0.8571428656578064
l_curve_2,669,0.2258101850748062,0.8571428656578064
l_curve_2,670,0.22570480406284332,0.8571428656578064
l_curve_2,671,0.22577717900276184,0.8571428656578064
l_curve_2,672,0.22575977444648743,0.8571428656578064
l_curve_2,673,0.22570571303367615,0.8571428656578064
l_curve_2,674,0.225754514336586,0.8571428656578064
l_curve_2,675,0.2258039265871048,0.8571428656578064
l_curve_2,676,0.22579647600650787,0.8571428656578064
l_curve_2,677,0.2256108671426773,0.8571428656578064
l_curve_2,678,0.22583475708961487,0.8571428656578064
l_curve_2,679,0.225998193025589,0.8571428656578064
l_curve_2,680,0.22593961656093597,0.8571428656578064
l_curve_2,681,0.22602315247058868,0.8571428656578064
l_curve_2,682,0.2259613275527954,0.8571428656578064
l_curve_2,683,0.22595825791358948,0.8571428656578064
l_curve_2,684,0.225867360830307,0.8571428656578064
l_curve_2,685,0.22583012282848358,0.8571428656578064
l_curve_2,686,0.22556613385677338,0.8571428656578064
l_curve_2,687,0.2252272665500641,0.9047619104385376
l_curve_2,688,0.22521564364433289,0.9047619104385376
l_curve_2,689,0.22527912259101868,0.9047619104385376
l_curve_2,690,0.2253401130437851,0.9047619104385376
l_curve_2,691,0.22531239688396454,0.9047619104385376
l_curve_2,692,0.22524039447307587,0.9047619104385376
l_curve_2,693,0.22516527771949768,0.9047619104385376
l_curve_2,694,0.22495996952056885,0.9047619104385376
l_curve_2,695,0.22504813969135284,0.9047619104385376
l_curve_2,696,0.2250472754240036,0.9047619104385376
l_curve_2,697,0.2251918464899063,0.9047619104385376
l_curve_2,698,0.22538167238235474,0.9047619104385376
l_curve_2,699,0.22554835677146912,0.9047619104385376
l_curve_2,700,0.22584794461727142,0.9047619104385376
l_curve_2,701,0.22586305439472198,0.9047619104385376
l_curve_2,702,0.225608229637146,0.9047619104385376
l_curve_2,703,0.22532761096954346,0.9047619104385376
l_curve_2,704,0.22496409714221954,0.9047619104385376
l_curve_2,705,0.22484979033470154,0.9047619104385376
l_curve_2,706,0.22479785978794098,0.9047619104385376
l_curve_2,707,0.22494080662727356,0.9047619104385376
l_curve_2,708,0.225198432803154,0.9047619104385376
l_curve_2,709,0.22545762360095978,0.9047619104385376
l_curve_2,710,0.22535298764705658,0.9047619104385376
l_curve_2,711,0.22535862028598785,0.9047619104385376
l_curve_2,712,0.22532229125499725,0.9047619104385376
l_curve_2,713,0.22531908750534058,0.9047619104385376
l_curve_2,714,0.2254476547241211,0.9047619104385376
l_curve_2,715,0.2254166305065155,0.9047619104385376
l_curve_2,716,0.22536572813987732,0.9047619104385376
l_curve_2,717,0.22533848881721497,0.9047619104385376
l_curve_2,718,0.22538600862026215,0.9047619104385376
l_curve_2,719,0.2252821922302246,0.9047619104385376
l_curve_2,720,0.2250877171754837,0.9047619104385376
l_curve_2,721,0.2251499742269516,0.9047619104385376
l_curve_2,722,0.22517256438732147,0.9047619104385376
l_curve_2,723,0.22512438893318176,0.9047619104385376
l_curve_2,724,0.22500932216644287,0.9047619104385376
l_curve_2,725,0.22472932934761047,0.9047619104385376
l_curve_2,726,0.22489552199840546,0.9047619104385376
l_curve_2,727,0.2250339239835739,0.9047619104385376
l_curve_2,728,0.22544647753238678,0.9047619104385376
l_curve_2,729,0.225556880235672,0.9047619104385376
l_curve_2,730,0.22555966675281525,0.9047619104385376
l_curve_2,731,0.2254771739244461,0.9047619104385376
l_curve_2,732,0.22570692002773285,0.9047619104385376
l_curve_2,733,0.22582794725894928,0.9047619104385376
l_curve_2,734,0.22584165632724762,0.9047619104385376
l_curve_2,735,0.22570110857486725,0.9047619104385376
l_curve_2,736,0.22576063871383667,0.9047619104385376
l_curve_2,737,0.22579067945480347,0.9047619104385376
l_curve_2,738,0.22541281580924988,0.9047619104385376
l_curve_2,739,0.22522033751010895,0.9047619104385376
l_curve_2,740,0.22513559460639954,0.9047619104385376
l_curve_2,741,0.2252538800239563,0.9047619104385376
l_curve_2,742,0.2252294272184372,0.9047619104385376
l_curve_2,743,0.22497208416461945,0.9047619104385376
l_curve_2,744,0.2248689979314804,0.9047619104385376
l_curve_2,745,0.2246047854423523,0.9047619104385376
l_curve_2,746,0.22447143495082855,0.9047619104385376
l_curve_2,747,0.22450673580169678,0.9047619104385376
l_curve_2,748,0.22466734051704407,0.9047619104385376
l_curve_2,749,0.22466941177845,0.9047619104385376
l_curve_2,750,0.2248569279909134,0.9047619104385376
l_curve_2,751,0.2247946560382843,0.9047619104385376
l_curve_2,752,0.2247573286294937,0.9047619104385376
l_curve_2,753,0.22491022944450378,0.9047619104385376
l_curve_2,754,0.22485662996768951,0.9047619104385376
l_curve_2,755,0.22474434971809387,0.9047619104385376
l_curve_2,756,0.22459161281585693,0.9047619104385376
l_curve_2,757,0.2244027853012085,0.9047619104385376
l_curve_2,758,0.2244875282049179,0.9047619104385376
l_curve_2,759,0.22459034621715546,0.9047619104385376
l_curve_2,760,0.2248852401971817,0.9047619104385376
l_curve_2,761,0.2250521332025528,0.9047619104385376
l_curve_2,762,0.22518643736839294,0.9047619104385376
l_curve_2,763,0.22504393756389618,0.9047619104385376
l_curve_2,764,0.22476594150066376,0.9047619104385376
l_curve_2,765,0.22470635175704956,0.9047619104385376
l_curve_2,766,0.22455237805843353,0.9047619104385376
l_curve_2,767,0.22457511723041534,0.9047619104385376
l_curve_2,768,0.22467531263828278,0.9047619104385376
l_curve_2,769,0.22457750141620636,0.9047619104385376
l_curve_2,770,0.22489209473133087,0.9047619104385376
l_curve_2,771,0.22513505816459656,0.9047619104385376
l_curve_2,772,0.22524568438529968,0.9047619104385376
l_curve_2,773,0.22550487518310547,0.9047619104385376
l_curve_2,774,0.22542917728424072,0.9047619104385376
l_curve_2,775,0.22523891925811768,0.9047619104385376
l_curve_2,776,0.22514936327934265,0.9047619104385376
l_curve_2,777,0.22511738538742065,0.9047619104385376
l_curve_2,778,0.2248559445142746,0.9047619104385376
l_curve_2,779,0.22454774379730225,0.9047619104385376
l_curve_2,780,0.22448240220546722,0.9047619104385376
l_curve_2,781,0.22427506744861603,0.9047619104385376
l_curve_2,782,0.22398939728736877,0.9047619104385376
l_curve_2,783,0.22360637784004211,0.9047619104385376
l_curve_2,784,0.22349292039871216,0.9047619104385376
l_curve_2,785,0.22351035475730896,0.9047619104385376
l_curve_2,786,0.22370629012584686,0.9047619104385376
l_curve_2,787,0.22389866411685944,0.9047619104385376
l_curve_2,788,0.22421854734420776,0.9047619104385376
l_curve_2,789,0.22429315745830536,0.9047619104385376
l_curve_2,790,0.22451019287109375,0.9047619104385376
l_curve_2,791,0.2248842865228653,0.9047619104385376
l_curve_2,792,0.2248598039150238,0.9047619104385376
l_curve_2,793,0.22482773661613464,0.9047619104385376
l_curve_2,794,0.22441691160202026,0.9047619104385376
l_curve_2,795,0.22432570159435272,0.9047619104385376
l_curve_2,796,0.2241370975971222,0.9047619104385376
l_curve_2,797,0.2241099625825882,0.9047619104385376
l_curve_2,798,0.22425924241542816,0.9047619104385376
l_curve_2,799,0.22424668073654175,0.9047619104385376
l_curve_2,800,0.2246352881193161,0.9047619104385376
l_curve_2,801,0.22492270171642303,0.9047619104385376
l_curve_2,802,0.22499926388263702,0.9047619104385376
l_curve_2,803,0.2246844470500946,0.9047619104385376
l_curve_2,804,0.22446481883525848,0.9047619104385376
l_curve_2,805,0.2243398278951645,0.9047619104385376
l_curve_2,806,0.22437840700149536,0.9047619104385376
l_curve_2,807,0.22435015439987183,0.9047619104385376
l_curve_2,808,0.22437217831611633,0.9047619104385376
l_curve_2,809,0.22452445328235626,0.9047619104385376
l_curve_2,810,0.22454461455345154,0.9047619104385376
l_curve_2,811,0.22466051578521729,0.9047619104385376
l_curve_2,812,0.22478081285953522,0.9047619104385376
l_curve_2,813,0.22457635402679443,0.9047619104385376
l_curve_2,814,0.22430242598056793,0.9047619104385376
l_curve_2,815,0.22433818876743317,0.9047619104385376
l_curve_2,816,0.224220409989357,0.9047619104385376
l_curve_2,817,0.22442619502544403,0.9047619104385376
l_curve_2,818,0.22434857487678528,0.9047619104385376
l_curve_2,819,0.2243937999010086,0.9047619104385376
l_curve_2,820,0.22425369918346405,0.9047619104385376
l_curve_2,821,0.22425390779972076,0.9047619104385376
l_curve_2,822,0.22400592267513275,0.9047619104385376
l_curve_2,823,0.2237841933965683,0.9047619104385376
l_curve_2,824,0.2240051031112671,0.9047619104385376
l_curve_2,825,0.2241048812866211,0.9047619104385376
l_curve_2,826,0.22412005066871643,0.9047619104385376
l_curve_2,827,0.2239508330821991,0.9047619104385376
l_curve_2,828,0.2239893674850464,0.9047619104385376
l_curve_2,829,0.22404663264751434,0.9047619104385376
l_curve_2,830,0.224033921957016,0.9047619104385376
l_curve_2,831,0.2241489589214325,0.9047619104385376
l_curve_2,832,0.2243412733078003,0.9047619104385376
l_curve_2,833,0.22455011308193207,0.9047619104385376
l_curve_2,834,0.22440151870250702,0.9047619104385376
l_curve_2,835,0.2240564078092575,0.9047619104385376
l_curve_2,836,0.2239418774843216,0.9047619104385376
l_curve_2,837,0.22422027587890625,0.9047619104385376
l_curve_2,838,0.22387322783470154,0.9047619104385376
l_curve_2,839,0.22374680638313293,0.9047619104385376
l_curve_2,840,0.2238248884677887,0.9047619104385376
l_curve_2,841,0.22386348247528076,0.9047619104385376
l_curve_2,842,0.2237446904182434,0.9047619104385376
l_curve_2,843,0.22322222590446472,0.9047619104385376
l_curve_2,844,0.2229110449552536,0.9047619104385376
l_curve_2,845,0.22294031083583832,0.9047619104385376
l_curve_2,846,0.22326461970806122,0.9047619104385376
l_curve_2,847,0.22375062108039856,0.9047619104385376
l_curve_2,848,0.22367113828659058,0.9047619104385376
l_curve_2,849,0.22373993694782257,0.9047619104385376
l_curve_2,850,0.22383199632167816,0.9047619104385376
l_curve_2,851,0.22395403683185577,0.9047619104385376
l_curve_2,852,0.22395463287830353,0.9047619104385376
l_curve_2,853,0.22395579516887665,0.9047619104385376
l_curve_2,854,0.22384648025035858,0.9047619104385376
l_curve_2,855,0.22358286380767822,0.9047619104385376
l_curve_2,856,0.22354251146316528,0.9047619104385376
l_curve_2,857,0.22340619564056396,0.9047619104385376
l_curve_2,858,0.22344480454921722,0.9047619104385376
l_curve_2,859,0.22345498204231262,0.9047619104385376
l_curve_2,860,0.22317500412464142,0.9047619104385376
l_curve_2,861,0.223281592130661,0.9047619104385376
l_curve_2,862,0.22322073578834534,0.9047619104385376
l_curve_2,863,0.22353358566761017,0.9047619104385376
l_curve_2,864,0.22377264499664307,0.9047619104385376
l_curve_2,865,0.2239098995923996,0.9047619104385376
l_curve_2,866,0.22425515949726105,0.9047619104385376
l_curve_2,867,0.2244170904159546,0.9047619104385376
l_curve_2,868,0.22435477375984192,0.9047619104385376
l_curve_2,869,0.224110946059227,0.9047619104385376
l_curve_2,870,0.22395211458206177,0.9047619104385376
l_curve_2,871,0.22382041811943054,0.9047619104385376
l_curve_2,872,0.2234373539686203,0.9047619104385376
l_curve_2,873,0.2234346568584442,0.9047619104385376
l_curve_2,874,0.22378721833229065,0.9047619104385376
l_curve_2,875,0.22392837703227997,0.9047619104385376
l_curve_2,876,0.22421276569366455,0.9047619104385376
l_curve_2,877,0.2241262048482895,0.9047619104385376
l_curve_2,878,0.22373056411743164,0.9047619104385376
l_curve_2,879,0.2236146628856659,0.9047619104385376
l_curve_2,880,0.22381821274757385,0.9047619104385376
l_curve_2,881,0.22414815425872803,0.9047619104385376
l_curve_2,882,0.224279522895813,0.9047619104385376
l_curve_2,883,0.224216029047966,0.9047619104385376
l_curve_2,884,0.22437559068202972,0.9047619104385376
l_curve_2,885,0.2244091033935547,0.9047619104385376
l_curve_2,886,0.22411414980888367,0.9047619104385376
l_curve_2,887,0.22386224567890167,0.9047619104385376
l_curve_2,888,0.22411587834358215,0.9047619104385376
l_curve_2,889,0.2241409420967102,0.9047619104385376
l_curve_2,890,0.22403812408447266,0.9047619104385376
l_curve_2,891,0.22387906908988953,0.9047619104385376
l_curve_2,892,0.22391760349273682,0.9047619104385376
l_curve_2,893,0.22361671924591064,0.9047619104385376
l_curve_2,894,0.22378526628017426,0.9047619104385376
l_curve_2,895,0.2237052619457245,0.9047619104385376
l_curve_2,896,0.2237028330564499,0.9047619104385376
l_curve_2,897,0.22377127408981323,0.9047619104385376
l_curve_2,898,0.22360584139823914,0.9047619104385376
l_curve_2,899,0.22341115772724152,0.9047619104385376
l_curve_2,900,0.22341182827949524,0.9047619104385376
l_curve_2,901,0.22344286739826202,0.9047619104385376
l_curve_2,902,0.22338823974132538,0.9047619104385376
l_curve_2,903,0.2236482799053192,0.9047619104385376
l_curve_2,904,0.22372077405452728,0.9047619104385376
l_curve_2,905,0.2236683964729309,0.9047619104385376
l_curve_2,906,0.22359023988246918,0.9047619104385376
l_curve_2,907,0.22388331592082977,0.9047619104385376
l_curve_2,908,0.22391466796398163,0.9047619104385376
l_curve_2,909,0.22385428845882416,0.9047619104385376
l_curve_2,910,0.22376559674739838,0.9047619104385376
l_curve_2,911,0.22374729812145233,0.9047619104385376
l_curve_2,912,0.22375847399234772,0.9047619104385376
l_curve_2,913,0.22394409775733948,0.9047619104385376
l_curve_2,914,0.22390274703502655,0.9047619104385376
l_curve_2,915,0.22416618466377258,0.9047619104385376
l_curve_2,916,0.22407639026641846,0.9047619104385376
l_curve_2,917,0.22388145327568054,0.9047619104385376
l_curve_2,918,0.22384105622768402,0.9047619104385376
l_curve_2,919,0.22382399439811707,0.9047619104385376
l_curve_2,920,0.2235674411058426,0.9047619104385376
l_curve_2,921,0.2232235074043274,0.9047619104385376
l_curve_2,922,0.22317036986351013,0.9047619104385376
l_curve_2,923,0.22331298887729645,0.9047619104385376
l_curve_2,924,0.2235669642686844,0.9047619104385376
l_curve_2,925,0.22383399307727814,0.9047619104385376
l_curve_2,926,0.22404591739177704,0.9047619104385376
l_curve_2,927,0.22390815615653992,0.9047619104385376
l_curve_2,928,0.22381891310214996,0.9047619104385376
l_curve_2,929,0.22375349700450897,0.9047619104385376
l_curve_2,930,0.22387750446796417,0.9047619104385376
l_curve_2,931,0.22380220890045166,0.9047619104385376
l_curve_2,932,0.22358690202236176,0.9047619104385376
l_curve_2,933,0.22365811467170715,0.9047619104385376
l_curve_2,934,0.22400730848312378,0.9047619104385376
l_curve_2,935,0.22422221302986145,0.9047619104385376
l_curve_2,936,0.22420042753219604,0.9047619104385376
l_curve_2,937,0.22395388782024384,0.9047619104385376
l_curve_2,938,0.22387945652008057,0.9047619104385376
l_curve_2,939,0.22395570576190948,0.9047619104385376
l_curve_2,940,0.22404329478740692,0.9047619104385376
l_curve_2,941,0.22412140667438507,0.9047619104385376
l_curve_2,942,0.22383087873458862,0.9047619104385376
l_curve_2,943,0.22381305694580078,0.9047619104385376
l_curve_2,944,0.2237769365310669,0.9047619104385376
l_curve_2,945,0.22370697557926178,0.9047619104385376
l_curve_2,946,0.2236700803041458,0.9047619104385376
l_curve_2,947,0.22361937165260315,0.9047619104385376
l_curve_2,948,0.22336088120937347,0.9047619104385376
l_curve_2,949,0.2234145551919937,0.9047619104385376
l_curve_2,950,0.22348372638225555,0.9047619104385376
l_curve_2,951,0.2234387844800949,0.9047619104385376
l_curve_2,952,0.22330015897750854,0.9047619104385376
l_curve_2,953,0.2234811782836914,0.9047619104385376
l_curve_2,954,0.22350481152534485,0.9047619104385376
l_curve_2,955,0.22292391955852509,0.9047619104385376
l_curve_2,956,0.22265174984931946,0.9047619104385376
l_curve_2,957,0.2225675880908966,0.9047619104385376
l_curve_2,958,0.22246147692203522,0.9047619104385376
l_curve_2,959,0.22277940809726715,0.9047619104385376
l_curve_2,960,0.2230009138584137,0.9047619104385376
l_curve_2,961,0.22314518690109253,0.9047619104385376
l_curve_2,962,0.22286219894886017,0.9047619104385376
l_curve_2,963,0.22273609042167664,0.9047619104385376
l_curve_2,964,0.22253362834453583,0.9047619104385376
l_curve_2,965,0.22263777256011963,0.9047619104385376
l_curve_2,966,0.22259126603603363,0.9047619104385376
l_curve_2,967,0.2225453108549118,0.9047619104385376
l_curve_2,968,0.22282999753952026,0.9047619104385376
l_curve_2,969,0.22296757996082306,0.9047619104385376
l_curve_2,970,0.22302693128585815,0.9047619104385376
l_curve_2,971,0.2233579456806183,0.9047619104385376
l_curve_2,972,0.22343939542770386,0.9047619104385376
l_curve_2,973,0.2237549126148224,0.9047619104385376
l_curve_2,974,0.22389577329158783,0.9047619104385376
l_curve_2,975,0.2237030416727066,0.9047619104385376
l_curve_2,976,0.22367580235004425,0.9047619104385376
l_curve_2,977,0.2239178866147995,0.9047619104385376
l_curve_2,978,0.22415563464164734,0.9047619104385376
l_curve_2,979,0.22398903965950012,0.9047619104385376
l_curve_2,980,0.2238566130399704,0.9047619104385376
l_curve_2,981,0.22390368580818176,0.9047619104385376
l_curve_2,982,0.22409439086914062,0.9047619104385376
l_curve_2,983,0.22404435276985168,0.9047619104385376
l_curve_2,984,0.22386781871318817,0.9047619104385376
l_curve_2,985,0.2234632819890976,0.9047619104385376
l_curve_2,986,0.22333018481731415,0.9047619104385376
l_curve_2,987,0.22333548963069916,0.9047619104385376
l_curve_2,988,0.22313544154167175,0.9047619104385376
l_curve_2,989,0.2227228283882141,0.9047619104385376
l_curve_2,990,0.22235479950904846,0.9047619104385376
l_curve_2,991,0.22233621776103973,0.9047619104385376
l_curve_2,992,0.222525954246521,0.9047619104385376
l_curve_2,993,0.2229069024324417,0.9047619104385376
l_curve_2,994,0.22288833558559418,0.9047619104385376
l_curve_2,995,0.22266392409801483,0.9047619104385376
l_curve_2,996,0.22277343273162842,0.9047619104385376
l_curve_2,997,0.22271126508712769,0.9047619104385376
l_curve_2,998,0.2223854959011078,0.9047619104385376
l_curve_2,999,0.22236397862434387,0.9047619104385376
l_curve_2,1000,0.2224634438753128,0.9047619104385376
l_curve_2,1000,0.2224634438753128,0.9047619104385376
