client,round,loss,accuracy
l_curve_5,1,0.8390707969665527,0.4761904776096344
l_curve_5,2,0.7936894297599792,0.523809552192688
l_curve_5,3,0.751870334148407,0.5714285969734192
l_curve_5,4,0.7134062647819519,0.6190476417541504
l_curve_5,5,0.6781132817268372,0.6666666865348816
l_curve_5,6,0.6458060145378113,0.6666666865348816
l_curve_5,7,0.6162278056144714,0.6666666865348816
l_curve_5,8,0.5894305109977722,0.6666666865348816
l_curve_5,9,0.5649036765098572,0.6666666865348816
l_curve_5,10,0.5423281788825989,0.7142857313156128
l_curve_5,11,0.5216678380966187,0.761904776096344
l_curve_5,12,0.5026542544364929,0.761904776096344
l_curve_5,13,0.48508313298225403,0.8095238208770752
l_curve_5,14,0.46898165345191956,0.8571428656578064
l_curve_5,15,0.45413738489151,0.8571428656578064
l_curve_5,16,0.44029858708381653,0.8571428656578064
l_curve_5,17,0.42743295431137085,0.8571428656578064
l_curve_5,18,0.4155988097190857,0.8571428656578064
l_curve_5,19,0.40450337529182434,0.8571428656578064
l_curve_5,20,0.3941243588924408,0.8571428656578064
l_curve_5,21,0.38449063897132874,0.9047619104385376
l_curve_5,22,0.37542518973350525,0.9047619104385376
l_curve_5,23,0.36684897541999817,0.9047619104385376
l_curve_5,24,0.35879844427108765,0.9047619104385376
l_curve_5,25,0.35120102763175964,0.9047619104385376
l_curve_5,26,0.34396588802337646,0.9047619104385376
l_curve_5,27,0.3370860517024994,0.9047619104385376
l_curve_5,28,0.33061718940734863,0.9047619104385376
l_curve_5,29,0.3244195878505707,0.9047619104385376
l_curve_5,30,0.3184778690338135,0.9047619104385376
l_curve_5,31,0.3127969205379486,0.9047619104385376
l_curve_5,32,0.30732616782188416,0.9047619104385376
l_curve_5,33,0.30220282077789307,0.9047619104385376
l_curve_5,34,0.2972941994667053,0.9047619104385376
l_curve_5,35,0.2926379442214966,0.9047619104385376
l_curve_5,36,0.2881181240081787,0.9047619104385376
l_curve_5,37,0.28377124667167664,0.9047619104385376
l_curve_5,38,0.2796637713909149,0.9047619104385376
l_curve_5,39,0.2756164073944092,0.9047619104385376
l_curve_5,40,0.27174612879753113,0.9047619104385376
l_curve_5,41,0.267984539270401,0.9047619104385376
l_curve_5,42,0.26428574323654175,0.9047619104385376
l_curve_5,43,0.26078733801841736,0.9047619104385376
l_curve_5,44,0.2574084997177124,0.9047619104385376
l_curve_5,45,0.25415268540382385,0.9047619104385376
l_curve_5,46,0.25099971890449524,0.9047619104385376
l_curve_5,47,0.24791565537452698,0.9047619104385376
l_curve_5,48,0.2449169158935547,0.9047619104385376
l_curve_5,49,0.24208000302314758,0.9523809552192688
l_curve_5,50,0.2393030822277069,0.9523809552192688
l_curve_5,51,0.23652227222919464,0.9523809552192688
l_curve_5,52,0.2338302880525589,0.9523809552192688
l_curve_5,53,0.23122864961624146,0.9523809552192688
l_curve_5,54,0.22872838377952576,0.9523809552192688
l_curve_5,55,0.22632469236850739,0.9523809552192688
l_curve_5,56,0.22393660247325897,0.9523809552192688
l_curve_5,57,0.22167669236660004,0.9523809552192688
l_curve_5,58,0.21947619318962097,0.9523809552192688
l_curve_5,59,0.21733006834983826,0.9523809552192688
l_curve_5,60,0.2151627242565155,0.9523809552192688
l_curve_5,61,0.21307988464832306,0.9523809552192688
l_curve_5,62,0.21105436980724335,0.9523809552192688
l_curve_5,63,0.20907428860664368,0.9523809552192688
l_curve_5,64,0.20714613795280457,0.9523809552192688
l_curve_5,65,0.20524662733078003,0.9523809552192688
l_curve_5,66,0.203375905752182,0.9523809552192688
l_curve_5,67,0.20156210660934448,0.9523809552192688
l_curve_5,68,0.19976572692394257,0.9523809552192688
l_curve_5,69,0.1980476677417755,0.9523809552192688
l_curve_5,70,0.19643045961856842,0.9523809552192688
l_curve_5,71,0.19478121399879456,0.9523809552192688
l_curve_5,72,0.19318975508213043,0.9523809552192688
l_curve_5,73,0.1916244626045227,0.9523809552192688
l_curve_5,74,0.1900680810213089,0.9523809552192688
l_curve_5,75,0.18853071331977844,0.9523809552192688
l_curve_5,76,0.187029629945755,0.9523809552192688
l_curve_5,77,0.1855473816394806,0.9523809552192688
l_curve_5,78,0.18413510918617249,0.9523809552192688
l_curve_5,79,0.18274013698101044,0.9523809552192688
l_curve_5,80,0.18137700855731964,0.9523809552192688
l_curve_5,81,0.17999649047851562,0.9523809552192688
l_curve_5,82,0.17874395847320557,0.9523809552192688
l_curve_5,83,0.17757976055145264,0.9523809552192688
l_curve_5,84,0.17638680338859558,0.9523809552192688
l_curve_5,85,0.17516368627548218,0.9523809552192688
l_curve_5,86,0.1739700436592102,0.9523809552192688
l_curve_5,87,0.17274680733680725,0.9523809552192688
l_curve_5,88,0.17155548930168152,0.9523809552192688
l_curve_5,89,0.17044958472251892,0.9523809552192688
l_curve_5,90,0.16938059031963348,0.9523809552192688
l_curve_5,91,0.16833554208278656,0.9523809552192688
l_curve_5,92,0.16731226444244385,0.9523809552192688
l_curve_5,93,0.16623592376708984,0.9523809552192688
l_curve_5,94,0.16525107622146606,0.9523809552192688
l_curve_5,95,0.16427722573280334,0.9523809552192688
l_curve_5,96,0.16325819492340088,0.9523809552192688
l_curve_5,97,0.16228123009204865,0.9523809552192688
l_curve_5,98,0.16128240525722504,0.9523809552192688
l_curve_5,99,0.1602930724620819,0.9523809552192688
l_curve_5,100,0.15933288633823395,0.9523809552192688
l_curve_5,101,0.15842793881893158,0.9523809552192688
l_curve_5,102,0.15751738846302032,0.9523809552192688
l_curve_5,103,0.15663772821426392,0.9523809552192688
l_curve_5,104,0.15580546855926514,0.9523809552192688
l_curve_5,105,0.1549970805644989,0.9523809552192688
l_curve_5,106,0.15417644381523132,0.9523809552192688
l_curve_5,107,0.15328404307365417,0.9523809552192688
l_curve_5,108,0.1524856984615326,0.9523809552192688
l_curve_5,109,0.15168483555316925,0.9523809552192688
l_curve_5,110,0.15083415806293488,0.9523809552192688
l_curve_5,111,0.15007375180721283,0.9523809552192688
l_curve_5,112,0.14933159947395325,0.9523809552192688
l_curve_5,113,0.1486203819513321,0.9523809552192688
l_curve_5,114,0.14788611233234406,0.9523809552192688
l_curve_5,115,0.1471777707338333,0.9523809552192688
l_curve_5,116,0.1464788317680359,0.9523809552192688
l_curve_5,117,0.14581912755966187,0.9523809552192688
l_curve_5,118,0.14512845873832703,0.9523809552192688
l_curve_5,119,0.14443257451057434,0.9523809552192688
l_curve_5,120,0.14368626475334167,0.9523809552192688
l_curve_5,121,0.1429549902677536,0.9523809552192688
l_curve_5,122,0.14225393533706665,0.9523809552192688
l_curve_5,123,0.14161774516105652,0.9523809552192688
l_curve_5,124,0.14098694920539856,0.9523809552192688
l_curve_5,125,0.14033910632133484,0.9523809552192688
l_curve_5,126,0.13969320058822632,0.9523809552192688
l_curve_5,127,0.13908997178077698,0.9523809552192688
l_curve_5,128,0.13854017853736877,0.9523809552192688
l_curve_5,129,0.13795171678066254,0.9523809552192688
l_curve_5,130,0.13734190165996552,0.9523809552192688
l_curve_5,131,0.13679292798042297,0.9523809552192688
l_curve_5,132,0.13624204695224762,0.9523809552192688
l_curve_5,133,0.1356794536113739,0.9523809552192688
l_curve_5,134,0.1350759118795395,0.9523809552192688
l_curve_5,135,0.13452816009521484,0.9523809552192688
l_curve_5,136,0.1340198814868927,0.9523809552192688
l_curve_5,137,0.13347642123699188,0.9523809552192688
l_curve_5,138,0.13289199769496918,0.9523809552192688
l_curve_5,139,0.13232803344726562,0.9523809552192688
l_curve_5,140,0.13185562193393707,0.9523809552192688
l_curve_5,141,0.1313677281141281,0.9523809552192688
l_curve_5,142,0.1309037208557129,0.9523809552192688
l_curve_5,143,0.1304013878107071,0.9523809552192688
l_curve_5,144,0.12989093363285065,0.9523809552192688
l_curve_5,145,0.12941697239875793,0.9523809552192688
l_curve_5,146,0.12897436320781708,0.9523809552192688
l_curve_5,147,0.1285083293914795,0.9523809552192688
l_curve_5,148,0.1280410885810852,0.9523809552192688
l_curve_5,149,0.12756402790546417,0.9523809552192688
l_curve_5,150,0.12711282074451447,0.9523809552192688
l_curve_5,151,0.1266985684633255,0.9523809552192688
l_curve_5,152,0.1262533962726593,0.9523809552192688
l_curve_5,153,0.12582260370254517,0.9523809552192688
l_curve_5,154,0.12540099024772644,0.9523809552192688
l_curve_5,155,0.12500284612178802,0.9523809552192688
l_curve_5,156,0.12462164461612701,0.9523809552192688
l_curve_5,157,0.12424321472644806,0.9523809552192688
l_curve_5,158,0.12385277450084686,0.9523809552192688
l_curve_5,159,0.12350288778543472,0.9523809552192688
l_curve_5,160,0.1231093779206276,0.9523809552192688
l_curve_5,161,0.12267117202281952,0.9523809552192688
l_curve_5,162,0.12223080545663834,0.9523809552192688
l_curve_5,163,0.12185695022344589,0.9523809552192688
l_curve_5,164,0.12147054076194763,0.9523809552192688
l_curve_5,165,0.12105434387922287,0.9523809552192688
l_curve_5,166,0.12064951658248901,0.9523809552192688
l_curve_5,167,0.12029585242271423,0.9523809552192688
l_curve_5,168,0.11997319757938385,0.9523809552192688
l_curve_5,169,0.11964093893766403,0.9523809552192688
l_curve_5,170,0.11922124773263931,0.9523809552192688
l_curve_5,171,0.11883188784122467,0.9523809552192688
l_curve_5,172,0.11848373711109161,0.9523809552192688
l_curve_5,173,0.11814262717962265,0.9523809552192688
l_curve_5,174,0.1177547350525856,0.9523809552192688
l_curve_5,175,0.11740235984325409,0.9523809552192688
l_curve_5,176,0.11712039262056351,0.9523809552192688
l_curve_5,177,0.1167922392487526,0.9523809552192688
l_curve_5,178,0.11647909134626389,0.9523809552192688
l_curve_5,179,0.11619089543819427,0.9523809552192688
l_curve_5,180,0.115864098072052,0.9523809552192688
l_curve_5,181,0.11555156111717224,0.9523809552192688
l_curve_5,182,0.11521154642105103,0.9523809552192688
l_curve_5,183,0.11490372568368912,0.9523809552192688
l_curve_5,184,0.11464794725179672,0.9523809552192688
l_curve_5,185,0.11431817710399628,0.9523809552192688
l_curve_5,186,0.11400001496076584,0.9523809552192688
l_curve_5,187,0.11370052397251129,0.9523809552192688
l_curve_5,188,0.1134006530046463,0.9523809552192688
l_curve_5,189,0.11309920996427536,0.9523809552192688
l_curve_5,190,0.1127990111708641,0.9523809552192688
l_curve_5,191,0.11255739629268646,0.9523809552192688
l_curve_5,192,0.11232230812311172,0.9523809552192688
l_curve_5,193,0.11203311383724213,0.9523809552192688
l_curve_5,194,0.1117430329322815,0.9523809552192688
l_curve_5,195,0.11146274954080582,0.9523809552192688
l_curve_5,196,0.11119624227285385,0.9523809552192688
l_curve_5,197,0.11095157265663147,0.9523809552192688
l_curve_5,198,0.11071300506591797,0.9523809552192688
l_curve_5,199,0.11049066483974457,0.9523809552192688
l_curve_5,200,0.11017710715532303,0.9523809552192688
l_curve_5,201,0.10985767096281052,0.9523809552192688
l_curve_5,202,0.10959094762802124,0.9523809552192688
l_curve_5,203,0.10935300588607788,0.9523809552192688
l_curve_5,204,0.10913094878196716,0.9523809552192688
l_curve_5,205,0.10894205421209335,0.9523809552192688
l_curve_5,206,0.10869385302066803,0.9523809552192688
l_curve_5,207,0.10844256728887558,0.9523809552192688
l_curve_5,208,0.10819780081510544,0.9523809552192688
l_curve_5,209,0.10798590630292892,0.9523809552192688
l_curve_5,210,0.10774235427379608,0.9523809552192688
l_curve_5,211,0.1074736937880516,0.9523809552192688
l_curve_5,212,0.10719767212867737,0.9523809552192688
l_curve_5,213,0.10697722434997559,0.9523809552192688
l_curve_5,214,0.10676338523626328,0.9523809552192688
l_curve_5,215,0.10658284276723862,0.9523809552192688
l_curve_5,216,0.10634170472621918,0.9523809552192688
l_curve_5,217,0.10607033967971802,0.9523809552192688
l_curve_5,218,0.10580388456583023,0.9523809552192688
l_curve_5,219,0.10555518418550491,0.9523809552192688
l_curve_5,220,0.10527850687503815,0.9523809552192688
l_curve_5,221,0.10503886640071869,0.9523809552192688
l_curve_5,222,0.10480891913175583,0.9523809552192688
l_curve_5,223,0.10456138849258423,0.9523809552192688
l_curve_5,224,0.10430221259593964,0.9523809552192688
l_curve_5,225,0.10405503213405609,0.9523809552192688
l_curve_5,226,0.10387597978115082,0.9523809552192688
l_curve_5,227,0.10366933792829514,0.9523809552192688
l_curve_5,228,0.10345388948917389,0.9523809552192688
l_curve_5,229,0.10325226187705994,0.9523809552192688
l_curve_5,230,0.10306362807750702,0.9523809552192688
l_curve_5,231,0.1029069796204567,0.9523809552192688
l_curve_5,232,0.10273367911577225,0.9523809552192688
l_curve_5,233,0.10253115743398666,0.9523809552192688
l_curve_5,234,0.10230723768472672,0.9523809552192688
l_curve_5,235,0.10208094865083694,0.9523809552192688
l_curve_5,236,0.10186264663934708,0.9523809552192688
l_curve_5,237,0.1016671285033226,0.9523809552192688
l_curve_5,238,0.10143812745809555,0.9523809552192688
l_curve_5,239,0.10125120729207993,0.9523809552192688
l_curve_5,240,0.10105367749929428,0.9523809552192688
l_curve_5,241,0.10085407644510269,0.9523809552192688
l_curve_5,242,0.1006413996219635,0.9523809552192688
l_curve_5,243,0.10044462233781815,0.9523809552192688
l_curve_5,244,0.10028405487537384,0.9523809552192688
l_curve_5,245,0.10007227212190628,0.9523809552192688
l_curve_5,246,0.099921315908432,0.9523809552192688
l_curve_5,247,0.0997634083032608,0.9523809552192688
l_curve_5,248,0.09960003197193146,0.9523809552192688
l_curve_5,249,0.09947820007801056,0.9523809552192688
l_curve_5,250,0.0993010550737381,0.9523809552192688
l_curve_5,251,0.09911932051181793,0.9523809552192688
l_curve_5,252,0.09899339079856873,0.9523809552192688
l_curve_5,253,0.09886620193719864,0.9523809552192688
l_curve_5,254,0.09870708733797073,0.9523809552192688
l_curve_5,255,0.09853056818246841,0.9523809552192688
l_curve_5,256,0.09833480417728424,0.9523809552192688
l_curve_5,257,0.09815680235624313,0.9523809552192688
l_curve_5,258,0.09799937903881073,0.9523809552192688
l_curve_5,259,0.09782364219427109,0.9523809552192688
l_curve_5,260,0.09759753197431564,0.9523809552192688
l_curve_5,261,0.09738124907016754,0.9523809552192688
l_curve_5,262,0.09722919762134552,0.9523809552192688
l_curve_5,263,0.09711545705795288,0.9523809552192688
l_curve_5,264,0.09696425497531891,0.9523809552192688
l_curve_5,265,0.09683486074209213,0.9523809552192688
l_curve_5,266,0.09667840600013733,0.9523809552192688
l_curve_5,267,0.09649151563644409,0.9523809552192688
l_curve_5,268,0.0963212102651596,0.9523809552192688
l_curve_5,269,0.09614397585391998,0.9523809552192688
l_curve_5,270,0.09600599855184555,0.9523809552192688
l_curve_5,271,0.09587743133306503,0.9523809552192688
l_curve_5,272,0.09572555124759674,0.9523809552192688
l_curve_5,273,0.09555426239967346,0.9523809552192688
l_curve_5,274,0.09541366994380951,0.9523809552192688
l_curve_5,275,0.0952705442905426,0.9523809552192688
l_curve_5,276,0.09508819878101349,0.9523809552192688
l_curve_5,277,0.09491033852100372,0.9523809552192688
l_curve_5,278,0.0947512611746788,0.9523809552192688
l_curve_5,279,0.09459777176380157,0.9523809552192688
l_curve_5,280,0.09449728578329086,0.9523809552192688
l_curve_5,281,0.09434200078248978,0.9523809552192688
l_curve_5,282,0.0942031666636467,0.9523809552192688
l_curve_5,283,0.09411051124334335,0.9523809552192688
l_curve_5,284,0.0940127745270729,0.9523809552192688
l_curve_5,285,0.09385967999696732,0.9523809552192688
l_curve_5,286,0.09373839944601059,0.9523809552192688
l_curve_5,287,0.09360556304454803,0.9523809552192688
l_curve_5,288,0.09347319602966309,0.9523809552192688
l_curve_5,289,0.09330572187900543,0.9523809552192688
l_curve_5,290,0.0931934267282486,0.9523809552192688
l_curve_5,291,0.09305205941200256,0.9523809552192688
l_curve_5,292,0.09288340061903,0.9523809552192688
l_curve_5,293,0.0927085354924202,0.9523809552192688
l_curve_5,294,0.0925571396946907,0.9523809552192688
l_curve_5,295,0.09239711612462997,0.9523809552192688
l_curve_5,296,0.09224313497543335,0.9523809552192688
l_curve_5,297,0.09211379289627075,0.9523809552192688
l_curve_5,298,0.09197098016738892,0.9523809552192688
l_curve_5,299,0.09183377027511597,0.9523809552192688
l_curve_5,300,0.09167545288801193,0.9523809552192688
l_curve_5,301,0.09154554456472397,0.9523809552192688
l_curve_5,302,0.09140926599502563,0.9523809552192688
l_curve_5,303,0.09130403399467468,0.9523809552192688
l_curve_5,304,0.09117201715707779,0.9523809552192688
l_curve_5,305,0.09103310853242874,0.9523809552192688
l_curve_5,306,0.0909506306052208,0.9523809552192688
l_curve_5,307,0.09082099050283432,0.9523809552192688
l_curve_5,308,0.09068575501441956,0.9523809552192688
l_curve_5,309,0.09051240235567093,0.9523809552192688
l_curve_5,310,0.09035391360521317,0.9523809552192688
l_curve_5,311,0.0902346670627594,0.9523809552192688
l_curve_5,312,0.09013154357671738,0.9523809552192688
l_curve_5,313,0.09003991633653641,0.9523809552192688
l_curve_5,314,0.08991716057062149,0.9523809552192688
l_curve_5,315,0.08980150520801544,0.9523809552192688
l_curve_5,316,0.08964911103248596,0.9523809552192688
l_curve_5,317,0.08949191123247147,0.9523809552192688
l_curve_5,318,0.08939795196056366,0.9523809552192688
l_curve_5,319,0.08929961919784546,0.9523809552192688
l_curve_5,320,0.08921732008457184,0.9523809552192688
l_curve_5,321,0.08909251540899277,0.9523809552192688
l_curve_5,322,0.0889238715171814,0.9523809552192688
l_curve_5,323,0.0887497290968895,0.9523809552192688
l_curve_5,324,0.08862423896789551,0.9523809552192688
l_curve_5,325,0.0885046124458313,0.9523809552192688
l_curve_5,326,0.08838106691837311,0.9523809552192688
l_curve_5,327,0.08828487247228622,0.9523809552192688
l_curve_5,328,0.08814023435115814,0.9523809552192688
l_curve_5,329,0.08805308490991592,0.9523809552192688
l_curve_5,330,0.08798130601644516,0.9523809552192688
l_curve_5,331,0.08789163827896118,0.9523809552192688
l_curve_5,332,0.08783087134361267,0.9523809552192688
l_curve_5,333,0.08774050325155258,0.9523809552192688
l_curve_5,334,0.0876416340470314,0.9523809552192688
l_curve_5,335,0.08751336485147476,0.9523809552192688
l_curve_5,336,0.0874003991484642,0.9523809552192688
l_curve_5,337,0.08731001615524292,0.9523809552192688
l_curve_5,338,0.08713287860155106,0.9523809552192688
l_curve_5,339,0.08699221909046173,0.9523809552192688
l_curve_5,340,0.0868663638830185,0.9523809552192688
l_curve_5,341,0.08672941476106644,0.9523809552192688
l_curve_5,342,0.08657530695199966,0.9523809552192688
l_curve_5,343,0.08642981946468353,0.9523809552192688
l_curve_5,344,0.08633965253829956,0.9523809552192688
l_curve_5,345,0.08622466027736664,0.9523809552192688
l_curve_5,346,0.08609427511692047,0.9523809552192688
l_curve_5,347,0.08601150661706924,0.9523809552192688
l_curve_5,348,0.0859408751130104,0.9523809552192688
l_curve_5,349,0.0858198031783104,0.9523809552192688
l_curve_5,350,0.0856737419962883,0.9523809552192688
l_curve_5,351,0.08551429957151413,0.9523809552192688
l_curve_5,352,0.08538023382425308,0.9523809552192688
l_curve_5,353,0.08526261895895004,1.0
l_curve_5,354,0.08513599634170532,0.9523809552192688
l_curve_5,355,0.08503608405590057,1.0
l_curve_5,356,0.08495701849460602,1.0
l_curve_5,357,0.08487123250961304,1.0
l_curve_5,358,0.08479391783475876,1.0
l_curve_5,359,0.08471570909023285,1.0
l_curve_5,360,0.08461194485425949,1.0
l_curve_5,361,0.0844879150390625,1.0
l_curve_5,362,0.08439246565103531,1.0
l_curve_5,363,0.08430913835763931,1.0
l_curve_5,364,0.084236279129982,1.0
l_curve_5,365,0.08418749272823334,1.0
l_curve_5,366,0.08406016230583191,1.0
l_curve_5,367,0.08396196365356445,1.0
l_curve_5,368,0.08385328948497772,1.0
l_curve_5,369,0.083742655813694,1.0
l_curve_5,370,0.08367855846881866,1.0
l_curve_5,371,0.08360067754983902,1.0
l_curve_5,372,0.0834677591919899,1.0
l_curve_5,373,0.08337520062923431,1.0
l_curve_5,374,0.08325722813606262,1.0
l_curve_5,375,0.08319227397441864,1.0
l_curve_5,376,0.08309926092624664,1.0
l_curve_5,377,0.08301632851362228,1.0
l_curve_5,378,0.08293670415878296,1.0
l_curve_5,379,0.08287085592746735,1.0
l_curve_5,380,0.08281107991933823,1.0
l_curve_5,381,0.08273863047361374,1.0
l_curve_5,382,0.082655169069767,1.0
l_curve_5,383,0.08259016275405884,1.0
l_curve_5,384,0.08247851580381393,1.0
l_curve_5,385,0.08238603174686432,1.0
l_curve_5,386,0.08225798606872559,1.0
l_curve_5,387,0.08216015249490738,1.0
l_curve_5,388,0.08205331861972809,1.0
l_curve_5,389,0.08194290101528168,1.0
l_curve_5,390,0.08183299750089645,1.0
l_curve_5,391,0.08171813935041428,1.0
l_curve_5,392,0.08161934465169907,1.0
l_curve_5,393,0.0814838781952858,1.0
l_curve_5,394,0.0814036875963211,1.0
l_curve_5,395,0.08131628483533859,1.0
l_curve_5,396,0.08122756332159042,1.0
l_curve_5,397,0.08112744987010956,1.0
l_curve_5,398,0.08101552724838257,1.0
l_curve_5,399,0.0809367299079895,1.0
l_curve_5,400,0.08087071031332016,1.0
l_curve_5,401,0.08077681809663773,1.0
l_curve_5,402,0.08071743696928024,1.0
l_curve_5,403,0.08062836527824402,1.0
l_curve_5,404,0.0805366039276123,1.0
l_curve_5,405,0.08043951541185379,1.0
l_curve_5,406,0.08033718913793564,1.0
l_curve_5,407,0.08026999235153198,1.0
l_curve_5,408,0.08019861578941345,1.0
l_curve_5,409,0.08007539808750153,1.0
l_curve_5,410,0.07995884120464325,1.0
l_curve_5,411,0.07983089983463287,1.0
l_curve_5,412,0.07976130396127701,1.0
l_curve_5,413,0.07968909293413162,1.0
l_curve_5,414,0.07958995550870895,1.0
l_curve_5,415,0.07949519157409668,1.0
l_curve_5,416,0.07939977198839188,1.0
l_curve_5,417,0.07930640131235123,1.0
l_curve_5,418,0.07922232151031494,1.0
l_curve_5,419,0.07914765179157257,1.0
l_curve_5,420,0.07907034456729889,1.0
l_curve_5,421,0.07902047783136368,1.0
l_curve_5,422,0.07895323634147644,1.0
l_curve_5,423,0.07886920869350433,1.0
l_curve_5,424,0.07878133654594421,1.0
l_curve_5,425,0.0786823183298111,1.0
l_curve_5,426,0.07859684526920319,1.0
l_curve_5,427,0.0785052627325058,1.0
l_curve_5,428,0.07840168476104736,1.0
l_curve_5,429,0.07830094546079636,1.0
l_curve_5,430,0.0781954899430275,1.0
l_curve_5,431,0.07808124274015427,1.0
l_curve_5,432,0.07801057398319244,1.0
l_curve_5,433,0.07793233543634415,1.0
l_curve_5,434,0.07778190076351166,1.0
l_curve_5,435,0.07766548544168472,1.0
l_curve_5,436,0.07756543904542923,1.0
l_curve_5,437,0.07744821161031723,1.0
l_curve_5,438,0.07737801969051361,1.0
l_curve_5,439,0.07729114592075348,1.0
l_curve_5,440,0.0772213488817215,1.0
l_curve_5,441,0.07713504880666733,1.0
l_curve_5,442,0.07704515010118484,1.0
l_curve_5,443,0.07696802169084549,1.0
l_curve_5,444,0.07689612358808517,1.0
l_curve_5,445,0.07682035863399506,1.0
l_curve_5,446,0.0767541155219078,1.0
l_curve_5,447,0.07669517397880554,1.0
l_curve_5,448,0.0766538456082344,1.0
l_curve_5,449,0.07659756392240524,1.0
l_curve_5,450,0.07652056962251663,1.0
l_curve_5,451,0.07643109560012817,1.0
l_curve_5,452,0.07633551210165024,1.0
l_curve_5,453,0.07624033838510513,1.0
l_curve_5,454,0.07611646503210068,1.0
l_curve_5,455,0.07603073865175247,1.0
l_curve_5,456,0.07596391439437866,1.0
l_curve_5,457,0.07590185105800629,1.0
l_curve_5,458,0.07583434134721756,1.0
l_curve_5,459,0.07578153908252716,1.0
l_curve_5,460,0.07572393864393234,1.0
l_curve_5,461,0.07564958930015564,1.0
l_curve_5,462,0.07559143006801605,1.0
l_curve_5,463,0.07551457732915878,1.0
l_curve_5,464,0.07547668367624283,1.0
l_curve_5,465,0.07537861913442612,1.0
l_curve_5,466,0.07528314739465714,1.0
l_curve_5,467,0.07518762350082397,1.0
l_curve_5,468,0.07507120072841644,1.0
l_curve_5,469,0.07501138746738434,1.0
l_curve_5,470,0.07496397197246552,1.0
l_curve_5,471,0.07491175085306168,1.0
l_curve_5,472,0.07485012710094452,1.0
l_curve_5,473,0.07479170709848404,1.0
l_curve_5,474,0.07468918710947037,1.0
l_curve_5,475,0.0745885819196701,1.0
l_curve_5,476,0.07448266446590424,1.0
l_curve_5,477,0.07440141588449478,1.0
l_curve_5,478,0.07429613173007965,1.0
l_curve_5,479,0.0742422342300415,1.0
l_curve_5,480,0.0741334855556488,1.0
l_curve_5,481,0.07405291497707367,1.0
l_curve_5,482,0.07400114089250565,1.0
l_curve_5,483,0.07394321262836456,1.0
l_curve_5,484,0.07388616353273392,1.0
l_curve_5,485,0.0738261342048645,1.0
l_curve_5,486,0.0737178772687912,1.0
l_curve_5,487,0.07362789660692215,1.0
l_curve_5,488,0.07357268035411835,1.0
l_curve_5,489,0.07352510839700699,1.0
l_curve_5,490,0.07344749569892883,1.0
l_curve_5,491,0.07338712364435196,1.0
l_curve_5,492,0.07333841919898987,1.0
l_curve_5,493,0.07329653203487396,1.0
l_curve_5,494,0.07325821369886398,1.0
l_curve_5,495,0.07319606840610504,1.0
l_curve_5,496,0.07316874712705612,1.0
l_curve_5,497,0.07314334809780121,1.0
l_curve_5,498,0.07310022413730621,1.0
l_curve_5,499,0.07304111868143082,1.0
l_curve_5,500,0.07293742895126343,1.0
l_curve_5,501,0.07283808290958405,1.0
l_curve_5,502,0.07276064157485962,1.0
l_curve_5,503,0.07265440374612808,1.0
l_curve_5,504,0.072548508644104,1.0
l_curve_5,505,0.07249502092599869,1.0
l_curve_5,506,0.0724317878484726,1.0
l_curve_5,507,0.07239683717489243,1.0
l_curve_5,508,0.07232080399990082,1.0
l_curve_5,509,0.07225091010332108,1.0
l_curve_5,510,0.07219018042087555,1.0
l_curve_5,511,0.0721004456281662,1.0
l_curve_5,512,0.07201077044010162,1.0
l_curve_5,513,0.07193119823932648,1.0
l_curve_5,514,0.0718761533498764,1.0
l_curve_5,515,0.07180200517177582,1.0
l_curve_5,516,0.07170897722244263,1.0
l_curve_5,517,0.07163876295089722,1.0
l_curve_5,518,0.0715809091925621,1.0
l_curve_5,519,0.07152494043111801,1.0
l_curve_5,520,0.07147277146577835,1.0
l_curve_5,521,0.07148052006959915,1.0
l_curve_5,522,0.07147961854934692,1.0
l_curve_5,523,0.07145167887210846,1.0
l_curve_5,524,0.07143575698137283,1.0
l_curve_5,525,0.07137954235076904,1.0
l_curve_5,526,0.07134193927049637,1.0
l_curve_5,527,0.07128836214542389,1.0
l_curve_5,528,0.07122813910245895,1.0
l_curve_5,529,0.07115336507558823,1.0
l_curve_5,530,0.07111983001232147,1.0
l_curve_5,531,0.0711003839969635,1.0
l_curve_5,532,0.0710538923740387,1.0
l_curve_5,533,0.07097114622592926,1.0
l_curve_5,534,0.0708819031715393,1.0
l_curve_5,535,0.07083989679813385,1.0
l_curve_5,536,0.07076319307088852,1.0
l_curve_5,537,0.07070838660001755,1.0
l_curve_5,538,0.07063347846269608,1.0
l_curve_5,539,0.07056571543216705,1.0
l_curve_5,540,0.07052484154701233,1.0
l_curve_5,541,0.07046037912368774,1.0
l_curve_5,542,0.07040400803089142,1.0
l_curve_5,543,0.07038813829421997,1.0
l_curve_5,544,0.07039260864257812,1.0
l_curve_5,545,0.07033538073301315,1.0
l_curve_5,546,0.07029741257429123,1.0
l_curve_5,547,0.07018112391233444,1.0
l_curve_5,548,0.07008183002471924,1.0
l_curve_5,549,0.07002109289169312,1.0
l_curve_5,550,0.07000656425952911,1.0
l_curve_5,551,0.06998386234045029,1.0
l_curve_5,552,0.07001488655805588,1.0
l_curve_5,553,0.06997767090797424,1.0
l_curve_5,554,0.06993065774440765,1.0
l_curve_5,555,0.06988853216171265,1.0
l_curve_5,556,0.06985458731651306,1.0
l_curve_5,557,0.06975439935922623,1.0
l_curve_5,558,0.06965132057666779,1.0
l_curve_5,559,0.06956508010625839,1.0
l_curve_5,560,0.06948143243789673,1.0
l_curve_5,561,0.06947112828493118,1.0
l_curve_5,562,0.06944496184587479,1.0
l_curve_5,563,0.06941317021846771,1.0
l_curve_5,564,0.06937380135059357,1.0
l_curve_5,565,0.0693531259894371,1.0
l_curve_5,566,0.06927677243947983,1.0
l_curve_5,567,0.06923635303974152,1.0
l_curve_5,568,0.0692257210612297,1.0
l_curve_5,569,0.06922230124473572,1.0
l_curve_5,570,0.06922441720962524,1.0
l_curve_5,571,0.06920090317726135,1.0
l_curve_5,572,0.0691208615899086,1.0
l_curve_5,573,0.0690687969326973,1.0
l_curve_5,574,0.06902917474508286,1.0
l_curve_5,575,0.06899901479482651,1.0
l_curve_5,576,0.06894521415233612,1.0
l_curve_5,577,0.06888533383607864,1.0
l_curve_5,578,0.06884299963712692,1.0
l_curve_5,579,0.06883107125759125,1.0
l_curve_5,580,0.06877071410417557,1.0
l_curve_5,581,0.06878870725631714,1.0
l_curve_5,582,0.06878365576267242,1.0
l_curve_5,583,0.06873012334108353,1.0
l_curve_5,584,0.06866336613893509,1.0
l_curve_5,585,0.06863541156053543,1.0
l_curve_5,586,0.06857134401798248,1.0
l_curve_5,587,0.06856975704431534,1.0
l_curve_5,588,0.06852752715349197,1.0
l_curve_5,589,0.06855528801679611,1.0
l_curve_5,590,0.06847836822271347,1.0
l_curve_5,591,0.06840022653341293,1.0
l_curve_5,592,0.06835272163152695,1.0
l_curve_5,593,0.06828750669956207,1.0
l_curve_5,594,0.0682268887758255,1.0
l_curve_5,595,0.06817673146724701,1.0
l_curve_5,596,0.06812434643507004,1.0
l_curve_5,597,0.06810210645198822,1.0
l_curve_5,598,0.06807073950767517,1.0
l_curve_5,599,0.0679953470826149,1.0
l_curve_5,600,0.06793010234832764,1.0
l_curve_5,601,0.06790407001972198,1.0
l_curve_5,602,0.06790920346975327,1.0
l_curve_5,603,0.06787560135126114,1.0
l_curve_5,604,0.06786605715751648,1.0
l_curve_5,605,0.06783686578273773,1.0
l_curve_5,606,0.06777896732091904,1.0
l_curve_5,607,0.06775286048650742,1.0
l_curve_5,608,0.06773187965154648,1.0
l_curve_5,609,0.06767827272415161,1.0
l_curve_5,610,0.06761199235916138,1.0
l_curve_5,611,0.06760193407535553,1.0
l_curve_5,612,0.06758937239646912,1.0
l_curve_5,613,0.06757467985153198,1.0
l_curve_5,614,0.06754469126462936,1.0
l_curve_5,615,0.06751220673322678,1.0
l_curve_5,616,0.0675089955329895,1.0
l_curve_5,617,0.0674542486667633,1.0
l_curve_5,618,0.06740773469209671,1.0
l_curve_5,619,0.06735152006149292,1.0
l_curve_5,620,0.0673164501786232,1.0
l_curve_5,621,0.06722298264503479,1.0
l_curve_5,622,0.06712404638528824,1.0
l_curve_5,623,0.06707196682691574,1.0
l_curve_5,624,0.06703842431306839,1.0
l_curve_5,625,0.0670558363199234,1.0
l_curve_5,626,0.06704503297805786,1.0
l_curve_5,627,0.06699866056442261,1.0
l_curve_5,628,0.06693506240844727,1.0
l_curve_5,629,0.06689322739839554,1.0
l_curve_5,630,0.06690194457769394,1.0
l_curve_5,631,0.06689687818288803,1.0
l_curve_5,632,0.06690522283315659,1.0
l_curve_5,633,0.06687821447849274,1.0
l_curve_5,634,0.06682318449020386,1.0
l_curve_5,635,0.06683479994535446,1.0
l_curve_5,636,0.06681698560714722,1.0
l_curve_5,637,0.06677020341157913,1.0
l_curve_5,638,0.06673973053693771,1.0
l_curve_5,639,0.06667303293943405,1.0
l_curve_5,640,0.06664241850376129,1.0
l_curve_5,641,0.06662076711654663,1.0
l_curve_5,642,0.06659487634897232,1.0
l_curve_5,643,0.06656771153211594,1.0
l_curve_5,644,0.06653096526861191,1.0
l_curve_5,645,0.0664874017238617,1.0
l_curve_5,646,0.06643756479024887,1.0
l_curve_5,647,0.0663541927933693,1.0
l_curve_5,648,0.06629465520381927,1.0
l_curve_5,649,0.06627564877271652,1.0
l_curve_5,650,0.06627560406923294,1.0
l_curve_5,651,0.06625056266784668,1.0
l_curve_5,652,0.0661986842751503,1.0
l_curve_5,653,0.0661587193608284,1.0
l_curve_5,654,0.06616111844778061,1.0
l_curve_5,655,0.06616577506065369,1.0
l_curve_5,656,0.0661756619811058,1.0
l_curve_5,657,0.06619160622358322,1.0
l_curve_5,658,0.06618295609951019,1.0
l_curve_5,659,0.06615487486124039,1.0
l_curve_5,660,0.0661521852016449,1.0
l_curve_5,661,0.06614557653665543,1.0
l_curve_5,662,0.06609613448381424,1.0
l_curve_5,663,0.06600436568260193,1.0
l_curve_5,664,0.06598573178052902,1.0
l_curve_5,665,0.06593483686447144,1.0
l_curve_5,666,0.0658753514289856,1.0
l_curve_5,667,0.06583935767412186,1.0
l_curve_5,668,0.06579339504241943,1.0
l_curve_5,669,0.06577380746603012,1.0
l_curve_5,670,0.06574684381484985,1.0
l_curve_5,671,0.06572462618350983,1.0
l_curve_5,672,0.0657239556312561,1.0
l_curve_5,673,0.06572319567203522,1.0
l_curve_5,674,0.065709687769413,1.0
l_curve_5,675,0.06566760689020157,1.0
l_curve_5,676,0.06563892960548401,1.0
l_curve_5,677,0.0655856803059578,1.0
l_curve_5,678,0.06557580083608627,1.0
l_curve_5,679,0.06552785634994507,1.0
l_curve_5,680,0.06552041321992874,1.0
l_curve_5,681,0.06548305600881577,1.0
l_curve_5,682,0.06546129286289215,1.0
l_curve_5,683,0.06542017310857773,1.0
l_curve_5,684,0.06537649035453796,1.0
l_curve_5,685,0.06534482538700104,1.0
l_curve_5,686,0.0653294250369072,1.0
l_curve_5,687,0.06531749665737152,1.0
l_curve_5,688,0.06530116498470306,1.0
l_curve_5,689,0.06528177857398987,1.0
l_curve_5,690,0.06525956839323044,1.0
l_curve_5,691,0.06521907448768616,1.0
l_curve_5,692,0.06515799462795258,1.0
l_curve_5,693,0.06513563543558121,1.0
l_curve_5,694,0.06509189307689667,1.0
l_curve_5,695,0.06507270783185959,1.0
l_curve_5,696,0.06504373252391815,1.0
l_curve_5,697,0.0650244802236557,1.0
l_curve_5,698,0.0650302916765213,1.0
l_curve_5,699,0.06499224901199341,1.0
l_curve_5,700,0.06498490273952484,1.0
l_curve_5,701,0.06496226042509079,1.0
l_curve_5,702,0.06490770727396011,1.0
l_curve_5,703,0.06488065421581268,1.0
l_curve_5,704,0.0648009181022644,1.0
l_curve_5,705,0.06477084755897522,1.0
l_curve_5,706,0.06473051011562347,1.0
l_curve_5,707,0.06472335755825043,1.0
l_curve_5,708,0.06474374234676361,1.0
l_curve_5,709,0.06471306830644608,1.0
l_curve_5,710,0.06468367576599121,1.0
l_curve_5,711,0.06468144059181213,1.0
l_curve_5,712,0.06462813913822174,1.0
l_curve_5,713,0.06457817554473877,1.0
l_curve_5,714,0.0645529106259346,1.0
l_curve_5,715,0.06453204154968262,1.0
l_curve_5,716,0.06453646719455719,1.0
l_curve_5,717,0.06451982259750366,1.0
l_curve_5,718,0.06448876857757568,1.0
l_curve_5,719,0.06450926512479782,1.0
l_curve_5,720,0.06447728723287582,1.0
l_curve_5,721,0.06443971395492554,1.0
l_curve_5,722,0.06441278755664825,1.0
l_curve_5,723,0.0644088014960289,1.0
l_curve_5,724,0.06437138468027115,1.0
l_curve_5,725,0.06432722508907318,1.0
l_curve_5,726,0.0643020048737526,1.0
l_curve_5,727,0.06432776153087616,1.0
l_curve_5,728,0.06431160122156143,1.0
l_curve_5,729,0.06427830457687378,1.0
l_curve_5,730,0.06420034170150757,1.0
l_curve_5,731,0.06414519995450974,1.0
l_curve_5,732,0.064145527780056,1.0
l_curve_5,733,0.06415339559316635,1.0
l_curve_5,734,0.0641552209854126,1.0
l_curve_5,735,0.06413272768259048,1.0
l_curve_5,736,0.06412698328495026,1.0
l_curve_5,737,0.06408785283565521,1.0
l_curve_5,738,0.06405059248209,1.0
l_curve_5,739,0.06398623436689377,1.0
l_curve_5,740,0.06393343210220337,1.0
l_curve_5,741,0.06393218785524368,1.0
l_curve_5,742,0.06389535218477249,1.0
l_curve_5,743,0.06381068378686905,1.0
l_curve_5,744,0.06374021619558334,1.0
l_curve_5,745,0.06369698792695999,1.0
l_curve_5,746,0.06364905834197998,1.0
l_curve_5,747,0.06362942606210709,1.0
l_curve_5,748,0.06365332007408142,1.0
l_curve_5,749,0.06366170942783356,1.0
l_curve_5,750,0.06370391696691513,1.0
l_curve_5,751,0.06370752304792404,1.0
l_curve_5,752,0.0636826828122139,1.0
l_curve_5,753,0.06368441879749298,1.0
l_curve_5,754,0.06365492939949036,1.0
l_curve_5,755,0.06361516565084457,1.0
l_curve_5,756,0.06353920698165894,1.0
l_curve_5,757,0.06347747147083282,1.0
l_curve_5,758,0.06346715986728668,1.0
l_curve_5,759,0.06345950067043304,1.0
l_curve_5,760,0.06347102671861649,1.0
l_curve_5,761,0.06350406259298325,1.0
l_curve_5,762,0.06349551677703857,1.0
l_curve_5,763,0.06342138350009918,1.0
l_curve_5,764,0.06333330273628235,1.0
l_curve_5,765,0.0633225217461586,1.0
l_curve_5,766,0.06329232454299927,1.0
l_curve_5,767,0.06328390538692474,1.0
l_curve_5,768,0.06326921284198761,1.0
l_curve_5,769,0.0632590502500534,1.0
l_curve_5,770,0.06324933469295502,1.0
l_curve_5,771,0.06323372572660446,1.0
l_curve_5,772,0.06325402855873108,1.0
l_curve_5,773,0.06322573125362396,1.0
l_curve_5,774,0.06319674104452133,1.0
l_curve_5,775,0.06317101418972015,1.0
l_curve_5,776,0.06319323182106018,1.0
l_curve_5,777,0.06317521631717682,1.0
l_curve_5,778,0.06309521943330765,1.0
l_curve_5,779,0.06308074295520782,1.0
l_curve_5,780,0.06304816156625748,1.0
l_curve_5,781,0.06301078200340271,1.0
l_curve_5,782,0.06298962235450745,1.0
l_curve_5,783,0.06299121677875519,1.0
l_curve_5,784,0.06298195570707321,1.0
l_curve_5,785,0.06299439072608948,1.0
l_curve_5,786,0.06298989057540894,1.0
l_curve_5,787,0.06297140568494797,1.0
l_curve_5,788,0.06295427680015564,1.0
l_curve_5,789,0.06298752129077911,1.0
l_curve_5,790,0.06300035864114761,1.0
l_curve_5,791,0.0630115419626236,1.0
l_curve_5,792,0.06297150254249573,1.0
l_curve_5,793,0.06287726759910583,1.0
l_curve_5,794,0.06280406564474106,1.0
l_curve_5,795,0.0627300962805748,1.0
l_curve_5,796,0.06268012523651123,1.0
l_curve_5,797,0.06264092028141022,1.0
l_curve_5,798,0.06263454258441925,1.0
l_curve_5,799,0.0626634731888771,1.0
l_curve_5,800,0.06268664449453354,1.0
l_curve_5,801,0.06270226091146469,1.0
l_curve_5,802,0.06272119283676147,1.0
l_curve_5,803,0.06272592395544052,1.0
l_curve_5,804,0.06275200843811035,1.0
l_curve_5,805,0.06278335303068161,1.0
l_curve_5,806,0.06285236775875092,1.0
l_curve_5,807,0.06284656375646591,1.0
l_curve_5,808,0.0628507062792778,1.0
l_curve_5,809,0.0628465935587883,1.0
l_curve_5,810,0.06284116208553314,1.0
l_curve_5,811,0.06285568326711655,1.0
l_curve_5,812,0.06282631307840347,1.0
l_curve_5,813,0.06276605278253555,1.0
l_curve_5,814,0.06271445006132126,1.0
l_curve_5,815,0.0626995712518692,1.0
l_curve_5,816,0.06264372915029526,1.0
l_curve_5,817,0.0626610592007637,1.0
l_curve_5,818,0.06265677511692047,1.0
l_curve_5,819,0.06264330446720123,1.0
l_curve_5,820,0.06263705343008041,1.0
l_curve_5,821,0.06262397766113281,1.0
l_curve_5,822,0.06261204928159714,1.0
l_curve_5,823,0.06258775293827057,1.0
l_curve_5,824,0.06262750923633575,1.0
l_curve_5,825,0.0626373365521431,1.0
l_curve_5,826,0.06263277679681778,1.0
l_curve_5,827,0.06260690838098526,1.0
l_curve_5,828,0.06259330362081528,1.0
l_curve_5,829,0.06259876489639282,1.0
l_curve_5,830,0.06255184859037399,1.0
l_curve_5,831,0.06252393126487732,1.0
l_curve_5,832,0.06253773719072342,1.0
l_curve_5,833,0.06253725290298462,1.0
l_curve_5,834,0.0625259056687355,1.0
l_curve_5,835,0.062486812472343445,1.0
l_curve_5,836,0.0624677911400795,1.0
l_curve_5,837,0.062451981008052826,1.0
l_curve_5,838,0.06242017075419426,1.0
l_curve_5,839,0.06240996718406677,1.0
l_curve_5,840,0.062420088797807693,1.0
l_curve_5,841,0.06244802474975586,1.0
l_curve_5,842,0.06244572624564171,1.0
l_curve_5,843,0.062390465289354324,1.0
l_curve_5,844,0.06234493851661682,1.0
l_curve_5,845,0.0623469352722168,1.0
l_curve_5,846,0.06236359104514122,1.0
l_curve_5,847,0.062396593391895294,1.0
l_curve_5,848,0.062352269887924194,1.0
l_curve_5,849,0.06234368681907654,1.0
l_curve_5,850,0.062342386692762375,1.0
l_curve_5,851,0.06233654543757439,1.0
l_curve_5,852,0.06230112910270691,1.0
l_curve_5,853,0.06229458004236221,1.0
l_curve_5,854,0.06222444400191307,1.0
l_curve_5,855,0.06218178942799568,1.0
l_curve_5,856,0.06215141341090202,1.0
l_curve_5,857,0.06212412193417549,1.0
l_curve_5,858,0.06214568763971329,1.0
l_curve_5,859,0.06215789169073105,1.0
l_curve_5,860,0.062154196202754974,1.0
l_curve_5,861,0.06219986081123352,1.0
l_curve_5,862,0.06218629702925682,1.0
l_curve_5,863,0.062163159251213074,1.0
l_curve_5,864,0.06216786056756973,1.0
l_curve_5,865,0.06214657798409462,1.0
l_curve_5,866,0.06215093284845352,1.0
l_curve_5,867,0.062147241085767746,1.0
l_curve_5,868,0.06209084019064903,1.0
l_curve_5,869,0.06206370145082474,1.0
l_curve_5,870,0.062062568962574005,1.0
l_curve_5,871,0.06201435998082161,1.0
l_curve_5,872,0.061965376138687134,1.0
l_curve_5,873,0.06198335811495781,1.0
l_curve_5,874,0.06200627610087395,1.0
l_curve_5,875,0.062002994120121,1.0
l_curve_5,876,0.061999861150979996,1.0
l_curve_5,877,0.06194298714399338,1.0
l_curve_5,878,0.06184795871376991,1.0
l_curve_5,879,0.06184716895222664,1.0
l_curve_5,880,0.06186007335782051,1.0
l_curve_5,881,0.06190241500735283,1.0
l_curve_5,882,0.06186113879084587,1.0
l_curve_5,883,0.06182742118835449,1.0
l_curve_5,884,0.06183040142059326,1.0
l_curve_5,885,0.061841052025556564,1.0
l_curve_5,886,0.061820682138204575,1.0
l_curve_5,887,0.061798982322216034,1.0
l_curve_5,888,0.061801932752132416,1.0
l_curve_5,889,0.06175542622804642,1.0
l_curve_5,890,0.0617186613380909,1.0
l_curve_5,891,0.06168293207883835,1.0
l_curve_5,892,0.061661459505558014,1.0
l_curve_5,893,0.061625368893146515,1.0
l_curve_5,894,0.06162699684500694,1.0
l_curve_5,895,0.06162073090672493,1.0
l_curve_5,896,0.06165076419711113,1.0
l_curve_5,897,0.06166572868824005,1.0
l_curve_5,898,0.06167491152882576,1.0
l_curve_5,899,0.06164214760065079,1.0
l_curve_5,900,0.061628300696611404,1.0
l_curve_5,901,0.06159789115190506,1.0
l_curve_5,902,0.061568260192871094,1.0
l_curve_5,903,0.06159239262342453,1.0
l_curve_5,904,0.06153450533747673,1.0
l_curve_5,905,0.061500184237957,1.0
l_curve_5,906,0.06146659329533577,1.0
l_curve_5,907,0.06145665794610977,1.0
l_curve_5,908,0.06147754192352295,1.0
l_curve_5,909,0.06145936995744705,1.0
l_curve_5,910,0.06143048778176308,1.0
l_curve_5,911,0.06143411993980408,1.0
l_curve_5,912,0.06139427050948143,1.0
l_curve_5,913,0.06139099597930908,1.0
l_curve_5,914,0.061364129185676575,1.0
l_curve_5,915,0.06135259196162224,1.0
l_curve_5,916,0.06132303923368454,1.0
l_curve_5,917,0.06125965714454651,1.0
l_curve_5,918,0.06125248596072197,1.0
l_curve_5,919,0.06121063232421875,1.0
l_curve_5,920,0.061160534620285034,1.0
l_curve_5,921,0.06113099306821823,1.0
l_curve_5,922,0.06107265129685402,1.0
l_curve_5,923,0.06105276942253113,1.0
l_curve_5,924,0.06106263026595116,1.0
l_curve_5,925,0.06107781454920769,1.0
l_curve_5,926,0.06110391765832901,1.0
l_curve_5,927,0.061092622578144073,1.0
l_curve_5,928,0.061098337173461914,1.0
l_curve_5,929,0.06108015030622482,1.0
l_curve_5,930,0.061065882444381714,1.0
l_curve_5,931,0.06103857234120369,1.0
l_curve_5,932,0.06096894294023514,1.0
l_curve_5,933,0.0609278604388237,1.0
l_curve_5,934,0.060933668166399,1.0
l_curve_5,935,0.060923587530851364,1.0
l_curve_5,936,0.06084524467587471,1.0
l_curve_5,937,0.060785166919231415,1.0
l_curve_5,938,0.060728441923856735,1.0
l_curve_5,939,0.06075049564242363,1.0
l_curve_5,940,0.060753531754016876,1.0
l_curve_5,941,0.060728661715984344,1.0
l_curve_5,942,0.060679469257593155,1.0
l_curve_5,943,0.06062443554401398,1.0
l_curve_5,944,0.06061418727040291,1.0
l_curve_5,945,0.060612887144088745,1.0
l_curve_5,946,0.06062735989689827,1.0
l_curve_5,947,0.06064921244978905,1.0
l_curve_5,948,0.06059514731168747,1.0
l_curve_5,949,0.06059198081493378,1.0
l_curve_5,950,0.06058371812105179,1.0
l_curve_5,951,0.060571130365133286,1.0
l_curve_5,952,0.06055770441889763,1.0
l_curve_5,953,0.06054339557886124,1.0
l_curve_5,954,0.06048254296183586,1.0
l_curve_5,955,0.06041164696216583,1.0
l_curve_5,956,0.06037313491106033,1.0
l_curve_5,957,0.06034550815820694,1.0
l_curve_5,958,0.06025824695825577,1.0
l_curve_5,959,0.060281600803136826,1.0
l_curve_5,960,0.06030359864234924,1.0
l_curve_5,961,0.060310959815979004,1.0
l_curve_5,962,0.06029263511300087,1.0
l_curve_5,963,0.060272324830293655,1.0
l_curve_5,964,0.06022917479276657,1.0
l_curve_5,965,0.06023309752345085,1.0
l_curve_5,966,0.06022781878709793,1.0
l_curve_5,967,0.060218606144189835,1.0
l_curve_5,968,0.06020626425743103,1.0
l_curve_5,969,0.06017157435417175,1.0
l_curve_5,970,0.060115475207567215,1.0
l_curve_5,971,0.06012188270688057,1.0
l_curve_5,972,0.06012916564941406,1.0
l_curve_5,973,0.060177020728588104,1.0
l_curve_5,974,0.060197144746780396,1.0
l_curve_5,975,0.0601639449596405,1.0
l_curve_5,976,0.06011813506484032,1.0
l_curve_5,977,0.06013669818639755,1.0
l_curve_5,978,0.060143034905195236,1.0
l_curve_5,979,0.0601431243121624,1.0
l_curve_5,980,0.060105085372924805,1.0
l_curve_5,981,0.060066014528274536,1.0
l_curve_5,982,0.060078978538513184,1.0
l_curve_5,983,0.060088735073804855,1.0
l_curve_5,984,0.060060445219278336,1.0
l_curve_5,985,0.05994562432169914,1.0
l_curve_5,986,0.059927623718976974,1.0
l_curve_5,987,0.05993077903985977,1.0
l_curve_5,988,0.059918660670518875,1.0
l_curve_5,989,0.05986741557717323,1.0
l_curve_5,990,0.05981523543596268,1.0
l_curve_5,991,0.05980910733342171,1.0
l_curve_5,992,0.05983825400471687,1.0
l_curve_5,993,0.05987244471907616,1.0
l_curve_5,994,0.05988606810569763,1.0
l_curve_5,995,0.05986938998103142,1.0
l_curve_5,996,0.05983738228678703,1.0
l_curve_5,997,0.059822194278240204,1.0
l_curve_5,998,0.05977381020784378,1.0
l_curve_5,999,0.059789638966321945,1.0
l_curve_5,1000,0.05979286506772041,1.0
l_curve_5,1000,0.05979286506772041,1.0
