client,round,loss,accuracy
l_curve_0,1,0.7310973405838013,0.4761904776096344
l_curve_0,2,0.7107369303703308,0.4761904776096344
l_curve_0,3,0.6924376487731934,0.4761904776096344
l_curve_0,4,0.6759107708930969,0.4761904776096344
l_curve_0,5,0.6606879234313965,0.5714285969734192
l_curve_0,6,0.6465857625007629,0.6666666865348816
l_curve_0,7,0.6332644820213318,0.761904776096344
l_curve_0,8,0.6205249428749084,0.761904776096344
l_curve_0,9,0.6082413196563721,0.761904776096344
l_curve_0,10,0.5963346362113953,0.8095238208770752
l_curve_0,11,0.5847530961036682,0.8095238208770752
l_curve_0,12,0.5734966993331909,0.8095238208770752
l_curve_0,13,0.5625600814819336,0.8095238208770752
l_curve_0,14,0.5519058704376221,0.8095238208770752
l_curve_0,15,0.5414778590202332,0.8571428656578064
l_curve_0,16,0.5312697291374207,0.9047619104385376
l_curve_0,17,0.5212591290473938,0.9047619104385376
l_curve_0,18,0.5114959478378296,0.9047619104385376
l_curve_0,19,0.5019971132278442,0.9047619104385376
l_curve_0,20,0.49271610379219055,0.9047619104385376
l_curve_0,21,0.48367953300476074,0.9047619104385376
l_curve_0,22,0.4748976528644562,0.9047619104385376
l_curve_0,23,0.4663502871990204,0.9047619104385376
l_curve_0,24,0.4579962193965912,0.9047619104385376
l_curve_0,25,0.4498964548110962,0.9047619104385376
l_curve_0,26,0.44203323125839233,0.9047619104385376
l_curve_0,27,0.4344082474708557,0.9047619104385376
l_curve_0,28,0.42703700065612793,0.9047619104385376
l_curve_0,29,0.41983091831207275,0.9047619104385376
l_curve_0,30,0.4128511846065521,0.9047619104385376
l_curve_0,31,0.40610966086387634,0.9523809552192688
l_curve_0,32,0.3996315598487854,0.9523809552192688
l_curve_0,33,0.39328819513320923,0.9523809552192688
l_curve_0,34,0.3871897757053375,0.9523809552192688
l_curve_0,35,0.38127708435058594,0.9523809552192688
l_curve_0,36,0.37560638785362244,0.9523809552192688
l_curve_0,37,0.3701290786266327,0.9523809552192688
l_curve_0,38,0.3648502230644226,0.9523809552192688
l_curve_0,39,0.3597753942012787,0.9523809552192688
l_curve_0,40,0.3548397719860077,0.9523809552192688
l_curve_0,41,0.3500992953777313,0.9523809552192688
l_curve_0,42,0.34550175070762634,0.9523809552192688
l_curve_0,43,0.341134637594223,0.9523809552192688
l_curve_0,44,0.33688390254974365,0.9523809552192688
l_curve_0,45,0.33281663060188293,0.9523809552192688
l_curve_0,46,0.3288721740245819,0.9523809552192688
l_curve_0,47,0.3250381052494049,0.9523809552192688
l_curve_0,48,0.3213444650173187,0.9523809552192688
l_curve_0,49,0.3178451359272003,0.9523809552192688
l_curve_0,50,0.3144806921482086,0.9523809552192688
l_curve_0,51,0.3111812472343445,0.9523809552192688
l_curve_0,52,0.30795523524284363,0.9523809552192688
l_curve_0,53,0.3049270212650299,0.9523809552192688
l_curve_0,54,0.301996648311615,0.9523809552192688
l_curve_0,55,0.29920482635498047,0.9523809552192688
l_curve_0,56,0.29652777314186096,0.9523809552192688
l_curve_0,57,0.2939291000366211,0.9523809552192688
l_curve_0,58,0.2914286255836487,0.9523809552192688
l_curve_0,59,0.28902125358581543,0.9523809552192688
l_curve_0,60,0.2867310345172882,0.9523809552192688
l_curve_0,61,0.2845427989959717,0.9523809552192688
l_curve_0,62,0.28241363167762756,0.9523809552192688
l_curve_0,63,0.28037121891975403,0.9523809552192688
l_curve_0,64,0.2784033417701721,0.9047619104385376
l_curve_0,65,0.27645421028137207,0.9047619104385376
l_curve_0,66,0.2746317982673645,0.9047619104385376
l_curve_0,67,0.2728453576564789,0.9047619104385376
l_curve_0,68,0.2711121141910553,0.9047619104385376
l_curve_0,69,0.2694490849971771,0.9047619104385376
l_curve_0,70,0.2678210437297821,0.9047619104385376
l_curve_0,71,0.2662598490715027,0.9047619104385376
l_curve_0,72,0.2647749185562134,0.9047619104385376
l_curve_0,73,0.2633930444717407,0.9047619104385376
l_curve_0,74,0.2620534598827362,0.9047619104385376
l_curve_0,75,0.26079630851745605,0.9047619104385376
l_curve_0,76,0.25955072045326233,0.9047619104385376
l_curve_0,77,0.2582910358905792,0.9047619104385376
l_curve_0,78,0.2570500373840332,0.9047619104385376
l_curve_0,79,0.2558411955833435,0.9047619104385376
l_curve_0,80,0.25470349192619324,0.9047619104385376
l_curve_0,81,0.2536173462867737,0.9047619104385376
l_curve_0,82,0.2525731325149536,0.9047619104385376
l_curve_0,83,0.25152817368507385,0.9047619104385376
l_curve_0,84,0.25056013464927673,0.9047619104385376
l_curve_0,85,0.2496388554573059,0.9047619104385376
l_curve_0,86,0.24873486161231995,0.9047619104385376
l_curve_0,87,0.24782617390155792,0.9047619104385376
l_curve_0,88,0.24693375825881958,0.9047619104385376
l_curve_0,89,0.246052086353302,0.9047619104385376
l_curve_0,90,0.24521900713443756,0.9047619104385376
l_curve_0,91,0.24442672729492188,0.9047619104385376
l_curve_0,92,0.2436082661151886,0.9047619104385376
l_curve_0,93,0.24288445711135864,0.9047619104385376
l_curve_0,94,0.24222619831562042,0.9047619104385376
l_curve_0,95,0.24157415330410004,0.9047619104385376
l_curve_0,96,0.24090497195720673,0.9047619104385376
l_curve_0,97,0.24024443328380585,0.9047619104385376
l_curve_0,98,0.23963725566864014,0.9047619104385376
l_curve_0,99,0.2391175925731659,0.9047619104385376
l_curve_0,100,0.23852403461933136,0.9047619104385376
l_curve_0,101,0.2379237413406372,0.9047619104385376
l_curve_0,102,0.23736737668514252,0.9047619104385376
l_curve_0,103,0.23680426180362701,0.9047619104385376
l_curve_0,104,0.2363007366657257,0.9047619104385376
l_curve_0,105,0.23578248918056488,0.9047619104385376
l_curve_0,106,0.23531591892242432,0.9047619104385376
l_curve_0,107,0.234819233417511,0.9047619104385376
l_curve_0,108,0.2343064248561859,0.9047619104385376
l_curve_0,109,0.23379556834697723,0.9047619104385376
l_curve_0,110,0.23333804309368134,0.9047619104385376
l_curve_0,111,0.23289744555950165,0.9047619104385376
l_curve_0,112,0.23249036073684692,0.9047619104385376
l_curve_0,113,0.23210680484771729,0.9047619104385376
l_curve_0,114,0.2316921502351761,0.9047619104385376
l_curve_0,115,0.23128756880760193,0.9047619104385376
l_curve_0,116,0.23092110455036163,0.9047619104385376
l_curve_0,117,0.2305625081062317,0.9047619104385376
l_curve_0,118,0.23019054532051086,0.9047619104385376
l_curve_0,119,0.22982193529605865,0.9047619104385376
l_curve_0,120,0.22948023676872253,0.9047619104385376
l_curve_0,121,0.2291821986436844,0.9047619104385376
l_curve_0,122,0.228873610496521,0.9047619104385376
l_curve_0,123,0.22856447100639343,0.9047619104385376
l_curve_0,124,0.22826172411441803,0.9047619104385376
l_curve_0,125,0.22801963984966278,0.9047619104385376
l_curve_0,126,0.22776839137077332,0.9047619104385376
l_curve_0,127,0.22744524478912354,0.9047619104385376
l_curve_0,128,0.22718720138072968,0.9047619104385376
l_curve_0,129,0.22693459689617157,0.9047619104385376
l_curve_0,130,0.22674578428268433,0.9047619104385376
l_curve_0,131,0.2265203595161438,0.9047619104385376
l_curve_0,132,0.22626058757305145,0.9047619104385376
l_curve_0,133,0.22600463032722473,0.9047619104385376
l_curve_0,134,0.2257058024406433,0.9047619104385376
l_curve_0,135,0.22543373703956604,0.9047619104385376
l_curve_0,136,0.2252063751220703,0.9047619104385376
l_curve_0,137,0.22498174011707306,0.9047619104385376
l_curve_0,138,0.22477374970912933,0.9047619104385376
l_curve_0,139,0.22456663846969604,0.9047619104385376
l_curve_0,140,0.22436609864234924,0.9047619104385376
l_curve_0,141,0.2240995168685913,0.9047619104385376
l_curve_0,142,0.2238786816596985,0.9047619104385376
l_curve_0,143,0.2236357033252716,0.9047619104385376
l_curve_0,144,0.22344334423542023,0.9047619104385376
l_curve_0,145,0.22329041361808777,0.9047619104385376
l_curve_0,146,0.22317436337471008,0.9047619104385376
l_curve_0,147,0.2230328619480133,0.9047619104385376
l_curve_0,148,0.22287693619728088,0.9047619104385376
l_curve_0,149,0.22266647219657898,0.9047619104385376
l_curve_0,150,0.22247803211212158,0.9047619104385376
l_curve_0,151,0.22236156463623047,0.9047619104385376
l_curve_0,152,0.22218236327171326,0.9047619104385376
l_curve_0,153,0.22201721370220184,0.9047619104385376
l_curve_0,154,0.2218521386384964,0.9047619104385376
l_curve_0,155,0.2216859608888626,0.9047619104385376
l_curve_0,156,0.22156359255313873,0.9047619104385376
l_curve_0,157,0.22146785259246826,0.9047619104385376
l_curve_0,158,0.22131334245204926,0.9047619104385376
l_curve_0,159,0.22120405733585358,0.9047619104385376
l_curve_0,160,0.22106678783893585,0.9047619104385376
l_curve_0,161,0.2209237813949585,0.9047619104385376
l_curve_0,162,0.22073590755462646,0.9047619104385376
l_curve_0,163,0.22054699063301086,0.9047619104385376
l_curve_0,164,0.22041313350200653,0.9047619104385376
l_curve_0,165,0.22026841342449188,0.9047619104385376
l_curve_0,166,0.2201482653617859,0.9047619104385376
l_curve_0,167,0.2201172113418579,0.9047619104385376
l_curve_0,168,0.22002428770065308,0.9047619104385376
l_curve_0,169,0.21997971832752228,0.9047619104385376
l_curve_0,170,0.21990498900413513,0.9047619104385376
l_curve_0,171,0.21982258558273315,0.9523809552192688
l_curve_0,172,0.21968606114387512,0.9047619104385376
l_curve_0,173,0.21956956386566162,0.9047619104385376
l_curve_0,174,0.21951545774936676,0.9047619104385376
l_curve_0,175,0.21942098438739777,0.9047619104385376
l_curve_0,176,0.2192928045988083,0.9047619104385376
l_curve_0,177,0.2192053496837616,0.9047619104385376
l_curve_0,178,0.21905405819416046,0.9047619104385376
l_curve_0,179,0.2189350575208664,0.9047619104385376
l_curve_0,180,0.21887025237083435,0.9047619104385376
l_curve_0,181,0.2188078761100769,0.9047619104385376
l_curve_0,182,0.21875473856925964,0.9523809552192688
l_curve_0,183,0.21865041553974152,0.9523809552192688
l_curve_0,184,0.2185138314962387,0.9047619104385376
l_curve_0,185,0.21849286556243896,0.9523809552192688
l_curve_0,186,0.21842849254608154,0.9523809552192688
l_curve_0,187,0.21828530728816986,0.9047619104385376
l_curve_0,188,0.21815964579582214,0.9047619104385376
l_curve_0,189,0.2181415557861328,0.9047619104385376
l_curve_0,190,0.21812155842781067,0.9047619104385376
l_curve_0,191,0.21804377436637878,0.9047619104385376
l_curve_0,192,0.21795663237571716,0.9047619104385376
l_curve_0,193,0.21790799498558044,0.9047619104385376
l_curve_0,194,0.21779482066631317,0.9047619104385376
l_curve_0,195,0.21775177121162415,0.9047619104385376
l_curve_0,196,0.21775762736797333,0.9523809552192688
l_curve_0,197,0.21773269772529602,0.9523809552192688
l_curve_0,198,0.21768386662006378,0.9523809552192688
l_curve_0,199,0.2176455557346344,0.9523809552192688
l_curve_0,200,0.21749535202980042,0.9523809552192688
l_curve_0,201,0.21736040711402893,0.9047619104385376
l_curve_0,202,0.21729162335395813,0.9047619104385376
l_curve_0,203,0.21720120310783386,0.9047619104385376
l_curve_0,204,0.2171025276184082,0.9047619104385376
l_curve_0,205,0.21701352298259735,0.9047619104385376
l_curve_0,206,0.21696837246418,0.9047619104385376
l_curve_0,207,0.2169657051563263,0.9047619104385376
l_curve_0,208,0.21694810688495636,0.9047619104385376
l_curve_0,209,0.2169491946697235,0.9523809552192688
l_curve_0,210,0.21698811650276184,0.9523809552192688
l_curve_0,211,0.2170221507549286,0.9523809552192688
l_curve_0,212,0.21694396436214447,0.9523809552192688
l_curve_0,213,0.21685461699962616,0.9523809552192688
l_curve_0,214,0.2167501002550125,0.9523809552192688
l_curve_0,215,0.2166948765516281,0.9523809552192688
l_curve_0,216,0.21671923995018005,0.9523809552192688
l_curve_0,217,0.21667589247226715,0.9523809552192688
l_curve_0,218,0.21665309369564056,0.9523809552192688
l_curve_0,219,0.2166804075241089,0.9523809552192688
l_curve_0,220,0.21666397154331207,0.9523809552192688
l_curve_0,221,0.21662738919258118,0.9523809552192688
l_curve_0,222,0.2166047990322113,0.9523809552192688
l_curve_0,223,0.21663939952850342,0.9523809552192688
l_curve_0,224,0.21663765609264374,0.9523809552192688
l_curve_0,225,0.21654514968395233,0.9523809552192688
l_curve_0,226,0.21648350358009338,0.9523809552192688
l_curve_0,227,0.21646524965763092,0.9523809552192688
l_curve_0,228,0.21638081967830658,0.9523809552192688
l_curve_0,229,0.2163006067276001,0.9047619104385376
l_curve_0,230,0.2163216471672058,0.9523809552192688
l_curve_0,231,0.21642230451107025,0.9523809552192688
l_curve_0,232,0.21641215682029724,0.9523809552192688
l_curve_0,233,0.2163553684949875,0.9523809552192688
l_curve_0,234,0.21626213192939758,0.9523809552192688
l_curve_0,235,0.2162446230649948,0.9523809552192688
l_curve_0,236,0.21623603999614716,0.9523809552192688
l_curve_0,237,0.216213658452034,0.9523809552192688
l_curve_0,238,0.21626156568527222,0.9523809552192688
l_curve_0,239,0.21627594530582428,0.9523809552192688
l_curve_0,240,0.21617446839809418,0.9523809552192688
l_curve_0,241,0.21611161530017853,0.9523809552192688
l_curve_0,242,0.21604712307453156,0.9523809552192688
l_curve_0,243,0.21596860885620117,0.9523809552192688
l_curve_0,244,0.21592721343040466,0.9523809552192688
l_curve_0,245,0.21585287153720856,0.9523809552192688
l_curve_0,246,0.21583843231201172,0.9523809552192688
l_curve_0,247,0.21578733623027802,0.9523809552192688
l_curve_0,248,0.21578438580036163,0.9523809552192688
l_curve_0,249,0.21580354869365692,0.9523809552192688
l_curve_0,250,0.21575391292572021,0.9523809552192688
l_curve_0,251,0.21575169265270233,0.9523809552192688
l_curve_0,252,0.21575333178043365,0.9523809552192688
l_curve_0,253,0.21573908627033234,0.9523809552192688
l_curve_0,254,0.21570725739002228,0.9523809552192688
l_curve_0,255,0.21570591628551483,0.9523809552192688
l_curve_0,256,0.21573959290981293,0.9523809552192688
l_curve_0,257,0.21573400497436523,0.9523809552192688
l_curve_0,258,0.21568281948566437,0.9523809552192688
l_curve_0,259,0.21569688618183136,0.9523809552192688
l_curve_0,260,0.21572580933570862,0.9523809552192688
l_curve_0,261,0.2157416045665741,0.9523809552192688
l_curve_0,262,0.21579329669475555,0.9523809552192688
l_curve_0,263,0.2158060520887375,0.9523809552192688
l_curve_0,264,0.21573030948638916,0.9523809552192688
l_curve_0,265,0.21571843326091766,0.9523809552192688
l_curve_0,266,0.21571527421474457,0.9523809552192688
l_curve_0,267,0.2156563699245453,0.9523809552192688
l_curve_0,268,0.2156437635421753,0.9523809552192688
l_curve_0,269,0.21570977568626404,0.9523809552192688
l_curve_0,270,0.21568931639194489,0.9523809552192688
l_curve_0,271,0.21562473475933075,0.9523809552192688
l_curve_0,272,0.21555639803409576,0.9523809552192688
l_curve_0,273,0.21545693278312683,0.9523809552192688
l_curve_0,274,0.21535088121891022,0.9523809552192688
l_curve_0,275,0.21540576219558716,0.9523809552192688
l_curve_0,276,0.2154145985841751,0.9523809552192688
l_curve_0,277,0.2154007852077484,0.9523809552192688
l_curve_0,278,0.21542765200138092,0.9523809552192688
l_curve_0,279,0.21540160477161407,0.9523809552192688
l_curve_0,280,0.2153896987438202,0.9523809552192688
l_curve_0,281,0.2153647243976593,0.9523809552192688
l_curve_0,282,0.21537894010543823,0.9523809552192688
l_curve_0,283,0.21540217101573944,0.9523809552192688
l_curve_0,284,0.21536211669445038,0.9523809552192688
l_curve_0,285,0.21537519991397858,0.9523809552192688
l_curve_0,286,0.21541860699653625,0.9523809552192688
l_curve_0,287,0.21544316411018372,0.9523809552192688
l_curve_0,288,0.2154271900653839,0.9523809552192688
l_curve_0,289,0.21540014445781708,0.9523809552192688
l_curve_0,290,0.21533720195293427,0.9523809552192688
l_curve_0,291,0.21528765559196472,0.9523809552192688
l_curve_0,292,0.21524372696876526,0.9523809552192688
l_curve_0,293,0.21521542966365814,0.9523809552192688
l_curve_0,294,0.21521013975143433,0.9523809552192688
l_curve_0,295,0.21521048247814178,0.9523809552192688
l_curve_0,296,0.2152177095413208,0.9523809552192688
l_curve_0,297,0.21515333652496338,0.9523809552192688
l_curve_0,298,0.2151581197977066,0.9523809552192688
l_curve_0,299,0.21517598628997803,0.9523809552192688
l_curve_0,300,0.2150704562664032,0.9523809552192688
l_curve_0,301,0.21500296890735626,0.9523809552192688
l_curve_0,302,0.2149328887462616,0.9047619104385376
l_curve_0,303,0.21493789553642273,0.9047619104385376
l_curve_0,304,0.21496012806892395,0.9047619104385376
l_curve_0,305,0.21495473384857178,0.9523809552192688
l_curve_0,306,0.2148921638727188,0.9047619104385376
l_curve_0,307,0.21487504243850708,0.9047619104385376
l_curve_0,308,0.21489225327968597,0.9523809552192688
l_curve_0,309,0.21489711105823517,0.9523809552192688
l_curve_0,310,0.21494795382022858,0.9523809552192688
l_curve_0,311,0.21499145030975342,0.9523809552192688
l_curve_0,312,0.21495096385478973,0.9523809552192688
l_curve_0,313,0.21489325165748596,0.9523809552192688
l_curve_0,314,0.21485808491706848,0.9523809552192688
l_curve_0,315,0.21488480269908905,0.9523809552192688
l_curve_0,316,0.21486355364322662,0.9523809552192688
l_curve_0,317,0.21482059359550476,0.9523809552192688
l_curve_0,318,0.2147693634033203,0.9523809552192688
l_curve_0,319,0.2147325724363327,0.9047619104385376
l_curve_0,320,0.2148340940475464,0.9523809552192688
l_curve_0,321,0.214851513504982,0.9523809552192688
l_curve_0,322,0.21485401690006256,0.9523809552192688
l_curve_0,323,0.21484152972698212,0.9523809552192688
l_curve_0,324,0.2148725390434265,0.9523809552192688
l_curve_0,325,0.21488168835639954,0.9523809552192688
l_curve_0,326,0.21483832597732544,0.9523809552192688
l_curve_0,327,0.21487469971179962,0.9523809552192688
l_curve_0,328,0.21482840180397034,0.9523809552192688
l_curve_0,329,0.21480175852775574,0.9523809552192688
l_curve_0,330,0.21487431228160858,0.9523809552192688
l_curve_0,331,0.2148827761411667,0.9523809552192688
l_curve_0,332,0.21488311886787415,0.9523809552192688
l_curve_0,333,0.2148246020078659,0.9523809552192688
l_curve_0,334,0.21479736268520355,0.9523809552192688
l_curve_0,335,0.2147776484489441,0.9523809552192688
l_curve_0,336,0.21475093066692352,0.9523809552192688
l_curve_0,337,0.21470101177692413,0.9523809552192688
l_curve_0,338,0.21470285952091217,0.9523809552192688
l_curve_0,339,0.21470871567726135,0.9523809552192688
l_curve_0,340,0.21471348404884338,0.9523809552192688
l_curve_0,341,0.21473166346549988,0.9523809552192688
l_curve_0,342,0.21470655500888824,0.9523809552192688
l_curve_0,343,0.21465346217155457,0.9523809552192688
l_curve_0,344,0.2146262675523758,0.9523809552192688
l_curve_0,345,0.2145894318819046,0.9523809552192688
l_curve_0,346,0.21452604234218597,0.9047619104385376
l_curve_0,347,0.2144879400730133,0.9047619104385376
l_curve_0,348,0.21447645127773285,0.9047619104385376
l_curve_0,349,0.21450726687908173,0.9047619104385376
l_curve_0,350,0.2144763171672821,0.9047619104385376
l_curve_0,351,0.21442721784114838,0.9047619104385376
l_curve_0,352,0.21441251039505005,0.9047619104385376
l_curve_0,353,0.21441017091274261,0.9047619104385376
l_curve_0,354,0.2144000232219696,0.9047619104385376
l_curve_0,355,0.21437597274780273,0.9047619104385376
l_curve_0,356,0.21435049176216125,0.9047619104385376
l_curve_0,357,0.2143734246492386,0.9047619104385376
l_curve_0,358,0.21437034010887146,0.9047619104385376
l_curve_0,359,0.21434856951236725,0.9047619104385376
l_curve_0,360,0.21434715390205383,0.9047619104385376
l_curve_0,361,0.21433687210083008,0.9047619104385376
l_curve_0,362,0.2143651694059372,0.9047619104385376
l_curve_0,363,0.21436595916748047,0.9047619104385376
l_curve_0,364,0.21441450715065002,0.9047619104385376
l_curve_0,365,0.21450717747211456,0.9523809552192688
l_curve_0,366,0.21448394656181335,0.9523809552192688
l_curve_0,367,0.2144501507282257,0.9047619104385376
l_curve_0,368,0.2144109010696411,0.9047619104385376
l_curve_0,369,0.21438853442668915,0.9047619104385376
l_curve_0,370,0.21445438265800476,0.9047619104385376
l_curve_0,371,0.21450333297252655,0.9523809552192688
l_curve_0,372,0.2145509272813797,0.9523809552192688
l_curve_0,373,0.21456822752952576,0.9523809552192688
l_curve_0,374,0.21453957259655,0.9523809552192688
l_curve_0,375,0.2144765555858612,0.9523809552192688
l_curve_0,376,0.21445928514003754,0.9047619104385376
l_curve_0,377,0.21434181928634644,0.9047619104385376
l_curve_0,378,0.21428219974040985,0.9047619104385376
l_curve_0,379,0.21430066227912903,0.9047619104385376
l_curve_0,380,0.2143770009279251,0.9047619104385376
l_curve_0,381,0.21441936492919922,0.9047619104385376
l_curve_0,382,0.2144666165113449,0.9523809552192688
l_curve_0,383,0.2144623100757599,0.9047619104385376
l_curve_0,384,0.21443934738636017,0.9047619104385376
l_curve_0,385,0.21441738307476044,0.9523809552192688
l_curve_0,386,0.2144617736339569,0.9523809552192688
l_curve_0,387,0.21449413895606995,0.9523809552192688
l_curve_0,388,0.21462297439575195,0.9523809552192688
l_curve_0,389,0.21457163989543915,0.9523809552192688
l_curve_0,390,0.2145017683506012,0.9523809552192688
l_curve_0,391,0.21441805362701416,0.9523809552192688
l_curve_0,392,0.21437068283557892,0.9047619104385376
l_curve_0,393,0.2143276482820511,0.9047619104385376
l_curve_0,394,0.21429511904716492,0.9047619104385376
l_curve_0,395,0.2143021523952484,0.9047619104385376
l_curve_0,396,0.21431852877140045,0.9047619104385376
l_curve_0,397,0.21436262130737305,0.9047619104385376
l_curve_0,398,0.21437323093414307,0.9047619104385376
l_curve_0,399,0.21442630887031555,0.9523809552192688
l_curve_0,400,0.2145102322101593,0.9523809552192688
l_curve_0,401,0.21452422440052032,0.9523809552192688
l_curve_0,402,0.2144392728805542,0.9047619104385376
l_curve_0,403,0.21438659727573395,0.9047619104385376
l_curve_0,404,0.21432626247406006,0.9047619104385376
l_curve_0,405,0.2143005132675171,0.9047619104385376
l_curve_0,406,0.21430683135986328,0.9047619104385376
l_curve_0,407,0.2143024057149887,0.9047619104385376
l_curve_0,408,0.21432559192180634,0.9047619104385376
l_curve_0,409,0.21429087221622467,0.9047619104385376
l_curve_0,410,0.21435537934303284,0.9047619104385376
l_curve_0,411,0.21435442566871643,0.9047619104385376
l_curve_0,412,0.2143019735813141,0.9047619104385376
l_curve_0,413,0.21425078809261322,0.9047619104385376
l_curve_0,414,0.21431367099285126,0.9047619104385376
l_curve_0,415,0.2143312692642212,0.9047619104385376
l_curve_0,416,0.21431919932365417,0.9047619104385376
l_curve_0,417,0.21428702771663666,0.9047619104385376
l_curve_0,418,0.21427418291568756,0.9047619104385376
l_curve_0,419,0.21427257359027863,0.9047619104385376
l_curve_0,420,0.2142730951309204,0.9047619104385376
l_curve_0,421,0.21426503360271454,0.9047619104385376
l_curve_0,422,0.21432027220726013,0.9047619104385376
l_curve_0,423,0.21428519487380981,0.9047619104385376
l_curve_0,424,0.21432504057884216,0.9047619104385376
l_curve_0,425,0.21434806287288666,0.9047619104385376
l_curve_0,426,0.21432749927043915,0.9047619104385376
l_curve_0,427,0.21436750888824463,0.9523809552192688
l_curve_0,428,0.2144448161125183,0.9523809552192688
l_curve_0,429,0.2145293951034546,0.9523809552192688
l_curve_0,430,0.2145199328660965,0.9523809552192688
l_curve_0,431,0.21448950469493866,0.9523809552192688
l_curve_0,432,0.2144339382648468,0.9523809552192688
l_curve_0,433,0.2143963873386383,0.9047619104385376
l_curve_0,434,0.21442890167236328,0.9047619104385376
l_curve_0,435,0.2144320160150528,0.9047619104385376
l_curve_0,436,0.21448776125907898,0.9523809552192688
l_curve_0,437,0.21448764204978943,0.9523809552192688
l_curve_0,438,0.2144644856452942,0.9523809552192688
l_curve_0,439,0.21442992985248566,0.9047619104385376
l_curve_0,440,0.21444804966449738,0.9047619104385376
l_curve_0,441,0.2143959254026413,0.9047619104385376
l_curve_0,442,0.21428880095481873,0.9047619104385376
l_curve_0,443,0.21420998871326447,0.9047619104385376
l_curve_0,444,0.21418680250644684,0.9047619104385376
l_curve_0,445,0.21411660313606262,0.9047619104385376
l_curve_0,446,0.21415559947490692,0.9047619104385376
l_curve_0,447,0.21425984799861908,0.9047619104385376
l_curve_0,448,0.21423396468162537,0.9047619104385376
l_curve_0,449,0.21423552930355072,0.9047619104385376
l_curve_0,450,0.21428178250789642,0.9047619104385376
l_curve_0,451,0.21420890092849731,0.9047619104385376
l_curve_0,452,0.21421095728874207,0.9047619104385376
l_curve_0,453,0.21418344974517822,0.9047619104385376
l_curve_0,454,0.21413476765155792,0.9047619104385376
l_curve_0,455,0.21416355669498444,0.9047619104385376
l_curve_0,456,0.21415871381759644,0.9047619104385376
l_curve_0,457,0.21414652466773987,0.9047619104385376
l_curve_0,458,0.21414609253406525,0.9047619104385376
l_curve_0,459,0.21416641771793365,0.9047619104385376
l_curve_0,460,0.2141704559326172,0.9047619104385376
l_curve_0,461,0.21415939927101135,0.9047619104385376
l_curve_0,462,0.21417739987373352,0.9047619104385376
l_curve_0,463,0.21425563097000122,0.9047619104385376
l_curve_0,464,0.21431148052215576,0.9047619104385376
l_curve_0,465,0.21431684494018555,0.9047619104385376
l_curve_0,466,0.21434138715267181,0.9047619104385376
l_curve_0,467,0.21434342861175537,0.9047619104385376
l_curve_0,468,0.21429572999477386,0.9047619104385376
l_curve_0,469,0.2143074870109558,0.9047619104385376
l_curve_0,470,0.21427428722381592,0.9047619104385376
l_curve_0,471,0.21423478424549103,0.9047619104385376
l_curve_0,472,0.21416832506656647,0.9047619104385376
l_curve_0,473,0.21417561173439026,0.9047619104385376
l_curve_0,474,0.2141399383544922,0.9047619104385376
l_curve_0,475,0.21418792009353638,0.9047619104385376
l_curve_0,476,0.21418823301792145,0.9047619104385376
l_curve_0,477,0.21427379548549652,0.9047619104385376
l_curve_0,478,0.2143591046333313,0.9047619104385376
l_curve_0,479,0.21436622738838196,0.9047619104385376
l_curve_0,480,0.21441958844661713,0.9047619104385376
l_curve_0,481,0.21434204280376434,0.9047619104385376
l_curve_0,482,0.21438972651958466,0.9047619104385376
l_curve_0,483,0.2143968641757965,0.9047619104385376
l_curve_0,484,0.21436664462089539,0.9047619104385376
l_curve_0,485,0.2143682986497879,0.9047619104385376
l_curve_0,486,0.21435320377349854,0.9047619104385376
l_curve_0,487,0.2142893522977829,0.9047619104385376
l_curve_0,488,0.21427252888679504,0.9047619104385376
l_curve_0,489,0.2142978459596634,0.9047619104385376
l_curve_0,490,0.21433646976947784,0.9047619104385376
l_curve_0,491,0.2142798751592636,0.9047619104385376
l_curve_0,492,0.21430309116840363,0.9047619104385376
l_curve_0,493,0.21427370607852936,0.9047619104385376
l_curve_0,494,0.21423670649528503,0.9047619104385376
l_curve_0,495,0.21423475444316864,0.9047619104385376
l_curve_0,496,0.21430256962776184,0.9047619104385376
l_curve_0,497,0.21427671611309052,0.9047619104385376
l_curve_0,498,0.21422727406024933,0.9047619104385376
l_curve_0,499,0.21421216428279877,0.9047619104385376
l_curve_0,500,0.21425697207450867,0.9047619104385376
l_curve_0,501,0.21432361006736755,0.9047619104385376
l_curve_0,502,0.21430417895317078,0.9047619104385376
l_curve_0,503,0.21430332958698273,0.9047619104385376
l_curve_0,504,0.21434268355369568,0.9047619104385376
l_curve_0,505,0.21432819962501526,0.9047619104385376
l_curve_0,506,0.21435442566871643,0.9047619104385376
l_curve_0,507,0.2143709361553192,0.9047619104385376
l_curve_0,508,0.21429307758808136,0.9047619104385376
l_curve_0,509,0.21420224010944366,0.9047619104385376
l_curve_0,510,0.2141217738389969,0.9047619104385376
l_curve_0,511,0.21406230330467224,0.9047619104385376
l_curve_0,512,0.21409867703914642,0.9047619104385376
l_curve_0,513,0.21412372589111328,0.9047619104385376
l_curve_0,514,0.21414124965667725,0.9047619104385376
l_curve_0,515,0.2142111212015152,0.9047619104385376
l_curve_0,516,0.2141726315021515,0.9047619104385376
l_curve_0,517,0.21416981518268585,0.9047619104385376
l_curve_0,518,0.2142421454191208,0.9047619104385376
l_curve_0,519,0.21425949037075043,0.9047619104385376
l_curve_0,520,0.21426786482334137,0.9047619104385376
l_curve_0,521,0.21431012451648712,0.9047619104385376
l_curve_0,522,0.21430978178977966,0.9047619104385376
l_curve_0,523,0.2142888456583023,0.9047619104385376
l_curve_0,524,0.21432054042816162,0.9047619104385376
l_curve_0,525,0.21427756547927856,0.9047619104385376
l_curve_0,526,0.21422994136810303,0.9047619104385376
l_curve_0,527,0.21417048573493958,0.9047619104385376
l_curve_0,528,0.2142166644334793,0.9047619104385376
l_curve_0,529,0.21413199603557587,0.9047619104385376
l_curve_0,530,0.21412456035614014,0.9047619104385376
l_curve_0,531,0.2141735851764679,0.9047619104385376
l_curve_0,532,0.2141830176115036,0.9047619104385376
l_curve_0,533,0.21413443982601166,0.9047619104385376
l_curve_0,534,0.21402418613433838,0.9047619104385376
l_curve_0,535,0.21402180194854736,0.9047619104385376
l_curve_0,536,0.21418310701847076,0.9047619104385376
l_curve_0,537,0.21425554156303406,0.9047619104385376
l_curve_0,538,0.21432650089263916,0.9047619104385376
l_curve_0,539,0.21428191661834717,0.9047619104385376
l_curve_0,540,0.2141556292772293,0.9047619104385376
l_curve_0,541,0.2141667753458023,0.9047619104385376
l_curve_0,542,0.214162215590477,0.9047619104385376
l_curve_0,543,0.21411296725273132,0.9047619104385376
l_curve_0,544,0.21411752700805664,0.9047619104385376
l_curve_0,545,0.21411289274692535,0.9047619104385376
l_curve_0,546,0.21408037841320038,0.9047619104385376
l_curve_0,547,0.21406954526901245,0.9047619104385376
l_curve_0,548,0.2140769064426422,0.9047619104385376
l_curve_0,549,0.21403029561042786,0.9047619104385376
l_curve_0,550,0.21399268507957458,0.9047619104385376
l_curve_0,551,0.213923379778862,0.9047619104385376
l_curve_0,552,0.2139309048652649,0.9047619104385376
l_curve_0,553,0.2140028178691864,0.9047619104385376
l_curve_0,554,0.21406014263629913,0.9047619104385376
l_curve_0,555,0.21399666368961334,0.9047619104385376
l_curve_0,556,0.21399886906147003,0.9047619104385376
l_curve_0,557,0.21407227218151093,0.9047619104385376
l_curve_0,558,0.2141226828098297,0.9047619104385376
l_curve_0,559,0.214130237698555,0.9047619104385376
l_curve_0,560,0.21415701508522034,0.9047619104385376
l_curve_0,561,0.21408939361572266,0.9047619104385376
l_curve_0,562,0.2140282392501831,0.9047619104385376
l_curve_0,563,0.21392281353473663,0.9047619104385376
l_curve_0,564,0.21390683948993683,0.9047619104385376
l_curve_0,565,0.2138645499944687,0.9047619104385376
l_curve_0,566,0.21382933855056763,0.9047619104385376
l_curve_0,567,0.2137802243232727,0.9047619104385376
l_curve_0,568,0.21383249759674072,0.9047619104385376
l_curve_0,569,0.2138763666152954,0.9047619104385376
l_curve_0,570,0.21385549008846283,0.9047619104385376
l_curve_0,571,0.21385934948921204,0.9047619104385376
l_curve_0,572,0.21385079622268677,0.9047619104385376
l_curve_0,573,0.213765487074852,0.9047619104385376
l_curve_0,574,0.21370293200016022,0.9047619104385376
l_curve_0,575,0.21375365555286407,0.9047619104385376
l_curve_0,576,0.21375222504138947,0.9047619104385376
l_curve_0,577,0.21371698379516602,0.9047619104385376
l_curve_0,578,0.21366141736507416,0.9047619104385376
l_curve_0,579,0.21368099749088287,0.9047619104385376
l_curve_0,580,0.21376051008701324,0.9047619104385376
l_curve_0,581,0.21383745968341827,0.9047619104385376
l_curve_0,582,0.2140011042356491,0.9047619104385376
l_curve_0,583,0.21398575603961945,0.9047619104385376
l_curve_0,584,0.21399948000907898,0.9047619104385376
l_curve_0,585,0.214002788066864,0.9047619104385376
l_curve_0,586,0.21401557326316833,0.9047619104385376
l_curve_0,587,0.21407611668109894,0.9047619104385376
l_curve_0,588,0.21410219371318817,0.9047619104385376
l_curve_0,589,0.21402858197689056,0.9047619104385376
l_curve_0,590,0.21398146450519562,0.9047619104385376
l_curve_0,591,0.21399398148059845,0.9047619104385376
l_curve_0,592,0.21403759717941284,0.9047619104385376
l_curve_0,593,0.21409077942371368,0.9047619104385376
l_curve_0,594,0.2141471803188324,0.9047619104385376
l_curve_0,595,0.21415607631206512,0.9047619104385376
l_curve_0,596,0.21415145695209503,0.9047619104385376
l_curve_0,597,0.21423299610614777,0.9047619104385376
l_curve_0,598,0.21424688398838043,0.9047619104385376
l_curve_0,599,0.21419750154018402,0.9047619104385376
l_curve_0,600,0.2141282707452774,0.9047619104385376
l_curve_0,601,0.21410435438156128,0.9047619104385376
l_curve_0,602,0.21405424177646637,0.9047619104385376
l_curve_0,603,0.21404357254505157,0.9047619104385376
l_curve_0,604,0.2140284925699234,0.9047619104385376
l_curve_0,605,0.21405726671218872,0.9047619104385376
l_curve_0,606,0.21412011981010437,0.9047619104385376
l_curve_0,607,0.21423330903053284,0.9047619104385376
l_curve_0,608,0.2142299860715866,0.9047619104385376
l_curve_0,609,0.21416355669498444,0.9047619104385376
l_curve_0,610,0.214173823595047,0.9047619104385376
l_curve_0,611,0.21419447660446167,0.9047619104385376
l_curve_0,612,0.21416990458965302,0.9047619104385376
l_curve_0,613,0.2141387164592743,0.9047619104385376
l_curve_0,614,0.21411673724651337,0.9047619104385376
l_curve_0,615,0.2140606939792633,0.9047619104385376
l_curve_0,616,0.21403853595256805,0.9047619104385376
l_curve_0,617,0.2140931636095047,0.9047619104385376
l_curve_0,618,0.21408921480178833,0.9047619104385376
l_curve_0,619,0.2141008824110031,0.9047619104385376
l_curve_0,620,0.21408076584339142,0.9047619104385376
l_curve_0,621,0.21404756605625153,0.9047619104385376
l_curve_0,622,0.21400903165340424,0.9047619104385376
l_curve_0,623,0.21407197415828705,0.9047619104385376
l_curve_0,624,0.21407972276210785,0.9047619104385376
l_curve_0,625,0.2140687108039856,0.9047619104385376
l_curve_0,626,0.21405240893363953,0.9047619104385376
l_curve_0,627,0.21405626833438873,0.9047619104385376
l_curve_0,628,0.2140599638223648,0.9047619104385376
l_curve_0,629,0.21413269639015198,0.9047619104385376
l_curve_0,630,0.21417613327503204,0.9047619104385376
l_curve_0,631,0.21421237289905548,0.9047619104385376
l_curve_0,632,0.2142355740070343,0.9047619104385376
l_curve_0,633,0.2142029106616974,0.9047619104385376
l_curve_0,634,0.21420717239379883,0.9047619104385376
l_curve_0,635,0.21421782672405243,0.9047619104385376
l_curve_0,636,0.21422122418880463,0.9047619104385376
l_curve_0,637,0.21419963240623474,0.9047619104385376
l_curve_0,638,0.21418669819831848,0.9047619104385376
l_curve_0,639,0.2141234129667282,0.9047619104385376
l_curve_0,640,0.2140573114156723,0.9047619104385376
l_curve_0,641,0.2140326201915741,0.9047619104385376
l_curve_0,642,0.21407273411750793,0.9047619104385376
l_curve_0,643,0.2140698879957199,0.9047619104385376
l_curve_0,644,0.21408440172672272,0.9047619104385376
l_curve_0,645,0.21407465636730194,0.9047619104385376
l_curve_0,646,0.21404695510864258,0.9047619104385376
l_curve_0,647,0.21412892639636993,0.9047619104385376
l_curve_0,648,0.2142411172389984,0.9047619104385376
l_curve_0,649,0.214214026927948,0.9047619104385376
l_curve_0,650,0.21418306231498718,0.9047619104385376
l_curve_0,651,0.21413923799991608,0.9047619104385376
l_curve_0,652,0.21404916048049927,0.9047619104385376
l_curve_0,653,0.21394293010234833,0.9047619104385376
l_curve_0,654,0.21391408145427704,0.9047619104385376
l_curve_0,655,0.21392348408699036,0.9047619104385376
l_curve_0,656,0.21389012038707733,0.9047619104385376
l_curve_0,657,0.213889479637146,0.9047619104385376
l_curve_0,658,0.21392211318016052,0.9047619104385376
l_curve_0,659,0.21392063796520233,0.9047619104385376
l_curve_0,660,0.21394461393356323,0.9047619104385376
l_curve_0,661,0.2139100581407547,0.9047619104385376
l_curve_0,662,0.21388399600982666,0.9047619104385376
l_curve_0,663,0.21386709809303284,0.9047619104385376
l_curve_0,664,0.2138778567314148,0.9047619104385376
l_curve_0,665,0.21387425065040588,0.9047619104385376
l_curve_0,666,0.21384039521217346,0.9047619104385376
l_curve_0,667,0.21386389434337616,0.9047619104385376
l_curve_0,668,0.21387723088264465,0.9047619104385376
l_curve_0,669,0.21389275789260864,0.9047619104385376
l_curve_0,670,0.2139575332403183,0.9047619104385376
l_curve_0,671,0.21399185061454773,0.9047619104385376
l_curve_0,672,0.21409298479557037,0.9047619104385376
l_curve_0,673,0.21402016282081604,0.9047619104385376
l_curve_0,674,0.21393983066082,0.9047619104385376
l_curve_0,675,0.2139267921447754,0.9047619104385376
l_curve_0,676,0.21390794217586517,0.9047619104385376
l_curve_0,677,0.21392817795276642,0.9047619104385376
l_curve_0,678,0.21387355029582977,0.9047619104385376
l_curve_0,679,0.21384121477603912,0.9047619104385376
l_curve_0,680,0.21382556855678558,0.9047619104385376
l_curve_0,681,0.2138371765613556,0.9047619104385376
l_curve_0,682,0.21380631625652313,0.9047619104385376
l_curve_0,683,0.21376851201057434,0.9047619104385376
l_curve_0,684,0.2137386053800583,0.9047619104385376
l_curve_0,685,0.2138281762599945,0.9047619104385376
l_curve_0,686,0.21388648450374603,0.9047619104385376
l_curve_0,687,0.21400894224643707,0.9047619104385376
l_curve_0,688,0.21406976878643036,0.9047619104385376
l_curve_0,689,0.21404175460338593,0.9047619104385376
l_curve_0,690,0.21396230161190033,0.9047619104385376
l_curve_0,691,0.21391287446022034,0.9047619104385376
l_curve_0,692,0.213897705078125,0.9047619104385376
l_curve_0,693,0.2139185667037964,0.9047619104385376
l_curve_0,694,0.21393798291683197,0.9047619104385376
l_curve_0,695,0.21398909389972687,0.9047619104385376
l_curve_0,696,0.21404652297496796,0.9047619104385376
l_curve_0,697,0.2140066772699356,0.9047619104385376
l_curve_0,698,0.21401450037956238,0.9047619104385376
l_curve_0,699,0.21406114101409912,0.9047619104385376
l_curve_0,700,0.2141215205192566,0.9047619104385376
l_curve_0,701,0.21418516337871552,0.9047619104385376
l_curve_0,702,0.21416811645030975,0.9047619104385376
l_curve_0,703,0.21417847275733948,0.9047619104385376
l_curve_0,704,0.21406862139701843,0.9047619104385376
l_curve_0,705,0.21397504210472107,0.9047619104385376
l_curve_0,706,0.2139800637960434,0.9047619104385376
l_curve_0,707,0.21397431194782257,0.9047619104385376
l_curve_0,708,0.21397022902965546,0.9047619104385376
l_curve_0,709,0.21397235989570618,0.9047619104385376
l_curve_0,710,0.2138950675725937,0.9047619104385376
l_curve_0,711,0.21386030316352844,0.9047619104385376
l_curve_0,712,0.2139071673154831,0.9047619104385376
l_curve_0,713,0.21392904222011566,0.9047619104385376
l_curve_0,714,0.21393024921417236,0.9047619104385376
l_curve_0,715,0.21398036181926727,0.9047619104385376
l_curve_0,716,0.21395619213581085,0.9047619104385376
l_curve_0,717,0.21387676894664764,0.9047619104385376
l_curve_0,718,0.21384847164154053,0.9047619104385376
l_curve_0,719,0.21380077302455902,0.9047619104385376
l_curve_0,720,0.2138560563325882,0.9047619104385376
l_curve_0,721,0.21392379701137543,0.9047619104385376
l_curve_0,722,0.21395514905452728,0.9047619104385376
l_curve_0,723,0.21402771770954132,0.9047619104385376
l_curve_0,724,0.21408984065055847,0.9047619104385376
l_curve_0,725,0.2142171561717987,0.9047619104385376
l_curve_0,726,0.21422547101974487,0.9047619104385376
l_curve_0,727,0.21417205035686493,0.9047619104385376
l_curve_0,728,0.21410433948040009,0.9047619104385376
l_curve_0,729,0.21411775052547455,0.9047619104385376
l_curve_0,730,0.21416400372982025,0.9047619104385376
l_curve_0,731,0.21412009000778198,0.9047619104385376
l_curve_0,732,0.21416032314300537,0.9047619104385376
l_curve_0,733,0.21418574452400208,0.9047619104385376
l_curve_0,734,0.2142333686351776,0.9047619104385376
l_curve_0,735,0.214198037981987,0.9047619104385376
l_curve_0,736,0.21409615874290466,0.9047619104385376
l_curve_0,737,0.21398553252220154,0.9047619104385376
l_curve_0,738,0.21393896639347076,0.9047619104385376
l_curve_0,739,0.21385782957077026,0.9047619104385376
l_curve_0,740,0.2138107568025589,0.9047619104385376
l_curve_0,741,0.21387988328933716,0.9047619104385376
l_curve_0,742,0.21383622288703918,0.9047619104385376
l_curve_0,743,0.21381667256355286,0.9047619104385376
l_curve_0,744,0.21381083130836487,0.9047619104385376
l_curve_0,745,0.21383260190486908,0.9047619104385376
l_curve_0,746,0.21380941569805145,0.9047619104385376
l_curve_0,747,0.21391141414642334,0.9047619104385376
l_curve_0,748,0.21392324566841125,0.9047619104385376
l_curve_0,749,0.2139444351196289,0.9047619104385376
l_curve_0,750,0.21393021941184998,0.9047619104385376
l_curve_0,751,0.21388284862041473,0.9047619104385376
l_curve_0,752,0.2138625979423523,0.9047619104385376
l_curve_0,753,0.21384461224079132,0.9047619104385376
l_curve_0,754,0.21393628418445587,0.9047619104385376
l_curve_0,755,0.2139592468738556,0.9047619104385376
l_curve_0,756,0.2140003889799118,0.9047619104385376
l_curve_0,757,0.21398189663887024,0.9047619104385376
l_curve_0,758,0.21390174329280853,0.9047619104385376
l_curve_0,759,0.21381273865699768,0.9047619104385376
l_curve_0,760,0.21381564438343048,0.9047619104385376
l_curve_0,761,0.21379441022872925,0.9047619104385376
l_curve_0,762,0.21382124722003937,0.9047619104385376
l_curve_0,763,0.21389275789260864,0.9047619104385376
l_curve_0,764,0.21387998759746552,0.9047619104385376
l_curve_0,765,0.21391455829143524,0.9047619104385376
l_curve_0,766,0.21387913823127747,0.9047619104385376
l_curve_0,767,0.21393142640590668,0.9047619104385376
l_curve_0,768,0.21397170424461365,0.9047619104385376
l_curve_0,769,0.21395787596702576,0.9047619104385376
l_curve_0,770,0.21399298310279846,0.9047619104385376
l_curve_0,771,0.21402429044246674,0.9047619104385376
l_curve_0,772,0.2140856683254242,0.9047619104385376
l_curve_0,773,0.2141111195087433,0.9047619104385376
l_curve_0,774,0.21412885189056396,0.9047619104385376
l_curve_0,775,0.21410083770751953,0.9047619104385376
l_curve_0,776,0.21410582959651947,0.9047619104385376
l_curve_0,777,0.21409784257411957,0.9047619104385376
l_curve_0,778,0.21414318680763245,0.9047619104385376
l_curve_0,779,0.21411041915416718,0.9047619104385376
l_curve_0,780,0.21405930817127228,0.9047619104385376
l_curve_0,781,0.21401798725128174,0.9047619104385376
l_curve_0,782,0.21397677063941956,0.9047619104385376
l_curve_0,783,0.21399733424186707,0.9047619104385376
l_curve_0,784,0.2139948606491089,0.9047619104385376
l_curve_0,785,0.21392787992954254,0.9047619104385376
l_curve_0,786,0.21391509473323822,0.9047619104385376
l_curve_0,787,0.21395812928676605,0.9047619104385376
l_curve_0,788,0.2140202522277832,0.9047619104385376
l_curve_0,789,0.21405340731143951,0.9047619104385376
l_curve_0,790,0.21406620740890503,0.9047619104385376
l_curve_0,791,0.2140609472990036,0.9047619104385376
l_curve_0,792,0.2140899896621704,0.9047619104385376
l_curve_0,793,0.21415753662586212,0.9047619104385376
l_curve_0,794,0.21408765017986298,0.9047619104385376
l_curve_0,795,0.2139725685119629,0.9047619104385376
l_curve_0,796,0.21392488479614258,0.9047619104385376
l_curve_0,797,0.21391937136650085,0.9047619104385376
l_curve_0,798,0.21387608349323273,0.9047619104385376
l_curve_0,799,0.21387484669685364,0.9047619104385376
l_curve_0,800,0.21388015151023865,0.9047619104385376
l_curve_0,801,0.2139194756746292,0.9047619104385376
l_curve_0,802,0.21394044160842896,0.9047619104385376
l_curve_0,803,0.21395201981067657,0.9047619104385376
l_curve_0,804,0.21395233273506165,0.9047619104385376
l_curve_0,805,0.21394486725330353,0.9047619104385376
l_curve_0,806,0.2139526754617691,0.9047619104385376
l_curve_0,807,0.2139315903186798,0.9047619104385376
l_curve_0,808,0.21396879851818085,0.9047619104385376
l_curve_0,809,0.21399323642253876,0.9047619104385376
l_curve_0,810,0.21399562060832977,0.9047619104385376
l_curve_0,811,0.21400520205497742,0.9047619104385376
l_curve_0,812,0.2139965295791626,0.9047619104385376
l_curve_0,813,0.21404659748077393,0.9047619104385376
l_curve_0,814,0.21408145129680634,0.9047619104385376
l_curve_0,815,0.2141301929950714,0.9047619104385376
l_curve_0,816,0.21413478255271912,0.9047619104385376
l_curve_0,817,0.21407534182071686,0.9047619104385376
l_curve_0,818,0.21405626833438873,0.9047619104385376
l_curve_0,819,0.21405017375946045,0.9047619104385376
l_curve_0,820,0.21397049725055695,0.9047619104385376
l_curve_0,821,0.21398144960403442,0.9047619104385376
l_curve_0,822,0.2139676809310913,0.9047619104385376
l_curve_0,823,0.21390242874622345,0.9047619104385376
l_curve_0,824,0.21387077867984772,0.9047619104385376
l_curve_0,825,0.21389514207839966,0.9047619104385376
l_curve_0,826,0.21388056874275208,0.9047619104385376
l_curve_0,827,0.2138834297657013,0.9047619104385376
l_curve_0,828,0.2137914001941681,0.9047619104385376
l_curve_0,829,0.21379275619983673,0.9047619104385376
l_curve_0,830,0.21386350691318512,0.9047619104385376
l_curve_0,831,0.21383944153785706,0.9047619104385376
l_curve_0,832,0.21383406221866608,0.9047619104385376
l_curve_0,833,0.213887557387352,0.9047619104385376
l_curve_0,834,0.21387720108032227,0.9047619104385376
l_curve_0,835,0.21387629210948944,0.9047619104385376
l_curve_0,836,0.21388396620750427,0.9047619104385376
l_curve_0,837,0.2138344645500183,0.9047619104385376
l_curve_0,838,0.21376246213912964,0.9047619104385376
l_curve_0,839,0.21375492215156555,0.9047619104385376
l_curve_0,840,0.21380406618118286,0.9047619104385376
l_curve_0,841,0.21381308138370514,0.9047619104385376
l_curve_0,842,0.21380510926246643,0.9047619104385376
l_curve_0,843,0.21377190947532654,0.9047619104385376
l_curve_0,844,0.21373961865901947,0.9047619104385376
l_curve_0,845,0.21365953981876373,0.9047619104385376
l_curve_0,846,0.21359334886074066,0.9047619104385376
l_curve_0,847,0.21354977786540985,0.9047619104385376
l_curve_0,848,0.21353308856487274,0.9047619104385376
l_curve_0,849,0.21356208622455597,0.9047619104385376
l_curve_0,850,0.2135767638683319,0.9047619104385376
l_curve_0,851,0.21362027525901794,0.9047619104385376
l_curve_0,852,0.21378248929977417,0.9047619104385376
l_curve_0,853,0.21382324397563934,0.9047619104385376
l_curve_0,854,0.2138691395521164,0.9047619104385376
l_curve_0,855,0.2138596922159195,0.9047619104385376
l_curve_0,856,0.21386869251728058,0.9047619104385376
l_curve_0,857,0.2138998806476593,0.9047619104385376
l_curve_0,858,0.21384474635124207,0.9047619104385376
l_curve_0,859,0.21382391452789307,0.9047619104385376
l_curve_0,860,0.21379613876342773,0.9047619104385376
l_curve_0,861,0.21378087997436523,0.9047619104385376
l_curve_0,862,0.21378862857818604,0.9047619104385376
l_curve_0,863,0.2137693613767624,0.9047619104385376
l_curve_0,864,0.21373507380485535,0.9047619104385376
l_curve_0,865,0.21368053555488586,0.9047619104385376
l_curve_0,866,0.21361415088176727,0.9047619104385376
l_curve_0,867,0.21359854936599731,0.9047619104385376
l_curve_0,868,0.2136259526014328,0.9047619104385376
l_curve_0,869,0.21360474824905396,0.9047619104385376
l_curve_0,870,0.21355849504470825,0.9047619104385376
l_curve_0,871,0.21353666484355927,0.9047619104385376
l_curve_0,872,0.21347960829734802,0.9047619104385376
l_curve_0,873,0.21348106861114502,0.9047619104385376
l_curve_0,874,0.21353383362293243,0.9047619104385376
l_curve_0,875,0.21357572078704834,0.9047619104385376
l_curve_0,876,0.21358714997768402,0.9047619104385376
l_curve_0,877,0.2135961651802063,0.9047619104385376
l_curve_0,878,0.21362270414829254,0.9047619104385376
l_curve_0,879,0.21365027129650116,0.9047619104385376
l_curve_0,880,0.21365325152873993,0.9047619104385376
l_curve_0,881,0.21361759305000305,0.9047619104385376
l_curve_0,882,0.2136542648077011,0.9047619104385376
l_curve_0,883,0.2136906385421753,0.9047619104385376
l_curve_0,884,0.21367649734020233,0.9047619104385376
l_curve_0,885,0.21367475390434265,0.9047619104385376
l_curve_0,886,0.2136557698249817,0.9047619104385376
l_curve_0,887,0.21361200511455536,0.9047619104385376
l_curve_0,888,0.21357622742652893,0.9047619104385376
l_curve_0,889,0.21360258758068085,0.9047619104385376
l_curve_0,890,0.21362236142158508,0.9047619104385376
l_curve_0,891,0.21365951001644135,0.9047619104385376
l_curve_0,892,0.21360795199871063,0.9047619104385376
l_curve_0,893,0.21369041502475739,0.9047619104385376
l_curve_0,894,0.21371975541114807,0.9047619104385376
l_curve_0,895,0.21367165446281433,0.9047619104385376
l_curve_0,896,0.213669553399086,0.9047619104385376
l_curve_0,897,0.21363838016986847,0.9047619104385376
l_curve_0,898,0.21360667049884796,0.9047619104385376
l_curve_0,899,0.21355897188186646,0.9047619104385376
l_curve_0,900,0.21353180706501007,0.9047619104385376
l_curve_0,901,0.21351230144500732,0.9047619104385376
l_curve_0,902,0.21349096298217773,0.9047619104385376
l_curve_0,903,0.2135152816772461,0.9047619104385376
l_curve_0,904,0.21356646716594696,0.9047619104385376
l_curve_0,905,0.21355122327804565,0.9047619104385376
l_curve_0,906,0.2135525941848755,0.9047619104385376
l_curve_0,907,0.21356891095638275,0.9047619104385376
l_curve_0,908,0.21357345581054688,0.9047619104385376
l_curve_0,909,0.21360675990581512,0.9047619104385376
l_curve_0,910,0.21362130343914032,0.9047619104385376
l_curve_0,911,0.21360228955745697,0.9047619104385376
l_curve_0,912,0.21364709734916687,0.9047619104385376
l_curve_0,913,0.21366219222545624,0.9047619104385376
l_curve_0,914,0.2136794924736023,0.9047619104385376
l_curve_0,915,0.21366067230701447,0.9047619104385376
l_curve_0,916,0.21368534862995148,0.9047619104385376
l_curve_0,917,0.21368074417114258,0.9047619104385376
l_curve_0,918,0.21360279619693756,0.9047619104385376
l_curve_0,919,0.21354439854621887,0.9047619104385376
l_curve_0,920,0.2135351300239563,0.9047619104385376
l_curve_0,921,0.21356725692749023,0.9047619104385376
l_curve_0,922,0.2136211097240448,0.9047619104385376
l_curve_0,923,0.21371684968471527,0.9047619104385376
l_curve_0,924,0.21378430724143982,0.9047619104385376
l_curve_0,925,0.21379965543746948,0.9047619104385376
l_curve_0,926,0.21380780637264252,0.9047619104385376
l_curve_0,927,0.21374757587909698,0.9047619104385376
l_curve_0,928,0.21379081904888153,0.9047619104385376
l_curve_0,929,0.21378830075263977,0.9047619104385376
l_curve_0,930,0.21376430988311768,0.9047619104385376
l_curve_0,931,0.21370401978492737,0.9047619104385376
l_curve_0,932,0.2136235535144806,0.9047619104385376
l_curve_0,933,0.21351668238639832,0.9047619104385376
l_curve_0,934,0.2135975956916809,0.9047619104385376
l_curve_0,935,0.21366287767887115,0.9047619104385376
l_curve_0,936,0.213654562830925,0.9047619104385376
l_curve_0,937,0.21359214186668396,0.9047619104385376
l_curve_0,938,0.21351836621761322,0.9047619104385376
l_curve_0,939,0.21353228390216827,0.9047619104385376
l_curve_0,940,0.21351245045661926,0.9047619104385376
l_curve_0,941,0.21346014738082886,0.9047619104385376
l_curve_0,942,0.21346092224121094,0.9047619104385376
l_curve_0,943,0.21340452134609222,0.9047619104385376
l_curve_0,944,0.21346791088581085,0.9047619104385376
l_curve_0,945,0.21346351504325867,0.9047619104385376
l_curve_0,946,0.21343712508678436,0.9047619104385376
l_curve_0,947,0.21339328587055206,0.9047619104385376
l_curve_0,948,0.2133139669895172,0.9047619104385376
l_curve_0,949,0.21334761381149292,0.9047619104385376
l_curve_0,950,0.2134840190410614,0.9047619104385376
l_curve_0,951,0.21337690949440002,0.9047619104385376
l_curve_0,952,0.2133147418498993,0.9047619104385376
l_curve_0,953,0.21329164505004883,0.9047619104385376
l_curve_0,954,0.2133229523897171,0.9047619104385376
l_curve_0,955,0.21334326267242432,0.9047619104385376
l_curve_0,956,0.21331912279129028,0.9047619104385376
l_curve_0,957,0.2133048176765442,0.9047619104385376
l_curve_0,958,0.21332961320877075,0.9047619104385376
l_curve_0,959,0.21331197023391724,0.9047619104385376
l_curve_0,960,0.21328595280647278,0.9047619104385376
l_curve_0,961,0.21332427859306335,0.9047619104385376
l_curve_0,962,0.21340252459049225,0.9047619104385376
l_curve_0,963,0.21339289844036102,0.9047619104385376
l_curve_0,964,0.2133910357952118,0.9047619104385376
l_curve_0,965,0.2133457064628601,0.9047619104385376
l_curve_0,966,0.2133353054523468,0.9047619104385376
l_curve_0,967,0.21337716281414032,0.9047619104385376
l_curve_0,968,0.2133321762084961,0.9047619104385376
l_curve_0,969,0.21337850391864777,0.9047619104385376
l_curve_0,970,0.21345393359661102,0.9047619104385376
l_curve_0,971,0.21353508532047272,0.9047619104385376
l_curve_0,972,0.21358688175678253,0.9047619104385376
l_curve_0,973,0.2134721577167511,0.9047619104385376
l_curve_0,974,0.21344353258609772,0.9047619104385376
l_curve_0,975,0.21337682008743286,0.9047619104385376
l_curve_0,976,0.21332018077373505,0.9047619104385376
l_curve_0,977,0.21321384608745575,0.9047619104385376
l_curve_0,978,0.21319414675235748,0.9047619104385376
l_curve_0,979,0.21316219866275787,0.9047619104385376
l_curve_0,980,0.21321730315685272,0.9047619104385376
l_curve_0,981,0.21324488520622253,0.9047619104385376
l_curve_0,982,0.2132856696844101,0.9047619104385376
l_curve_0,983,0.21332880854606628,0.9047619104385376
l_curve_0,984,0.21330143511295319,0.9047619104385376
l_curve_0,985,0.21333953738212585,0.9047619104385376
l_curve_0,986,0.21332836151123047,0.9047619104385376
l_curve_0,987,0.21330749988555908,0.9047619104385376
l_curve_0,988,0.21322479844093323,0.9047619104385376
l_curve_0,989,0.21312761306762695,0.9047619104385376
l_curve_0,990,0.21313393115997314,0.9047619104385376
l_curve_0,991,0.21314534544944763,0.9047619104385376
l_curve_0,992,0.2131483405828476,0.9047619104385376
l_curve_0,993,0.21315518021583557,0.9047619104385376
l_curve_0,994,0.21315301954746246,0.9047619104385376
l_curve_0,995,0.21320299804210663,0.9047619104385376
l_curve_0,996,0.21323992311954498,0.9047619104385376
l_curve_0,997,0.21328771114349365,0.9047619104385376
l_curve_0,998,0.21319904923439026,0.9047619104385376
l_curve_0,999,0.21309301257133484,0.9047619104385376
l_curve_0,1000,0.21312940120697021,0.9047619104385376
l_curve_0,1000,0.21312940120697021,0.9047619104385376
