client,round,loss,accuracy
l_curve_5,1,0.8690001964569092,0.5714285969734192
l_curve_5,2,0.8446528911590576,0.5714285969734192
l_curve_5,3,0.8214243054389954,0.5714285969734192
l_curve_5,4,0.7994851469993591,0.5714285969734192
l_curve_5,5,0.7788002490997314,0.5714285969734192
l_curve_5,6,0.7592980265617371,0.5714285969734192
l_curve_5,7,0.7409175038337708,0.5714285969734192
l_curve_5,8,0.7234528064727783,0.5714285969734192
l_curve_5,9,0.7069018483161926,0.5714285969734192
l_curve_5,10,0.6910296678543091,0.5714285969734192
l_curve_5,11,0.6758536100387573,0.5714285969734192
l_curve_5,12,0.6612883806228638,0.5714285969734192
l_curve_5,13,0.6472899913787842,0.5714285969734192
l_curve_5,14,0.6337270736694336,0.5714285969734192
l_curve_5,15,0.6205481290817261,0.5714285969734192
l_curve_5,16,0.6077274680137634,0.6190476417541504
l_curve_5,17,0.5952370166778564,0.9047619104385376
l_curve_5,18,0.5830231308937073,0.9047619104385376
l_curve_5,19,0.5709306001663208,0.9523809552192688
l_curve_5,20,0.5591259598731995,1.0
l_curve_5,21,0.5475014448165894,1.0
l_curve_5,22,0.5360690355300903,0.9523809552192688
l_curve_5,23,0.5248288512229919,0.9523809552192688
l_curve_5,24,0.5137497186660767,0.9523809552192688
l_curve_5,25,0.5028382539749146,0.9523809552192688
l_curve_5,26,0.4919849634170532,0.9523809552192688
l_curve_5,27,0.48127609491348267,0.9523809552192688
l_curve_5,28,0.47093746066093445,0.9523809552192688
l_curve_5,29,0.46070361137390137,0.9523809552192688
l_curve_5,30,0.45061448216438293,0.9523809552192688
l_curve_5,31,0.4407157301902771,0.9523809552192688
l_curve_5,32,0.4309939742088318,0.9523809552192688
l_curve_5,33,0.42143815755844116,0.9523809552192688
l_curve_5,34,0.41203323006629944,0.9523809552192688
l_curve_5,35,0.40282154083251953,0.9523809552192688
l_curve_5,36,0.3937041461467743,0.9523809552192688
l_curve_5,37,0.38477984070777893,0.9523809552192688
l_curve_5,38,0.37602338194847107,0.9523809552192688
l_curve_5,39,0.3675224781036377,0.9523809552192688
l_curve_5,40,0.3592265546321869,0.9523809552192688
l_curve_5,41,0.3512338697910309,0.9523809552192688
l_curve_5,42,0.3433723449707031,0.9523809552192688
l_curve_5,43,0.3357945382595062,0.9523809552192688
l_curve_5,44,0.32845956087112427,0.9523809552192688
l_curve_5,45,0.32139161229133606,0.9523809552192688
l_curve_5,46,0.31440386176109314,0.9523809552192688
l_curve_5,47,0.30771368741989136,0.9523809552192688
l_curve_5,48,0.30122748017311096,0.9523809552192688
l_curve_5,49,0.2949902415275574,0.9523809552192688
l_curve_5,50,0.2889876067638397,0.9523809552192688
l_curve_5,51,0.28330475091934204,0.9523809552192688
l_curve_5,52,0.2777097225189209,0.9523809552192688
l_curve_5,53,0.27228301763534546,0.9523809552192688
l_curve_5,54,0.2670401930809021,0.9523809552192688
l_curve_5,55,0.2619878947734833,0.9523809552192688
l_curve_5,56,0.2571536898612976,0.9523809552192688
l_curve_5,57,0.2525256872177124,0.9523809552192688
l_curve_5,58,0.24817857146263123,0.9523809552192688
l_curve_5,59,0.24398821592330933,0.9523809552192688
l_curve_5,60,0.23994818329811096,0.9523809552192688
l_curve_5,61,0.23599208891391754,0.9523809552192688
l_curve_5,62,0.2321534901857376,0.9523809552192688
l_curve_5,63,0.22853520512580872,0.9523809552192688
l_curve_5,64,0.22515639662742615,0.9523809552192688
l_curve_5,65,0.22191524505615234,0.9523809552192688
l_curve_5,66,0.21869012713432312,0.9523809552192688
l_curve_5,67,0.21554483473300934,0.9523809552192688
l_curve_5,68,0.21247556805610657,0.9523809552192688
l_curve_5,69,0.20952194929122925,0.9523809552192688
l_curve_5,70,0.20679925382137299,0.9523809552192688
l_curve_5,71,0.20417097210884094,0.9523809552192688
l_curve_5,72,0.2015383541584015,0.9523809552192688
l_curve_5,73,0.1990184783935547,0.9523809552192688
l_curve_5,74,0.19659961760044098,0.9523809552192688
l_curve_5,75,0.19426947832107544,0.9523809552192688
l_curve_5,76,0.19207027554512024,0.9523809552192688
l_curve_5,77,0.1899719536304474,0.9523809552192688
l_curve_5,78,0.18794554471969604,0.9523809552192688
l_curve_5,79,0.1859263777732849,0.9523809552192688
l_curve_5,80,0.18403856456279755,0.9523809552192688
l_curve_5,81,0.18212254345417023,0.9523809552192688
l_curve_5,82,0.18027055263519287,0.9523809552192688
l_curve_5,83,0.1784743368625641,0.9523809552192688
l_curve_5,84,0.1768091917037964,0.9523809552192688
l_curve_5,85,0.1751747876405716,0.9523809552192688
l_curve_5,86,0.17355673015117645,0.9523809552192688
l_curve_5,87,0.1719726175069809,0.9523809552192688
l_curve_5,88,0.17041775584220886,0.9523809552192688
l_curve_5,89,0.1689431369304657,0.9523809552192688
l_curve_5,90,0.16749660670757294,0.9523809552192688
l_curve_5,91,0.16610027849674225,0.9523809552192688
l_curve_5,92,0.1647651046514511,0.9523809552192688
l_curve_5,93,0.16347083449363708,0.9523809552192688
l_curve_5,94,0.162250816822052,0.9523809552192688
l_curve_5,95,0.16107752919197083,0.9523809552192688
l_curve_5,96,0.15987266600131989,0.9523809552192688
l_curve_5,97,0.15866319835186005,0.9523809552192688
l_curve_5,98,0.15753468871116638,0.9523809552192688
l_curve_5,99,0.15643155574798584,0.9523809552192688
l_curve_5,100,0.15539982914924622,0.9523809552192688
l_curve_5,101,0.15438978374004364,0.9523809552192688
l_curve_5,102,0.15331332385540009,0.9523809552192688
l_curve_5,103,0.15229465067386627,0.9523809552192688
l_curve_5,104,0.15132150053977966,0.9523809552192688
l_curve_5,105,0.15038670599460602,0.9523809552192688
l_curve_5,106,0.14940737187862396,0.9523809552192688
l_curve_5,107,0.14851924777030945,0.9523809552192688
l_curve_5,108,0.1475858986377716,0.9523809552192688
l_curve_5,109,0.14669838547706604,0.9523809552192688
l_curve_5,110,0.14580565690994263,0.9523809552192688
l_curve_5,111,0.1449882686138153,0.9523809552192688
l_curve_5,112,0.14428651332855225,0.9523809552192688
l_curve_5,113,0.14352281391620636,0.9523809552192688
l_curve_5,114,0.14279456436634064,0.9523809552192688
l_curve_5,115,0.14202472567558289,0.9523809552192688
l_curve_5,116,0.14127425849437714,0.9523809552192688
l_curve_5,117,0.1405838131904602,0.9523809552192688
l_curve_5,118,0.13983817398548126,0.9523809552192688
l_curve_5,119,0.13912665843963623,0.9523809552192688
l_curve_5,120,0.13846822082996368,0.9523809552192688
l_curve_5,121,0.1377798318862915,0.9523809552192688
l_curve_5,122,0.1371009200811386,0.9523809552192688
l_curve_5,123,0.13644349575042725,0.9523809552192688
l_curve_5,124,0.13576529920101166,0.9523809552192688
l_curve_5,125,0.13512103259563446,0.9523809552192688
l_curve_5,126,0.1345294713973999,0.9523809552192688
l_curve_5,127,0.13399375975131989,0.9523809552192688
l_curve_5,128,0.1334112286567688,0.9523809552192688
l_curve_5,129,0.13282029330730438,0.9523809552192688
l_curve_5,130,0.1322014033794403,0.9523809552192688
l_curve_5,131,0.13162833452224731,0.9523809552192688
l_curve_5,132,0.13109992444515228,0.9523809552192688
l_curve_5,133,0.13058674335479736,0.9523809552192688
l_curve_5,134,0.1300206184387207,0.9523809552192688
l_curve_5,135,0.12948951125144958,0.9523809552192688
l_curve_5,136,0.12896594405174255,0.9523809552192688
l_curve_5,137,0.12849017977714539,0.9523809552192688
l_curve_5,138,0.12797337770462036,0.9523809552192688
l_curve_5,139,0.1274752914905548,0.9523809552192688
l_curve_5,140,0.12698794901371002,0.9523809552192688
l_curve_5,141,0.1265682876110077,0.9523809552192688
l_curve_5,142,0.12616035342216492,0.9523809552192688
l_curve_5,143,0.125723734498024,0.9523809552192688
l_curve_5,144,0.1252792328596115,0.9523809552192688
l_curve_5,145,0.12482434511184692,0.9523809552192688
l_curve_5,146,0.12432113289833069,0.9523809552192688
l_curve_5,147,0.12382370978593826,0.9523809552192688
l_curve_5,148,0.12335118651390076,0.9523809552192688
l_curve_5,149,0.12294258177280426,0.9523809552192688
l_curve_5,150,0.1225762590765953,0.9523809552192688
l_curve_5,151,0.12217050790786743,0.9523809552192688
l_curve_5,152,0.12177370488643646,0.9523809552192688
l_curve_5,153,0.12134524434804916,0.9523809552192688
l_curve_5,154,0.12096104025840759,0.9523809552192688
l_curve_5,155,0.12059988081455231,0.9523809552192688
l_curve_5,156,0.12023340165615082,0.9523809552192688
l_curve_5,157,0.11987408250570297,0.9523809552192688
l_curve_5,158,0.11946386098861694,0.9523809552192688
l_curve_5,159,0.1191050186753273,0.9523809552192688
l_curve_5,160,0.11876709014177322,0.9523809552192688
l_curve_5,161,0.1184040904045105,0.9523809552192688
l_curve_5,162,0.11804629862308502,0.9523809552192688
l_curve_5,163,0.11768130213022232,0.9523809552192688
l_curve_5,164,0.11729899048805237,0.9523809552192688
l_curve_5,165,0.1169510930776596,0.9523809552192688
l_curve_5,166,0.11663516610860825,0.9523809552192688
l_curve_5,167,0.11634856462478638,0.9523809552192688
l_curve_5,168,0.11604195833206177,0.9523809552192688
l_curve_5,169,0.11572115868330002,0.9523809552192688
l_curve_5,170,0.1154666393995285,0.9523809552192688
l_curve_5,171,0.11516302824020386,0.9523809552192688
l_curve_5,172,0.11486195027828217,0.9523809552192688
l_curve_5,173,0.11456312239170074,0.9523809552192688
l_curve_5,174,0.11425094306468964,0.9523809552192688
l_curve_5,175,0.11396797746419907,0.9523809552192688
l_curve_5,176,0.11364086717367172,0.9523809552192688
l_curve_5,177,0.11332431435585022,0.9523809552192688
l_curve_5,178,0.11302904784679413,0.9523809552192688
l_curve_5,179,0.11274383217096329,0.9523809552192688
l_curve_5,180,0.11247318238019943,0.9523809552192688
l_curve_5,181,0.11221003532409668,0.9523809552192688
l_curve_5,182,0.11194054037332535,0.9523809552192688
l_curve_5,183,0.11171267926692963,0.9523809552192688
l_curve_5,184,0.11144936829805374,0.9523809552192688
l_curve_5,185,0.11121203005313873,0.9523809552192688
l_curve_5,186,0.11100578308105469,0.9523809552192688
l_curve_5,187,0.1107616201043129,0.9523809552192688
l_curve_5,188,0.11045729368925095,0.9523809552192688
l_curve_5,189,0.11020300537347794,0.9523809552192688
l_curve_5,190,0.10991779714822769,0.9523809552192688
l_curve_5,191,0.10967913269996643,0.9523809552192688
l_curve_5,192,0.10940273851156235,0.9523809552192688
l_curve_5,193,0.10914598405361176,0.9523809552192688
l_curve_5,194,0.10893372446298599,0.9523809552192688
l_curve_5,195,0.10867240279912949,0.9523809552192688
l_curve_5,196,0.10840202867984772,0.9523809552192688
l_curve_5,197,0.10812646150588989,0.9523809552192688
l_curve_5,198,0.10788121819496155,0.9523809552192688
l_curve_5,199,0.10765720903873444,0.9523809552192688
l_curve_5,200,0.10740441083908081,0.9523809552192688
l_curve_5,201,0.10719603300094604,0.9523809552192688
l_curve_5,202,0.10698574036359787,0.9523809552192688
l_curve_5,203,0.10676292330026627,0.9523809552192688
l_curve_5,204,0.10658001899719238,0.9523809552192688
l_curve_5,205,0.1064036563038826,0.9523809552192688
l_curve_5,206,0.10621320456266403,0.9523809552192688
l_curve_5,207,0.10599260032176971,0.9523809552192688
l_curve_5,208,0.10578371584415436,0.9523809552192688
l_curve_5,209,0.10559699684381485,0.9523809552192688
l_curve_5,210,0.10542048513889313,0.9523809552192688
l_curve_5,211,0.10522066056728363,0.9523809552192688
l_curve_5,212,0.10506679117679596,0.9523809552192688
l_curve_5,213,0.10487767308950424,0.9523809552192688
l_curve_5,214,0.1047016978263855,0.9523809552192688
l_curve_5,215,0.10452547669410706,0.9523809552192688
l_curve_5,216,0.10429161041975021,0.9523809552192688
l_curve_5,217,0.10404537618160248,0.9523809552192688
l_curve_5,218,0.10381525754928589,0.9523809552192688
l_curve_5,219,0.10365241765975952,0.9523809552192688
l_curve_5,220,0.10347459465265274,0.9523809552192688
l_curve_5,221,0.10328993201255798,0.9523809552192688
l_curve_5,222,0.10312384366989136,0.9523809552192688
l_curve_5,223,0.10296322405338287,0.9523809552192688
l_curve_5,224,0.10276959091424942,0.9523809552192688
l_curve_5,225,0.10262180864810944,0.9523809552192688
l_curve_5,226,0.10248320549726486,0.9523809552192688
l_curve_5,227,0.10230617225170135,0.9523809552192688
l_curve_5,228,0.10213867574930191,0.9523809552192688
l_curve_5,229,0.10199030488729477,0.9523809552192688
l_curve_5,230,0.101841039955616,0.9523809552192688
l_curve_5,231,0.10164063423871994,0.9523809552192688
l_curve_5,232,0.1014096587896347,0.9523809552192688
l_curve_5,233,0.10120344161987305,0.9523809552192688
l_curve_5,234,0.10104824602603912,0.9523809552192688
l_curve_5,235,0.1008739247918129,0.9523809552192688
l_curve_5,236,0.10069497674703598,0.9523809552192688
l_curve_5,237,0.10057466477155685,0.9523809552192688
l_curve_5,238,0.10041727125644684,0.9523809552192688
l_curve_5,239,0.1002572700381279,0.9523809552192688
l_curve_5,240,0.10011488199234009,0.9523809552192688
l_curve_5,241,0.0999821349978447,0.9523809552192688
l_curve_5,242,0.09981194138526917,0.9523809552192688
l_curve_5,243,0.09963813424110413,0.9523809552192688
l_curve_5,244,0.09948035329580307,0.9523809552192688
l_curve_5,245,0.09931232780218124,0.9523809552192688
l_curve_5,246,0.09914914518594742,0.9523809552192688
l_curve_5,247,0.0990162268280983,0.9523809552192688
l_curve_5,248,0.09888005256652832,0.9523809552192688
l_curve_5,249,0.09877124428749084,0.9523809552192688
l_curve_5,250,0.09863656759262085,0.9523809552192688
l_curve_5,251,0.09852080047130585,0.9523809552192688
l_curve_5,252,0.09836621582508087,0.9523809552192688
l_curve_5,253,0.09822037070989609,0.9523809552192688
l_curve_5,254,0.09809911996126175,0.9523809552192688
l_curve_5,255,0.0979408323764801,0.9523809552192688
l_curve_5,256,0.09780629724264145,0.9523809552192688
l_curve_5,257,0.09765345603227615,0.9523809552192688
l_curve_5,258,0.09750457108020782,0.9523809552192688
l_curve_5,259,0.09734461456537247,0.9523809552192688
l_curve_5,260,0.09719067811965942,0.9523809552192688
l_curve_5,261,0.09702999144792557,0.9523809552192688
l_curve_5,262,0.09686170518398285,0.9523809552192688
l_curve_5,263,0.09672683477401733,0.9523809552192688
l_curve_5,264,0.09659979492425919,0.9523809552192688
l_curve_5,265,0.09646959602832794,0.9523809552192688
l_curve_5,266,0.09636271744966507,0.9523809552192688
l_curve_5,267,0.0962538942694664,0.9523809552192688
l_curve_5,268,0.09611921012401581,0.9523809552192688
l_curve_5,269,0.09599863737821579,0.9523809552192688
l_curve_5,270,0.09587027132511139,0.9523809552192688
l_curve_5,271,0.09575599431991577,0.9523809552192688
l_curve_5,272,0.09563437104225159,0.9523809552192688
l_curve_5,273,0.09549357742071152,0.9523809552192688
l_curve_5,274,0.09535468369722366,0.9523809552192688
l_curve_5,275,0.09525138884782791,0.9523809552192688
l_curve_5,276,0.0951346755027771,0.9523809552192688
l_curve_5,277,0.09500567615032196,0.9523809552192688
l_curve_5,278,0.09487509727478027,0.9523809552192688
l_curve_5,279,0.09475074708461761,0.9523809552192688
l_curve_5,280,0.0946197658777237,0.9523809552192688
l_curve_5,281,0.09451974928379059,0.9523809552192688
l_curve_5,282,0.09440965205430984,0.9523809552192688
l_curve_5,283,0.09428104758262634,0.9523809552192688
l_curve_5,284,0.09412334859371185,0.9523809552192688
l_curve_5,285,0.09400823712348938,0.9523809552192688
l_curve_5,286,0.09389276057481766,0.9523809552192688
l_curve_5,287,0.0937458872795105,0.9523809552192688
l_curve_5,288,0.09364696592092514,0.9523809552192688
l_curve_5,289,0.09356733411550522,0.9523809552192688
l_curve_5,290,0.09346800297498703,0.9523809552192688
l_curve_5,291,0.09338359534740448,0.9523809552192688
l_curve_5,292,0.09325430542230606,0.9523809552192688
l_curve_5,293,0.09310168027877808,0.9523809552192688
l_curve_5,294,0.09297427535057068,0.9523809552192688
l_curve_5,295,0.09289084374904633,0.9523809552192688
l_curve_5,296,0.09277015924453735,0.9523809552192688
l_curve_5,297,0.09268870949745178,0.9523809552192688
l_curve_5,298,0.09261111170053482,0.9523809552192688
l_curve_5,299,0.09248894453048706,0.9523809552192688
l_curve_5,300,0.09237174689769745,0.9523809552192688
l_curve_5,301,0.09224975854158401,0.9523809552192688
l_curve_5,302,0.09215676784515381,0.9523809552192688
l_curve_5,303,0.0920351892709732,0.9523809552192688
l_curve_5,304,0.09195057302713394,0.9523809552192688
l_curve_5,305,0.091861292719841,0.9523809552192688
l_curve_5,306,0.09181231260299683,0.9523809552192688
l_curve_5,307,0.09170520305633545,0.9523809552192688
l_curve_5,308,0.09156033396720886,0.9523809552192688
l_curve_5,309,0.09145276993513107,0.9523809552192688
l_curve_5,310,0.09134483337402344,0.9523809552192688
l_curve_5,311,0.09120451658964157,0.9523809552192688
l_curve_5,312,0.09110553562641144,0.9523809552192688
l_curve_5,313,0.09100118279457092,0.9523809552192688
l_curve_5,314,0.09087954461574554,0.9523809552192688
l_curve_5,315,0.09077306091785431,0.9523809552192688
l_curve_5,316,0.09066160023212433,0.9523809552192688
l_curve_5,317,0.0905596986413002,0.9523809552192688
l_curve_5,318,0.0904555693268776,0.9523809552192688
l_curve_5,319,0.09034894406795502,0.9523809552192688
l_curve_5,320,0.0902445986866951,0.9523809552192688
l_curve_5,321,0.0901801809668541,0.9523809552192688
l_curve_5,322,0.09012879431247711,0.9523809552192688
l_curve_5,323,0.09006073325872421,0.9523809552192688
l_curve_5,324,0.08998508751392365,0.9523809552192688
l_curve_5,325,0.08991474658250809,0.9523809552192688
l_curve_5,326,0.089870385825634,0.9523809552192688
l_curve_5,327,0.08981224149465561,0.9523809552192688
l_curve_5,328,0.0897577702999115,0.9523809552192688
l_curve_5,329,0.0897049680352211,0.9523809552192688
l_curve_5,330,0.08963223546743393,0.9523809552192688
l_curve_5,331,0.0895400270819664,0.9523809552192688
l_curve_5,332,0.08944682031869888,0.9523809552192688
l_curve_5,333,0.08935379236936569,0.9523809552192688
l_curve_5,334,0.08922643214464188,0.9523809552192688
l_curve_5,335,0.08913744986057281,0.9523809552192688
l_curve_5,336,0.08904407918453217,0.9523809552192688
l_curve_5,337,0.08895368874073029,0.9523809552192688
l_curve_5,338,0.08884238451719284,0.9523809552192688
l_curve_5,339,0.08875564485788345,0.9523809552192688
l_curve_5,340,0.0886404886841774,0.9523809552192688
l_curve_5,341,0.08852225542068481,0.9523809552192688
l_curve_5,342,0.08842211216688156,0.9523809552192688
l_curve_5,343,0.08834198862314224,0.9523809552192688
l_curve_5,344,0.08832673728466034,0.9523809552192688
l_curve_5,345,0.08825529366731644,0.9523809552192688
l_curve_5,346,0.08817759901285172,0.9523809552192688
l_curve_5,347,0.08807443082332611,0.9523809552192688
l_curve_5,348,0.08796022832393646,0.9523809552192688
l_curve_5,349,0.0878870040178299,0.9523809552192688
l_curve_5,350,0.08780001848936081,0.9523809552192688
l_curve_5,351,0.08774345368146896,0.9523809552192688
l_curve_5,352,0.08765097707509995,0.9523809552192688
l_curve_5,353,0.08755522966384888,0.9523809552192688
l_curve_5,354,0.08746244758367538,0.9523809552192688
l_curve_5,355,0.08737963438034058,0.9523809552192688
l_curve_5,356,0.08735392242670059,0.9523809552192688
l_curve_5,357,0.08726449310779572,0.9523809552192688
l_curve_5,358,0.08720772713422775,0.9523809552192688
l_curve_5,359,0.0871458500623703,0.9523809552192688
l_curve_5,360,0.08708614110946655,0.9523809552192688
l_curve_5,361,0.08701753616333008,0.9523809552192688
l_curve_5,362,0.08698365837335587,0.9523809552192688
l_curve_5,363,0.08692623674869537,0.9523809552192688
l_curve_5,364,0.08689624816179276,0.9523809552192688
l_curve_5,365,0.08680582791566849,0.9523809552192688
l_curve_5,366,0.08671766519546509,0.9523809552192688
l_curve_5,367,0.08663947135210037,1.0
l_curve_5,368,0.08658034354448318,1.0
l_curve_5,369,0.08647920936346054,1.0
l_curve_5,370,0.08636949211359024,1.0
l_curve_5,371,0.08629091829061508,1.0
l_curve_5,372,0.08618615567684174,1.0
l_curve_5,373,0.08612225204706192,1.0
l_curve_5,374,0.08605436980724335,1.0
l_curve_5,375,0.08599656820297241,1.0
l_curve_5,376,0.08594720810651779,1.0
l_curve_5,377,0.08587195724248886,1.0
l_curve_5,378,0.0857982486486435,1.0
l_curve_5,379,0.08569297194480896,1.0
l_curve_5,380,0.08558692038059235,1.0
l_curve_5,381,0.08548976480960846,1.0
l_curve_5,382,0.08540687710046768,1.0
l_curve_5,383,0.08533226698637009,1.0
l_curve_5,384,0.08526630699634552,1.0
l_curve_5,385,0.08517817407846451,1.0
l_curve_5,386,0.08509621024131775,1.0
l_curve_5,387,0.08502446115016937,1.0
l_curve_5,388,0.08495219796895981,1.0
l_curve_5,389,0.08488060534000397,1.0
l_curve_5,390,0.08481332659721375,1.0
l_curve_5,391,0.08476310223340988,1.0
l_curve_5,392,0.08466845750808716,1.0
l_curve_5,393,0.08456161618232727,1.0
l_curve_5,394,0.08446704596281052,1.0
l_curve_5,395,0.08436709642410278,1.0
l_curve_5,396,0.08428428322076797,1.0
l_curve_5,397,0.08421348035335541,1.0
l_curve_5,398,0.0841417908668518,1.0
l_curve_5,399,0.08408664911985397,1.0
l_curve_5,400,0.08403009921312332,1.0
l_curve_5,401,0.08396930992603302,1.0
l_curve_5,402,0.08392162621021271,1.0
l_curve_5,403,0.08384571224451065,1.0
l_curve_5,404,0.08375147730112076,1.0
l_curve_5,405,0.08366240561008453,1.0
l_curve_5,406,0.08357598632574081,1.0
l_curve_5,407,0.08350857347249985,1.0
l_curve_5,408,0.0834788978099823,1.0
l_curve_5,409,0.08340223878622055,1.0
l_curve_5,410,0.08332783728837967,1.0
l_curve_5,411,0.08324626833200455,1.0
l_curve_5,412,0.08318658918142319,1.0
l_curve_5,413,0.08313842862844467,1.0
l_curve_5,414,0.08307056128978729,1.0
l_curve_5,415,0.0829978808760643,1.0
l_curve_5,416,0.08295797556638718,1.0
l_curve_5,417,0.08292298018932343,1.0
l_curve_5,418,0.08286673575639725,1.0
l_curve_5,419,0.08282420784235,1.0
l_curve_5,420,0.08276806771755219,1.0
l_curve_5,421,0.08271864056587219,1.0
l_curve_5,422,0.08267544209957123,1.0
l_curve_5,423,0.08262383937835693,1.0
l_curve_5,424,0.08255448192358017,1.0
l_curve_5,425,0.08247143030166626,1.0
l_curve_5,426,0.08243133872747421,1.0
l_curve_5,427,0.08239077031612396,1.0
l_curve_5,428,0.08232467621564865,1.0
l_curve_5,429,0.08224061876535416,1.0
l_curve_5,430,0.08216550201177597,1.0
l_curve_5,431,0.08210529386997223,1.0
l_curve_5,432,0.08201781660318375,1.0
l_curve_5,433,0.08191003650426865,1.0
l_curve_5,434,0.08182014524936676,1.0
l_curve_5,435,0.08173453062772751,1.0
l_curve_5,436,0.08164552599191666,1.0
l_curve_5,437,0.08158855140209198,1.0
l_curve_5,438,0.0815393254160881,1.0
l_curve_5,439,0.08149942755699158,1.0
l_curve_5,440,0.08143673837184906,1.0
l_curve_5,441,0.08136817067861557,1.0
l_curve_5,442,0.08133134245872498,1.0
l_curve_5,443,0.08126954734325409,1.0
l_curve_5,444,0.08120355010032654,1.0
l_curve_5,445,0.08114336431026459,1.0
l_curve_5,446,0.08109987527132034,1.0
l_curve_5,447,0.08101341873407364,1.0
l_curve_5,448,0.08092500269412994,1.0
l_curve_5,449,0.08087035268545151,1.0
l_curve_5,450,0.0808020755648613,1.0
l_curve_5,451,0.08074352145195007,1.0
l_curve_5,452,0.0806957334280014,1.0
l_curve_5,453,0.08065680414438248,1.0
l_curve_5,454,0.08061312139034271,1.0
l_curve_5,455,0.0805518850684166,1.0
l_curve_5,456,0.0804997980594635,1.0
l_curve_5,457,0.08047305792570114,1.0
l_curve_5,458,0.08042825758457184,1.0
l_curve_5,459,0.08039769530296326,1.0
l_curve_5,460,0.08035718649625778,1.0
l_curve_5,461,0.08030709624290466,1.0
l_curve_5,462,0.08028414100408554,1.0
l_curve_5,463,0.08026517927646637,1.0
l_curve_5,464,0.08019966632127762,1.0
l_curve_5,465,0.08012126386165619,1.0
l_curve_5,466,0.08005951344966888,1.0
l_curve_5,467,0.07999848574399948,1.0
l_curve_5,468,0.07990899682044983,1.0
l_curve_5,469,0.07982249557971954,1.0
l_curve_5,470,0.07974857091903687,1.0
l_curve_5,471,0.07967682927846909,1.0
l_curve_5,472,0.0796540379524231,1.0
l_curve_5,473,0.07963244616985321,1.0
l_curve_5,474,0.07957399636507034,1.0
l_curve_5,475,0.07953709363937378,1.0
l_curve_5,476,0.07948224246501923,1.0
l_curve_5,477,0.07939526438713074,1.0
l_curve_5,478,0.07934766262769699,1.0
l_curve_5,479,0.07929357141256332,1.0
l_curve_5,480,0.07923254370689392,1.0
l_curve_5,481,0.0791727751493454,1.0
l_curve_5,482,0.07914150506258011,1.0
l_curve_5,483,0.07906606793403625,1.0
l_curve_5,484,0.07900397479534149,1.0
l_curve_5,485,0.07893365621566772,1.0
l_curve_5,486,0.07891301810741425,1.0
l_curve_5,487,0.07886769622564316,1.0
l_curve_5,488,0.07880936563014984,1.0
l_curve_5,489,0.07877320796251297,1.0
l_curve_5,490,0.07870543748140335,1.0
l_curve_5,491,0.07864744961261749,1.0
l_curve_5,492,0.07861027121543884,1.0
l_curve_5,493,0.07856160402297974,1.0
l_curve_5,494,0.07849787175655365,1.0
l_curve_5,495,0.07842449098825455,1.0
l_curve_5,496,0.07835406064987183,1.0
l_curve_5,497,0.07829084992408752,1.0
l_curve_5,498,0.07826381921768188,1.0
l_curve_5,499,0.07821900397539139,1.0
l_curve_5,500,0.07821430265903473,1.0
l_curve_5,501,0.07817447930574417,1.0
l_curve_5,502,0.07816171646118164,1.0
l_curve_5,503,0.0781007632613182,1.0
l_curve_5,504,0.07805449515581131,1.0
l_curve_5,505,0.07799030840396881,1.0
l_curve_5,506,0.07792555540800095,1.0
l_curve_5,507,0.0778852105140686,1.0
l_curve_5,508,0.07784034311771393,1.0
l_curve_5,509,0.07778970897197723,1.0
l_curve_5,510,0.07773756235837936,1.0
l_curve_5,511,0.07766054570674896,1.0
l_curve_5,512,0.07760056108236313,1.0
l_curve_5,513,0.07755248248577118,1.0
l_curve_5,514,0.07749293744564056,1.0
l_curve_5,515,0.07745567709207535,1.0
l_curve_5,516,0.0774058923125267,1.0
l_curve_5,517,0.07733601331710815,1.0
l_curve_5,518,0.07727673649787903,1.0
l_curve_5,519,0.07721668481826782,1.0
l_curve_5,520,0.07714232057332993,1.0
l_curve_5,521,0.07708960771560669,1.0
l_curve_5,522,0.07705835998058319,1.0
l_curve_5,523,0.07699590176343918,1.0
l_curve_5,524,0.07695850729942322,1.0
l_curve_5,525,0.07691910862922668,1.0
l_curve_5,526,0.07688907533884048,1.0
l_curve_5,527,0.0768134817481041,1.0
l_curve_5,528,0.07678169012069702,1.0
l_curve_5,529,0.07676456868648529,1.0
l_curve_5,530,0.07672270387411118,1.0
l_curve_5,531,0.07666750997304916,1.0
l_curve_5,532,0.07663334906101227,1.0
l_curve_5,533,0.07661205530166626,1.0
l_curve_5,534,0.07658261060714722,1.0
l_curve_5,535,0.07652818411588669,1.0
l_curve_5,536,0.07648562639951706,1.0
l_curve_5,537,0.0764675959944725,1.0
l_curve_5,538,0.0764208436012268,1.0
l_curve_5,539,0.07637596875429153,1.0
l_curve_5,540,0.07632999867200851,1.0
l_curve_5,541,0.07629387080669403,1.0
l_curve_5,542,0.07626419514417648,1.0
l_curve_5,543,0.07625577598810196,1.0
l_curve_5,544,0.07621489465236664,1.0
l_curve_5,545,0.07615934312343597,1.0
l_curve_5,546,0.0760999396443367,1.0
l_curve_5,547,0.07606244087219238,1.0
l_curve_5,548,0.07602696120738983,1.0
l_curve_5,549,0.07599041610956192,1.0
l_curve_5,550,0.07594691216945648,1.0
l_curve_5,551,0.07590335607528687,1.0
l_curve_5,552,0.07586260139942169,1.0
l_curve_5,553,0.0758197084069252,1.0
l_curve_5,554,0.07577349990606308,1.0
l_curve_5,555,0.07575372606515884,1.0
l_curve_5,556,0.07570036500692368,1.0
l_curve_5,557,0.07564695924520493,1.0
l_curve_5,558,0.07558222115039825,1.0
l_curve_5,559,0.07552862167358398,1.0
l_curve_5,560,0.07550263404846191,1.0
l_curve_5,561,0.07547631859779358,1.0
l_curve_5,562,0.07546416670084,1.0
l_curve_5,563,0.07545416802167892,1.0
l_curve_5,564,0.07539542764425278,1.0
l_curve_5,565,0.07534395158290863,1.0
l_curve_5,566,0.07530534267425537,1.0
l_curve_5,567,0.07527760416269302,1.0
l_curve_5,568,0.07521525025367737,1.0
l_curve_5,569,0.07517345249652863,1.0
l_curve_5,570,0.07512331008911133,1.0
l_curve_5,571,0.07508388161659241,1.0
l_curve_5,572,0.07503942400217056,1.0
l_curve_5,573,0.07504304498434067,1.0
l_curve_5,574,0.07503797858953476,1.0
l_curve_5,575,0.07503568381071091,1.0
l_curve_5,576,0.07502523064613342,1.0
l_curve_5,577,0.07500346004962921,1.0
l_curve_5,578,0.074981190264225,1.0
l_curve_5,579,0.07494086772203445,1.0
l_curve_5,580,0.07487925887107849,1.0
l_curve_5,581,0.07483020424842834,1.0
l_curve_5,582,0.07478011399507523,1.0
l_curve_5,583,0.0747528225183487,1.0
l_curve_5,584,0.07470909506082535,1.0
l_curve_5,585,0.07465875893831253,1.0
l_curve_5,586,0.07462158799171448,1.0
l_curve_5,587,0.07456538826227188,1.0
l_curve_5,588,0.07452517747879028,1.0
l_curve_5,589,0.0745031014084816,1.0
l_curve_5,590,0.07445238530635834,1.0
l_curve_5,591,0.07441434264183044,1.0
l_curve_5,592,0.07435531914234161,1.0
l_curve_5,593,0.07430380582809448,1.0
l_curve_5,594,0.07426240295171738,1.0
l_curve_5,595,0.07421781867742538,1.0
l_curve_5,596,0.07416409999132156,1.0
l_curve_5,597,0.0741281509399414,1.0
l_curve_5,598,0.0741196721792221,1.0
l_curve_5,599,0.07405896484851837,1.0
l_curve_5,600,0.07400324195623398,1.0
l_curve_5,601,0.0739697590470314,1.0
l_curve_5,602,0.07392942160367966,1.0
l_curve_5,603,0.07390327751636505,1.0
l_curve_5,604,0.07385729998350143,1.0
l_curve_5,605,0.07381876558065414,1.0
l_curve_5,606,0.07380455732345581,1.0
l_curve_5,607,0.0737897977232933,1.0
l_curve_5,608,0.07377106696367264,1.0
l_curve_5,609,0.07374898344278336,1.0
l_curve_5,610,0.0737200528383255,1.0
l_curve_5,611,0.07369190454483032,1.0
l_curve_5,612,0.07365654408931732,1.0
l_curve_5,613,0.07360351830720901,1.0
l_curve_5,614,0.07358527183532715,1.0
l_curve_5,615,0.07356284558773041,1.0
l_curve_5,616,0.07351962476968765,1.0
l_curve_5,617,0.07346944510936737,1.0
l_curve_5,618,0.07342447340488434,1.0
l_curve_5,619,0.07339700311422348,1.0
l_curve_5,620,0.07335951924324036,1.0
l_curve_5,621,0.07335621863603592,1.0
l_curve_5,622,0.07333970069885254,1.0
l_curve_5,623,0.07328716665506363,1.0
l_curve_5,624,0.07325774431228638,1.0
l_curve_5,625,0.07322169095277786,1.0
l_curve_5,626,0.07319510728120804,1.0
l_curve_5,627,0.07315441220998764,1.0
l_curve_5,628,0.07310931384563446,1.0
l_curve_5,629,0.0730791687965393,1.0
l_curve_5,630,0.07305187731981277,1.0
l_curve_5,631,0.07301444560289383,1.0
l_curve_5,632,0.07297214865684509,1.0
l_curve_5,633,0.07293040305376053,1.0
l_curve_5,634,0.07291136682033539,1.0
l_curve_5,635,0.07289877533912659,1.0
l_curve_5,636,0.07286643981933594,1.0
l_curve_5,637,0.07283878326416016,1.0
l_curve_5,638,0.07281092554330826,1.0
l_curve_5,639,0.07278461754322052,1.0
l_curve_5,640,0.07276700437068939,1.0
l_curve_5,641,0.07276009023189545,1.0
l_curve_5,642,0.07276000082492828,1.0
l_curve_5,643,0.07273386418819427,1.0
l_curve_5,644,0.07270149886608124,1.0
l_curve_5,645,0.07264965772628784,1.0
l_curve_5,646,0.07261618226766586,1.0
l_curve_5,647,0.07260385900735855,1.0
l_curve_5,648,0.07257825136184692,1.0
l_curve_5,649,0.07252131402492523,1.0
l_curve_5,650,0.07247511297464371,1.0
l_curve_5,651,0.07241278141736984,1.0
l_curve_5,652,0.07236329466104507,1.0
l_curve_5,653,0.07233170419931412,1.0
l_curve_5,654,0.07231881469488144,1.0
l_curve_5,655,0.07227517664432526,1.0
l_curve_5,656,0.0722399353981018,1.0
l_curve_5,657,0.07222602516412735,1.0
l_curve_5,658,0.0721990168094635,1.0
l_curve_5,659,0.0722014531493187,1.0
l_curve_5,660,0.07215007394552231,1.0
l_curve_5,661,0.07212222367525101,1.0
l_curve_5,662,0.0720992237329483,1.0
l_curve_5,663,0.07206802070140839,1.0
l_curve_5,664,0.07201902568340302,1.0
l_curve_5,665,0.0719899982213974,1.0
l_curve_5,666,0.07193344086408615,1.0
l_curve_5,667,0.0718970075249672,1.0
l_curve_5,668,0.07186345756053925,1.0
l_curve_5,669,0.07185617834329605,1.0
l_curve_5,670,0.07182327657938004,1.0
l_curve_5,671,0.07181057333946228,1.0
l_curve_5,672,0.07179312407970428,1.0
l_curve_5,673,0.07176132500171661,1.0
l_curve_5,674,0.07174000144004822,1.0
l_curve_5,675,0.0717126801609993,1.0
l_curve_5,676,0.0716991052031517,1.0
l_curve_5,677,0.07165823131799698,1.0
l_curve_5,678,0.07162974029779434,1.0
l_curve_5,679,0.07158654183149338,1.0
l_curve_5,680,0.07155145704746246,1.0
l_curve_5,681,0.07151784002780914,1.0
l_curve_5,682,0.07147710025310516,1.0
l_curve_5,683,0.0714363381266594,1.0
l_curve_5,684,0.07142545282840729,1.0
l_curve_5,685,0.07144608348608017,1.0
l_curve_5,686,0.07144500315189362,1.0
l_curve_5,687,0.07144926488399506,1.0
l_curve_5,688,0.07140945643186569,1.0
l_curve_5,689,0.07135635614395142,1.0
l_curve_5,690,0.07129532098770142,1.0
l_curve_5,691,0.07122882455587387,1.0
l_curve_5,692,0.07119674980640411,1.0
l_curve_5,693,0.07117869704961777,1.0
l_curve_5,694,0.0711369588971138,1.0
l_curve_5,695,0.0710955336689949,1.0
l_curve_5,696,0.07106202840805054,1.0
l_curve_5,697,0.0710289254784584,1.0
l_curve_5,698,0.07098966836929321,1.0
l_curve_5,699,0.07097841799259186,1.0
l_curve_5,700,0.07098507136106491,1.0
l_curve_5,701,0.07096215337514877,1.0
l_curve_5,702,0.07093267142772675,1.0
l_curve_5,703,0.07088998705148697,1.0
l_curve_5,704,0.07085032016038895,1.0
l_curve_5,705,0.07082188129425049,1.0
l_curve_5,706,0.07080839574337006,1.0
l_curve_5,707,0.07079518586397171,1.0
l_curve_5,708,0.07075097411870956,1.0
l_curve_5,709,0.07069643586874008,1.0
l_curve_5,710,0.07066384702920914,1.0
l_curve_5,711,0.07065063714981079,1.0
l_curve_5,712,0.07064494490623474,1.0
l_curve_5,713,0.0706179291009903,1.0
l_curve_5,714,0.07058542966842651,1.0
l_curve_5,715,0.07058126479387283,1.0
l_curve_5,716,0.07057022303342819,1.0
l_curve_5,717,0.07059735804796219,1.0
l_curve_5,718,0.07059524208307266,1.0
l_curve_5,719,0.0705721527338028,1.0
l_curve_5,720,0.0705527663230896,1.0
l_curve_5,721,0.07053669542074203,1.0
l_curve_5,722,0.07051624357700348,1.0
l_curve_5,723,0.07051458954811096,1.0
l_curve_5,724,0.07049112021923065,1.0
l_curve_5,725,0.0704817920923233,1.0
l_curve_5,726,0.0704876109957695,1.0
l_curve_5,727,0.07046736776828766,1.0
l_curve_5,728,0.07042725384235382,1.0
l_curve_5,729,0.07040496170520782,1.0
l_curve_5,730,0.0703921690583229,1.0
l_curve_5,731,0.07035940140485764,1.0
l_curve_5,732,0.07032333314418793,1.0
l_curve_5,733,0.07029126584529877,1.0
l_curve_5,734,0.07025723159313202,1.0
l_curve_5,735,0.0702333152294159,1.0
l_curve_5,736,0.07023642957210541,1.0
l_curve_5,737,0.07020183652639389,1.0
l_curve_5,738,0.0701829269528389,1.0
l_curve_5,739,0.07016807049512863,1.0
l_curve_5,740,0.07015339285135269,1.0
l_curve_5,741,0.07014653831720352,1.0
l_curve_5,742,0.0701279491186142,1.0
l_curve_5,743,0.0700964704155922,1.0
l_curve_5,744,0.07007721811532974,1.0
l_curve_5,745,0.0700405016541481,1.0
l_curve_5,746,0.06999693810939789,1.0
l_curve_5,747,0.06995216757059097,1.0
l_curve_5,748,0.0699058398604393,1.0
l_curve_5,749,0.0698803961277008,1.0
l_curve_5,750,0.06985035538673401,1.0
l_curve_5,751,0.06984612345695496,1.0
l_curve_5,752,0.06980878114700317,1.0
l_curve_5,753,0.06977678835391998,1.0
l_curve_5,754,0.06976412981748581,1.0
l_curve_5,755,0.06976550817489624,1.0
l_curve_5,756,0.06975339353084564,1.0
l_curve_5,757,0.06972834467887878,1.0
l_curve_5,758,0.06971792131662369,1.0
l_curve_5,759,0.06971056014299393,1.0
l_curve_5,760,0.06973042339086533,1.0
l_curve_5,761,0.06971662491559982,1.0
l_curve_5,762,0.0697072222828865,1.0
l_curve_5,763,0.06970804184675217,1.0
l_curve_5,764,0.06968675553798676,1.0
l_curve_5,765,0.0696757361292839,1.0
l_curve_5,766,0.06965221464633942,1.0
l_curve_5,767,0.06962998956441879,1.0
l_curve_5,768,0.06963232904672623,1.0
l_curve_5,769,0.06963688880205154,1.0
l_curve_5,770,0.06961887329816818,1.0
l_curve_5,771,0.06959259510040283,1.0
l_curve_5,772,0.06955953687429428,1.0
l_curve_5,773,0.06951646506786346,1.0
l_curve_5,774,0.0694870874285698,1.0
l_curve_5,775,0.06947340816259384,1.0
l_curve_5,776,0.06944288313388824,1.0
l_curve_5,777,0.06945677101612091,1.0
l_curve_5,778,0.06947143375873566,1.0
l_curve_5,779,0.06946638971567154,1.0
l_curve_5,780,0.06946567445993423,1.0
l_curve_5,781,0.06943453848361969,1.0
l_curve_5,782,0.06939930468797684,1.0
l_curve_5,783,0.06936284154653549,1.0
l_curve_5,784,0.06934266537427902,1.0
l_curve_5,785,0.06930745393037796,1.0
l_curve_5,786,0.06930166482925415,1.0
l_curve_5,787,0.06928231567144394,1.0
l_curve_5,788,0.06926369667053223,1.0
l_curve_5,789,0.06924562156200409,1.0
l_curve_5,790,0.06924984604120255,1.0
l_curve_5,791,0.06923726946115494,1.0
l_curve_5,792,0.06921695172786713,1.0
l_curve_5,793,0.06923047453165054,1.0
l_curve_5,794,0.06919866800308228,1.0
l_curve_5,795,0.0691448524594307,1.0
l_curve_5,796,0.06912785768508911,1.0
l_curve_5,797,0.06911343336105347,1.0
l_curve_5,798,0.06909153610467911,1.0
l_curve_5,799,0.06907198578119278,1.0
l_curve_5,800,0.06905995309352875,1.0
l_curve_5,801,0.06904412806034088,1.0
l_curve_5,802,0.0690348669886589,1.0
l_curve_5,803,0.06902346760034561,1.0
l_curve_5,804,0.06901093572378159,1.0
l_curve_5,805,0.06900431960821152,1.0
l_curve_5,806,0.06897226721048355,1.0
l_curve_5,807,0.06894290447235107,1.0
l_curve_5,808,0.06892158091068268,1.0
l_curve_5,809,0.06888768076896667,1.0
l_curve_5,810,0.0688774511218071,1.0
l_curve_5,811,0.0688469186425209,1.0
l_curve_5,812,0.06884484738111496,1.0
l_curve_5,813,0.06881476193666458,1.0
l_curve_5,814,0.06878740340471268,1.0
l_curve_5,815,0.06877011060714722,1.0
l_curve_5,816,0.06874915957450867,1.0
l_curve_5,817,0.06872887164354324,1.0
l_curve_5,818,0.0687020793557167,1.0
l_curve_5,819,0.06868903338909149,1.0
l_curve_5,820,0.06868332624435425,1.0
l_curve_5,821,0.06868721544742584,1.0
l_curve_5,822,0.06868644058704376,1.0
l_curve_5,823,0.0686691403388977,1.0
l_curve_5,824,0.06863709539175034,1.0
l_curve_5,825,0.06859780848026276,1.0
l_curve_5,826,0.06855694204568863,1.0
l_curve_5,827,0.06855150312185287,1.0
l_curve_5,828,0.06852702051401138,1.0
l_curve_5,829,0.06848306953907013,1.0
l_curve_5,830,0.06845738738775253,1.0
l_curve_5,831,0.06840946525335312,1.0
l_curve_5,832,0.06834711879491806,1.0
l_curve_5,833,0.06831623613834381,1.0
l_curve_5,834,0.06827419251203537,1.0
l_curve_5,835,0.06824050843715668,1.0
l_curve_5,836,0.06820067018270493,1.0
l_curve_5,837,0.06819786131381989,1.0
l_curve_5,838,0.06817759573459625,1.0
l_curve_5,839,0.06818362325429916,1.0
l_curve_5,840,0.06818290799856186,1.0
l_curve_5,841,0.06814568489789963,1.0
l_curve_5,842,0.06810881942510605,1.0
l_curve_5,843,0.06807468086481094,1.0
l_curve_5,844,0.06805883347988129,1.0
l_curve_5,845,0.06803888827562332,1.0
l_curve_5,846,0.06803234666585922,1.0
l_curve_5,847,0.06802220642566681,1.0
l_curve_5,848,0.06803862750530243,1.0
l_curve_5,849,0.06803333014249802,1.0
l_curve_5,850,0.06800781190395355,1.0
l_curve_5,851,0.06797726452350616,1.0
l_curve_5,852,0.06795081496238708,1.0
l_curve_5,853,0.06794548034667969,1.0
l_curve_5,854,0.0679314061999321,1.0
l_curve_5,855,0.06792496144771576,1.0
l_curve_5,856,0.06793839484453201,1.0
l_curve_5,857,0.06791185587644577,1.0
l_curve_5,858,0.06787096709012985,1.0
l_curve_5,859,0.06783156096935272,1.0
l_curve_5,860,0.06780783087015152,1.0
l_curve_5,861,0.06775940209627151,1.0
l_curve_5,862,0.06773955374956131,1.0
l_curve_5,863,0.06772299110889435,1.0
l_curve_5,864,0.06772378832101822,1.0
l_curve_5,865,0.06773620843887329,1.0
l_curve_5,866,0.06772604584693909,1.0
l_curve_5,867,0.06769851595163345,1.0
l_curve_5,868,0.06767846643924713,1.0
l_curve_5,869,0.06767269223928452,1.0
l_curve_5,870,0.0676536113023758,1.0
l_curve_5,871,0.0676262155175209,1.0
l_curve_5,872,0.0676107257604599,1.0
l_curve_5,873,0.06760304421186447,1.0
l_curve_5,874,0.06759954243898392,1.0
l_curve_5,875,0.0675877034664154,1.0
l_curve_5,876,0.06757278740406036,1.0
l_curve_5,877,0.06756345182657242,1.0
l_curve_5,878,0.06754416972398758,1.0
l_curve_5,879,0.0675358772277832,1.0
l_curve_5,880,0.06753264367580414,1.0
l_curve_5,881,0.06753905117511749,1.0
l_curve_5,882,0.06753434240818024,1.0
l_curve_5,883,0.06750538945198059,1.0
l_curve_5,884,0.06747796386480331,1.0
l_curve_5,885,0.06746011972427368,1.0
l_curve_5,886,0.06742656975984573,1.0
l_curve_5,887,0.06743060052394867,1.0
l_curve_5,888,0.06745453178882599,1.0
l_curve_5,889,0.06742659211158752,1.0
l_curve_5,890,0.06738945096731186,1.0
l_curve_5,891,0.06738041341304779,1.0
l_curve_5,892,0.06733778119087219,1.0
l_curve_5,893,0.06731588393449783,1.0
l_curve_5,894,0.06729158759117126,1.0
l_curve_5,895,0.06728936731815338,1.0
l_curve_5,896,0.0672646090388298,1.0
l_curve_5,897,0.06725338846445084,1.0
l_curve_5,898,0.06726016849279404,1.0
l_curve_5,899,0.06723779439926147,1.0
l_curve_5,900,0.06721758842468262,1.0
l_curve_5,901,0.0672168955206871,1.0
l_curve_5,902,0.06719890981912613,1.0
l_curve_5,903,0.06719102710485458,1.0
l_curve_5,904,0.0671892911195755,1.0
l_curve_5,905,0.06718505918979645,1.0
l_curve_5,906,0.06715863943099976,1.0
l_curve_5,907,0.06715007871389389,1.0
l_curve_5,908,0.06711715459823608,1.0
l_curve_5,909,0.06706851720809937,1.0
l_curve_5,910,0.06705167144536972,1.0
l_curve_5,911,0.06703902781009674,1.0
l_curve_5,912,0.06701469421386719,1.0
l_curve_5,913,0.06698604673147202,1.0
l_curve_5,914,0.06696096807718277,1.0
l_curve_5,915,0.06694056838750839,1.0
l_curve_5,916,0.06692925095558167,1.0
l_curve_5,917,0.06691789627075195,1.0
l_curve_5,918,0.0669211745262146,1.0
l_curve_5,919,0.06688466668128967,1.0
l_curve_5,920,0.06684813648462296,1.0
l_curve_5,921,0.06683430820703506,1.0
l_curve_5,922,0.06684446334838867,1.0
l_curve_5,923,0.0668167993426323,1.0
l_curve_5,924,0.06681148707866669,1.0
l_curve_5,925,0.06679851561784744,1.0
l_curve_5,926,0.06676973402500153,1.0
l_curve_5,927,0.06675250083208084,1.0
l_curve_5,928,0.06675314158201218,1.0
l_curve_5,929,0.0667395144701004,1.0
l_curve_5,930,0.06671951711177826,1.0
l_curve_5,931,0.06670600920915604,1.0
l_curve_5,932,0.0667041465640068,1.0
l_curve_5,933,0.06669255346059799,1.0
l_curve_5,934,0.06669384986162186,1.0
l_curve_5,935,0.06667838245630264,1.0
l_curve_5,936,0.06666732579469681,1.0
l_curve_5,937,0.06666450202465057,1.0
l_curve_5,938,0.066658154129982,1.0
l_curve_5,939,0.06665106862783432,1.0
l_curve_5,940,0.0666319727897644,1.0
l_curve_5,941,0.06661979854106903,1.0
l_curve_5,942,0.06659338623285294,1.0
l_curve_5,943,0.06655862182378769,1.0
l_curve_5,944,0.066524438560009,1.0
l_curve_5,945,0.06652609258890152,1.0
l_curve_5,946,0.06653164327144623,1.0
l_curve_5,947,0.06650708615779877,1.0
l_curve_5,948,0.06649748235940933,1.0
l_curve_5,949,0.0665045902132988,1.0
l_curve_5,950,0.06650007516145706,1.0
l_curve_5,951,0.06647893041372299,1.0
l_curve_5,952,0.0664474368095398,1.0
l_curve_5,953,0.06646426022052765,1.0
l_curve_5,954,0.0664568692445755,1.0
l_curve_5,955,0.06644248962402344,1.0
l_curve_5,956,0.06643477827310562,1.0
l_curve_5,957,0.06641320139169693,1.0
l_curve_5,958,0.06639252603054047,1.0
l_curve_5,959,0.06637372076511383,1.0
l_curve_5,960,0.06637102365493774,1.0
l_curve_5,961,0.06637421995401382,1.0
l_curve_5,962,0.06636012345552444,1.0
l_curve_5,963,0.06634099036455154,1.0
l_curve_5,964,0.06632667779922485,1.0
l_curve_5,965,0.06630975753068924,1.0
l_curve_5,966,0.06630299985408783,1.0
l_curve_5,967,0.06627821922302246,1.0
l_curve_5,968,0.06623333692550659,1.0
l_curve_5,969,0.0661967322230339,1.0
l_curve_5,970,0.06615650653839111,1.0
l_curve_5,971,0.06613481789827347,1.0
l_curve_5,972,0.0660904124379158,1.0
l_curve_5,973,0.06607863306999207,1.0
l_curve_5,974,0.06606093794107437,1.0
l_curve_5,975,0.06604297459125519,1.0
l_curve_5,976,0.06603535264730453,1.0
l_curve_5,977,0.06602764874696732,1.0
l_curve_5,978,0.06600284576416016,1.0
l_curve_5,979,0.06599126756191254,1.0
l_curve_5,980,0.06595374643802643,1.0
l_curve_5,981,0.06590364873409271,1.0
l_curve_5,982,0.06587153673171997,1.0
l_curve_5,983,0.06584937125444412,1.0
l_curve_5,984,0.06581254303455353,1.0
l_curve_5,985,0.06579595804214478,1.0
l_curve_5,986,0.06575852632522583,1.0
l_curve_5,987,0.06573590636253357,1.0
l_curve_5,988,0.06573382765054703,1.0
l_curve_5,989,0.06573070585727692,1.0
l_curve_5,990,0.06570736318826675,1.0
l_curve_5,991,0.06569163501262665,1.0
l_curve_5,992,0.06566544622182846,1.0
l_curve_5,993,0.06564531475305557,1.0
l_curve_5,994,0.06562015414237976,1.0
l_curve_5,995,0.06562086194753647,1.0
l_curve_5,996,0.06561265885829926,1.0
l_curve_5,997,0.06558819860219955,1.0
l_curve_5,998,0.06557399779558182,1.0
l_curve_5,999,0.06554523855447769,1.0
l_curve_5,1000,0.06552478671073914,1.0
l_curve_5,1000,0.06552478671073914,1.0
