client,round,loss,accuracy
l_curve_1,1,0.9985044598579407,0.4285714328289032
l_curve_1,2,0.9648915529251099,0.4285714328289032
l_curve_1,3,0.9327475428581238,0.4285714328289032
l_curve_1,4,0.9025412201881409,0.4285714328289032
l_curve_1,5,0.87425696849823,0.4285714328289032
l_curve_1,6,0.8476660847663879,0.4285714328289032
l_curve_1,7,0.8230233192443848,0.4285714328289032
l_curve_1,8,0.8000544309616089,0.4285714328289032
l_curve_1,9,0.7786046266555786,0.4285714328289032
l_curve_1,10,0.7584344148635864,0.4285714328289032
l_curve_1,11,0.7394669055938721,0.4285714328289032
l_curve_1,12,0.7216629981994629,0.4285714328289032
l_curve_1,13,0.7050940990447998,0.4285714328289032
l_curve_1,14,0.6894676685333252,0.4285714328289032
l_curve_1,15,0.674651563167572,0.4285714328289032
l_curve_1,16,0.6606940031051636,0.523809552192688
l_curve_1,17,0.647307276725769,0.5714285969734192
l_curve_1,18,0.6345263719558716,0.7142857313156128
l_curve_1,19,0.6222094297409058,0.8095238208770752
l_curve_1,20,0.6105504035949707,0.8095238208770752
l_curve_1,21,0.5991834998130798,0.8095238208770752
l_curve_1,22,0.5881789326667786,0.8571428656578064
l_curve_1,23,0.5775651335716248,0.8571428656578064
l_curve_1,24,0.5674175024032593,0.8571428656578064
l_curve_1,25,0.5574585199356079,0.8571428656578064
l_curve_1,26,0.5475767850875854,0.9047619104385376
l_curve_1,27,0.5379651188850403,0.8571428656578064
l_curve_1,28,0.5285549759864807,0.8571428656578064
l_curve_1,29,0.5194800496101379,0.9047619104385376
l_curve_1,30,0.5104060173034668,0.9047619104385376
l_curve_1,31,0.501513659954071,0.9047619104385376
l_curve_1,32,0.4929407238960266,0.9047619104385376
l_curve_1,33,0.4846055209636688,0.9047619104385376
l_curve_1,34,0.4763041138648987,0.9047619104385376
l_curve_1,35,0.4682178497314453,0.9047619104385376
l_curve_1,36,0.4603334963321686,0.9047619104385376
l_curve_1,37,0.452484667301178,0.9047619104385376
l_curve_1,38,0.4448455572128296,0.9047619104385376
l_curve_1,39,0.4373953342437744,0.9047619104385376
l_curve_1,40,0.43019893765449524,0.9047619104385376
l_curve_1,41,0.42325228452682495,0.9047619104385376
l_curve_1,42,0.4163188934326172,0.9047619104385376
l_curve_1,43,0.40966397523880005,0.9047619104385376
l_curve_1,44,0.4031699001789093,0.9047619104385376
l_curve_1,45,0.3970277011394501,0.9523809552192688
l_curve_1,46,0.39099088311195374,0.9523809552192688
l_curve_1,47,0.3851454555988312,0.9523809552192688
l_curve_1,48,0.3794465661048889,0.9523809552192688
l_curve_1,49,0.37388843297958374,0.9523809552192688
l_curve_1,50,0.3684823513031006,0.9523809552192688
l_curve_1,51,0.3633997440338135,0.9523809552192688
l_curve_1,52,0.3583980202674866,0.9523809552192688
l_curve_1,53,0.3535155653953552,0.9523809552192688
l_curve_1,54,0.34886404871940613,0.9523809552192688
l_curve_1,55,0.3444279730319977,0.9523809552192688
l_curve_1,56,0.34016096591949463,1.0
l_curve_1,57,0.3359290659427643,1.0
l_curve_1,58,0.3319883644580841,1.0
l_curve_1,59,0.3281594216823578,1.0
l_curve_1,60,0.3245418965816498,1.0
l_curve_1,61,0.3210480809211731,1.0
l_curve_1,62,0.31767648458480835,1.0
l_curve_1,63,0.31440824270248413,1.0
l_curve_1,64,0.31129395961761475,1.0
l_curve_1,65,0.30836978554725647,1.0
l_curve_1,66,0.30547499656677246,1.0
l_curve_1,67,0.30269357562065125,1.0
l_curve_1,68,0.29992949962615967,1.0
l_curve_1,69,0.2973523736000061,1.0
l_curve_1,70,0.29486045241355896,1.0
l_curve_1,71,0.2925015091896057,1.0
l_curve_1,72,0.2901860475540161,1.0
l_curve_1,73,0.2879899740219116,1.0
l_curve_1,74,0.28585267066955566,1.0
l_curve_1,75,0.2838630676269531,1.0
l_curve_1,76,0.2819853723049164,1.0
l_curve_1,77,0.28020551800727844,1.0
l_curve_1,78,0.278416246175766,1.0
l_curve_1,79,0.27656883001327515,1.0
l_curve_1,80,0.2749108672142029,1.0
l_curve_1,81,0.2732117474079132,1.0
l_curve_1,82,0.2715889811515808,1.0
l_curve_1,83,0.27002254128456116,1.0
l_curve_1,84,0.2685622274875641,1.0
l_curve_1,85,0.26704683899879456,1.0
l_curve_1,86,0.26559266448020935,1.0
l_curve_1,87,0.26414063572883606,1.0
l_curve_1,88,0.2628133296966553,1.0
l_curve_1,89,0.2615755498409271,1.0
l_curve_1,90,0.2603374421596527,1.0
l_curve_1,91,0.25917696952819824,1.0
l_curve_1,92,0.258038729429245,1.0
l_curve_1,93,0.25691893696784973,1.0
l_curve_1,94,0.25583600997924805,1.0
l_curve_1,95,0.2547966539859772,1.0
l_curve_1,96,0.25375017523765564,1.0
l_curve_1,97,0.2526456117630005,1.0
l_curve_1,98,0.25162577629089355,1.0
l_curve_1,99,0.25061434507369995,1.0
l_curve_1,100,0.2496372014284134,1.0
l_curve_1,101,0.248771071434021,1.0
l_curve_1,102,0.24783359467983246,1.0
l_curve_1,103,0.24695760011672974,1.0
l_curve_1,104,0.2461128979921341,1.0
l_curve_1,105,0.24531546235084534,1.0
l_curve_1,106,0.24446457624435425,1.0
l_curve_1,107,0.24364617466926575,1.0
l_curve_1,108,0.24281056225299835,1.0
l_curve_1,109,0.24202792346477509,1.0
l_curve_1,110,0.24128063023090363,1.0
l_curve_1,111,0.24056223034858704,1.0
l_curve_1,112,0.23992447555065155,1.0
l_curve_1,113,0.23926499485969543,1.0
l_curve_1,114,0.23864705860614777,1.0
l_curve_1,115,0.238052636384964,1.0
l_curve_1,116,0.23744982481002808,1.0
l_curve_1,117,0.23693501949310303,1.0
l_curve_1,118,0.23628395795822144,1.0
l_curve_1,119,0.2356661856174469,1.0
l_curve_1,120,0.23508742451667786,1.0
l_curve_1,121,0.23441359400749207,1.0
l_curve_1,122,0.2338317483663559,1.0
l_curve_1,123,0.23323088884353638,1.0
l_curve_1,124,0.23261019587516785,1.0
l_curve_1,125,0.23202288150787354,1.0
l_curve_1,126,0.23151609301567078,1.0
l_curve_1,127,0.23103387653827667,1.0
l_curve_1,128,0.23046797513961792,1.0
l_curve_1,129,0.22998425364494324,1.0
l_curve_1,130,0.2293820083141327,1.0
l_curve_1,131,0.2289130538702011,1.0
l_curve_1,132,0.22845150530338287,1.0
l_curve_1,133,0.22798776626586914,1.0
l_curve_1,134,0.22754570841789246,1.0
l_curve_1,135,0.22708450257778168,1.0
l_curve_1,136,0.22660291194915771,1.0
l_curve_1,137,0.22613243758678436,1.0
l_curve_1,138,0.22569851577281952,1.0
l_curve_1,139,0.22532418370246887,1.0
l_curve_1,140,0.22495676577091217,1.0
l_curve_1,141,0.22463326156139374,1.0
l_curve_1,142,0.22426444292068481,1.0
l_curve_1,143,0.22384414076805115,1.0
l_curve_1,144,0.2234727144241333,1.0
l_curve_1,145,0.22309549152851105,1.0
l_curve_1,146,0.22269462049007416,1.0
l_curve_1,147,0.2223440408706665,1.0
l_curve_1,148,0.221969336271286,1.0
l_curve_1,149,0.2215486764907837,1.0
l_curve_1,150,0.2212495058774948,1.0
l_curve_1,151,0.22090031206607819,1.0
l_curve_1,152,0.2205202728509903,1.0
l_curve_1,153,0.2201346904039383,1.0
l_curve_1,154,0.21979495882987976,1.0
l_curve_1,155,0.21944940090179443,1.0
l_curve_1,156,0.2190605103969574,1.0
l_curve_1,157,0.2187539041042328,1.0
l_curve_1,158,0.21843501925468445,1.0
l_curve_1,159,0.2181357592344284,1.0
l_curve_1,160,0.2178764045238495,1.0
l_curve_1,161,0.2175370454788208,1.0
l_curve_1,162,0.21718715131282806,1.0
l_curve_1,163,0.2168370634317398,1.0
l_curve_1,164,0.21651074290275574,1.0
l_curve_1,165,0.21620069444179535,1.0
l_curve_1,166,0.21594403684139252,1.0
l_curve_1,167,0.21575598418712616,1.0
l_curve_1,168,0.21550200879573822,1.0
l_curve_1,169,0.21521593630313873,1.0
l_curve_1,170,0.21499669551849365,1.0
l_curve_1,171,0.21474488079547882,1.0
l_curve_1,172,0.21448057889938354,1.0
l_curve_1,173,0.21424293518066406,1.0
l_curve_1,174,0.21394838392734528,1.0
l_curve_1,175,0.21372215449810028,1.0
l_curve_1,176,0.21343638002872467,1.0
l_curve_1,177,0.21322102844715118,1.0
l_curve_1,178,0.2129618376493454,1.0
l_curve_1,179,0.2126682847738266,1.0
l_curve_1,180,0.2123984396457672,1.0
l_curve_1,181,0.2121920883655548,1.0
l_curve_1,182,0.21197080612182617,1.0
l_curve_1,183,0.21182715892791748,1.0
l_curve_1,184,0.21161945164203644,1.0
l_curve_1,185,0.21139682829380035,1.0
l_curve_1,186,0.21124544739723206,1.0
l_curve_1,187,0.21108445525169373,1.0
l_curve_1,188,0.21087658405303955,1.0
l_curve_1,189,0.21072296798229218,1.0
l_curve_1,190,0.21051906049251556,1.0
l_curve_1,191,0.21030986309051514,1.0
l_curve_1,192,0.21004638075828552,1.0
l_curve_1,193,0.20983274281024933,1.0
l_curve_1,194,0.209599107503891,1.0
l_curve_1,195,0.20937134325504303,1.0
l_curve_1,196,0.20907710492610931,1.0
l_curve_1,197,0.20881040394306183,1.0
l_curve_1,198,0.20861585438251495,1.0
l_curve_1,199,0.20842629671096802,1.0
l_curve_1,200,0.20819294452667236,1.0
l_curve_1,201,0.20799295604228973,1.0
l_curve_1,202,0.207859069108963,1.0
l_curve_1,203,0.20767515897750854,1.0
l_curve_1,204,0.20751242339611053,1.0
l_curve_1,205,0.20736052095890045,1.0
l_curve_1,206,0.20718953013420105,1.0
l_curve_1,207,0.2069563865661621,1.0
l_curve_1,208,0.20673014223575592,1.0
l_curve_1,209,0.2065553367137909,1.0
l_curve_1,210,0.20638787746429443,1.0
l_curve_1,211,0.206231951713562,1.0
l_curve_1,212,0.20616252720355988,1.0
l_curve_1,213,0.20598238706588745,1.0
l_curve_1,214,0.20581869781017303,1.0
l_curve_1,215,0.2056647688150406,1.0
l_curve_1,216,0.20546376705169678,1.0
l_curve_1,217,0.20524175465106964,1.0
l_curve_1,218,0.2050156593322754,1.0
l_curve_1,219,0.20490723848342896,1.0
l_curve_1,220,0.20481416583061218,1.0
l_curve_1,221,0.20466391742229462,1.0
l_curve_1,222,0.20454511046409607,1.0
l_curve_1,223,0.20444652438163757,1.0
l_curve_1,224,0.20433920621871948,1.0
l_curve_1,225,0.20423802733421326,1.0
l_curve_1,226,0.20418643951416016,1.0
l_curve_1,227,0.20401613414287567,1.0
l_curve_1,228,0.20389258861541748,1.0
l_curve_1,229,0.2038324922323227,1.0
l_curve_1,230,0.20376288890838623,1.0
l_curve_1,231,0.20356260240077972,1.0
l_curve_1,232,0.2033056914806366,1.0
l_curve_1,233,0.20314745604991913,1.0
l_curve_1,234,0.20300833880901337,1.0
l_curve_1,235,0.20284245908260345,1.0
l_curve_1,236,0.20265714824199677,1.0
l_curve_1,237,0.20252102613449097,1.0
l_curve_1,238,0.20240944623947144,1.0
l_curve_1,239,0.20230090618133545,1.0
l_curve_1,240,0.20220063626766205,1.0
l_curve_1,241,0.20204314589500427,1.0
l_curve_1,242,0.20183438062667847,1.0
l_curve_1,243,0.2017161101102829,1.0
l_curve_1,244,0.20158915221691132,1.0
l_curve_1,245,0.2014889270067215,1.0
l_curve_1,246,0.20136047899723053,1.0
l_curve_1,247,0.2012878656387329,1.0
l_curve_1,248,0.2012275904417038,1.0
l_curve_1,249,0.20122453570365906,1.0
l_curve_1,250,0.2011486291885376,1.0
l_curve_1,251,0.20108188688755035,1.0
l_curve_1,252,0.2009745091199875,1.0
l_curve_1,253,0.20084524154663086,1.0
l_curve_1,254,0.2007671594619751,1.0
l_curve_1,255,0.20067083835601807,1.0
l_curve_1,256,0.20051158964633942,1.0
l_curve_1,257,0.2003457248210907,1.0
l_curve_1,258,0.2002013474702835,1.0
l_curve_1,259,0.20004822313785553,1.0
l_curve_1,260,0.19990995526313782,1.0
l_curve_1,261,0.19972996413707733,1.0
l_curve_1,262,0.19958731532096863,1.0
l_curve_1,263,0.19951733946800232,1.0
l_curve_1,264,0.19941647350788116,1.0
l_curve_1,265,0.19931988418102264,1.0
l_curve_1,266,0.19930748641490936,1.0
l_curve_1,267,0.19922468066215515,1.0
l_curve_1,268,0.1990966498851776,1.0
l_curve_1,269,0.19900356233119965,1.0
l_curve_1,270,0.19891178607940674,1.0
l_curve_1,271,0.19880467653274536,1.0
l_curve_1,272,0.1987244337797165,1.0
l_curve_1,273,0.19857995212078094,1.0
l_curve_1,274,0.19845403730869293,1.0
l_curve_1,275,0.19839391112327576,1.0
l_curve_1,276,0.19831697642803192,1.0
l_curve_1,277,0.19819840788841248,1.0
l_curve_1,278,0.19808265566825867,1.0
l_curve_1,279,0.19799406826496124,1.0
l_curve_1,280,0.19790025055408478,1.0
l_curve_1,281,0.19782838225364685,1.0
l_curve_1,282,0.19771446287631989,1.0
l_curve_1,283,0.19759529829025269,1.0
l_curve_1,284,0.19744877517223358,1.0
l_curve_1,285,0.1974562704563141,1.0
l_curve_1,286,0.1974150538444519,1.0
l_curve_1,287,0.1973208636045456,1.0
l_curve_1,288,0.19721205532550812,1.0
l_curve_1,289,0.19715261459350586,1.0
l_curve_1,290,0.19710640609264374,1.0
l_curve_1,291,0.19708339869976044,1.0
l_curve_1,292,0.19699139893054962,1.0
l_curve_1,293,0.19683511555194855,1.0
l_curve_1,294,0.1967376470565796,1.0
l_curve_1,295,0.1966690719127655,1.0
l_curve_1,296,0.19652950763702393,1.0
l_curve_1,297,0.19648325443267822,1.0
l_curve_1,298,0.1965695321559906,1.0
l_curve_1,299,0.19646631181240082,1.0
l_curve_1,300,0.19637489318847656,1.0
l_curve_1,301,0.19623340666294098,1.0
l_curve_1,302,0.1961362659931183,1.0
l_curve_1,303,0.19606249034404755,1.0
l_curve_1,304,0.19604133069515228,1.0
l_curve_1,305,0.19593043625354767,1.0
l_curve_1,306,0.19588695466518402,1.0
l_curve_1,307,0.19581320881843567,1.0
l_curve_1,308,0.19566181302070618,1.0
l_curve_1,309,0.19561150670051575,1.0
l_curve_1,310,0.195547416806221,1.0
l_curve_1,311,0.19543492794036865,1.0
l_curve_1,312,0.19541457295417786,1.0
l_curve_1,313,0.1953151375055313,1.0
l_curve_1,314,0.1952185332775116,1.0
l_curve_1,315,0.19509775936603546,1.0
l_curve_1,316,0.19497044384479523,1.0
l_curve_1,317,0.19492939114570618,1.0
l_curve_1,318,0.1948709785938263,1.0
l_curve_1,319,0.19479019939899445,1.0
l_curve_1,320,0.19475001096725464,1.0
l_curve_1,321,0.1947915405035019,1.0
l_curve_1,322,0.19473393261432648,1.0
l_curve_1,323,0.194681778550148,1.0
l_curve_1,324,0.19461219012737274,1.0
l_curve_1,325,0.19455038011074066,1.0
l_curve_1,326,0.19458086788654327,1.0
l_curve_1,327,0.1946413367986679,1.0
l_curve_1,328,0.19461345672607422,1.0
l_curve_1,329,0.19457152485847473,1.0
l_curve_1,330,0.1944211721420288,1.0
l_curve_1,331,0.19427944719791412,1.0
l_curve_1,332,0.19422981142997742,1.0
l_curve_1,333,0.19418668746948242,1.0
l_curve_1,334,0.19408880174160004,1.0
l_curve_1,335,0.19408047199249268,1.0
l_curve_1,336,0.19406354427337646,1.0
l_curve_1,337,0.1939649134874344,1.0
l_curve_1,338,0.19385354220867157,1.0
l_curve_1,339,0.1937762200832367,1.0
l_curve_1,340,0.1936837136745453,1.0
l_curve_1,341,0.19355913996696472,1.0
l_curve_1,342,0.1935216188430786,1.0
l_curve_1,343,0.19343814253807068,1.0
l_curve_1,344,0.19348092377185822,1.0
l_curve_1,345,0.19340775907039642,1.0
l_curve_1,346,0.19325269758701324,1.0
l_curve_1,347,0.1930815875530243,1.0
l_curve_1,348,0.1929377168416977,1.0
l_curve_1,349,0.1928558051586151,1.0
l_curve_1,350,0.19278457760810852,1.0
l_curve_1,351,0.19285157322883606,1.0
l_curve_1,352,0.19275522232055664,1.0
l_curve_1,353,0.19260796904563904,1.0
l_curve_1,354,0.19248631596565247,1.0
l_curve_1,355,0.19242075085639954,1.0
l_curve_1,356,0.1925177127122879,1.0
l_curve_1,357,0.19245511293411255,1.0
l_curve_1,358,0.19243617355823517,1.0
l_curve_1,359,0.1924418956041336,1.0
l_curve_1,360,0.19242511689662933,1.0
l_curve_1,361,0.19239270687103271,1.0
l_curve_1,362,0.19248788058757782,1.0
l_curve_1,363,0.1924944818019867,1.0
l_curve_1,364,0.1925697773694992,1.0
l_curve_1,365,0.19253890216350555,1.0
l_curve_1,366,0.19250284135341644,1.0
l_curve_1,367,0.19247663021087646,1.0
l_curve_1,368,0.19245649874210358,1.0
l_curve_1,369,0.19235406816005707,1.0
l_curve_1,370,0.19226551055908203,1.0
l_curve_1,371,0.19224514067173004,1.0
l_curve_1,372,0.1921401470899582,1.0
l_curve_1,373,0.1920880526304245,1.0
l_curve_1,374,0.19202136993408203,1.0
l_curve_1,375,0.19196364283561707,1.0
l_curve_1,376,0.1920253187417984,1.0
l_curve_1,377,0.19196276366710663,1.0
l_curve_1,378,0.19191405177116394,1.0
l_curve_1,379,0.19182343780994415,1.0
l_curve_1,380,0.1916949450969696,1.0
l_curve_1,381,0.1915825456380844,1.0
l_curve_1,382,0.1914527267217636,1.0
l_curve_1,383,0.19135570526123047,1.0
l_curve_1,384,0.19133999943733215,1.0
l_curve_1,385,0.19126302003860474,1.0
l_curve_1,386,0.19118660688400269,1.0
l_curve_1,387,0.1911022812128067,1.0
l_curve_1,388,0.19114276766777039,1.0
l_curve_1,389,0.19110004603862762,1.0
l_curve_1,390,0.19108270108699799,1.0
l_curve_1,391,0.1910819560289383,1.0
l_curve_1,392,0.19101962447166443,1.0
l_curve_1,393,0.19095294177532196,1.0
l_curve_1,394,0.19089165329933167,1.0
l_curve_1,395,0.19081279635429382,1.0
l_curve_1,396,0.19078762829303741,1.0
l_curve_1,397,0.190807044506073,1.0
l_curve_1,398,0.19077037274837494,1.0
l_curve_1,399,0.1907896101474762,1.0
l_curve_1,400,0.19070002436637878,1.0
l_curve_1,401,0.1906609833240509,1.0
l_curve_1,402,0.19073781371116638,1.0
l_curve_1,403,0.19069471955299377,1.0
l_curve_1,404,0.1905837506055832,1.0
l_curve_1,405,0.19046565890312195,1.0
l_curve_1,406,0.19033890962600708,1.0
l_curve_1,407,0.1903040111064911,1.0
l_curve_1,408,0.19033923745155334,1.0
l_curve_1,409,0.1902690827846527,1.0
l_curve_1,410,0.19019129872322083,1.0
l_curve_1,411,0.19010813534259796,1.0
l_curve_1,412,0.19008509814739227,1.0
l_curve_1,413,0.19009247422218323,1.0
l_curve_1,414,0.19007360935211182,1.0
l_curve_1,415,0.19005811214447021,1.0
l_curve_1,416,0.19016095995903015,1.0
l_curve_1,417,0.1902559995651245,1.0
l_curve_1,418,0.19017483294010162,1.0
l_curve_1,419,0.19014273583889008,1.0
l_curve_1,420,0.19010986387729645,1.0
l_curve_1,421,0.19007007777690887,1.0
l_curve_1,422,0.19011981785297394,1.0
l_curve_1,423,0.19012320041656494,1.0
l_curve_1,424,0.19003497064113617,1.0
l_curve_1,425,0.18996484577655792,1.0
l_curve_1,426,0.189999058842659,1.0
l_curve_1,427,0.18993008136749268,1.0
l_curve_1,428,0.1898123025894165,1.0
l_curve_1,429,0.18963773548603058,1.0
l_curve_1,430,0.18958702683448792,1.0
l_curve_1,431,0.1895359307527542,1.0
l_curve_1,432,0.18948008120059967,1.0
l_curve_1,433,0.1893664449453354,1.0
l_curve_1,434,0.1892593652009964,1.0
l_curve_1,435,0.18918871879577637,1.0
l_curve_1,436,0.18913361430168152,1.0
l_curve_1,437,0.1890764981508255,1.0
l_curve_1,438,0.1890905797481537,1.0
l_curve_1,439,0.1891310065984726,1.0
l_curve_1,440,0.18916600942611694,1.0
l_curve_1,441,0.18910880386829376,1.0
l_curve_1,442,0.18914395570755005,1.0
l_curve_1,443,0.18906652927398682,1.0
l_curve_1,444,0.18897460401058197,1.0
l_curve_1,445,0.18890325725078583,1.0
l_curve_1,446,0.18890513479709625,1.0
l_curve_1,447,0.18882644176483154,1.0
l_curve_1,448,0.18877801299095154,1.0
l_curve_1,449,0.1888130009174347,1.0
l_curve_1,450,0.1887863576412201,1.0
l_curve_1,451,0.1888384073972702,1.0
l_curve_1,452,0.18887634575366974,1.0
l_curve_1,453,0.18888609111309052,1.0
l_curve_1,454,0.18890345096588135,1.0
l_curve_1,455,0.18884627521038055,1.0
l_curve_1,456,0.18887434899806976,1.0
l_curve_1,457,0.18889157474040985,1.0
l_curve_1,458,0.18887154757976532,1.0
l_curve_1,459,0.188862606883049,1.0
l_curve_1,460,0.18887341022491455,1.0
l_curve_1,461,0.18888692557811737,1.0
l_curve_1,462,0.18892860412597656,1.0
l_curve_1,463,0.18901225924491882,1.0
l_curve_1,464,0.18900924921035767,1.0
l_curve_1,465,0.18895670771598816,1.0
l_curve_1,466,0.1888921856880188,1.0
l_curve_1,467,0.18876145780086517,1.0
l_curve_1,468,0.18861839175224304,1.0
l_curve_1,469,0.1885010004043579,1.0
l_curve_1,470,0.18833300471305847,1.0
l_curve_1,471,0.18821829557418823,1.0
l_curve_1,472,0.18821951746940613,1.0
l_curve_1,473,0.18828517198562622,1.0
l_curve_1,474,0.18830397725105286,1.0
l_curve_1,475,0.18834860622882843,1.0
l_curve_1,476,0.1883324533700943,1.0
l_curve_1,477,0.18823029100894928,1.0
l_curve_1,478,0.1882098913192749,1.0
l_curve_1,479,0.18817399442195892,1.0
l_curve_1,480,0.18815527856349945,1.0
l_curve_1,481,0.18818454444408417,1.0
l_curve_1,482,0.18829908967018127,1.0
l_curve_1,483,0.18820537626743317,1.0
l_curve_1,484,0.18813614547252655,1.0
l_curve_1,485,0.1880354881286621,1.0
l_curve_1,486,0.18804723024368286,1.0
l_curve_1,487,0.18807201087474823,1.0
l_curve_1,488,0.1880285143852234,1.0
l_curve_1,489,0.18803808093070984,1.0
l_curve_1,490,0.1879504919052124,1.0
l_curve_1,491,0.18789108097553253,1.0
l_curve_1,492,0.18791715800762177,1.0
l_curve_1,493,0.18787133693695068,1.0
l_curve_1,494,0.1877760887145996,1.0
l_curve_1,495,0.18763507902622223,1.0
l_curve_1,496,0.1875583380460739,1.0
l_curve_1,497,0.18751351535320282,1.0
l_curve_1,498,0.1875593364238739,1.0
l_curve_1,499,0.1875120848417282,1.0
l_curve_1,500,0.1876068115234375,1.0
l_curve_1,501,0.18758870661258698,1.0
l_curve_1,502,0.18758031725883484,1.0
l_curve_1,503,0.187448188662529,1.0
l_curve_1,504,0.187433123588562,1.0
l_curve_1,505,0.1873955875635147,1.0
l_curve_1,506,0.1873706579208374,1.0
l_curve_1,507,0.18738000094890594,1.0
l_curve_1,508,0.18737100064754486,1.0
l_curve_1,509,0.18730910122394562,1.0
l_curve_1,510,0.18728376924991608,1.0
l_curve_1,511,0.1871670037508011,1.0
l_curve_1,512,0.1871604025363922,1.0
l_curve_1,513,0.1871034950017929,1.0
l_curve_1,514,0.18711355328559875,1.0
l_curve_1,515,0.18713130056858063,1.0
l_curve_1,516,0.1871059685945511,1.0
l_curve_1,517,0.1869882047176361,1.0
l_curve_1,518,0.18693339824676514,1.0
l_curve_1,519,0.18686378002166748,1.0
l_curve_1,520,0.18674921989440918,1.0
l_curve_1,521,0.18665780127048492,1.0
l_curve_1,522,0.18669471144676208,1.0
l_curve_1,523,0.18660783767700195,1.0
l_curve_1,524,0.18657831847667694,1.0
l_curve_1,525,0.18662366271018982,1.0
l_curve_1,526,0.1866762936115265,1.0
l_curve_1,527,0.18662412464618683,1.0
l_curve_1,528,0.18659299612045288,1.0
l_curve_1,529,0.18667928874492645,1.0
l_curve_1,530,0.18670976161956787,1.0
l_curve_1,531,0.1866411715745926,1.0
l_curve_1,532,0.18671075999736786,1.0
l_curve_1,533,0.18675951659679413,1.0
l_curve_1,534,0.18676821887493134,1.0
l_curve_1,535,0.1867443025112152,1.0
l_curve_1,536,0.18677975237369537,1.0
l_curve_1,537,0.18679821491241455,1.0
l_curve_1,538,0.1867864429950714,1.0
l_curve_1,539,0.18681679666042328,1.0
l_curve_1,540,0.186794251203537,1.0
l_curve_1,541,0.1868029087781906,1.0
l_curve_1,542,0.1867680847644806,1.0
l_curve_1,543,0.1868046224117279,1.0
l_curve_1,544,0.18673861026763916,1.0
l_curve_1,545,0.18660219013690948,1.0
l_curve_1,546,0.18655307590961456,1.0
l_curve_1,547,0.18656465411186218,1.0
l_curve_1,548,0.1865648329257965,1.0
l_curve_1,549,0.18649761378765106,1.0
l_curve_1,550,0.18642838299274445,1.0
l_curve_1,551,0.18639318645000458,1.0
l_curve_1,552,0.18634934723377228,1.0
l_curve_1,553,0.1863202601671219,1.0
l_curve_1,554,0.18626466393470764,1.0
l_curve_1,555,0.18630501627922058,1.0
l_curve_1,556,0.18628594279289246,1.0
l_curve_1,557,0.18629305064678192,1.0
l_curve_1,558,0.18625508248806,1.0
l_curve_1,559,0.18628595769405365,1.0
l_curve_1,560,0.18627379834651947,1.0
l_curve_1,561,0.18623769283294678,1.0
l_curve_1,562,0.1863074004650116,1.0
l_curve_1,563,0.1864337921142578,1.0
l_curve_1,564,0.18635669350624084,1.0
l_curve_1,565,0.18629269301891327,1.0
l_curve_1,566,0.18623320758342743,1.0
l_curve_1,567,0.18627788126468658,1.0
l_curve_1,568,0.18619206547737122,1.0
l_curve_1,569,0.1861642599105835,1.0
l_curve_1,570,0.18610550463199615,1.0
l_curve_1,571,0.18603262305259705,1.0
l_curve_1,572,0.18601375818252563,1.0
l_curve_1,573,0.18608272075653076,1.0
l_curve_1,574,0.18607951700687408,1.0
l_curve_1,575,0.18606378138065338,1.0
l_curve_1,576,0.1860116720199585,1.0
l_curve_1,577,0.18603810667991638,1.0
l_curve_1,578,0.18604663014411926,1.0
l_curve_1,579,0.18603003025054932,1.0
l_curve_1,580,0.1859680861234665,1.0
l_curve_1,581,0.18596351146697998,1.0
l_curve_1,582,0.1859176903963089,1.0
l_curve_1,583,0.18597643077373505,1.0
l_curve_1,584,0.1859443038702011,1.0
l_curve_1,585,0.18593575060367584,1.0
l_curve_1,586,0.18596115708351135,1.0
l_curve_1,587,0.18585678935050964,1.0
l_curve_1,588,0.18580977618694305,1.0
l_curve_1,589,0.18578536808490753,1.0
l_curve_1,590,0.1857433170080185,1.0
l_curve_1,591,0.18572843074798584,1.0
l_curve_1,592,0.1856386512517929,1.0
l_curve_1,593,0.18556399643421173,1.0
l_curve_1,594,0.1855924427509308,1.0
l_curve_1,595,0.18559235334396362,1.0
l_curve_1,596,0.18553683161735535,1.0
l_curve_1,597,0.1854962557554245,1.0
l_curve_1,598,0.1855277568101883,1.0
l_curve_1,599,0.18543976545333862,1.0
l_curve_1,600,0.1853923350572586,1.0
l_curve_1,601,0.18540199100971222,1.0
l_curve_1,602,0.18535855412483215,1.0
l_curve_1,603,0.1853501945734024,1.0
l_curve_1,604,0.18540143966674805,1.0
l_curve_1,605,0.185543030500412,1.0
l_curve_1,606,0.18564818799495697,1.0
l_curve_1,607,0.18571065366268158,1.0
l_curve_1,608,0.18571226298809052,1.0
l_curve_1,609,0.18569102883338928,1.0
l_curve_1,610,0.18564769625663757,1.0
l_curve_1,611,0.18562789261341095,1.0
l_curve_1,612,0.18561379611492157,1.0
l_curve_1,613,0.1855916976928711,1.0
l_curve_1,614,0.18564191460609436,1.0
l_curve_1,615,0.18560795485973358,1.0
l_curve_1,616,0.18558965623378754,1.0
l_curve_1,617,0.18556106090545654,1.0
l_curve_1,618,0.18554946780204773,1.0
l_curve_1,619,0.18559329211711884,1.0
l_curve_1,620,0.1856289654970169,1.0
l_curve_1,621,0.1856219470500946,1.0
l_curve_1,622,0.18560758233070374,1.0
l_curve_1,623,0.1855449378490448,1.0
l_curve_1,624,0.1854880452156067,1.0
l_curve_1,625,0.18554477393627167,1.0
l_curve_1,626,0.18558600544929504,1.0
l_curve_1,627,0.18550382554531097,1.0
l_curve_1,628,0.18549035489559174,1.0
l_curve_1,629,0.18555136024951935,1.0
l_curve_1,630,0.18553698062896729,1.0
l_curve_1,631,0.18546099960803986,1.0
l_curve_1,632,0.18541951477527618,1.0
l_curve_1,633,0.1854018270969391,1.0
l_curve_1,634,0.185476154088974,1.0
l_curve_1,635,0.1854548156261444,1.0
l_curve_1,636,0.18543927371501923,1.0
l_curve_1,637,0.18540538847446442,1.0
l_curve_1,638,0.1853146255016327,1.0
l_curve_1,639,0.18534055352210999,1.0
l_curve_1,640,0.18543441593647003,1.0
l_curve_1,641,0.18553119897842407,1.0
l_curve_1,642,0.18557210266590118,1.0
l_curve_1,643,0.18555475771427155,1.0
l_curve_1,644,0.1856072098016739,1.0
l_curve_1,645,0.1855706423521042,1.0
l_curve_1,646,0.1855378895998001,1.0
l_curve_1,647,0.18553005158901215,1.0
l_curve_1,648,0.18549343943595886,1.0
l_curve_1,649,0.1854025274515152,1.0
l_curve_1,650,0.1853564977645874,1.0
l_curve_1,651,0.1853248029947281,1.0
l_curve_1,652,0.1853024661540985,1.0
l_curve_1,653,0.18535058200359344,1.0
l_curve_1,654,0.1853632628917694,1.0
l_curve_1,655,0.18530705571174622,1.0
l_curve_1,656,0.1853107362985611,1.0
l_curve_1,657,0.18543003499507904,1.0
l_curve_1,658,0.18542902171611786,1.0
l_curve_1,659,0.18551617860794067,1.0
l_curve_1,660,0.18544118106365204,1.0
l_curve_1,661,0.18544013798236847,1.0
l_curve_1,662,0.1854463666677475,1.0
l_curve_1,663,0.18545164167881012,1.0
l_curve_1,664,0.18538913130760193,1.0
l_curve_1,665,0.1853652000427246,1.0
l_curve_1,666,0.18525665998458862,1.0
l_curve_1,667,0.18522797524929047,1.0
l_curve_1,668,0.18527881801128387,1.0
l_curve_1,669,0.18533703684806824,1.0
l_curve_1,670,0.18529310822486877,1.0
l_curve_1,671,0.1853075623512268,1.0
l_curve_1,672,0.1853107511997223,1.0
l_curve_1,673,0.1852387934923172,1.0
l_curve_1,674,0.18526813387870789,1.0
l_curve_1,675,0.18526209890842438,1.0
l_curve_1,676,0.18529032170772552,1.0
l_curve_1,677,0.1852569580078125,1.0
l_curve_1,678,0.18526341021060944,1.0
l_curve_1,679,0.18523888289928436,1.0
l_curve_1,680,0.18523678183555603,1.0
l_curve_1,681,0.18521063029766083,1.0
l_curve_1,682,0.18522903323173523,1.0
l_curve_1,683,0.18520988523960114,1.0
l_curve_1,684,0.18529994785785675,1.0
l_curve_1,685,0.18546593189239502,1.0
l_curve_1,686,0.18552781641483307,1.0
l_curve_1,687,0.18559753894805908,1.0
l_curve_1,688,0.18553245067596436,1.0
l_curve_1,689,0.18544776737689972,1.0
l_curve_1,690,0.18531222641468048,1.0
l_curve_1,691,0.1851808726787567,1.0
l_curve_1,692,0.18511539697647095,1.0
l_curve_1,693,0.18506371974945068,1.0
l_curve_1,694,0.1850161850452423,1.0
l_curve_1,695,0.18499547243118286,1.0
l_curve_1,696,0.18499690294265747,1.0
l_curve_1,697,0.1850401759147644,1.0
l_curve_1,698,0.18502680957317352,1.0
l_curve_1,699,0.1850184202194214,1.0
l_curve_1,700,0.18507711589336395,1.0
l_curve_1,701,0.18502414226531982,1.0
l_curve_1,702,0.18498608469963074,1.0
l_curve_1,703,0.18488280475139618,1.0
l_curve_1,704,0.18489716947078705,1.0
l_curve_1,705,0.1849096566438675,1.0
l_curve_1,706,0.18498264253139496,1.0
l_curve_1,707,0.18501555919647217,1.0
l_curve_1,708,0.18494050204753876,1.0
l_curve_1,709,0.18491163849830627,1.0
l_curve_1,710,0.18490056693553925,1.0
l_curve_1,711,0.1848880499601364,1.0
l_curve_1,712,0.18489235639572144,1.0
l_curve_1,713,0.18489523231983185,1.0
l_curve_1,714,0.18488118052482605,1.0
l_curve_1,715,0.18489983677864075,1.0
l_curve_1,716,0.18487930297851562,1.0
l_curve_1,717,0.1850154548883438,1.0
l_curve_1,718,0.18512040376663208,1.0
l_curve_1,719,0.18517830967903137,1.0
l_curve_1,720,0.18516090512275696,1.0
l_curve_1,721,0.18511848151683807,1.0
l_curve_1,722,0.18505267798900604,1.0
l_curve_1,723,0.18506303429603577,1.0
l_curve_1,724,0.18503938615322113,1.0
l_curve_1,725,0.185067281126976,1.0
l_curve_1,726,0.18508464097976685,1.0
l_curve_1,727,0.18504774570465088,1.0
l_curve_1,728,0.18496184051036835,1.0
l_curve_1,729,0.18494060635566711,1.0
l_curve_1,730,0.18501363694667816,1.0
l_curve_1,731,0.18506522476673126,1.0
l_curve_1,732,0.1850433349609375,1.0
l_curve_1,733,0.18504004180431366,1.0
l_curve_1,734,0.18500587344169617,1.0
l_curve_1,735,0.18500696122646332,1.0
l_curve_1,736,0.18499809503555298,1.0
l_curve_1,737,0.1849597692489624,1.0
l_curve_1,738,0.18506835401058197,1.0
l_curve_1,739,0.18517258763313293,1.0
l_curve_1,740,0.1852589100599289,1.0
l_curve_1,741,0.18529711663722992,1.0
l_curve_1,742,0.18531891703605652,1.0
l_curve_1,743,0.1853136569261551,1.0
l_curve_1,744,0.1854516863822937,1.0
l_curve_1,745,0.18548738956451416,1.0
l_curve_1,746,0.18549731373786926,1.0
l_curve_1,747,0.18547183275222778,1.0
l_curve_1,748,0.18533428013324738,1.0
l_curve_1,749,0.1853935867547989,1.0
l_curve_1,750,0.1854649782180786,1.0
l_curve_1,751,0.18554672598838806,1.0
l_curve_1,752,0.1854676902294159,1.0
l_curve_1,753,0.18539588153362274,1.0
l_curve_1,754,0.18543583154678345,1.0
l_curve_1,755,0.18553408980369568,1.0
l_curve_1,756,0.18555566668510437,1.0
l_curve_1,757,0.18554353713989258,1.0
l_curve_1,758,0.18555685877799988,1.0
l_curve_1,759,0.18558914959430695,1.0
l_curve_1,760,0.1856847107410431,1.0
l_curve_1,761,0.18571193516254425,1.0
l_curve_1,762,0.18573883175849915,1.0
l_curve_1,763,0.1858779788017273,1.0
l_curve_1,764,0.18594588339328766,1.0
l_curve_1,765,0.18600888550281525,1.0
l_curve_1,766,0.18607567250728607,1.0
l_curve_1,767,0.18608911335468292,1.0
l_curve_1,768,0.18610474467277527,1.0
l_curve_1,769,0.18618586659431458,1.0
l_curve_1,770,0.18624937534332275,1.0
l_curve_1,771,0.18622325360774994,1.0
l_curve_1,772,0.18617255985736847,1.0
l_curve_1,773,0.18610124289989471,1.0
l_curve_1,774,0.18613368272781372,1.0
l_curve_1,775,0.1861443966627121,1.0
l_curve_1,776,0.18612082302570343,1.0
l_curve_1,777,0.1862080842256546,1.0
l_curve_1,778,0.1863071620464325,1.0
l_curve_1,779,0.18634560704231262,1.0
l_curve_1,780,0.18643328547477722,1.0
l_curve_1,781,0.1863425374031067,1.0
l_curve_1,782,0.18622516095638275,1.0
l_curve_1,783,0.1861686110496521,1.0
l_curve_1,784,0.18611764907836914,1.0
l_curve_1,785,0.18606750667095184,1.0
l_curve_1,786,0.1861560046672821,1.0
l_curve_1,787,0.186263307929039,1.0
l_curve_1,788,0.18629050254821777,1.0
l_curve_1,789,0.18627935647964478,1.0
l_curve_1,790,0.18633966147899628,1.0
l_curve_1,791,0.18627753853797913,1.0
l_curve_1,792,0.18625198304653168,1.0
l_curve_1,793,0.18633687496185303,1.0
l_curve_1,794,0.18629713356494904,1.0
l_curve_1,795,0.18620970845222473,1.0
l_curve_1,796,0.186186283826828,1.0
l_curve_1,797,0.18623483180999756,1.0
l_curve_1,798,0.18627770245075226,1.0
l_curve_1,799,0.18634407222270966,1.0
l_curve_1,800,0.18639662861824036,1.0
l_curve_1,801,0.1864539086818695,1.0
l_curve_1,802,0.18648339807987213,1.0
l_curve_1,803,0.1865396350622177,1.0
l_curve_1,804,0.1866181194782257,1.0
l_curve_1,805,0.18662022054195404,1.0
l_curve_1,806,0.18661893904209137,1.0
l_curve_1,807,0.18650543689727783,1.0
l_curve_1,808,0.1864992082118988,1.0
l_curve_1,809,0.18643642961978912,1.0
l_curve_1,810,0.18640786409378052,1.0
l_curve_1,811,0.18633364140987396,1.0
l_curve_1,812,0.18641678988933563,1.0
l_curve_1,813,0.18641573190689087,1.0
l_curve_1,814,0.1863604485988617,1.0
l_curve_1,815,0.1863315850496292,1.0
l_curve_1,816,0.18626363575458527,1.0
l_curve_1,817,0.18623970448970795,1.0
l_curve_1,818,0.18624627590179443,1.0
l_curve_1,819,0.18634505569934845,1.0
l_curve_1,820,0.18636591732501984,1.0
l_curve_1,821,0.18639783561229706,1.0
l_curve_1,822,0.1864601969718933,1.0
l_curve_1,823,0.18647879362106323,1.0
l_curve_1,824,0.1864246129989624,1.0
l_curve_1,825,0.18639305233955383,1.0
l_curve_1,826,0.1863270401954651,1.0
l_curve_1,827,0.18643753230571747,1.0
l_curve_1,828,0.1864897906780243,1.0
l_curve_1,829,0.18650956451892853,1.0
l_curve_1,830,0.18662230670452118,1.0
l_curve_1,831,0.18654155731201172,1.0
l_curve_1,832,0.18645763397216797,1.0
l_curve_1,833,0.186439648270607,1.0
l_curve_1,834,0.18637163937091827,1.0
l_curve_1,835,0.1863539069890976,1.0
l_curve_1,836,0.1862921267747879,1.0
l_curve_1,837,0.18637409806251526,1.0
l_curve_1,838,0.18635030090808868,1.0
l_curve_1,839,0.18649089336395264,1.0
l_curve_1,840,0.18653690814971924,1.0
l_curve_1,841,0.18650932610034943,1.0
l_curve_1,842,0.18645130097866058,1.0
l_curve_1,843,0.18640950322151184,1.0
l_curve_1,844,0.18640531599521637,1.0
l_curve_1,845,0.18637840449810028,1.0
l_curve_1,846,0.18648460507392883,1.0
l_curve_1,847,0.18655584752559662,1.0
l_curve_1,848,0.18661440908908844,1.0
l_curve_1,849,0.1866825670003891,1.0
l_curve_1,850,0.18665379285812378,1.0
l_curve_1,851,0.18656693398952484,1.0
l_curve_1,852,0.18652725219726562,1.0
l_curve_1,853,0.1865846961736679,1.0
l_curve_1,854,0.18662726879119873,1.0
l_curve_1,855,0.1866648942232132,1.0
l_curve_1,856,0.18680116534233093,1.0
l_curve_1,857,0.18681403994560242,1.0
l_curve_1,858,0.18675117194652557,1.0
l_curve_1,859,0.1866883933544159,1.0
l_curve_1,860,0.18672597408294678,1.0
l_curve_1,861,0.1867043673992157,1.0
l_curve_1,862,0.18662738800048828,1.0
l_curve_1,863,0.18655335903167725,1.0
l_curve_1,864,0.1865967959165573,1.0
l_curve_1,865,0.18663111329078674,1.0
l_curve_1,866,0.1866624653339386,1.0
l_curve_1,867,0.1865963637828827,1.0
l_curve_1,868,0.1866183876991272,1.0
l_curve_1,869,0.18661801517009735,1.0
l_curve_1,870,0.18663914501667023,1.0
l_curve_1,871,0.18666046857833862,1.0
l_curve_1,872,0.18662512302398682,1.0
l_curve_1,873,0.18663358688354492,1.0
l_curve_1,874,0.18662738800048828,1.0
l_curve_1,875,0.18672548234462738,1.0
l_curve_1,876,0.18677785992622375,1.0
l_curve_1,877,0.18675263226032257,1.0
l_curve_1,878,0.18665578961372375,1.0
l_curve_1,879,0.18668188154697418,1.0
l_curve_1,880,0.18665435910224915,1.0
l_curve_1,881,0.1867254674434662,1.0
l_curve_1,882,0.1867162436246872,1.0
l_curve_1,883,0.18667542934417725,1.0
l_curve_1,884,0.18666236102581024,1.0
l_curve_1,885,0.18669523298740387,1.0
l_curve_1,886,0.1866508424282074,1.0
l_curve_1,887,0.18668092787265778,1.0
l_curve_1,888,0.186789870262146,1.0
l_curve_1,889,0.18678368628025055,1.0
l_curve_1,890,0.1867837905883789,1.0
l_curve_1,891,0.18685372173786163,1.0
l_curve_1,892,0.18681666254997253,1.0
l_curve_1,893,0.18688690662384033,1.0
l_curve_1,894,0.18692371249198914,1.0
l_curve_1,895,0.18698754906654358,1.0
l_curve_1,896,0.1869724988937378,1.0
l_curve_1,897,0.18700677156448364,1.0
l_curve_1,898,0.187112957239151,1.0
l_curve_1,899,0.1871468722820282,1.0
l_curve_1,900,0.18715746700763702,1.0
l_curve_1,901,0.18724234402179718,1.0
l_curve_1,902,0.18721802532672882,1.0
l_curve_1,903,0.18726187944412231,1.0
l_curve_1,904,0.18728987872600555,1.0
l_curve_1,905,0.18727648258209229,1.0
l_curve_1,906,0.18722839653491974,1.0
l_curve_1,907,0.18720777332782745,1.0
l_curve_1,908,0.1871446669101715,1.0
l_curve_1,909,0.1870325356721878,1.0
l_curve_1,910,0.18712905049324036,1.0
l_curve_1,911,0.1871277093887329,1.0
l_curve_1,912,0.18710549175739288,1.0
l_curve_1,913,0.18705476820468903,1.0
l_curve_1,914,0.18699859082698822,1.0
l_curve_1,915,0.18704208731651306,1.0
l_curve_1,916,0.1871122121810913,1.0
l_curve_1,917,0.1871204674243927,1.0
l_curve_1,918,0.18717654049396515,1.0
l_curve_1,919,0.18708832561969757,1.0
l_curve_1,920,0.1870463639497757,1.0
l_curve_1,921,0.18710967898368835,1.0
l_curve_1,922,0.18721233308315277,1.0
l_curve_1,923,0.1871861070394516,1.0
l_curve_1,924,0.18713557720184326,1.0
l_curve_1,925,0.1871926635503769,1.0
l_curve_1,926,0.18728435039520264,1.0
l_curve_1,927,0.18725177645683289,1.0
l_curve_1,928,0.18723918497562408,1.0
l_curve_1,929,0.187264546751976,1.0
l_curve_1,930,0.1872830092906952,1.0
l_curve_1,931,0.18723748624324799,1.0
l_curve_1,932,0.1872865855693817,1.0
l_curve_1,933,0.1873384267091751,1.0
l_curve_1,934,0.18741759657859802,1.0
l_curve_1,935,0.18745297193527222,1.0
l_curve_1,936,0.18746724724769592,1.0
l_curve_1,937,0.18748372793197632,1.0
l_curve_1,938,0.18754729628562927,1.0
l_curve_1,939,0.18759195506572723,1.0
l_curve_1,940,0.18760526180267334,1.0
l_curve_1,941,0.1876235455274582,1.0
l_curve_1,942,0.18759600818157196,1.0
l_curve_1,943,0.18748724460601807,1.0
l_curve_1,944,0.18736407160758972,1.0
l_curve_1,945,0.18740007281303406,1.0
l_curve_1,946,0.18735647201538086,1.0
l_curve_1,947,0.1872800886631012,1.0
l_curve_1,948,0.18733161687850952,1.0
l_curve_1,949,0.18738161027431488,1.0
l_curve_1,950,0.18746967613697052,1.0
l_curve_1,951,0.18751206994056702,1.0
l_curve_1,952,0.1874568611383438,1.0
l_curve_1,953,0.187540665268898,1.0
l_curve_1,954,0.18754561245441437,1.0
l_curve_1,955,0.18755634129047394,1.0
l_curve_1,956,0.1875772327184677,1.0
l_curve_1,957,0.1875753104686737,1.0
l_curve_1,958,0.1875981092453003,1.0
l_curve_1,959,0.1875613033771515,1.0
l_curve_1,960,0.1875932514667511,1.0
l_curve_1,961,0.1876259595155716,1.0
l_curve_1,962,0.18764469027519226,1.0
l_curve_1,963,0.1876646727323532,1.0
l_curve_1,964,0.18763555586338043,1.0
l_curve_1,965,0.18760287761688232,1.0
l_curve_1,966,0.18765302002429962,1.0
l_curve_1,967,0.18765349686145782,1.0
l_curve_1,968,0.18763096630573273,1.0
l_curve_1,969,0.18762513995170593,1.0
l_curve_1,970,0.1875491589307785,1.0
l_curve_1,971,0.18754851818084717,1.0
l_curve_1,972,0.18740585446357727,1.0
l_curve_1,973,0.18742166459560394,1.0
l_curve_1,974,0.18739759922027588,1.0
l_curve_1,975,0.18740078806877136,1.0
l_curve_1,976,0.1874067336320877,1.0
l_curve_1,977,0.18746238946914673,1.0
l_curve_1,978,0.18743598461151123,1.0
l_curve_1,979,0.18745830655097961,1.0
l_curve_1,980,0.18747781217098236,1.0
l_curve_1,981,0.18742415308952332,1.0
l_curve_1,982,0.18738360702991486,1.0
l_curve_1,983,0.1874133199453354,1.0
l_curve_1,984,0.18735121190547943,1.0
l_curve_1,985,0.1874033510684967,1.0
l_curve_1,986,0.18729092180728912,1.0
l_curve_1,987,0.18734778463840485,1.0
l_curve_1,988,0.1873805671930313,1.0
l_curve_1,989,0.18742278218269348,1.0
l_curve_1,990,0.18746380507946014,1.0
l_curve_1,991,0.18750926852226257,1.0
l_curve_1,992,0.18748033046722412,1.0
l_curve_1,993,0.18749089539051056,1.0
l_curve_1,994,0.18741951882839203,1.0
l_curve_1,995,0.1874867081642151,1.0
l_curve_1,996,0.1875024139881134,1.0
l_curve_1,997,0.18745063245296478,1.0
l_curve_1,998,0.18750013411045074,1.0
l_curve_1,999,0.18752434849739075,1.0
l_curve_1,1000,0.18751174211502075,1.0
l_curve_1,1000,0.18751174211502075,1.0
