client,round,loss,accuracy
l_curve_2,1,1.0112483501434326,0.6190476417541504
l_curve_2,2,0.9816237688064575,0.6190476417541504
l_curve_2,3,0.9539113640785217,0.6190476417541504
l_curve_2,4,0.9278827905654907,0.6190476417541504
l_curve_2,5,0.903683602809906,0.6190476417541504
l_curve_2,6,0.8812226057052612,0.6190476417541504
l_curve_2,7,0.8605582118034363,0.6190476417541504
l_curve_2,8,0.8415948748588562,0.6190476417541504
l_curve_2,9,0.8241833448410034,0.6190476417541504
l_curve_2,10,0.8083388209342957,0.6190476417541504
l_curve_2,11,0.7938433289527893,0.6190476417541504
l_curve_2,12,0.7807148694992065,0.6190476417541504
l_curve_2,13,0.7688465118408203,0.6190476417541504
l_curve_2,14,0.7580217719078064,0.6190476417541504
l_curve_2,15,0.7483017444610596,0.6190476417541504
l_curve_2,16,0.7394684553146362,0.6190476417541504
l_curve_2,17,0.73147052526474,0.6190476417541504
l_curve_2,18,0.7242351770401001,0.6190476417541504
l_curve_2,19,0.7176129221916199,0.6190476417541504
l_curve_2,20,0.7114894390106201,0.6190476417541504
l_curve_2,21,0.7057967185974121,0.5714285969734192
l_curve_2,22,0.70046466588974,0.5714285969734192
l_curve_2,23,0.6954439878463745,0.5714285969734192
l_curve_2,24,0.6907484531402588,0.5714285969734192
l_curve_2,25,0.6861575245857239,0.5714285969734192
l_curve_2,26,0.681721031665802,0.5714285969734192
l_curve_2,27,0.6775755882263184,0.5714285969734192
l_curve_2,28,0.6735284328460693,0.5714285969734192
l_curve_2,29,0.6693675518035889,0.5714285969734192
l_curve_2,30,0.6653143167495728,0.5714285969734192
l_curve_2,31,0.6611970663070679,0.5714285969734192
l_curve_2,32,0.6570478677749634,0.5714285969734192
l_curve_2,33,0.6528303623199463,0.5714285969734192
l_curve_2,34,0.6486282348632812,0.5714285969734192
l_curve_2,35,0.644284725189209,0.5714285969734192
l_curve_2,36,0.6398109197616577,0.5714285969734192
l_curve_2,37,0.635223388671875,0.6190476417541504
l_curve_2,38,0.6306679248809814,0.761904776096344
l_curve_2,39,0.6259271502494812,0.761904776096344
l_curve_2,40,0.6210049986839294,0.8095238208770752
l_curve_2,41,0.6158199310302734,0.8571428656578064
l_curve_2,42,0.6103526949882507,0.8571428656578064
l_curve_2,43,0.6046706438064575,0.8571428656578064
l_curve_2,44,0.5988389849662781,0.8571428656578064
l_curve_2,45,0.5927497148513794,0.8571428656578064
l_curve_2,46,0.5863173604011536,0.8571428656578064
l_curve_2,47,0.5795645713806152,0.8571428656578064
l_curve_2,48,0.5725326538085938,0.9523809552192688
l_curve_2,49,0.5652493238449097,0.9523809552192688
l_curve_2,50,0.5576065182685852,0.9523809552192688
l_curve_2,51,0.5496994256973267,0.9523809552192688
l_curve_2,52,0.541340708732605,0.9523809552192688
l_curve_2,53,0.5324627161026001,0.9523809552192688
l_curve_2,54,0.5231725573539734,0.9523809552192688
l_curve_2,55,0.5135751366615295,0.9523809552192688
l_curve_2,56,0.5036343336105347,0.9523809552192688
l_curve_2,57,0.4932892620563507,0.9523809552192688
l_curve_2,58,0.4826781749725342,0.9523809552192688
l_curve_2,59,0.4718596935272217,0.9523809552192688
l_curve_2,60,0.46088463068008423,0.9523809552192688
l_curve_2,61,0.44978219270706177,0.9523809552192688
l_curve_2,62,0.43883758783340454,0.9523809552192688
l_curve_2,63,0.4278987646102905,0.9523809552192688
l_curve_2,64,0.41708865761756897,0.9523809552192688
l_curve_2,65,0.40656325221061707,0.9523809552192688
l_curve_2,66,0.3964802920818329,0.9523809552192688
l_curve_2,67,0.3866465389728546,0.9523809552192688
l_curve_2,68,0.37728753685951233,0.9523809552192688
l_curve_2,69,0.368462473154068,0.9523809552192688
l_curve_2,70,0.3598649203777313,0.9523809552192688
l_curve_2,71,0.35161203145980835,0.9523809552192688
l_curve_2,72,0.34380751848220825,0.9523809552192688
l_curve_2,73,0.33636268973350525,0.9523809552192688
l_curve_2,74,0.3292689919471741,1.0
l_curve_2,75,0.3227016031742096,1.0
l_curve_2,76,0.3165125250816345,1.0
l_curve_2,77,0.3106929361820221,1.0
l_curve_2,78,0.3051587641239166,1.0
l_curve_2,79,0.2997034788131714,0.9523809552192688
l_curve_2,80,0.2945212423801422,0.9523809552192688
l_curve_2,81,0.2896631360054016,0.9523809552192688
l_curve_2,82,0.2850552499294281,0.9523809552192688
l_curve_2,83,0.28069981932640076,0.9523809552192688
l_curve_2,84,0.27667367458343506,0.9523809552192688
l_curve_2,85,0.2727997899055481,0.9523809552192688
l_curve_2,86,0.26911479234695435,0.9523809552192688
l_curve_2,87,0.26565805077552795,0.9523809552192688
l_curve_2,88,0.26227134466171265,0.9523809552192688
l_curve_2,89,0.2590082585811615,0.9523809552192688
l_curve_2,90,0.2559638023376465,0.9523809552192688
l_curve_2,91,0.25301575660705566,0.9523809552192688
l_curve_2,92,0.24997693300247192,0.9523809552192688
l_curve_2,93,0.24723806977272034,0.9523809552192688
l_curve_2,94,0.24464647471904755,0.9523809552192688
l_curve_2,95,0.24214895069599152,0.9523809552192688
l_curve_2,96,0.2397342026233673,0.9523809552192688
l_curve_2,97,0.23736806213855743,0.9523809552192688
l_curve_2,98,0.23499545454978943,0.9523809552192688
l_curve_2,99,0.23283927142620087,0.9523809552192688
l_curve_2,100,0.2307807207107544,0.9523809552192688
l_curve_2,101,0.2288837432861328,0.9523809552192688
l_curve_2,102,0.22706682980060577,0.9523809552192688
l_curve_2,103,0.22511886060237885,0.9523809552192688
l_curve_2,104,0.22324730455875397,0.9523809552192688
l_curve_2,105,0.2214188128709793,1.0
l_curve_2,106,0.21984560787677765,1.0
l_curve_2,107,0.2182946503162384,1.0
l_curve_2,108,0.2167292833328247,1.0
l_curve_2,109,0.21520192921161652,1.0
l_curve_2,110,0.21374866366386414,1.0
l_curve_2,111,0.21233722567558289,1.0
l_curve_2,112,0.21076202392578125,1.0
l_curve_2,113,0.2093838006258011,1.0
l_curve_2,114,0.20807898044586182,1.0
l_curve_2,115,0.20683181285858154,1.0
l_curve_2,116,0.20562058687210083,1.0
l_curve_2,117,0.20444586873054504,1.0
l_curve_2,118,0.2032618522644043,1.0
l_curve_2,119,0.2019473910331726,1.0
l_curve_2,120,0.20081914961338043,1.0
l_curve_2,121,0.19986474514007568,1.0
l_curve_2,122,0.19887949526309967,1.0
l_curve_2,123,0.1979067623615265,1.0
l_curve_2,124,0.19695650041103363,1.0
l_curve_2,125,0.19591635465621948,1.0
l_curve_2,126,0.19505278766155243,1.0
l_curve_2,127,0.19417883455753326,1.0
l_curve_2,128,0.19324232637882233,1.0
l_curve_2,129,0.19269534945487976,1.0
l_curve_2,130,0.1918771117925644,1.0
l_curve_2,131,0.19105598330497742,1.0
l_curve_2,132,0.19005629420280457,1.0
l_curve_2,133,0.18940019607543945,1.0
l_curve_2,134,0.18874326348304749,1.0
l_curve_2,135,0.1880597472190857,1.0
l_curve_2,136,0.18732698261737823,1.0
l_curve_2,137,0.1867765486240387,1.0
l_curve_2,138,0.18614156544208527,1.0
l_curve_2,139,0.1855211853981018,1.0
l_curve_2,140,0.1849347949028015,1.0
l_curve_2,141,0.18440315127372742,1.0
l_curve_2,142,0.18373233079910278,1.0
l_curve_2,143,0.18316783010959625,1.0
l_curve_2,144,0.18240542709827423,1.0
l_curve_2,145,0.18169161677360535,1.0
l_curve_2,146,0.1812104433774948,1.0
l_curve_2,147,0.18044932186603546,1.0
l_curve_2,148,0.1799137145280838,1.0
l_curve_2,149,0.1795031726360321,1.0
l_curve_2,150,0.1789337396621704,1.0
l_curve_2,151,0.17855122685432434,1.0
l_curve_2,152,0.17808909714221954,1.0
l_curve_2,153,0.17750221490859985,1.0
l_curve_2,154,0.176994189620018,1.0
l_curve_2,155,0.1766667515039444,1.0
l_curve_2,156,0.1762423813343048,1.0
l_curve_2,157,0.17575183510780334,1.0
l_curve_2,158,0.17522713541984558,1.0
l_curve_2,159,0.1747543066740036,1.0
l_curve_2,160,0.17451155185699463,1.0
l_curve_2,161,0.17415066063404083,1.0
l_curve_2,162,0.17383737862110138,1.0
l_curve_2,163,0.173558309674263,1.0
l_curve_2,164,0.173175647854805,1.0
l_curve_2,165,0.17275072634220123,1.0
l_curve_2,166,0.1724129021167755,1.0
l_curve_2,167,0.1720595806837082,1.0
l_curve_2,168,0.17183975875377655,1.0
l_curve_2,169,0.1716282069683075,1.0
l_curve_2,170,0.17117053270339966,1.0
l_curve_2,171,0.17077282071113586,1.0
l_curve_2,172,0.17044541239738464,1.0
l_curve_2,173,0.1700221300125122,1.0
l_curve_2,174,0.1696433573961258,1.0
l_curve_2,175,0.16965359449386597,1.0
l_curve_2,176,0.1694154441356659,1.0
l_curve_2,177,0.16916786134243011,1.0
l_curve_2,178,0.16886650025844574,1.0
l_curve_2,179,0.1684597134590149,1.0
l_curve_2,180,0.16828936338424683,1.0
l_curve_2,181,0.16807658970355988,1.0
l_curve_2,182,0.16782210767269135,1.0
l_curve_2,183,0.16750827431678772,1.0
l_curve_2,184,0.1671208143234253,1.0
l_curve_2,185,0.16674768924713135,1.0
l_curve_2,186,0.1664775162935257,1.0
l_curve_2,187,0.16610659658908844,1.0
l_curve_2,188,0.1657687872648239,1.0
l_curve_2,189,0.16545650362968445,1.0
l_curve_2,190,0.16520003974437714,1.0
l_curve_2,191,0.16498388350009918,1.0
l_curve_2,192,0.16461648046970367,1.0
l_curve_2,193,0.16441580653190613,1.0
l_curve_2,194,0.16433553397655487,1.0
l_curve_2,195,0.16402514278888702,1.0
l_curve_2,196,0.16370058059692383,1.0
l_curve_2,197,0.16367103159427643,1.0
l_curve_2,198,0.16355359554290771,1.0
l_curve_2,199,0.1634436845779419,1.0
l_curve_2,200,0.16308315098285675,1.0
l_curve_2,201,0.16272635757923126,1.0
l_curve_2,202,0.16242985427379608,1.0
l_curve_2,203,0.1622702032327652,1.0
l_curve_2,204,0.16215188801288605,1.0
l_curve_2,205,0.16192638874053955,1.0
l_curve_2,206,0.1616801768541336,1.0
l_curve_2,207,0.16145771741867065,1.0
l_curve_2,208,0.1613420695066452,1.0
l_curve_2,209,0.1612282693386078,1.0
l_curve_2,210,0.1610984355211258,1.0
l_curve_2,211,0.16082651913166046,1.0
l_curve_2,212,0.16069835424423218,1.0
l_curve_2,213,0.16051003336906433,1.0
l_curve_2,214,0.16030468046665192,1.0
l_curve_2,215,0.16021926701068878,1.0
l_curve_2,216,0.1599474847316742,1.0
l_curve_2,217,0.15976379811763763,1.0
l_curve_2,218,0.15961751341819763,1.0
l_curve_2,219,0.1595172882080078,1.0
l_curve_2,220,0.15937045216560364,1.0
l_curve_2,221,0.1590859740972519,1.0
l_curve_2,222,0.1588171124458313,1.0
l_curve_2,223,0.15861296653747559,1.0
l_curve_2,224,0.15867559611797333,1.0
l_curve_2,225,0.15860030055046082,1.0
l_curve_2,226,0.1584073305130005,1.0
l_curve_2,227,0.15830355882644653,1.0
l_curve_2,228,0.15823200345039368,1.0
l_curve_2,229,0.1580379158258438,1.0
l_curve_2,230,0.15761888027191162,1.0
l_curve_2,231,0.15730524063110352,1.0
l_curve_2,232,0.15708914399147034,1.0
l_curve_2,233,0.15697284042835236,1.0
l_curve_2,234,0.15687602758407593,1.0
l_curve_2,235,0.1566047966480255,1.0
l_curve_2,236,0.15620189905166626,1.0
l_curve_2,237,0.15605556964874268,1.0
l_curve_2,238,0.155965656042099,1.0
l_curve_2,239,0.15597234666347504,1.0
l_curve_2,240,0.15581776201725006,1.0
l_curve_2,241,0.15561649203300476,1.0
l_curve_2,242,0.15551385283470154,1.0
l_curve_2,243,0.1551147848367691,1.0
l_curve_2,244,0.15484671294689178,1.0
l_curve_2,245,0.15458668768405914,1.0
l_curve_2,246,0.1545356661081314,1.0
l_curve_2,247,0.15433534979820251,1.0
l_curve_2,248,0.15427780151367188,1.0
l_curve_2,249,0.15406842529773712,1.0
l_curve_2,250,0.15380938351154327,1.0
l_curve_2,251,0.15357188880443573,1.0
l_curve_2,252,0.15351368486881256,1.0
l_curve_2,253,0.15352797508239746,1.0
l_curve_2,254,0.15342967212200165,1.0
l_curve_2,255,0.15336087346076965,1.0
l_curve_2,256,0.15327122807502747,1.0
l_curve_2,257,0.1529320478439331,1.0
l_curve_2,258,0.15265920758247375,1.0
l_curve_2,259,0.15265586972236633,1.0
l_curve_2,260,0.152620330452919,1.0
l_curve_2,261,0.1525648683309555,1.0
l_curve_2,262,0.15243567526340485,1.0
l_curve_2,263,0.15241354703903198,1.0
l_curve_2,264,0.15223930776119232,1.0
l_curve_2,265,0.1521041989326477,1.0
l_curve_2,266,0.15212586522102356,1.0
l_curve_2,267,0.1521623730659485,1.0
l_curve_2,268,0.15211357176303864,1.0
l_curve_2,269,0.15172851085662842,1.0
l_curve_2,270,0.1513998806476593,1.0
l_curve_2,271,0.1511813998222351,1.0
l_curve_2,272,0.15105049312114716,1.0
l_curve_2,273,0.15079382061958313,1.0
l_curve_2,274,0.15071280300617218,1.0
l_curve_2,275,0.15042278170585632,1.0
l_curve_2,276,0.1502256840467453,1.0
l_curve_2,277,0.14996223151683807,1.0
l_curve_2,278,0.14962926506996155,1.0
l_curve_2,279,0.1494992971420288,1.0
l_curve_2,280,0.14935995638370514,1.0
l_curve_2,281,0.14925198256969452,1.0
l_curve_2,282,0.14896343648433685,1.0
l_curve_2,283,0.1489262580871582,1.0
l_curve_2,284,0.14884190261363983,1.0
l_curve_2,285,0.14889760315418243,1.0
l_curve_2,286,0.14871267974376678,1.0
l_curve_2,287,0.14858628809452057,1.0
l_curve_2,288,0.1484087109565735,1.0
l_curve_2,289,0.14830870926380157,1.0
l_curve_2,290,0.1481482833623886,1.0
l_curve_2,291,0.14793884754180908,1.0
l_curve_2,292,0.14778010547161102,1.0
l_curve_2,293,0.14779970049858093,1.0
l_curve_2,294,0.1476430594921112,1.0
l_curve_2,295,0.14732854068279266,1.0
l_curve_2,296,0.1470353603363037,1.0
l_curve_2,297,0.14697331190109253,1.0
l_curve_2,298,0.1469268500804901,1.0
l_curve_2,299,0.14665184915065765,1.0
l_curve_2,300,0.1466641128063202,1.0
l_curve_2,301,0.1465911716222763,1.0
l_curve_2,302,0.14621388912200928,1.0
l_curve_2,303,0.14596928656101227,1.0
l_curve_2,304,0.1458473652601242,1.0
l_curve_2,305,0.1458643674850464,1.0
l_curve_2,306,0.14585694670677185,1.0
l_curve_2,307,0.14594462513923645,1.0
l_curve_2,308,0.14580734074115753,1.0
l_curve_2,309,0.14545457065105438,1.0
l_curve_2,310,0.14507557451725006,1.0
l_curve_2,311,0.14486663043498993,1.0
l_curve_2,312,0.14454887807369232,1.0
l_curve_2,313,0.14443610608577728,1.0
l_curve_2,314,0.1442023664712906,1.0
l_curve_2,315,0.144216850399971,1.0
l_curve_2,316,0.14401456713676453,1.0
l_curve_2,317,0.14396677911281586,1.0
l_curve_2,318,0.14390991628170013,1.0
l_curve_2,319,0.14376473426818848,1.0
l_curve_2,320,0.1437402367591858,1.0
l_curve_2,321,0.14342904090881348,1.0
l_curve_2,322,0.1433447152376175,1.0
l_curve_2,323,0.14317737519741058,1.0
l_curve_2,324,0.14316971600055695,1.0
l_curve_2,325,0.14284202456474304,1.0
l_curve_2,326,0.1426871120929718,1.0
l_curve_2,327,0.1426696479320526,0.9523809552192688
l_curve_2,328,0.14248184859752655,0.9523809552192688
l_curve_2,329,0.14226572215557098,1.0
l_curve_2,330,0.14203552901744843,1.0
l_curve_2,331,0.14172005653381348,1.0
l_curve_2,332,0.14157766103744507,1.0
l_curve_2,333,0.1415557563304901,0.9523809552192688
l_curve_2,334,0.14140181243419647,0.9523809552192688
l_curve_2,335,0.14108040928840637,1.0
l_curve_2,336,0.14080005884170532,1.0
l_curve_2,337,0.14069274067878723,1.0
l_curve_2,338,0.14041851460933685,1.0
l_curve_2,339,0.14014872908592224,1.0
l_curve_2,340,0.14005973935127258,1.0
l_curve_2,341,0.14000216126441956,1.0
l_curve_2,342,0.13978102803230286,1.0
l_curve_2,343,0.13969263434410095,1.0
l_curve_2,344,0.1396937221288681,0.9523809552192688
l_curve_2,345,0.13981936872005463,0.9523809552192688
l_curve_2,346,0.13989952206611633,0.9523809552192688
l_curve_2,347,0.1398685723543167,0.9523809552192688
l_curve_2,348,0.13975946605205536,0.9523809552192688
l_curve_2,349,0.13969850540161133,0.9523809552192688
l_curve_2,350,0.1396535187959671,0.9523809552192688
l_curve_2,351,0.1395643651485443,0.9523809552192688
l_curve_2,352,0.1393558382987976,0.9523809552192688
l_curve_2,353,0.13919822871685028,0.9523809552192688
l_curve_2,354,0.13901685178279877,0.9523809552192688
l_curve_2,355,0.13884781301021576,0.9523809552192688
l_curve_2,356,0.13856223225593567,0.9523809552192688
l_curve_2,357,0.13848693668842316,0.9523809552192688
l_curve_2,358,0.13830803334712982,0.9523809552192688
l_curve_2,359,0.13822369277477264,0.9523809552192688
l_curve_2,360,0.13791529834270477,0.9523809552192688
l_curve_2,361,0.1377970427274704,0.9523809552192688
l_curve_2,362,0.1376582682132721,0.9523809552192688
l_curve_2,363,0.13768169283866882,0.9523809552192688
l_curve_2,364,0.1375114917755127,0.9523809552192688
l_curve_2,365,0.1375129073858261,0.9523809552192688
l_curve_2,366,0.13744154572486877,0.9523809552192688
l_curve_2,367,0.13710510730743408,0.9523809552192688
l_curve_2,368,0.13703636825084686,0.9523809552192688
l_curve_2,369,0.13679930567741394,0.9523809552192688
l_curve_2,370,0.13658468425273895,0.9523809552192688
l_curve_2,371,0.13658073544502258,0.9523809552192688
l_curve_2,372,0.1365414559841156,0.9523809552192688
l_curve_2,373,0.13645444810390472,0.9523809552192688
l_curve_2,374,0.13622254133224487,0.9523809552192688
l_curve_2,375,0.1358931064605713,0.9523809552192688
l_curve_2,376,0.13574878871440887,0.9523809552192688
l_curve_2,377,0.13573327660560608,0.9523809552192688
l_curve_2,378,0.13567274808883667,0.9523809552192688
l_curve_2,379,0.13563673198223114,0.9523809552192688
l_curve_2,380,0.13552358746528625,0.9523809552192688
l_curve_2,381,0.13534750044345856,0.9523809552192688
l_curve_2,382,0.13520169258117676,0.9523809552192688
l_curve_2,383,0.1350511610507965,0.9523809552192688
l_curve_2,384,0.13475239276885986,0.9523809552192688
l_curve_2,385,0.13436852395534515,0.9523809552192688
l_curve_2,386,0.13432005047798157,0.9523809552192688
l_curve_2,387,0.13436052203178406,0.9523809552192688
l_curve_2,388,0.13420134782791138,0.9523809552192688
l_curve_2,389,0.1339927464723587,0.9523809552192688
l_curve_2,390,0.13385848701000214,0.9523809552192688
l_curve_2,391,0.13376322388648987,0.9523809552192688
l_curve_2,392,0.133579283952713,0.9523809552192688
l_curve_2,393,0.1333921253681183,0.9523809552192688
l_curve_2,394,0.13340184092521667,0.9523809552192688
l_curve_2,395,0.1333916187286377,0.9523809552192688
l_curve_2,396,0.1333242654800415,0.9523809552192688
l_curve_2,397,0.13328313827514648,0.9523809552192688
l_curve_2,398,0.13334602117538452,0.9523809552192688
l_curve_2,399,0.1334501951932907,0.9523809552192688
l_curve_2,400,0.13339535892009735,0.9523809552192688
l_curve_2,401,0.13321395218372345,0.9523809552192688
l_curve_2,402,0.13312707841396332,0.9523809552192688
l_curve_2,403,0.13307887315750122,0.9523809552192688
l_curve_2,404,0.13304464519023895,0.9523809552192688
l_curve_2,405,0.1328800618648529,0.9523809552192688
l_curve_2,406,0.13288089632987976,0.9523809552192688
l_curve_2,407,0.13303187489509583,0.9523809552192688
l_curve_2,408,0.13301368057727814,0.9523809552192688
l_curve_2,409,0.13278862833976746,0.9523809552192688
l_curve_2,410,0.13249699771404266,0.9523809552192688
l_curve_2,411,0.13235755264759064,0.9523809552192688
l_curve_2,412,0.1321420967578888,0.9523809552192688
l_curve_2,413,0.13200777769088745,0.9523809552192688
l_curve_2,414,0.13178274035453796,0.9523809552192688
l_curve_2,415,0.1312628984451294,0.9523809552192688
l_curve_2,416,0.1311485320329666,0.9523809552192688
l_curve_2,417,0.1309937983751297,0.9523809552192688
l_curve_2,418,0.13114845752716064,0.9523809552192688
l_curve_2,419,0.13113030791282654,0.9523809552192688
l_curve_2,420,0.13116085529327393,0.9523809552192688
l_curve_2,421,0.13104656338691711,0.9523809552192688
l_curve_2,422,0.1308748424053192,0.9523809552192688
l_curve_2,423,0.13086825609207153,0.9523809552192688
l_curve_2,424,0.13080546259880066,0.9523809552192688
l_curve_2,425,0.13061030209064484,0.9523809552192688
l_curve_2,426,0.13059338927268982,0.9523809552192688
l_curve_2,427,0.13059759140014648,0.9523809552192688
l_curve_2,428,0.13052614033222198,0.9523809552192688
l_curve_2,429,0.13051627576351166,0.9523809552192688
l_curve_2,430,0.1305810511112213,0.9523809552192688
l_curve_2,431,0.130517840385437,0.9523809552192688
l_curve_2,432,0.13043630123138428,0.9523809552192688
l_curve_2,433,0.13037358224391937,0.9523809552192688
l_curve_2,434,0.13045643270015717,0.9523809552192688
l_curve_2,435,0.1303117573261261,0.9523809552192688
l_curve_2,436,0.130356565117836,0.9523809552192688
l_curve_2,437,0.13026073575019836,0.9523809552192688
l_curve_2,438,0.13031603395938873,0.9523809552192688
l_curve_2,439,0.1303749829530716,0.9523809552192688
l_curve_2,440,0.13008321821689606,0.9523809552192688
l_curve_2,441,0.12983867526054382,0.9523809552192688
l_curve_2,442,0.12975427508354187,0.9523809552192688
l_curve_2,443,0.12956880033016205,0.9523809552192688
l_curve_2,444,0.12954166531562805,0.9523809552192688
l_curve_2,445,0.12947051227092743,0.9523809552192688
l_curve_2,446,0.1294543594121933,0.9523809552192688
l_curve_2,447,0.1293620616197586,0.9523809552192688
l_curve_2,448,0.12910594046115875,0.9523809552192688
l_curve_2,449,0.12904614210128784,0.9523809552192688
l_curve_2,450,0.12915842235088348,0.9523809552192688
l_curve_2,451,0.1292739063501358,0.9523809552192688
l_curve_2,452,0.1291349083185196,0.9523809552192688
l_curve_2,453,0.1292579472064972,0.9523809552192688
l_curve_2,454,0.12948045134544373,0.9523809552192688
l_curve_2,455,0.129690021276474,0.9523809552192688
l_curve_2,456,0.1294754147529602,0.9523809552192688
l_curve_2,457,0.12916088104248047,0.9523809552192688
l_curve_2,458,0.12897007167339325,0.9523809552192688
l_curve_2,459,0.12877824902534485,0.9523809552192688
l_curve_2,460,0.12861663103103638,0.9523809552192688
l_curve_2,461,0.12862025201320648,0.9523809552192688
l_curve_2,462,0.12860137224197388,0.9523809552192688
l_curve_2,463,0.12850220501422882,0.9523809552192688
l_curve_2,464,0.12835577130317688,0.9523809552192688
l_curve_2,465,0.12828882038593292,0.9523809552192688
l_curve_2,466,0.1280139982700348,0.9523809552192688
l_curve_2,467,0.12770052254199982,0.9523809552192688
l_curve_2,468,0.12747621536254883,0.9523809552192688
l_curve_2,469,0.12725800275802612,0.9523809552192688
l_curve_2,470,0.12713190913200378,0.9523809552192688
l_curve_2,471,0.1272701621055603,0.9523809552192688
l_curve_2,472,0.1273973137140274,0.9523809552192688
l_curve_2,473,0.12751317024230957,0.9523809552192688
l_curve_2,474,0.12741383910179138,0.9523809552192688
l_curve_2,475,0.12724144756793976,0.9523809552192688
l_curve_2,476,0.1269194781780243,0.9523809552192688
l_curve_2,477,0.12695562839508057,0.9523809552192688
l_curve_2,478,0.1267627775669098,0.9523809552192688
l_curve_2,479,0.12672194838523865,0.9523809552192688
l_curve_2,480,0.12668476998806,0.9523809552192688
l_curve_2,481,0.12645509839057922,0.9523809552192688
l_curve_2,482,0.12623536586761475,0.9523809552192688
l_curve_2,483,0.12618891894817352,0.9523809552192688
l_curve_2,484,0.126188725233078,0.9523809552192688
l_curve_2,485,0.12599913775920868,0.9523809552192688
l_curve_2,486,0.12589748203754425,0.9523809552192688
l_curve_2,487,0.12595541775226593,0.9523809552192688
l_curve_2,488,0.12614230811595917,0.9523809552192688
l_curve_2,489,0.1261095553636551,0.9523809552192688
l_curve_2,490,0.12607614696025848,0.9523809552192688
l_curve_2,491,0.12601140141487122,0.9523809552192688
l_curve_2,492,0.12587468326091766,0.9523809552192688
l_curve_2,493,0.12598226964473724,0.9523809552192688
l_curve_2,494,0.12586069107055664,0.9523809552192688
l_curve_2,495,0.1259782314300537,0.9523809552192688
l_curve_2,496,0.1259397268295288,0.9523809552192688
l_curve_2,497,0.12595146894454956,0.9523809552192688
l_curve_2,498,0.12575167417526245,0.9523809552192688
l_curve_2,499,0.12586280703544617,0.9523809552192688
l_curve_2,500,0.1260002851486206,0.9523809552192688
l_curve_2,501,0.12576071918010712,0.9523809552192688
l_curve_2,502,0.12563741207122803,0.9523809552192688
l_curve_2,503,0.1255667358636856,0.9523809552192688
l_curve_2,504,0.1255635768175125,0.9523809552192688
l_curve_2,505,0.1253785490989685,0.9523809552192688
l_curve_2,506,0.1251124143600464,0.9523809552192688
l_curve_2,507,0.12489918619394302,0.9523809552192688
l_curve_2,508,0.1247352883219719,0.9523809552192688
l_curve_2,509,0.12456070631742477,0.9523809552192688
l_curve_2,510,0.12444312125444412,0.9523809552192688
l_curve_2,511,0.12444058060646057,0.9523809552192688
l_curve_2,512,0.1245911493897438,0.9523809552192688
l_curve_2,513,0.12466233223676682,0.9523809552192688
l_curve_2,514,0.12470124661922455,0.9523809552192688
l_curve_2,515,0.12471939623355865,0.9523809552192688
l_curve_2,516,0.12463957816362381,0.9523809552192688
l_curve_2,517,0.12459690123796463,0.9523809552192688
l_curve_2,518,0.12466807663440704,0.9523809552192688
l_curve_2,519,0.124689020216465,0.9523809552192688
l_curve_2,520,0.12457333505153656,0.9523809552192688
l_curve_2,521,0.12443551421165466,0.9523809552192688
l_curve_2,522,0.12420102208852768,0.9523809552192688
l_curve_2,523,0.12425346672534943,0.9523809552192688
l_curve_2,524,0.12397538870573044,0.9523809552192688
l_curve_2,525,0.12377084791660309,0.9523809552192688
l_curve_2,526,0.12380629777908325,0.9523809552192688
l_curve_2,527,0.12376974523067474,0.9523809552192688
l_curve_2,528,0.1237640380859375,0.9523809552192688
l_curve_2,529,0.12380138784646988,0.9523809552192688
l_curve_2,530,0.12377307564020157,0.9523809552192688
l_curve_2,531,0.12389139831066132,0.9523809552192688
l_curve_2,532,0.12393331527709961,0.9523809552192688
l_curve_2,533,0.12391528487205505,0.9523809552192688
l_curve_2,534,0.12375833094120026,0.9523809552192688
l_curve_2,535,0.12364686280488968,0.9523809552192688
l_curve_2,536,0.12349823862314224,0.9523809552192688
l_curve_2,537,0.12340589612722397,0.9523809552192688
l_curve_2,538,0.12335585057735443,0.9523809552192688
l_curve_2,539,0.12339624017477036,0.9523809552192688
l_curve_2,540,0.12325252592563629,0.9523809552192688
l_curve_2,541,0.12322674691677094,0.9523809552192688
l_curve_2,542,0.12301808595657349,0.9523809552192688
l_curve_2,543,0.12291403114795685,0.9523809552192688
l_curve_2,544,0.12287560850381851,0.9523809552192688
l_curve_2,545,0.12293540686368942,0.9523809552192688
l_curve_2,546,0.12286385893821716,0.9523809552192688
l_curve_2,547,0.12283169478178024,0.9523809552192688
l_curve_2,548,0.12286359071731567,0.9523809552192688
l_curve_2,549,0.12287362664937973,0.9523809552192688
l_curve_2,550,0.1229419857263565,0.9523809552192688
l_curve_2,551,0.12294066697359085,0.9523809552192688
l_curve_2,552,0.12270230054855347,0.9523809552192688
l_curve_2,553,0.12225857377052307,0.9523809552192688
l_curve_2,554,0.12194449454545975,0.9523809552192688
l_curve_2,555,0.1217067614197731,0.9523809552192688
l_curve_2,556,0.12156583368778229,0.9523809552192688
l_curve_2,557,0.12131266295909882,0.9523809552192688
l_curve_2,558,0.12138678878545761,0.9523809552192688
l_curve_2,559,0.12136970460414886,0.9523809552192688
l_curve_2,560,0.12130953371524811,0.9523809552192688
l_curve_2,561,0.12132011353969574,0.9523809552192688
l_curve_2,562,0.1212146058678627,0.9523809552192688
l_curve_2,563,0.12108469009399414,0.9523809552192688
l_curve_2,564,0.12115008383989334,0.9523809552192688
l_curve_2,565,0.12102118879556656,0.9523809552192688
l_curve_2,566,0.12073491513729095,0.9523809552192688
l_curve_2,567,0.12088673561811447,0.9523809552192688
l_curve_2,568,0.12107846885919571,0.9523809552192688
l_curve_2,569,0.12114926427602768,0.9523809552192688
l_curve_2,570,0.12137740850448608,0.9523809552192688
l_curve_2,571,0.1214691549539566,0.9523809552192688
l_curve_2,572,0.12153252214193344,0.9523809552192688
l_curve_2,573,0.12129624933004379,0.9523809552192688
l_curve_2,574,0.12110467255115509,0.9523809552192688
l_curve_2,575,0.12097984552383423,0.9523809552192688
l_curve_2,576,0.12067192047834396,0.9523809552192688
l_curve_2,577,0.1206083744764328,0.9523809552192688
l_curve_2,578,0.1203204095363617,0.9523809552192688
l_curve_2,579,0.12014339864253998,0.9523809552192688
l_curve_2,580,0.11998625844717026,0.9523809552192688
l_curve_2,581,0.11985079199075699,0.9523809552192688
l_curve_2,582,0.11994381248950958,0.9523809552192688
l_curve_2,583,0.11978188902139664,0.9523809552192688
l_curve_2,584,0.1196383535861969,0.9523809552192688
l_curve_2,585,0.11940082162618637,0.9523809552192688
l_curve_2,586,0.11947944015264511,0.9523809552192688
l_curve_2,587,0.11942965537309647,0.9523809552192688
l_curve_2,588,0.1194976419210434,0.9523809552192688
l_curve_2,589,0.1193297728896141,0.9523809552192688
l_curve_2,590,0.11912237107753754,0.9523809552192688
l_curve_2,591,0.11903534829616547,0.9523809552192688
l_curve_2,592,0.11905605345964432,0.9523809552192688
l_curve_2,593,0.11892662942409515,0.9523809552192688
l_curve_2,594,0.11896298080682755,0.9523809552192688
l_curve_2,595,0.11909861862659454,0.9523809552192688
l_curve_2,596,0.11908842623233795,0.9523809552192688
l_curve_2,597,0.11886526644229889,0.9523809552192688
l_curve_2,598,0.11877459287643433,0.9523809552192688
l_curve_2,599,0.11877365410327911,0.9523809552192688
l_curve_2,600,0.11877626180648804,0.9523809552192688
l_curve_2,601,0.11888083070516586,0.9523809552192688
l_curve_2,602,0.11865700781345367,0.9523809552192688
l_curve_2,603,0.11857401579618454,0.9523809552192688
l_curve_2,604,0.11876557767391205,0.9523809552192688
l_curve_2,605,0.11858218908309937,0.9523809552192688
l_curve_2,606,0.11843037605285645,0.9523809552192688
l_curve_2,607,0.11814635992050171,0.9523809552192688
l_curve_2,608,0.11798197031021118,0.9523809552192688
l_curve_2,609,0.11801749467849731,0.9523809552192688
l_curve_2,610,0.11804088205099106,0.9523809552192688
l_curve_2,611,0.11787153780460358,0.9523809552192688
l_curve_2,612,0.11775857210159302,0.9523809552192688
l_curve_2,613,0.1177128255367279,0.9523809552192688
l_curve_2,614,0.11785468459129333,0.9523809552192688
l_curve_2,615,0.11794387549161911,0.9523809552192688
l_curve_2,616,0.11778606474399567,0.9523809552192688
l_curve_2,617,0.11763788759708405,0.9523809552192688
l_curve_2,618,0.11759017407894135,0.9523809552192688
l_curve_2,619,0.11765450239181519,0.9523809552192688
l_curve_2,620,0.11764013022184372,0.9523809552192688
l_curve_2,621,0.11758879572153091,0.9523809552192688
l_curve_2,622,0.11742149293422699,0.9523809552192688
l_curve_2,623,0.11731993407011032,0.9523809552192688
l_curve_2,624,0.11718694120645523,0.9523809552192688
l_curve_2,625,0.11733215302228928,0.9523809552192688
l_curve_2,626,0.11736522614955902,0.9523809552192688
l_curve_2,627,0.11723678559064865,0.9523809552192688
l_curve_2,628,0.11708895117044449,0.9523809552192688
l_curve_2,629,0.11689842492341995,0.9523809552192688
l_curve_2,630,0.11656676232814789,0.9523809552192688
l_curve_2,631,0.11637765169143677,0.9523809552192688
l_curve_2,632,0.11624778062105179,0.9523809552192688
l_curve_2,633,0.11642402410507202,0.9523809552192688
l_curve_2,634,0.11649560928344727,0.9523809552192688
l_curve_2,635,0.11658937484025955,0.9523809552192688
l_curve_2,636,0.11659814417362213,0.9523809552192688
l_curve_2,637,0.11653362214565277,0.9523809552192688
l_curve_2,638,0.11628057062625885,0.9523809552192688
l_curve_2,639,0.11584704369306564,0.9523809552192688
l_curve_2,640,0.11578735709190369,0.9523809552192688
l_curve_2,641,0.11582678556442261,0.9523809552192688
l_curve_2,642,0.11580771207809448,0.9523809552192688
l_curve_2,643,0.11586550623178482,0.9523809552192688
l_curve_2,644,0.11584889143705368,0.9523809552192688
l_curve_2,645,0.11583248525857925,0.9523809552192688
l_curve_2,646,0.11580129712820053,0.9523809552192688
l_curve_2,647,0.11566536873579025,0.9523809552192688
l_curve_2,648,0.1153009831905365,0.9523809552192688
l_curve_2,649,0.11526419222354889,0.9523809552192688
l_curve_2,650,0.11527127027511597,0.9523809552192688
l_curve_2,651,0.11492995917797089,0.9523809552192688
l_curve_2,652,0.11469350755214691,0.9523809552192688
l_curve_2,653,0.11460297554731369,0.9523809552192688
l_curve_2,654,0.11468362808227539,0.9523809552192688
l_curve_2,655,0.1147969588637352,0.9523809552192688
l_curve_2,656,0.11470557749271393,0.9523809552192688
l_curve_2,657,0.1145346537232399,0.9523809552192688
l_curve_2,658,0.11427740752696991,0.9523809552192688
l_curve_2,659,0.11407028138637543,0.9523809552192688
l_curve_2,660,0.11388243734836578,0.9523809552192688
l_curve_2,661,0.11377829313278198,0.9523809552192688
l_curve_2,662,0.11379449814558029,0.9523809552192688
l_curve_2,663,0.11341487616300583,0.9523809552192688
l_curve_2,664,0.11326900124549866,0.9523809552192688
l_curve_2,665,0.11303960531949997,0.9523809552192688
l_curve_2,666,0.11288350075483322,0.9523809552192688
l_curve_2,667,0.11296601593494415,0.9523809552192688
l_curve_2,668,0.1130356565117836,0.9523809552192688
l_curve_2,669,0.11300905793905258,0.9523809552192688
l_curve_2,670,0.11312302947044373,0.9523809552192688
l_curve_2,671,0.11295921355485916,0.9523809552192688
l_curve_2,672,0.1127038225531578,0.9523809552192688
l_curve_2,673,0.11248514801263809,0.9523809552192688
l_curve_2,674,0.11241108179092407,0.9523809552192688
l_curve_2,675,0.11253764480352402,0.9523809552192688
l_curve_2,676,0.11263944208621979,0.9523809552192688
l_curve_2,677,0.11269879341125488,0.9523809552192688
l_curve_2,678,0.11268444359302521,0.9523809552192688
l_curve_2,679,0.11261914670467377,0.9523809552192688
l_curve_2,680,0.11231224983930588,0.9523809552192688
l_curve_2,681,0.11193571984767914,0.9523809552192688
l_curve_2,682,0.1117621585726738,0.9523809552192688
l_curve_2,683,0.1117277592420578,0.9523809552192688
l_curve_2,684,0.1115957647562027,0.9523809552192688
l_curve_2,685,0.11125321686267853,0.9523809552192688
l_curve_2,686,0.11104796826839447,0.9523809552192688
l_curve_2,687,0.11097913980484009,0.9523809552192688
l_curve_2,688,0.11078539490699768,0.9523809552192688
l_curve_2,689,0.11074582487344742,0.9523809552192688
l_curve_2,690,0.1106942817568779,0.9523809552192688
l_curve_2,691,0.1105467677116394,0.9523809552192688
l_curve_2,692,0.1103723868727684,0.9523809552192688
l_curve_2,693,0.11045125871896744,0.9523809552192688
l_curve_2,694,0.1102837473154068,0.9523809552192688
l_curve_2,695,0.1101595014333725,0.9523809552192688
l_curve_2,696,0.10989772528409958,0.9523809552192688
l_curve_2,697,0.10978560149669647,0.9523809552192688
l_curve_2,698,0.10981138795614243,0.9523809552192688
l_curve_2,699,0.1099119633436203,0.9523809552192688
l_curve_2,700,0.10962234437465668,0.9523809552192688
l_curve_2,701,0.1094769835472107,0.9523809552192688
l_curve_2,702,0.10917175561189651,0.9523809552192688
l_curve_2,703,0.10903921723365784,0.9523809552192688
l_curve_2,704,0.10885364562273026,0.9523809552192688
l_curve_2,705,0.10854892432689667,0.9523809552192688
l_curve_2,706,0.10842370986938477,0.9523809552192688
l_curve_2,707,0.10824453085660934,1.0
l_curve_2,708,0.10838545113801956,0.9523809552192688
l_curve_2,709,0.10835199058055878,0.9523809552192688
l_curve_2,710,0.10817573219537735,1.0
l_curve_2,711,0.10808505117893219,1.0
l_curve_2,712,0.10807444155216217,1.0
l_curve_2,713,0.10797663033008575,1.0
l_curve_2,714,0.10769221931695938,1.0
l_curve_2,715,0.10738932341337204,1.0
l_curve_2,716,0.10739675909280777,1.0
l_curve_2,717,0.10730667412281036,1.0
l_curve_2,718,0.10697594285011292,1.0
l_curve_2,719,0.10658049583435059,1.0
l_curve_2,720,0.10626017302274704,1.0
l_curve_2,721,0.1061856597661972,1.0
l_curve_2,722,0.10592196881771088,1.0
l_curve_2,723,0.10574735701084137,1.0
l_curve_2,724,0.10562150925397873,1.0
l_curve_2,725,0.10524236410856247,1.0
l_curve_2,726,0.10521327704191208,1.0
l_curve_2,727,0.10515020787715912,1.0
l_curve_2,728,0.10503998398780823,1.0
l_curve_2,729,0.1048700362443924,1.0
l_curve_2,730,0.10472730547189713,1.0
l_curve_2,731,0.10459861159324646,1.0
l_curve_2,732,0.10435644537210464,1.0
l_curve_2,733,0.10412675142288208,1.0
l_curve_2,734,0.10407146066427231,1.0
l_curve_2,735,0.10389488935470581,1.0
l_curve_2,736,0.10360699892044067,1.0
l_curve_2,737,0.10343239456415176,1.0
l_curve_2,738,0.1032896637916565,1.0
l_curve_2,739,0.10316222906112671,1.0
l_curve_2,740,0.1028621643781662,1.0
l_curve_2,741,0.10273749381303787,1.0
l_curve_2,742,0.10251560807228088,1.0
l_curve_2,743,0.10212720930576324,1.0
l_curve_2,744,0.10196248441934586,1.0
l_curve_2,745,0.1018046960234642,1.0
l_curve_2,746,0.10162712633609772,1.0
l_curve_2,747,0.10131926834583282,1.0
l_curve_2,748,0.10107889771461487,1.0
l_curve_2,749,0.10089870542287827,1.0
l_curve_2,750,0.10060352087020874,1.0
l_curve_2,751,0.10032361000776291,1.0
l_curve_2,752,0.10027345269918442,1.0
l_curve_2,753,0.10008291900157928,1.0
l_curve_2,754,0.09989623725414276,1.0
l_curve_2,755,0.09985115379095078,1.0
l_curve_2,756,0.09968847036361694,1.0
l_curve_2,757,0.0992748886346817,1.0
l_curve_2,758,0.09917443245649338,1.0
l_curve_2,759,0.09897700697183609,1.0
l_curve_2,760,0.09895860403776169,1.0
l_curve_2,761,0.09877388924360275,1.0
l_curve_2,762,0.09847646951675415,1.0
l_curve_2,763,0.09834062308073044,1.0
l_curve_2,764,0.0982920229434967,1.0
l_curve_2,765,0.09807567298412323,1.0
l_curve_2,766,0.09786226600408554,1.0
l_curve_2,767,0.09769307076931,1.0
l_curve_2,768,0.09742072969675064,1.0
l_curve_2,769,0.09720373153686523,1.0
l_curve_2,770,0.09687939286231995,1.0
l_curve_2,771,0.09665289521217346,1.0
l_curve_2,772,0.09617625176906586,1.0
l_curve_2,773,0.09587801992893219,1.0
l_curve_2,774,0.09574238210916519,1.0
l_curve_2,775,0.09562011808156967,1.0
l_curve_2,776,0.09558073431253433,1.0
l_curve_2,777,0.09528028219938278,1.0
l_curve_2,778,0.09506519138813019,1.0
l_curve_2,779,0.09507470577955246,1.0
l_curve_2,780,0.0950729101896286,1.0
l_curve_2,781,0.09492964297533035,1.0
l_curve_2,782,0.0946718081831932,1.0
l_curve_2,783,0.09446393698453903,1.0
l_curve_2,784,0.09426930546760559,1.0
l_curve_2,785,0.09406321495771408,1.0
l_curve_2,786,0.09375915676355362,1.0
l_curve_2,787,0.09337618201971054,1.0
l_curve_2,788,0.09317096322774887,1.0
l_curve_2,789,0.0929122045636177,1.0
l_curve_2,790,0.09287945926189423,1.0
l_curve_2,791,0.09281036257743835,1.0
l_curve_2,792,0.09262700378894806,1.0
l_curve_2,793,0.09250973910093307,1.0
l_curve_2,794,0.09235895425081253,1.0
l_curve_2,795,0.09222458302974701,1.0
l_curve_2,796,0.09199803322553635,1.0
l_curve_2,797,0.09182234853506088,1.0
l_curve_2,798,0.09171804785728455,1.0
l_curve_2,799,0.09135223925113678,1.0
l_curve_2,800,0.09105417132377625,1.0
l_curve_2,801,0.09060730040073395,1.0
l_curve_2,802,0.09016110002994537,1.0
l_curve_2,803,0.09009362757205963,1.0
l_curve_2,804,0.08992958068847656,1.0
l_curve_2,805,0.08969072252511978,1.0
l_curve_2,806,0.08937966078519821,1.0
l_curve_2,807,0.08901765942573547,1.0
l_curve_2,808,0.0887848511338234,1.0
l_curve_2,809,0.08842223882675171,1.0
l_curve_2,810,0.08838192373514175,1.0
l_curve_2,811,0.08821965008974075,1.0
l_curve_2,812,0.08782332390546799,1.0
l_curve_2,813,0.08761386573314667,1.0
l_curve_2,814,0.08745856583118439,1.0
l_curve_2,815,0.08738651871681213,1.0
l_curve_2,816,0.08713502436876297,1.0
l_curve_2,817,0.08692246675491333,1.0
l_curve_2,818,0.08681078255176544,1.0
l_curve_2,819,0.08663059026002884,1.0
l_curve_2,820,0.08634134382009506,1.0
l_curve_2,821,0.08598798513412476,1.0
l_curve_2,822,0.0856413021683693,1.0
l_curve_2,823,0.08560177683830261,1.0
l_curve_2,824,0.08539256453514099,1.0
l_curve_2,825,0.08525411039590836,1.0
l_curve_2,826,0.0849064439535141,1.0
l_curve_2,827,0.0846068486571312,1.0
l_curve_2,828,0.08423125743865967,1.0
l_curve_2,829,0.08413992822170258,1.0
l_curve_2,830,0.08398376405239105,1.0
l_curve_2,831,0.08371582627296448,1.0
l_curve_2,832,0.08343617618083954,1.0
l_curve_2,833,0.08315721899271011,1.0
l_curve_2,834,0.08304106444120407,1.0
l_curve_2,835,0.0828632265329361,1.0
l_curve_2,836,0.08264638483524323,1.0
l_curve_2,837,0.08244217932224274,1.0
l_curve_2,838,0.08242907375097275,1.0
l_curve_2,839,0.08205687999725342,1.0
l_curve_2,840,0.08167004585266113,1.0
l_curve_2,841,0.08152036368846893,1.0
l_curve_2,842,0.08138328790664673,1.0
l_curve_2,843,0.08092227578163147,1.0
l_curve_2,844,0.08048734813928604,1.0
l_curve_2,845,0.08029598742723465,1.0
l_curve_2,846,0.08012048155069351,1.0
l_curve_2,847,0.07984980940818787,1.0
l_curve_2,848,0.07966581732034683,1.0
l_curve_2,849,0.07952746748924255,1.0
l_curve_2,850,0.07957857847213745,1.0
l_curve_2,851,0.07932125777006149,1.0
l_curve_2,852,0.07897946983575821,1.0
l_curve_2,853,0.07846955209970474,1.0
l_curve_2,854,0.07818908244371414,1.0
l_curve_2,855,0.0779130756855011,1.0
l_curve_2,856,0.07785164564847946,1.0
l_curve_2,857,0.0777340829372406,1.0
l_curve_2,858,0.07752946019172668,1.0
l_curve_2,859,0.07735869288444519,1.0
l_curve_2,860,0.0770779401063919,1.0
l_curve_2,861,0.07667797803878784,1.0
l_curve_2,862,0.07653310894966125,1.0
l_curve_2,863,0.07635988295078278,1.0
l_curve_2,864,0.07614384591579437,1.0
l_curve_2,865,0.07593170553445816,1.0
l_curve_2,866,0.07559143751859665,1.0
l_curve_2,867,0.0752469003200531,1.0
l_curve_2,868,0.07505057007074356,1.0
l_curve_2,869,0.07480774819850922,1.0
l_curve_2,870,0.07458215951919556,1.0
l_curve_2,871,0.07431251555681229,1.0
l_curve_2,872,0.07412751764059067,1.0
l_curve_2,873,0.0737747922539711,1.0
l_curve_2,874,0.07364039123058319,1.0
l_curve_2,875,0.07339785248041153,1.0
l_curve_2,876,0.07322503626346588,1.0
l_curve_2,877,0.07309133559465408,1.0
l_curve_2,878,0.07304029166698456,1.0
l_curve_2,879,0.07274030894041061,1.0
l_curve_2,880,0.07237213850021362,1.0
l_curve_2,881,0.07200907915830612,1.0
l_curve_2,882,0.07164269685745239,1.0
l_curve_2,883,0.07136932015419006,1.0
l_curve_2,884,0.07132147252559662,1.0
l_curve_2,885,0.0713491290807724,1.0
l_curve_2,886,0.07130613923072815,1.0
l_curve_2,887,0.07101321965456009,1.0
l_curve_2,888,0.07051108777523041,1.0
l_curve_2,889,0.07024963945150375,1.0
l_curve_2,890,0.07005518674850464,1.0
l_curve_2,891,0.0698508620262146,1.0
l_curve_2,892,0.0696292519569397,1.0
l_curve_2,893,0.06954797357320786,1.0
l_curve_2,894,0.06936779618263245,1.0
l_curve_2,895,0.06915365904569626,1.0
l_curve_2,896,0.06875593960285187,1.0
l_curve_2,897,0.06859411299228668,1.0
l_curve_2,898,0.06837653368711472,1.0
l_curve_2,899,0.06828293204307556,1.0
l_curve_2,900,0.06818249821662903,1.0
l_curve_2,901,0.06810185313224792,1.0
l_curve_2,902,0.06790050119161606,1.0
l_curve_2,903,0.06764450669288635,1.0
l_curve_2,904,0.06747952848672867,1.0
l_curve_2,905,0.06720881164073944,1.0
l_curve_2,906,0.06696916371583939,1.0
l_curve_2,907,0.06692307442426682,1.0
l_curve_2,908,0.06704062223434448,1.0
l_curve_2,909,0.06697356700897217,1.0
l_curve_2,910,0.06666237115859985,1.0
l_curve_2,911,0.06632117182016373,1.0
l_curve_2,912,0.06605932116508484,1.0
l_curve_2,913,0.06558412313461304,1.0
l_curve_2,914,0.06519239395856857,1.0
l_curve_2,915,0.0650092214345932,1.0
l_curve_2,916,0.06478401273488998,1.0
l_curve_2,917,0.0645470917224884,1.0
l_curve_2,918,0.06440393626689911,1.0
l_curve_2,919,0.06402808427810669,1.0
l_curve_2,920,0.06367142498493195,1.0
l_curve_2,921,0.06355691701173782,1.0
l_curve_2,922,0.0632484182715416,1.0
l_curve_2,923,0.0631820559501648,1.0
l_curve_2,924,0.06308189779520035,1.0
l_curve_2,925,0.06291790306568146,1.0
l_curve_2,926,0.06275361776351929,1.0
l_curve_2,927,0.0625397115945816,1.0
l_curve_2,928,0.062230803072452545,1.0
l_curve_2,929,0.0620170421898365,1.0
l_curve_2,930,0.0620129220187664,1.0
l_curve_2,931,0.061667583882808685,1.0
l_curve_2,932,0.061391666531562805,1.0
l_curve_2,933,0.0611884780228138,1.0
l_curve_2,934,0.060924261808395386,1.0
l_curve_2,935,0.06065257266163826,1.0
l_curve_2,936,0.060366977006196976,1.0
l_curve_2,937,0.0601038821041584,1.0
l_curve_2,938,0.05998030677437782,1.0
l_curve_2,939,0.05975664407014847,1.0
l_curve_2,940,0.05962711200118065,1.0
l_curve_2,941,0.059357959777116776,1.0
l_curve_2,942,0.059146586805582047,1.0
l_curve_2,943,0.058976538479328156,1.0
l_curve_2,944,0.058862730860710144,1.0
l_curve_2,945,0.05870893597602844,1.0
l_curve_2,946,0.05850761756300926,1.0
l_curve_2,947,0.0583522766828537,1.0
l_curve_2,948,0.05814570561051369,1.0
l_curve_2,949,0.05793650448322296,1.0
l_curve_2,950,0.05778643116354942,1.0
l_curve_2,951,0.05758992210030556,1.0
l_curve_2,952,0.05734050273895264,1.0
l_curve_2,953,0.05716424807906151,1.0
l_curve_2,954,0.057022206485271454,1.0
l_curve_2,955,0.05684365704655647,1.0
l_curve_2,956,0.056642498821020126,1.0
l_curve_2,957,0.056548845022916794,1.0
l_curve_2,958,0.05633286014199257,1.0
l_curve_2,959,0.05609317123889923,1.0
l_curve_2,960,0.05588917061686516,1.0
l_curve_2,961,0.05575846880674362,1.0
l_curve_2,962,0.05560741946101189,1.0
l_curve_2,963,0.055439598858356476,1.0
l_curve_2,964,0.055221330374479294,1.0
l_curve_2,965,0.05493525043129921,1.0
l_curve_2,966,0.05475224182009697,1.0
l_curve_2,967,0.0545007549226284,1.0
l_curve_2,968,0.05448675900697708,1.0
l_curve_2,969,0.054392021149396896,1.0
l_curve_2,970,0.05419930815696716,1.0
l_curve_2,971,0.05401149392127991,1.0
l_curve_2,972,0.05405657738447189,1.0
l_curve_2,973,0.053858302533626556,1.0
l_curve_2,974,0.05353153869509697,1.0
l_curve_2,975,0.0532962866127491,1.0
l_curve_2,976,0.05305875092744827,1.0
l_curve_2,977,0.05282476544380188,1.0
l_curve_2,978,0.05261165648698807,1.0
l_curve_2,979,0.05248419940471649,1.0
l_curve_2,980,0.05234678089618683,1.0
l_curve_2,981,0.05224493518471718,1.0
l_curve_2,982,0.052049972116947174,1.0
l_curve_2,983,0.05177454650402069,1.0
l_curve_2,984,0.05156250298023224,1.0
l_curve_2,985,0.051326751708984375,1.0
l_curve_2,986,0.05104726925492287,1.0
l_curve_2,987,0.0508662573993206,1.0
l_curve_2,988,0.050761450082063675,1.0
l_curve_2,989,0.05062912032008171,1.0
l_curve_2,990,0.0503828227519989,1.0
l_curve_2,991,0.050187356770038605,1.0
l_curve_2,992,0.0500042550265789,1.0
l_curve_2,993,0.04990382865071297,1.0
l_curve_2,994,0.04984130710363388,1.0
l_curve_2,995,0.04973653331398964,1.0
l_curve_2,996,0.049673330038785934,1.0
l_curve_2,997,0.049548353999853134,1.0
l_curve_2,998,0.049382153898477554,1.0
l_curve_2,999,0.04915030673146248,1.0
l_curve_2,1000,0.048953406512737274,1.0
l_curve_2,1000,0.048953406512737274,1.0
