client,round,loss,accuracy
l_curve_2,1,0.742244303226471,0.375
l_curve_2,2,0.7387546896934509,0.375
l_curve_2,3,0.735546350479126,0.375
l_curve_2,4,0.7323452830314636,0.375
l_curve_2,5,0.7292370200157166,0.375
l_curve_2,6,0.7264196276664734,0.375
l_curve_2,7,0.7236347198486328,0.375
l_curve_2,8,0.7209307551383972,0.375
l_curve_2,9,0.7183484435081482,0.4166666567325592
l_curve_2,10,0.7157872319221497,0.4166666567325592
l_curve_2,11,0.7133689522743225,0.4166666567325592
l_curve_2,12,0.7110857963562012,0.4166666567325592
l_curve_2,13,0.7088235020637512,0.4166666567325592
l_curve_2,14,0.7067096829414368,0.4166666567325592
l_curve_2,15,0.7046400904655457,0.4166666567325592
l_curve_2,16,0.7026057243347168,0.4166666567325592
l_curve_2,17,0.7006312012672424,0.4166666567325592
l_curve_2,18,0.6987037658691406,0.4583333432674408
l_curve_2,19,0.6968209147453308,0.4166666567325592
l_curve_2,20,0.6948979496955872,0.4166666567325592
l_curve_2,21,0.6930000185966492,0.4166666567325592
l_curve_2,22,0.6911203265190125,0.4166666567325592
l_curve_2,23,0.6892817616462708,0.4166666567325592
l_curve_2,24,0.6875117421150208,0.4166666567325592
l_curve_2,25,0.6858639717102051,0.4166666567325592
l_curve_2,26,0.6841232776641846,0.4166666567325592
l_curve_2,27,0.6824291348457336,0.4166666567325592
l_curve_2,28,0.6806160807609558,0.4166666567325592
l_curve_2,29,0.678885281085968,0.4166666567325592
l_curve_2,30,0.6771146655082703,0.4166666567325592
l_curve_2,31,0.6753577589988708,0.4166666567325592
l_curve_2,32,0.6735647320747375,0.4166666567325592
l_curve_2,33,0.6717485785484314,0.4166666567325592
l_curve_2,34,0.6700348854064941,0.4166666567325592
l_curve_2,35,0.6681747436523438,0.4166666567325592
l_curve_2,36,0.6663450002670288,0.4583333432674408
l_curve_2,37,0.6645430326461792,0.4583333432674408
l_curve_2,38,0.6627097129821777,0.4583333432674408
l_curve_2,39,0.6607707142829895,0.4583333432674408
l_curve_2,40,0.6589350700378418,0.4583333432674408
l_curve_2,41,0.6570156216621399,0.4583333432674408
l_curve_2,42,0.6549834609031677,0.4583333432674408
l_curve_2,43,0.653019368648529,0.4583333432674408
l_curve_2,44,0.6509531140327454,0.5416666865348816
l_curve_2,45,0.6490251421928406,0.5416666865348816
l_curve_2,46,0.6468976736068726,0.5416666865348816
l_curve_2,47,0.644826352596283,0.5416666865348816
l_curve_2,48,0.642700731754303,0.5416666865348816
l_curve_2,49,0.6405498385429382,0.5416666865348816
l_curve_2,50,0.6383932828903198,0.6666666865348816
l_curve_2,51,0.6361994743347168,0.6666666865348816
l_curve_2,52,0.6339251399040222,0.6666666865348816
l_curve_2,53,0.6316633224487305,0.6666666865348816
l_curve_2,54,0.6293558478355408,0.75
l_curve_2,55,0.6270349621772766,0.75
l_curve_2,56,0.6246869564056396,0.75
l_curve_2,57,0.6222483515739441,0.75
l_curve_2,58,0.6197807192802429,0.75
l_curve_2,59,0.6173009276390076,0.75
l_curve_2,60,0.614790141582489,0.7916666865348816
l_curve_2,61,0.6122795939445496,0.8333333134651184
l_curve_2,62,0.609762966632843,0.8333333134651184
l_curve_2,63,0.6072061657905579,0.8333333134651184
l_curve_2,64,0.6045531630516052,0.8333333134651184
l_curve_2,65,0.6019027829170227,0.8333333134651184
l_curve_2,66,0.5992271304130554,0.8333333134651184
l_curve_2,67,0.5965166687965393,0.8333333134651184
l_curve_2,68,0.5937881469726562,0.8333333134651184
l_curve_2,69,0.5910037159919739,0.8333333134651184
l_curve_2,70,0.5882161259651184,0.8333333134651184
l_curve_2,71,0.5854587554931641,0.8333333134651184
l_curve_2,72,0.5826547741889954,0.8333333134651184
l_curve_2,73,0.5798141956329346,0.8333333134651184
l_curve_2,74,0.57695072889328,0.8333333134651184
l_curve_2,75,0.5740694999694824,0.8333333134651184
l_curve_2,76,0.5711544156074524,0.8333333134651184
l_curve_2,77,0.5682336688041687,0.8333333134651184
l_curve_2,78,0.5653355717658997,0.8333333134651184
l_curve_2,79,0.5624604225158691,0.8333333134651184
l_curve_2,80,0.5595457553863525,0.8333333134651184
l_curve_2,81,0.5565926432609558,0.8333333134651184
l_curve_2,82,0.5536447167396545,0.8333333134651184
l_curve_2,83,0.5507438778877258,0.8333333134651184
l_curve_2,84,0.5477413535118103,0.8333333134651184
l_curve_2,85,0.5447714328765869,0.8333333134651184
l_curve_2,86,0.541816234588623,0.8333333134651184
l_curve_2,87,0.5388582944869995,0.8333333134651184
l_curve_2,88,0.5359387993812561,0.8333333134651184
l_curve_2,89,0.5329923033714294,0.8333333134651184
l_curve_2,90,0.530026912689209,0.8333333134651184
l_curve_2,91,0.5270772576332092,0.8333333134651184
l_curve_2,92,0.5240839123725891,0.8333333134651184
l_curve_2,93,0.5211742520332336,0.8333333134651184
l_curve_2,94,0.518281102180481,0.8333333134651184
l_curve_2,95,0.5153269171714783,0.8333333134651184
l_curve_2,96,0.5123870968818665,0.8333333134651184
l_curve_2,97,0.5095288157463074,0.8333333134651184
l_curve_2,98,0.5066633820533752,0.8333333134651184
l_curve_2,99,0.5038279294967651,0.8333333134651184
l_curve_2,100,0.5009687542915344,0.8333333134651184
l_curve_2,101,0.4981454610824585,0.8333333134651184
l_curve_2,102,0.4953359067440033,0.8333333134651184
l_curve_2,103,0.4925521910190582,0.8333333134651184
l_curve_2,104,0.4898272454738617,0.8333333134651184
l_curve_2,105,0.4870831072330475,0.8333333134651184
l_curve_2,106,0.48437967896461487,0.8333333134651184
l_curve_2,107,0.4816666543483734,0.8333333134651184
l_curve_2,108,0.4789860248565674,0.8333333134651184
l_curve_2,109,0.4763454496860504,0.8333333134651184
l_curve_2,110,0.4737143814563751,0.8333333134651184
l_curve_2,111,0.4711090624332428,0.8333333134651184
l_curve_2,112,0.4685247838497162,0.8333333134651184
l_curve_2,113,0.46596527099609375,0.8333333134651184
l_curve_2,114,0.4634365737438202,0.8333333134651184
l_curve_2,115,0.46094393730163574,0.8333333134651184
l_curve_2,116,0.45849737524986267,0.8333333134651184
l_curve_2,117,0.45607268810272217,0.8333333134651184
l_curve_2,118,0.45366668701171875,0.8333333134651184
l_curve_2,119,0.45126065611839294,0.8333333134651184
l_curve_2,120,0.44889771938323975,0.8333333134651184
l_curve_2,121,0.44656848907470703,0.8333333134651184
l_curve_2,122,0.44426631927490234,0.8333333134651184
l_curve_2,123,0.4419811964035034,0.875
l_curve_2,124,0.4396871030330658,0.875
l_curve_2,125,0.4374573230743408,0.875
l_curve_2,126,0.4352754056453705,0.875
l_curve_2,127,0.4330999553203583,0.875
l_curve_2,128,0.43095436692237854,0.875
l_curve_2,129,0.42885932326316833,0.875
l_curve_2,130,0.426764577627182,0.875
l_curve_2,131,0.4246894419193268,0.875
l_curve_2,132,0.42261672019958496,0.875
l_curve_2,133,0.4205811321735382,0.875
l_curve_2,134,0.418603777885437,0.875
l_curve_2,135,0.4166553020477295,0.875
l_curve_2,136,0.4146970510482788,0.875
l_curve_2,137,0.4128047525882721,0.9166666865348816
l_curve_2,138,0.41088858246803284,0.9166666865348816
l_curve_2,139,0.40901604294776917,0.9166666865348816
l_curve_2,140,0.40718770027160645,0.9166666865348816
l_curve_2,141,0.4053458869457245,0.9166666865348816
l_curve_2,142,0.4035452902317047,0.9166666865348816
l_curve_2,143,0.40175843238830566,0.9166666865348816
l_curve_2,144,0.40001198649406433,0.9166666865348816
l_curve_2,145,0.3982931673526764,0.9166666865348816
l_curve_2,146,0.396564245223999,0.9166666865348816
l_curve_2,147,0.39488887786865234,0.9166666865348816
l_curve_2,148,0.39324721693992615,0.9166666865348816
l_curve_2,149,0.39160990715026855,0.9166666865348816
l_curve_2,150,0.38999080657958984,0.9166666865348816
l_curve_2,151,0.38838139176368713,0.875
l_curve_2,152,0.3868187963962555,0.875
l_curve_2,153,0.38527393341064453,0.875
l_curve_2,154,0.38373038172721863,0.875
l_curve_2,155,0.38220271468162537,0.875
l_curve_2,156,0.38070204854011536,0.875
l_curve_2,157,0.37922677397727966,0.875
l_curve_2,158,0.37777647376060486,0.875
l_curve_2,159,0.37631526589393616,0.875
l_curve_2,160,0.37489548325538635,0.875
l_curve_2,161,0.37347331643104553,0.875
l_curve_2,162,0.37208184599876404,0.875
l_curve_2,163,0.37068915367126465,0.875
l_curve_2,164,0.36932918429374695,0.875
l_curve_2,165,0.36799129843711853,0.875
l_curve_2,166,0.36665916442871094,0.875
l_curve_2,167,0.3653489053249359,0.875
l_curve_2,168,0.3640466630458832,0.875
l_curve_2,169,0.36277660727500916,0.875
l_curve_2,170,0.3615278899669647,0.875
l_curve_2,171,0.36027848720550537,0.875
l_curve_2,172,0.3590491712093353,0.875
l_curve_2,173,0.35782766342163086,0.875
l_curve_2,174,0.35662761330604553,0.875
l_curve_2,175,0.3554305136203766,0.875
l_curve_2,176,0.3542579114437103,0.9166666865348816
l_curve_2,177,0.3530859649181366,0.9166666865348816
l_curve_2,178,0.35194313526153564,0.9166666865348816
l_curve_2,179,0.3508048355579376,0.9166666865348816
l_curve_2,180,0.3496741056442261,0.9166666865348816
l_curve_2,181,0.34856414794921875,0.9166666865348816
l_curve_2,182,0.34747767448425293,0.9166666865348816
l_curve_2,183,0.34639087319374084,0.9166666865348816
l_curve_2,184,0.34531792998313904,0.9166666865348816
l_curve_2,185,0.34425267577171326,0.9166666865348816
l_curve_2,186,0.3432200253009796,0.9166666865348816
l_curve_2,187,0.3421970307826996,0.9166666865348816
l_curve_2,188,0.3411717414855957,0.9166666865348816
l_curve_2,189,0.3401620388031006,0.9166666865348816
l_curve_2,190,0.33915624022483826,0.9166666865348816
l_curve_2,191,0.3381796181201935,0.9166666865348816
l_curve_2,192,0.33722177147865295,0.9166666865348816
l_curve_2,193,0.33624494075775146,0.9166666865348816
l_curve_2,194,0.33531925082206726,0.9166666865348816
l_curve_2,195,0.33437299728393555,0.9166666865348816
l_curve_2,196,0.3334486484527588,0.9166666865348816
l_curve_2,197,0.3325464427471161,0.9166666865348816
l_curve_2,198,0.3316396474838257,0.9166666865348816
l_curve_2,199,0.33074235916137695,0.9166666865348816
l_curve_2,200,0.32984814047813416,0.9166666865348816
l_curve_2,201,0.32897281646728516,0.9166666865348816
l_curve_2,202,0.3281067907810211,0.9166666865348816
l_curve_2,203,0.3272574841976166,0.9166666865348816
l_curve_2,204,0.32641860842704773,0.9166666865348816
l_curve_2,205,0.3255745768547058,0.9166666865348816
l_curve_2,206,0.3247406780719757,0.9166666865348816
l_curve_2,207,0.32392463088035583,0.9166666865348816
l_curve_2,208,0.3231114149093628,0.9166666865348816
l_curve_2,209,0.32231560349464417,0.9166666865348816
l_curve_2,210,0.32152825593948364,0.9166666865348816
l_curve_2,211,0.32075050473213196,0.9166666865348816
l_curve_2,212,0.31998953223228455,0.9166666865348816
l_curve_2,213,0.3192257583141327,0.9166666865348816
l_curve_2,214,0.3184630870819092,0.9166666865348816
l_curve_2,215,0.3177212178707123,0.9166666865348816
l_curve_2,216,0.31697359681129456,0.9166666865348816
l_curve_2,217,0.3162502348423004,0.9166666865348816
l_curve_2,218,0.3155319392681122,0.9166666865348816
l_curve_2,219,0.3148197829723358,0.9166666865348816
l_curve_2,220,0.3141222894191742,0.9166666865348816
l_curve_2,221,0.3134336471557617,0.9166666865348816
l_curve_2,222,0.3127276599407196,0.9166666865348816
l_curve_2,223,0.3120518624782562,0.9166666865348816
l_curve_2,224,0.3113788068294525,0.9166666865348816
l_curve_2,225,0.31072238087654114,0.9166666865348816
l_curve_2,226,0.31006482243537903,0.9166666865348816
l_curve_2,227,0.30940762162208557,0.9166666865348816
l_curve_2,228,0.30877411365509033,0.9166666865348816
l_curve_2,229,0.3081386685371399,0.9166666865348816
l_curve_2,230,0.3075086176395416,0.9166666865348816
l_curve_2,231,0.30688199400901794,0.9166666865348816
l_curve_2,232,0.3062610328197479,0.9166666865348816
l_curve_2,233,0.30565762519836426,0.9166666865348816
l_curve_2,234,0.3050570785999298,0.9166666865348816
l_curve_2,235,0.30446258187294006,0.9166666865348816
l_curve_2,236,0.30388835072517395,0.9166666865348816
l_curve_2,237,0.3033097982406616,0.9166666865348816
l_curve_2,238,0.3027307689189911,0.9166666865348816
l_curve_2,239,0.30215832591056824,0.9166666865348816
l_curve_2,240,0.3015879690647125,0.9166666865348816
l_curve_2,241,0.3010394275188446,0.9166666865348816
l_curve_2,242,0.3004947602748871,0.9166666865348816
l_curve_2,243,0.29995644092559814,0.9166666865348816
l_curve_2,244,0.2994125783443451,0.9166666865348816
l_curve_2,245,0.2988802194595337,0.9166666865348816
l_curve_2,246,0.2983624041080475,0.9166666865348816
l_curve_2,247,0.2978383004665375,0.9166666865348816
l_curve_2,248,0.29733434319496155,0.9166666865348816
l_curve_2,249,0.2968234717845917,0.9166666865348816
l_curve_2,250,0.29631903767585754,0.9166666865348816
l_curve_2,251,0.2958216369152069,0.9166666865348816
l_curve_2,252,0.2953299283981323,0.9166666865348816
l_curve_2,253,0.2948412001132965,0.9166666865348816
l_curve_2,254,0.29436442255973816,0.9166666865348816
l_curve_2,255,0.2938867509365082,0.9166666865348816
l_curve_2,256,0.2934127151966095,0.9166666865348816
l_curve_2,257,0.29294660687446594,0.9166666865348816
l_curve_2,258,0.2924889326095581,0.9166666865348816
l_curve_2,259,0.2920394837856293,0.9166666865348816
l_curve_2,260,0.29158270359039307,0.9166666865348816
l_curve_2,261,0.29113420844078064,0.9166666865348816
l_curve_2,262,0.29069995880126953,0.9166666865348816
l_curve_2,263,0.29026737809181213,0.9166666865348816
l_curve_2,264,0.2898324429988861,0.9166666865348816
l_curve_2,265,0.28940221667289734,0.9166666865348816
l_curve_2,266,0.2889847755432129,0.9166666865348816
l_curve_2,267,0.288573294878006,0.9166666865348816
l_curve_2,268,0.2881554067134857,0.9166666865348816
l_curve_2,269,0.28774651885032654,0.9166666865348816
l_curve_2,270,0.2873446047306061,0.9166666865348816
l_curve_2,271,0.2869456112384796,0.9166666865348816
l_curve_2,272,0.2865593731403351,0.9166666865348816
l_curve_2,273,0.2861689329147339,0.9166666865348816
l_curve_2,274,0.28578564524650574,0.9166666865348816
l_curve_2,275,0.2853951156139374,0.9166666865348816
l_curve_2,276,0.28501537442207336,0.9166666865348816
l_curve_2,277,0.28464582562446594,0.9166666865348816
l_curve_2,278,0.28427767753601074,0.9166666865348816
l_curve_2,279,0.2839019000530243,0.9166666865348816
l_curve_2,280,0.28353366255760193,0.9166666865348816
l_curve_2,281,0.2831772267818451,0.9166666865348816
l_curve_2,282,0.2828282415866852,0.9166666865348816
l_curve_2,283,0.28247055411338806,0.9166666865348816
l_curve_2,284,0.2821190655231476,0.9166666865348816
l_curve_2,285,0.28177914023399353,0.9166666865348816
l_curve_2,286,0.2814359962940216,0.9166666865348816
l_curve_2,287,0.28109458088874817,0.9166666865348816
l_curve_2,288,0.28075096011161804,0.9166666865348816
l_curve_2,289,0.28041747212409973,0.9166666865348816
l_curve_2,290,0.28008875250816345,0.9166666865348816
l_curve_2,291,0.2797603905200958,0.9166666865348816
l_curve_2,292,0.2794337272644043,0.9166666865348816
l_curve_2,293,0.27911946177482605,0.9166666865348816
l_curve_2,294,0.2788029611110687,0.9166666865348816
l_curve_2,295,0.2785015106201172,0.9166666865348816
l_curve_2,296,0.2781933546066284,0.9166666865348816
l_curve_2,297,0.27788519859313965,0.9166666865348816
l_curve_2,298,0.2775859236717224,0.9166666865348816
l_curve_2,299,0.2772839367389679,0.9166666865348816
l_curve_2,300,0.2769973576068878,0.9166666865348816
l_curve_2,301,0.2767077386379242,0.9166666865348816
l_curve_2,302,0.27641287446022034,0.9166666865348816
l_curve_2,303,0.2761293351650238,0.9166666865348816
l_curve_2,304,0.27584943175315857,0.9166666865348816
l_curve_2,305,0.27555564045906067,0.9166666865348816
l_curve_2,306,0.27528849244117737,0.9166666865348816
l_curve_2,307,0.2750121057033539,0.9166666865348816
l_curve_2,308,0.27472513914108276,0.9166666865348816
l_curve_2,309,0.27445167303085327,0.9166666865348816
l_curve_2,310,0.2741754353046417,0.9166666865348816
l_curve_2,311,0.2739030420780182,0.9166666865348816
l_curve_2,312,0.27364155650138855,0.9166666865348816
l_curve_2,313,0.273383229970932,0.9166666865348816
l_curve_2,314,0.27313002943992615,0.9166666865348816
l_curve_2,315,0.27288106083869934,0.9166666865348816
l_curve_2,316,0.27262333035469055,0.9166666865348816
l_curve_2,317,0.27236661314964294,0.9166666865348816
l_curve_2,318,0.2721119523048401,0.9166666865348816
l_curve_2,319,0.2718578279018402,0.9166666865348816
l_curve_2,320,0.27161118388175964,0.9166666865348816
l_curve_2,321,0.27136853337287903,0.9166666865348816
l_curve_2,322,0.2711283564567566,0.9166666865348816
l_curve_2,323,0.2708928883075714,0.9166666865348816
l_curve_2,324,0.27065375447273254,0.9166666865348816
l_curve_2,325,0.2704143524169922,0.9166666865348816
l_curve_2,326,0.27018651366233826,0.9166666865348816
l_curve_2,327,0.26996007561683655,0.9166666865348816
l_curve_2,328,0.2697257995605469,0.9166666865348816
l_curve_2,329,0.2694966793060303,0.9166666865348816
l_curve_2,330,0.2692737877368927,0.9166666865348816
l_curve_2,331,0.26904571056365967,0.9166666865348816
l_curve_2,332,0.2688344419002533,0.9166666865348816
l_curve_2,333,0.2686106264591217,0.9166666865348816
l_curve_2,334,0.26838168501853943,0.9166666865348816
l_curve_2,335,0.26817405223846436,0.9166666865348816
l_curve_2,336,0.26795756816864014,0.9166666865348816
l_curve_2,337,0.2677418887615204,0.9166666865348816
l_curve_2,338,0.2675478756427765,0.9166666865348816
l_curve_2,339,0.2673344910144806,0.9166666865348816
l_curve_2,340,0.2671351134777069,0.9166666865348816
l_curve_2,341,0.26692304015159607,0.9166666865348816
l_curve_2,342,0.2667219936847687,0.9166666865348816
l_curve_2,343,0.26651790738105774,0.9166666865348816
l_curve_2,344,0.2663215398788452,0.9166666865348816
l_curve_2,345,0.26611772179603577,0.9166666865348816
l_curve_2,346,0.265921026468277,0.9166666865348816
l_curve_2,347,0.2657243013381958,0.9166666865348816
l_curve_2,348,0.2655273377895355,0.9166666865348816
l_curve_2,349,0.26533350348472595,0.9166666865348816
l_curve_2,350,0.2651463747024536,0.9166666865348816
l_curve_2,351,0.264955997467041,0.9166666865348816
l_curve_2,352,0.26476624608039856,0.9166666865348816
l_curve_2,353,0.2645859718322754,0.9166666865348816
l_curve_2,354,0.264396071434021,0.9166666865348816
l_curve_2,355,0.26420721411705017,0.9166666865348816
l_curve_2,356,0.2640319764614105,0.9166666865348816
l_curve_2,357,0.2638612687587738,0.9166666865348816
l_curve_2,358,0.26367735862731934,0.9166666865348816
l_curve_2,359,0.26350006461143494,0.9166666865348816
l_curve_2,360,0.2633168697357178,0.9166666865348816
l_curve_2,361,0.2631339132785797,0.9166666865348816
l_curve_2,362,0.2629595100879669,0.9166666865348816
l_curve_2,363,0.26278892159461975,0.9166666865348816
l_curve_2,364,0.26262328028678894,0.9166666865348816
l_curve_2,365,0.26244649291038513,0.9166666865348816
l_curve_2,366,0.26227280497550964,0.9166666865348816
l_curve_2,367,0.26211249828338623,0.9166666865348816
l_curve_2,368,0.261935293674469,0.9166666865348816
l_curve_2,369,0.2617659270763397,0.9166666865348816
l_curve_2,370,0.2615879774093628,0.9166666865348816
l_curve_2,371,0.2614290714263916,0.9166666865348816
l_curve_2,372,0.26127228140830994,0.9166666865348816
l_curve_2,373,0.26110517978668213,0.9166666865348816
l_curve_2,374,0.2609509825706482,0.9166666865348816
l_curve_2,375,0.260796457529068,0.9166666865348816
l_curve_2,376,0.2606346607208252,0.9166666865348816
l_curve_2,377,0.2604782283306122,0.9166666865348816
l_curve_2,378,0.2603212893009186,0.9166666865348816
l_curve_2,379,0.2601623237133026,0.9166666865348816
l_curve_2,380,0.260005921125412,0.9166666865348816
l_curve_2,381,0.25984883308410645,0.9166666865348816
l_curve_2,382,0.25969943404197693,0.9166666865348816
l_curve_2,383,0.2595568895339966,0.9166666865348816
l_curve_2,384,0.25939813256263733,0.9166666865348816
l_curve_2,385,0.2592511475086212,0.9166666865348816
l_curve_2,386,0.25910484790802,0.9166666865348816
l_curve_2,387,0.25895822048187256,0.9166666865348816
l_curve_2,388,0.25880002975463867,0.9166666865348816
l_curve_2,389,0.25864365696907043,0.9166666865348816
l_curve_2,390,0.2584953308105469,0.9166666865348816
l_curve_2,391,0.25835201144218445,0.9166666865348816
l_curve_2,392,0.2582089304924011,0.9166666865348816
l_curve_2,393,0.25807347893714905,0.9166666865348816
l_curve_2,394,0.25793448090553284,0.9166666865348816
l_curve_2,395,0.25778767466545105,0.9166666865348816
l_curve_2,396,0.2576400935649872,0.9166666865348816
l_curve_2,397,0.257478803396225,0.9166666865348816
l_curve_2,398,0.2573423981666565,0.9166666865348816
l_curve_2,399,0.257210373878479,0.9166666865348816
l_curve_2,400,0.2570832073688507,0.9166666865348816
l_curve_2,401,0.2569509744644165,0.9166666865348816
l_curve_2,402,0.25681018829345703,0.9166666865348816
l_curve_2,403,0.25666388869285583,0.9166666865348816
l_curve_2,404,0.2565334141254425,0.9166666865348816
l_curve_2,405,0.2563956081867218,0.9166666865348816
l_curve_2,406,0.2562585175037384,0.9166666865348816
l_curve_2,407,0.2561230957508087,0.9166666865348816
l_curve_2,408,0.25597670674324036,0.9166666865348816
l_curve_2,409,0.2558535039424896,0.9166666865348816
l_curve_2,410,0.2557275593280792,0.9166666865348816
l_curve_2,411,0.25559863448143005,0.9166666865348816
l_curve_2,412,0.25547435879707336,0.9166666865348816
l_curve_2,413,0.2553422451019287,0.9166666865348816
l_curve_2,414,0.2552092671394348,0.9166666865348816
l_curve_2,415,0.2550961673259735,0.9166666865348816
l_curve_2,416,0.2549706995487213,0.9166666865348816
l_curve_2,417,0.25483864545822144,0.9166666865348816
l_curve_2,418,0.2547038793563843,0.9166666865348816
l_curve_2,419,0.2545681297779083,0.9166666865348816
l_curve_2,420,0.25443387031555176,0.9166666865348816
l_curve_2,421,0.25430917739868164,0.9166666865348816
l_curve_2,422,0.25417816638946533,0.9166666865348816
l_curve_2,423,0.25405260920524597,0.9166666865348816
l_curve_2,424,0.25394585728645325,0.9166666865348816
l_curve_2,425,0.2538330554962158,0.9166666865348816
l_curve_2,426,0.25369301438331604,0.9166666865348816
l_curve_2,427,0.25357091426849365,0.9166666865348816
l_curve_2,428,0.2534497082233429,0.9166666865348816
l_curve_2,429,0.25332769751548767,0.9166666865348816
l_curve_2,430,0.2532055675983429,0.9166666865348816
l_curve_2,431,0.25308606028556824,0.9166666865348816
l_curve_2,432,0.25295162200927734,0.9166666865348816
l_curve_2,433,0.252828985452652,0.9166666865348816
l_curve_2,434,0.2527005970478058,0.9166666865348816
l_curve_2,435,0.25257590413093567,0.9166666865348816
l_curve_2,436,0.25245606899261475,0.9166666865348816
l_curve_2,437,0.25234436988830566,0.9166666865348816
l_curve_2,438,0.25222787261009216,0.9166666865348816
l_curve_2,439,0.25211092829704285,0.9166666865348816
l_curve_2,440,0.2519838809967041,0.9166666865348816
l_curve_2,441,0.2518760859966278,0.9166666865348816
l_curve_2,442,0.25176313519477844,0.9166666865348816
l_curve_2,443,0.2516309916973114,0.9166666865348816
l_curve_2,444,0.25151923298835754,0.9166666865348816
l_curve_2,445,0.251413494348526,0.9166666865348816
l_curve_2,446,0.2512824237346649,0.9166666865348816
l_curve_2,447,0.25116562843322754,0.9166666865348816
l_curve_2,448,0.25105583667755127,0.9166666865348816
l_curve_2,449,0.25093403458595276,0.9166666865348816
l_curve_2,450,0.25081491470336914,0.9166666865348816
l_curve_2,451,0.2507074177265167,0.9166666865348816
l_curve_2,452,0.2505907118320465,0.9166666865348816
l_curve_2,453,0.2504795491695404,0.9166666865348816
l_curve_2,454,0.25035569071769714,0.9166666865348816
l_curve_2,455,0.25025108456611633,0.9166666865348816
l_curve_2,456,0.25014570355415344,0.9166666865348816
l_curve_2,457,0.2500222623348236,0.9166666865348816
l_curve_2,458,0.24991555511951447,0.9166666865348816
l_curve_2,459,0.24980469048023224,0.9166666865348816
l_curve_2,460,0.24968771636486053,0.9166666865348816
l_curve_2,461,0.24957257509231567,0.9166666865348816
l_curve_2,462,0.24946852028369904,0.9166666865348816
l_curve_2,463,0.24936692416667938,0.9166666865348816
l_curve_2,464,0.24924416840076447,0.9166666865348816
l_curve_2,465,0.2491377592086792,0.9166666865348816
l_curve_2,466,0.24900859594345093,0.9166666865348816
l_curve_2,467,0.24889342486858368,0.9166666865348816
l_curve_2,468,0.24878259003162384,0.9166666865348816
l_curve_2,469,0.24868004024028778,0.9166666865348816
l_curve_2,470,0.24857912957668304,0.9166666865348816
l_curve_2,471,0.2484852820634842,0.9166666865348816
l_curve_2,472,0.24836032092571259,0.9166666865348816
l_curve_2,473,0.24825729429721832,0.9166666865348816
l_curve_2,474,0.2481633871793747,0.9166666865348816
l_curve_2,475,0.2480562925338745,0.9166666865348816
l_curve_2,476,0.24793541431427002,0.9166666865348816
l_curve_2,477,0.24782375991344452,0.9166666865348816
l_curve_2,478,0.24771232903003693,0.9166666865348816
l_curve_2,479,0.2476164549589157,0.9166666865348816
l_curve_2,480,0.24750740826129913,0.9166666865348816
l_curve_2,481,0.24740123748779297,0.9166666865348816
l_curve_2,482,0.2473011612892151,0.9166666865348816
l_curve_2,483,0.24720430374145508,0.9166666865348816
l_curve_2,484,0.24709045886993408,0.9166666865348816
l_curve_2,485,0.24697880446910858,0.9166666865348816
l_curve_2,486,0.24687892198562622,0.9166666865348816
l_curve_2,487,0.24677801132202148,0.9166666865348816
l_curve_2,488,0.24668075144290924,0.9166666865348816
l_curve_2,489,0.24657170474529266,0.9166666865348816
l_curve_2,490,0.24648046493530273,0.9166666865348816
l_curve_2,491,0.2463712841272354,0.9166666865348816
l_curve_2,492,0.24624741077423096,0.9166666865348816
l_curve_2,493,0.24613845348358154,0.9166666865348816
l_curve_2,494,0.24603348970413208,0.9166666865348816
l_curve_2,495,0.2459203004837036,0.9166666865348816
l_curve_2,496,0.24581976234912872,0.9166666865348816
l_curve_2,497,0.24571478366851807,0.9166666865348816
l_curve_2,498,0.2456093281507492,0.9166666865348816
l_curve_2,499,0.24550795555114746,0.9166666865348816
l_curve_2,500,0.24542193114757538,0.9166666865348816
l_curve_2,501,0.2453068643808365,0.9166666865348816
l_curve_2,502,0.24520640075206757,0.9166666865348816
l_curve_2,503,0.2450985163450241,0.9166666865348816
l_curve_2,504,0.24499839544296265,0.9166666865348816
l_curve_2,505,0.2448946237564087,0.9166666865348816
l_curve_2,506,0.24479539692401886,0.9166666865348816
l_curve_2,507,0.2446770817041397,0.9166666865348816
l_curve_2,508,0.24458296597003937,0.9166666865348816
l_curve_2,509,0.24446479976177216,0.9166666865348816
l_curve_2,510,0.24436479806900024,0.9166666865348816
l_curve_2,511,0.24427764117717743,0.9166666865348816
l_curve_2,512,0.24418680369853973,0.9166666865348816
l_curve_2,513,0.24407684803009033,0.9166666865348816
l_curve_2,514,0.24396555125713348,0.9166666865348816
l_curve_2,515,0.24387061595916748,0.9166666865348816
l_curve_2,516,0.24377252161502838,0.9166666865348816
l_curve_2,517,0.24367427825927734,0.9166666865348816
l_curve_2,518,0.24357903003692627,0.9166666865348816
l_curve_2,519,0.24349486827850342,0.9166666865348816
l_curve_2,520,0.24339570105075836,0.9166666865348816
l_curve_2,521,0.24330341815948486,0.9166666865348816
l_curve_2,522,0.24320299923419952,0.9166666865348816
l_curve_2,523,0.243117094039917,0.9166666865348816
l_curve_2,524,0.2430010437965393,0.9166666865348816
l_curve_2,525,0.24289345741271973,0.9166666865348816
l_curve_2,526,0.2427983283996582,0.9166666865348816
l_curve_2,527,0.24270035326480865,0.9166666865348816
l_curve_2,528,0.24261374771595,0.9166666865348816
l_curve_2,529,0.24251805245876312,0.9166666865348816
l_curve_2,530,0.2424289435148239,0.9166666865348816
l_curve_2,531,0.24233071506023407,0.9166666865348816
l_curve_2,532,0.24223637580871582,0.9166666865348816
l_curve_2,533,0.24213756620883942,0.9166666865348816
l_curve_2,534,0.24203836917877197,0.9166666865348816
l_curve_2,535,0.24192655086517334,0.9166666865348816
l_curve_2,536,0.2418353110551834,0.9166666865348816
l_curve_2,537,0.24173595011234283,0.9166666865348816
l_curve_2,538,0.2416425496339798,0.9166666865348816
l_curve_2,539,0.24152882397174835,0.9166666865348816
l_curve_2,540,0.24143119156360626,0.9166666865348816
l_curve_2,541,0.24132366478443146,0.9166666865348816
l_curve_2,542,0.24123525619506836,0.9166666865348816
l_curve_2,543,0.24114751815795898,0.9166666865348816
l_curve_2,544,0.24105727672576904,0.9166666865348816
l_curve_2,545,0.24096189439296722,0.9166666865348816
l_curve_2,546,0.24086570739746094,0.9166666865348816
l_curve_2,547,0.24075853824615479,0.9166666865348816
l_curve_2,548,0.24067604541778564,0.9166666865348816
l_curve_2,549,0.24057923257350922,0.9166666865348816
l_curve_2,550,0.24047474563121796,0.9166666865348816
l_curve_2,551,0.24037665128707886,0.9166666865348816
l_curve_2,552,0.24029819667339325,0.9166666865348816
l_curve_2,553,0.2402055710554123,0.9166666865348816
l_curve_2,554,0.24011556804180145,0.9166666865348816
l_curve_2,555,0.2399926632642746,0.9166666865348816
l_curve_2,556,0.23989425599575043,0.9166666865348816
l_curve_2,557,0.23978973925113678,0.9166666865348816
l_curve_2,558,0.23968766629695892,0.9166666865348816
l_curve_2,559,0.23961256444454193,0.9166666865348816
l_curve_2,560,0.23953473567962646,0.9166666865348816
l_curve_2,561,0.23942987620830536,0.9166666865348816
l_curve_2,562,0.23934487998485565,0.9166666865348816
l_curve_2,563,0.23924769461154938,0.9166666865348816
l_curve_2,564,0.23914706707000732,0.9166666865348816
l_curve_2,565,0.23904840648174286,0.9166666865348816
l_curve_2,566,0.23895472288131714,0.9166666865348816
l_curve_2,567,0.23886506259441376,0.9166666865348816
l_curve_2,568,0.23877130448818207,0.9166666865348816
l_curve_2,569,0.23866666853427887,0.9166666865348816
l_curve_2,570,0.23857621848583221,0.9166666865348816
l_curve_2,571,0.2384735345840454,0.9166666865348816
l_curve_2,572,0.2383938580751419,0.9166666865348816
l_curve_2,573,0.238302543759346,0.9166666865348816
l_curve_2,574,0.23820006847381592,0.9166666865348816
l_curve_2,575,0.23810315132141113,0.9166666865348816
l_curve_2,576,0.23800867795944214,0.9166666865348816
l_curve_2,577,0.23790408670902252,0.9166666865348816
l_curve_2,578,0.23783421516418457,0.9166666865348816
l_curve_2,579,0.23774492740631104,0.9166666865348816
l_curve_2,580,0.23765496909618378,0.9166666865348816
l_curve_2,581,0.23755580186843872,0.9166666865348816
l_curve_2,582,0.23747535049915314,0.9166666865348816
l_curve_2,583,0.2373756319284439,0.9166666865348816
l_curve_2,584,0.23727791011333466,0.9166666865348816
l_curve_2,585,0.23716990649700165,0.9166666865348816
l_curve_2,586,0.23708677291870117,0.9166666865348816
l_curve_2,587,0.23697960376739502,0.9166666865348816
l_curve_2,588,0.23691093921661377,0.9166666865348816
l_curve_2,589,0.23681966960430145,0.9166666865348816
l_curve_2,590,0.2367417961359024,0.9166666865348816
l_curve_2,591,0.2366359680891037,0.9166666865348816
l_curve_2,592,0.2365502566099167,0.9166666865348816
l_curve_2,593,0.2364540547132492,0.9166666865348816
l_curve_2,594,0.236355260014534,0.9166666865348816
l_curve_2,595,0.23625409603118896,0.9166666865348816
l_curve_2,596,0.2361510843038559,0.9166666865348816
l_curve_2,597,0.2360643595457077,0.9166666865348816
l_curve_2,598,0.2359718680381775,0.9166666865348816
l_curve_2,599,0.23586618900299072,0.9166666865348816
l_curve_2,600,0.23576681315898895,0.9166666865348816
l_curve_2,601,0.23567305505275726,0.9166666865348816
l_curve_2,602,0.23558004200458527,0.9166666865348816
l_curve_2,603,0.23549246788024902,0.9166666865348816
l_curve_2,604,0.23540322482585907,0.9166666865348816
l_curve_2,605,0.23530323803424835,0.9166666865348816
l_curve_2,606,0.23520517349243164,0.9166666865348816
l_curve_2,607,0.23511724174022675,0.9166666865348816
l_curve_2,608,0.2350325584411621,0.9166666865348816
l_curve_2,609,0.234938383102417,0.9166666865348816
l_curve_2,610,0.23485390841960907,0.9166666865348816
l_curve_2,611,0.234761044383049,0.9166666865348816
l_curve_2,612,0.23468540608882904,0.9166666865348816
l_curve_2,613,0.234597846865654,0.9166666865348816
l_curve_2,614,0.23451077938079834,0.9166666865348816
l_curve_2,615,0.23442280292510986,0.9166666865348816
l_curve_2,616,0.23433111608028412,0.9166666865348816
l_curve_2,617,0.23423142731189728,0.9166666865348816
l_curve_2,618,0.2341371774673462,0.9166666865348816
l_curve_2,619,0.23405788838863373,0.9166666865348816
l_curve_2,620,0.23396696150302887,0.9166666865348816
l_curve_2,621,0.23388011753559113,0.9166666865348816
l_curve_2,622,0.23378808796405792,0.9166666865348816
l_curve_2,623,0.23368756473064423,0.9166666865348816
l_curve_2,624,0.23358899354934692,0.9166666865348816
l_curve_2,625,0.2335098832845688,0.9166666865348816
l_curve_2,626,0.23341065645217896,0.9166666865348816
l_curve_2,627,0.23331081867218018,0.9166666865348816
l_curve_2,628,0.23321856558322906,0.9166666865348816
l_curve_2,629,0.2331308126449585,0.9166666865348816
l_curve_2,630,0.23304633796215057,0.9166666865348816
l_curve_2,631,0.23295718431472778,0.9166666865348816
l_curve_2,632,0.23288290202617645,0.9166666865348816
l_curve_2,633,0.23277516663074493,0.9166666865348816
l_curve_2,634,0.23269830644130707,0.9166666865348816
l_curve_2,635,0.23260174691677094,0.9166666865348816
l_curve_2,636,0.2325061410665512,0.9166666865348816
l_curve_2,637,0.23242323100566864,0.9166666865348816
l_curve_2,638,0.2323315143585205,0.9166666865348816
l_curve_2,639,0.23226040601730347,0.9166666865348816
l_curve_2,640,0.23216639459133148,0.9166666865348816
l_curve_2,641,0.23207414150238037,0.9166666865348816
l_curve_2,642,0.2319844365119934,0.9166666865348816
l_curve_2,643,0.23188228905200958,0.9166666865348816
l_curve_2,644,0.23180389404296875,0.9166666865348816
l_curve_2,645,0.231708362698555,0.9166666865348816
l_curve_2,646,0.231615349650383,0.9166666865348816
l_curve_2,647,0.2315336912870407,0.9166666865348816
l_curve_2,648,0.231439471244812,0.9166666865348816
l_curve_2,649,0.23134581744670868,0.9166666865348816
l_curve_2,650,0.2312615066766739,0.9166666865348816
l_curve_2,651,0.2311723232269287,0.9166666865348816
l_curve_2,652,0.2310807704925537,0.9166666865348816
l_curve_2,653,0.2309890240430832,0.9166666865348816
l_curve_2,654,0.2309010624885559,0.9166666865348816
l_curve_2,655,0.2308174967765808,0.9166666865348816
l_curve_2,656,0.2307184934616089,0.9166666865348816
l_curve_2,657,0.23062856495380402,0.9166666865348816
l_curve_2,658,0.2305397242307663,0.9166666865348816
l_curve_2,659,0.23045456409454346,0.9166666865348816
l_curve_2,660,0.23036529123783112,0.9166666865348816
l_curve_2,661,0.23028075695037842,0.9166666865348816
l_curve_2,662,0.23018519580364227,0.9166666865348816
l_curve_2,663,0.23007626831531525,0.9166666865348816
l_curve_2,664,0.22998808324337006,0.9166666865348816
l_curve_2,665,0.2299027442932129,0.9166666865348816
l_curve_2,666,0.22981823980808258,0.9166666865348816
l_curve_2,667,0.2297372967004776,0.9166666865348816
l_curve_2,668,0.2296494096517563,0.9166666865348816
l_curve_2,669,0.22955286502838135,0.9166666865348816
l_curve_2,670,0.22947610914707184,0.9166666865348816
l_curve_2,671,0.2293781042098999,0.9166666865348816
l_curve_2,672,0.22929079830646515,0.9166666865348816
l_curve_2,673,0.22922159731388092,0.9166666865348816
l_curve_2,674,0.22912926971912384,0.9166666865348816
l_curve_2,675,0.22903521358966827,0.9166666865348816
l_curve_2,676,0.22894658148288727,0.9166666865348816
l_curve_2,677,0.22884808480739594,0.9166666865348816
l_curve_2,678,0.22877193987369537,0.9166666865348816
l_curve_2,679,0.22869300842285156,0.9166666865348816
l_curve_2,680,0.2285967618227005,0.9166666865348816
l_curve_2,681,0.22849178314208984,0.9166666865348816
l_curve_2,682,0.22840075194835663,0.9166666865348816
l_curve_2,683,0.22829759120941162,0.9166666865348816
l_curve_2,684,0.22822289168834686,0.9166666865348816
l_curve_2,685,0.22813458740711212,0.9166666865348816
l_curve_2,686,0.2280331254005432,0.9166666865348816
l_curve_2,687,0.22793768346309662,0.9166666865348816
l_curve_2,688,0.22786466777324677,0.9166666865348816
l_curve_2,689,0.22776055335998535,0.9166666865348816
l_curve_2,690,0.22767598927021027,0.9166666865348816
l_curve_2,691,0.2275858074426651,0.9166666865348816
l_curve_2,692,0.22749657928943634,0.9166666865348816
l_curve_2,693,0.22743068635463715,0.9166666865348816
l_curve_2,694,0.22734098136425018,0.9166666865348816
l_curve_2,695,0.22724224627017975,0.9166666865348816
l_curve_2,696,0.2271607369184494,0.9166666865348816
l_curve_2,697,0.22706204652786255,0.9166666865348816
l_curve_2,698,0.22697065770626068,0.9166666865348816
l_curve_2,699,0.22688932716846466,0.9166666865348816
l_curve_2,700,0.22679013013839722,0.9166666865348816
l_curve_2,701,0.22669143974781036,0.9166666865348816
l_curve_2,702,0.22661060094833374,0.9166666865348816
l_curve_2,703,0.2265215367078781,0.9166666865348816
l_curve_2,704,0.22643887996673584,0.9166666865348816
l_curve_2,705,0.22633320093154907,0.9166666865348816
l_curve_2,706,0.22626318037509918,0.9166666865348816
l_curve_2,707,0.22619682550430298,0.9166666865348816
l_curve_2,708,0.22611109912395477,0.9166666865348816
l_curve_2,709,0.22600992023944855,0.9166666865348816
l_curve_2,710,0.22593259811401367,0.9166666865348816
l_curve_2,711,0.22583867609500885,0.9166666865348816
l_curve_2,712,0.22575484216213226,0.9166666865348816
l_curve_2,713,0.22565515339374542,0.9166666865348816
l_curve_2,714,0.22556334733963013,0.9166666865348816
l_curve_2,715,0.2254735231399536,0.9166666865348816
l_curve_2,716,0.22538721561431885,0.9166666865348816
l_curve_2,717,0.2253178358078003,0.9166666865348816
l_curve_2,718,0.22521644830703735,0.9166666865348816
l_curve_2,719,0.22512181103229523,0.9166666865348816
l_curve_2,720,0.22503571212291718,0.9166666865348816
l_curve_2,721,0.22493509948253632,0.9166666865348816
l_curve_2,722,0.2248435616493225,0.9166666865348816
l_curve_2,723,0.2247491478919983,0.9166666865348816
l_curve_2,724,0.224659726023674,0.9166666865348816
l_curve_2,725,0.2245774120092392,0.9166666865348816
l_curve_2,726,0.22448599338531494,0.9166666865348816
l_curve_2,727,0.2243862897157669,0.9166666865348816
l_curve_2,728,0.2243012934923172,0.9166666865348816
l_curve_2,729,0.22421002388000488,0.9166666865348816
l_curve_2,730,0.22412168979644775,0.9166666865348816
l_curve_2,731,0.22403955459594727,0.9166666865348816
l_curve_2,732,0.22395507991313934,0.9166666865348816
l_curve_2,733,0.22387075424194336,0.9166666865348816
l_curve_2,734,0.22377558052539825,0.9166666865348816
l_curve_2,735,0.22367669641971588,0.9166666865348816
l_curve_2,736,0.22358833253383636,0.9166666865348816
l_curve_2,737,0.22349245846271515,0.9166666865348816
l_curve_2,738,0.2234058380126953,0.9166666865348816
l_curve_2,739,0.22331543266773224,0.9166666865348816
l_curve_2,740,0.2232322245836258,0.9166666865348816
l_curve_2,741,0.22313030064105988,0.9166666865348816
l_curve_2,742,0.2230314016342163,0.9166666865348816
l_curve_2,743,0.22294075787067413,0.9166666865348816
l_curve_2,744,0.22285139560699463,0.9166666865348816
l_curve_2,745,0.22277657687664032,0.9166666865348816
l_curve_2,746,0.22268645465373993,0.9166666865348816
l_curve_2,747,0.222572922706604,0.9166666865348816
l_curve_2,748,0.2224981188774109,0.9166666865348816
l_curve_2,749,0.22240674495697021,0.9166666865348816
l_curve_2,750,0.2223067730665207,0.9166666865348816
l_curve_2,751,0.22222529351711273,0.9166666865348816
l_curve_2,752,0.22214056551456451,0.9166666865348816
l_curve_2,753,0.22205202281475067,0.9166666865348816
l_curve_2,754,0.22196893393993378,0.9166666865348816
l_curve_2,755,0.22187454998493195,0.9166666865348816
l_curve_2,756,0.22176885604858398,0.9166666865348816
l_curve_2,757,0.22168199717998505,0.9166666865348816
l_curve_2,758,0.22160406410694122,0.9166666865348816
l_curve_2,759,0.2215210646390915,0.9166666865348816
l_curve_2,760,0.22141696512699127,0.9166666865348816
l_curve_2,761,0.22133244574069977,0.9166666865348816
l_curve_2,762,0.22122734785079956,0.9166666865348816
l_curve_2,763,0.2211235761642456,0.9166666865348816
l_curve_2,764,0.22103047370910645,0.9166666865348816
l_curve_2,765,0.2209513783454895,0.9166666865348816
l_curve_2,766,0.2208419293165207,0.9166666865348816
l_curve_2,767,0.22074012458324432,0.9166666865348816
l_curve_2,768,0.22064180672168732,0.9166666865348816
l_curve_2,769,0.2205590009689331,0.9166666865348816
l_curve_2,770,0.22047173976898193,0.9166666865348816
l_curve_2,771,0.22038549184799194,0.9166666865348816
l_curve_2,772,0.22029614448547363,0.9166666865348816
l_curve_2,773,0.2202087640762329,0.9166666865348816
l_curve_2,774,0.22011934220790863,0.9166666865348816
l_curve_2,775,0.22002960741519928,0.9166666865348816
l_curve_2,776,0.21993662416934967,0.9166666865348816
l_curve_2,777,0.21983127295970917,0.9166666865348816
l_curve_2,778,0.21972937881946564,0.9166666865348816
l_curve_2,779,0.21962881088256836,0.9166666865348816
l_curve_2,780,0.21953916549682617,0.9166666865348816
l_curve_2,781,0.21944190561771393,0.9166666865348816
l_curve_2,782,0.21936433017253876,0.9166666865348816
l_curve_2,783,0.21926254034042358,0.9166666865348816
l_curve_2,784,0.21916894614696503,0.9166666865348816
l_curve_2,785,0.21906284987926483,0.9166666865348816
l_curve_2,786,0.21896786987781525,0.9166666865348816
l_curve_2,787,0.21889038383960724,0.9166666865348816
l_curve_2,788,0.21879611909389496,0.9166666865348816
l_curve_2,789,0.21869754791259766,0.9166666865348816
l_curve_2,790,0.21859343349933624,0.9166666865348816
l_curve_2,791,0.21850186586380005,0.9166666865348816
l_curve_2,792,0.2184106558561325,0.9166666865348816
l_curve_2,793,0.21831852197647095,0.9166666865348816
l_curve_2,794,0.218227818608284,0.9166666865348816
l_curve_2,795,0.21812556684017181,0.9166666865348816
l_curve_2,796,0.21803180873394012,0.9166666865348816
l_curve_2,797,0.21795326471328735,0.9166666865348816
l_curve_2,798,0.21785946190357208,0.9166666865348816
l_curve_2,799,0.21774505078792572,0.9166666865348816
l_curve_2,800,0.21764157712459564,0.9166666865348816
l_curve_2,801,0.217539981007576,0.9166666865348816
l_curve_2,802,0.21744363009929657,0.9166666865348816
l_curve_2,803,0.21734823286533356,0.9166666865348816
l_curve_2,804,0.21724383533000946,0.9583333134651184
l_curve_2,805,0.21715009212493896,0.9583333134651184
l_curve_2,806,0.21706293523311615,0.9583333134651184
l_curve_2,807,0.21696896851062775,0.9583333134651184
l_curve_2,808,0.21686764061450958,0.9583333134651184
l_curve_2,809,0.21677131950855255,0.9583333134651184
l_curve_2,810,0.2166736125946045,0.9583333134651184
l_curve_2,811,0.21657134592533112,0.9583333134651184
l_curve_2,812,0.21647310256958008,0.9583333134651184
l_curve_2,813,0.21637630462646484,0.9583333134651184
l_curve_2,814,0.2162601351737976,0.9583333134651184
l_curve_2,815,0.21616290509700775,0.9583333134651184
l_curve_2,816,0.21606068313121796,0.9583333134651184
l_curve_2,817,0.21597309410572052,0.9583333134651184
l_curve_2,818,0.21587197482585907,0.9583333134651184
l_curve_2,819,0.21575598418712616,0.9583333134651184
l_curve_2,820,0.21566413342952728,0.9583333134651184
l_curve_2,821,0.21556471288204193,0.9583333134651184
l_curve_2,822,0.21546554565429688,0.9583333134651184
l_curve_2,823,0.21536785364151,0.9583333134651184
l_curve_2,824,0.21526587009429932,0.9583333134651184
l_curve_2,825,0.2151671051979065,0.9583333134651184
l_curve_2,826,0.21509616076946259,0.9583333134651184
l_curve_2,827,0.21500831842422485,0.9583333134651184
l_curve_2,828,0.21492040157318115,0.9583333134651184
l_curve_2,829,0.2148027867078781,0.9583333134651184
l_curve_2,830,0.2146940976381302,0.9583333134651184
l_curve_2,831,0.21459847688674927,0.9583333134651184
l_curve_2,832,0.21449516713619232,0.9583333134651184
l_curve_2,833,0.21440128982067108,0.9583333134651184
l_curve_2,834,0.21431662142276764,0.9583333134651184
l_curve_2,835,0.21419745683670044,0.9583333134651184
l_curve_2,836,0.21409304440021515,0.9583333134651184
l_curve_2,837,0.2139844447374344,0.9583333134651184
l_curve_2,838,0.21387404203414917,0.9583333134651184
l_curve_2,839,0.21378500759601593,0.9583333134651184
l_curve_2,840,0.21366216242313385,0.9583333134651184
l_curve_2,841,0.21356837451457977,0.9583333134651184
l_curve_2,842,0.21346668899059296,0.9583333134651184
l_curve_2,843,0.21335168182849884,0.9583333134651184
l_curve_2,844,0.21324729919433594,0.9583333134651184
l_curve_2,845,0.21314172446727753,0.9583333134651184
l_curve_2,846,0.21303828060626984,0.9583333134651184
l_curve_2,847,0.21292896568775177,0.9583333134651184
l_curve_2,848,0.21284310519695282,0.9583333134651184
l_curve_2,849,0.21275381743907928,0.9583333134651184
l_curve_2,850,0.21263134479522705,0.9583333134651184
l_curve_2,851,0.21254242956638336,0.9583333134651184
l_curve_2,852,0.21242482960224152,0.9583333134651184
l_curve_2,853,0.21231961250305176,0.9583333134651184
l_curve_2,854,0.21221506595611572,0.9583333134651184
l_curve_2,855,0.21210558712482452,0.9583333134651184
l_curve_2,856,0.2120002657175064,0.9583333134651184
l_curve_2,857,0.21189133822917938,0.9583333134651184
l_curve_2,858,0.21179266273975372,0.9583333134651184
l_curve_2,859,0.2116907835006714,0.9583333134651184
l_curve_2,860,0.21158723533153534,0.9583333134651184
l_curve_2,861,0.21146804094314575,0.9583333134651184
l_curve_2,862,0.21135187149047852,0.9583333134651184
l_curve_2,863,0.2112538069486618,0.9583333134651184
l_curve_2,864,0.21115104854106903,0.9583333134651184
l_curve_2,865,0.21104221045970917,0.9583333134651184
l_curve_2,866,0.21093715727329254,0.9583333134651184
l_curve_2,867,0.21084411442279816,0.9583333134651184
l_curve_2,868,0.2107255905866623,0.9583333134651184
l_curve_2,869,0.21060478687286377,0.9583333134651184
l_curve_2,870,0.2104787975549698,0.9583333134651184
l_curve_2,871,0.21037735044956207,0.9583333134651184
l_curve_2,872,0.210262730717659,0.9583333134651184
l_curve_2,873,0.210161030292511,0.9583333134651184
l_curve_2,874,0.21004997193813324,0.9583333134651184
l_curve_2,875,0.20993812382221222,0.9583333134651184
l_curve_2,876,0.20982514321804047,0.9583333134651184
l_curve_2,877,0.20972299575805664,0.9583333134651184
l_curve_2,878,0.2096257209777832,0.9583333134651184
l_curve_2,879,0.2095009833574295,0.9583333134651184
l_curve_2,880,0.2093932032585144,0.9583333134651184
l_curve_2,881,0.20928102731704712,0.9583333134651184
l_curve_2,882,0.20917384326457977,0.9583333134651184
l_curve_2,883,0.20905239880084991,0.9583333134651184
l_curve_2,884,0.20894186198711395,0.9583333134651184
l_curve_2,885,0.2088220864534378,0.9583333134651184
l_curve_2,886,0.20870421826839447,0.9583333134651184
l_curve_2,887,0.20859158039093018,0.9583333134651184
l_curve_2,888,0.20848874747753143,0.9583333134651184
l_curve_2,889,0.20836424827575684,0.9583333134651184
l_curve_2,890,0.20825867354869843,0.9583333134651184
l_curve_2,891,0.2081429362297058,0.9583333134651184
l_curve_2,892,0.20802545547485352,0.9583333134651184
l_curve_2,893,0.20790736377239227,0.9583333134651184
l_curve_2,894,0.2077968716621399,0.9583333134651184
l_curve_2,895,0.20767943561077118,0.9583333134651184
l_curve_2,896,0.20755667984485626,0.9583333134651184
l_curve_2,897,0.20745427906513214,0.9583333134651184
l_curve_2,898,0.2073320597410202,0.9583333134651184
l_curve_2,899,0.20723111927509308,0.9583333134651184
l_curve_2,900,0.20710690319538116,0.9583333134651184
l_curve_2,901,0.20699374377727509,0.9583333134651184
l_curve_2,902,0.2068931609392166,0.9583333134651184
l_curve_2,903,0.2067774534225464,0.9583333134651184
l_curve_2,904,0.2066541165113449,0.9583333134651184
l_curve_2,905,0.20653408765792847,0.9583333134651184
l_curve_2,906,0.20642030239105225,0.9583333134651184
l_curve_2,907,0.20629732310771942,0.9583333134651184
l_curve_2,908,0.20617806911468506,0.9583333134651184
l_curve_2,909,0.20605863630771637,0.9583333134651184
l_curve_2,910,0.2059422880411148,0.9583333134651184
l_curve_2,911,0.2058153599500656,0.9583333134651184
l_curve_2,912,0.2057010680437088,0.9583333134651184
l_curve_2,913,0.20557308197021484,0.9583333134651184
l_curve_2,914,0.20545251667499542,0.9583333134651184
l_curve_2,915,0.20534418523311615,0.9583333134651184
l_curve_2,916,0.20524431765079498,0.9583333134651184
l_curve_2,917,0.20510105788707733,0.9583333134651184
l_curve_2,918,0.2049723118543625,0.9583333134651184
l_curve_2,919,0.20485301315784454,0.9583333134651184
l_curve_2,920,0.204762801527977,0.9583333134651184
l_curve_2,921,0.2046317309141159,0.9583333134651184
l_curve_2,922,0.20450995862483978,0.9583333134651184
l_curve_2,923,0.2043801099061966,0.9583333134651184
l_curve_2,924,0.20425458252429962,0.9583333134651184
l_curve_2,925,0.20413051545619965,0.9583333134651184
l_curve_2,926,0.20401634275913239,0.9583333134651184
l_curve_2,927,0.20390398800373077,0.9583333134651184
l_curve_2,928,0.20377929508686066,0.9583333134651184
l_curve_2,929,0.20367322862148285,0.9583333134651184
l_curve_2,930,0.20353472232818604,0.9583333134651184
l_curve_2,931,0.20341674983501434,0.9583333134651184
l_curve_2,932,0.2033003568649292,0.9583333134651184
l_curve_2,933,0.20317502319812775,0.9583333134651184
l_curve_2,934,0.20304544270038605,0.9583333134651184
l_curve_2,935,0.20289503037929535,0.9583333134651184
l_curve_2,936,0.202768936753273,0.9583333134651184
l_curve_2,937,0.20266284048557281,0.9583333134651184
l_curve_2,938,0.2025296688079834,0.9583333134651184
l_curve_2,939,0.20241419970989227,0.9583333134651184
l_curve_2,940,0.20227183401584625,0.9583333134651184
l_curve_2,941,0.20214752852916718,0.9583333134651184
l_curve_2,942,0.20201002061367035,0.9583333134651184
l_curve_2,943,0.2018718719482422,0.9583333134651184
l_curve_2,944,0.20175033807754517,0.9583333134651184
l_curve_2,945,0.20161843299865723,0.9583333134651184
l_curve_2,946,0.2014904022216797,0.9583333134651184
l_curve_2,947,0.2013702243566513,0.9583333134651184
l_curve_2,948,0.20123465359210968,0.9583333134651184
l_curve_2,949,0.2011125236749649,0.9583333134651184
l_curve_2,950,0.20098555088043213,0.9583333134651184
l_curve_2,951,0.200852170586586,0.9583333134651184
l_curve_2,952,0.20071323215961456,0.9583333134651184
l_curve_2,953,0.20058943331241608,0.9583333134651184
l_curve_2,954,0.20044226944446564,0.9583333134651184
l_curve_2,955,0.20032738149166107,0.9583333134651184
l_curve_2,956,0.2002057433128357,0.9583333134651184
l_curve_2,957,0.2000713348388672,0.9583333134651184
l_curve_2,958,0.19995610415935516,0.9583333134651184
l_curve_2,959,0.1998182088136673,0.9583333134651184
l_curve_2,960,0.19968020915985107,0.9583333134651184
l_curve_2,961,0.19953815639019012,0.9583333134651184
l_curve_2,962,0.1994142383337021,0.9583333134651184
l_curve_2,963,0.19928109645843506,0.9583333134651184
l_curve_2,964,0.19914408028125763,0.9583333134651184
l_curve_2,965,0.19900071620941162,0.9583333134651184
l_curve_2,966,0.19886374473571777,0.9583333134651184
l_curve_2,967,0.19872327148914337,0.9583333134651184
l_curve_2,968,0.19860130548477173,0.9583333134651184
l_curve_2,969,0.19847099483013153,0.9583333134651184
l_curve_2,970,0.19834072887897491,0.9583333134651184
l_curve_2,971,0.19819092750549316,0.9583333134651184
l_curve_2,972,0.19804958999156952,0.9583333134651184
l_curve_2,973,0.19792169332504272,0.9583333134651184
l_curve_2,974,0.19778406620025635,0.9583333134651184
l_curve_2,975,0.1976553350687027,0.9583333134651184
l_curve_2,976,0.19751004874706268,0.9583333134651184
l_curve_2,977,0.19737040996551514,0.9583333134651184
l_curve_2,978,0.19723822176456451,0.9583333134651184
l_curve_2,979,0.19708764553070068,0.9583333134651184
l_curve_2,980,0.19693289697170258,0.9583333134651184
l_curve_2,981,0.19679458439350128,0.9583333134651184
l_curve_2,982,0.19665391743183136,0.9583333134651184
l_curve_2,983,0.19652791321277618,0.9583333134651184
l_curve_2,984,0.19638419151306152,0.9583333134651184
l_curve_2,985,0.1962602734565735,0.9583333134651184
l_curve_2,986,0.19611267745494843,0.9583333134651184
l_curve_2,987,0.1959775686264038,0.9583333134651184
l_curve_2,988,0.1958494931459427,0.9583333134651184
l_curve_2,989,0.1957141011953354,0.9583333134651184
l_curve_2,990,0.19558918476104736,0.9583333134651184
l_curve_2,991,0.19543568789958954,0.9583333134651184
l_curve_2,992,0.1952977180480957,0.9583333134651184
l_curve_2,993,0.1951581984758377,0.9583333134651184
l_curve_2,994,0.1950131207704544,0.9583333134651184
l_curve_2,995,0.19485598802566528,0.9583333134651184
l_curve_2,996,0.19471542537212372,0.9583333134651184
l_curve_2,997,0.19457437098026276,0.9583333134651184
l_curve_2,998,0.19444036483764648,0.9583333134651184
l_curve_2,999,0.1942933052778244,0.9583333134651184
l_curve_2,1000,0.19414037466049194,0.9583333134651184
l_curve_2,1000,0.19414037466049194,0.9583333134651184
