client,round,loss,accuracy
l_curve_6,1,0.6914854049682617,0.5
l_curve_6,2,0.6877526640892029,0.5
l_curve_6,3,0.6840302348136902,0.5
l_curve_6,4,0.6803455948829651,0.5
l_curve_6,5,0.6767778396606445,0.5
l_curve_6,6,0.6731192469596863,0.5
l_curve_6,7,0.6695693135261536,0.5
l_curve_6,8,0.6660540699958801,0.5
l_curve_6,9,0.6625375151634216,0.5
l_curve_6,10,0.659132182598114,0.4583333432674408
l_curve_6,11,0.6557386517524719,0.4583333432674408
l_curve_6,12,0.6523856520652771,0.4583333432674408
l_curve_6,13,0.6491838097572327,0.4583333432674408
l_curve_6,14,0.6459475159645081,0.4583333432674408
l_curve_6,15,0.6427732706069946,0.4583333432674408
l_curve_6,16,0.6396539807319641,0.4583333432674408
l_curve_6,17,0.6364553570747375,0.4583333432674408
l_curve_6,18,0.6333745121955872,0.4583333432674408
l_curve_6,19,0.6303717494010925,0.5
l_curve_6,20,0.6273889541625977,0.5
l_curve_6,21,0.6244151592254639,0.5
l_curve_6,22,0.6214966773986816,0.5
l_curve_6,23,0.6185049414634705,0.5
l_curve_6,24,0.6157048344612122,0.5
l_curve_6,25,0.6128501296043396,0.5
l_curve_6,26,0.6100200414657593,0.5
l_curve_6,27,0.6072391271591187,0.5
l_curve_6,28,0.6045052409172058,0.5
l_curve_6,29,0.6018096804618835,0.5416666865348816
l_curve_6,30,0.5991456508636475,0.5416666865348816
l_curve_6,31,0.5965825915336609,0.5833333134651184
l_curve_6,32,0.5939509868621826,0.5833333134651184
l_curve_6,33,0.5914570689201355,0.5833333134651184
l_curve_6,34,0.5888714790344238,0.5833333134651184
l_curve_6,35,0.5863306522369385,0.5833333134651184
l_curve_6,36,0.5839589238166809,0.5833333134651184
l_curve_6,37,0.5815404057502747,0.625
l_curve_6,38,0.5791265368461609,0.625
l_curve_6,39,0.576760470867157,0.625
l_curve_6,40,0.5743963122367859,0.625
l_curve_6,41,0.5721535086631775,0.625
l_curve_6,42,0.5699034333229065,0.625
l_curve_6,43,0.5677123665809631,0.625
l_curve_6,44,0.5655630826950073,0.625
l_curve_6,45,0.5632503628730774,0.625
l_curve_6,46,0.5611549019813538,0.625
l_curve_6,47,0.5590097904205322,0.625
l_curve_6,48,0.5568456649780273,0.625
l_curve_6,49,0.5547521710395813,0.625
l_curve_6,50,0.5527705550193787,0.625
l_curve_6,51,0.5507984757423401,0.625
l_curve_6,52,0.5487267971038818,0.625
l_curve_6,53,0.5466272234916687,0.625
l_curve_6,54,0.5447253584861755,0.625
l_curve_6,55,0.5427616238594055,0.625
l_curve_6,56,0.5408220887184143,0.625
l_curve_6,57,0.5388382077217102,0.625
l_curve_6,58,0.5369591116905212,0.625
l_curve_6,59,0.5351933836936951,0.625
l_curve_6,60,0.5333859324455261,0.625
l_curve_6,61,0.5315186977386475,0.6666666865348816
l_curve_6,62,0.5296452641487122,0.6666666865348816
l_curve_6,63,0.5279514193534851,0.6666666865348816
l_curve_6,64,0.5262221693992615,0.6666666865348816
l_curve_6,65,0.5245447754859924,0.6666666865348816
l_curve_6,66,0.5228517651557922,0.6666666865348816
l_curve_6,67,0.5210936069488525,0.7083333134651184
l_curve_6,68,0.5193566083908081,0.7083333134651184
l_curve_6,69,0.5177605748176575,0.7083333134651184
l_curve_6,70,0.5161178112030029,0.7083333134651184
l_curve_6,71,0.5145025253295898,0.7083333134651184
l_curve_6,72,0.5129361152648926,0.6666666865348816
l_curve_6,73,0.5114226341247559,0.6666666865348816
l_curve_6,74,0.510001003742218,0.6666666865348816
l_curve_6,75,0.5084478259086609,0.6666666865348816
l_curve_6,76,0.5068902373313904,0.7083333134651184
l_curve_6,77,0.5053640007972717,0.7083333134651184
l_curve_6,78,0.5038570761680603,0.75
l_curve_6,79,0.5023111701011658,0.75
l_curve_6,80,0.500857412815094,0.75
l_curve_6,81,0.4993557929992676,0.75
l_curve_6,82,0.4979279041290283,0.75
l_curve_6,83,0.4965338706970215,0.75
l_curve_6,84,0.4950632154941559,0.75
l_curve_6,85,0.49371466040611267,0.75
l_curve_6,86,0.4922597110271454,0.75
l_curve_6,87,0.4908454120159149,0.75
l_curve_6,88,0.4894823133945465,0.75
l_curve_6,89,0.48814889788627625,0.75
l_curve_6,90,0.4867990016937256,0.75
l_curve_6,91,0.48546478152275085,0.75
l_curve_6,92,0.4842449724674225,0.75
l_curve_6,93,0.4828658998012543,0.75
l_curve_6,94,0.4815848767757416,0.75
l_curve_6,95,0.4804011285305023,0.75
l_curve_6,96,0.4792177379131317,0.75
l_curve_6,97,0.47802677750587463,0.75
l_curve_6,98,0.4768039882183075,0.75
l_curve_6,99,0.4755891263484955,0.75
l_curve_6,100,0.4743892252445221,0.75
l_curve_6,101,0.4731711447238922,0.75
l_curve_6,102,0.4719680845737457,0.75
l_curve_6,103,0.47076788544654846,0.75
l_curve_6,104,0.46949175000190735,0.75
l_curve_6,105,0.4684630334377289,0.75
l_curve_6,106,0.4673141539096832,0.75
l_curve_6,107,0.4660892188549042,0.7916666865348816
l_curve_6,108,0.4650474488735199,0.7916666865348816
l_curve_6,109,0.4639320373535156,0.7916666865348816
l_curve_6,110,0.4628119468688965,0.7916666865348816
l_curve_6,111,0.46169137954711914,0.7916666865348816
l_curve_6,112,0.4606402814388275,0.7916666865348816
l_curve_6,113,0.4596242904663086,0.7916666865348816
l_curve_6,114,0.4584990441799164,0.7916666865348816
l_curve_6,115,0.45747148990631104,0.7916666865348816
l_curve_6,116,0.45636430382728577,0.7916666865348816
l_curve_6,117,0.45527324080467224,0.7916666865348816
l_curve_6,118,0.4543107748031616,0.7916666865348816
l_curve_6,119,0.4533521234989166,0.7916666865348816
l_curve_6,120,0.45239773392677307,0.7916666865348816
l_curve_6,121,0.45141661167144775,0.7916666865348816
l_curve_6,122,0.45048490166664124,0.7916666865348816
l_curve_6,123,0.4495112895965576,0.7916666865348816
l_curve_6,124,0.44846591353416443,0.7916666865348816
l_curve_6,125,0.4475172460079193,0.7916666865348816
l_curve_6,126,0.4465514123439789,0.7916666865348816
l_curve_6,127,0.4455992877483368,0.7916666865348816
l_curve_6,128,0.444596529006958,0.7916666865348816
l_curve_6,129,0.4436224400997162,0.7916666865348816
l_curve_6,130,0.4427328407764435,0.7916666865348816
l_curve_6,131,0.44173717498779297,0.7916666865348816
l_curve_6,132,0.4407917559146881,0.7916666865348816
l_curve_6,133,0.4399243891239166,0.7916666865348816
l_curve_6,134,0.439016729593277,0.7916666865348816
l_curve_6,135,0.4380973279476166,0.7916666865348816
l_curve_6,136,0.4371936619281769,0.7916666865348816
l_curve_6,137,0.43630120158195496,0.7916666865348816
l_curve_6,138,0.4353870451450348,0.7916666865348816
l_curve_6,139,0.4344891309738159,0.7916666865348816
l_curve_6,140,0.4336663782596588,0.7916666865348816
l_curve_6,141,0.43285274505615234,0.7916666865348816
l_curve_6,142,0.43202102184295654,0.7916666865348816
l_curve_6,143,0.43117547035217285,0.7916666865348816
l_curve_6,144,0.43030276894569397,0.7916666865348816
l_curve_6,145,0.4294963777065277,0.7916666865348816
l_curve_6,146,0.42865487933158875,0.7916666865348816
l_curve_6,147,0.4278967082500458,0.7916666865348816
l_curve_6,148,0.4270796477794647,0.7916666865348816
l_curve_6,149,0.42619824409484863,0.7916666865348816
l_curve_6,150,0.425356388092041,0.7916666865348816
l_curve_6,151,0.4246536195278168,0.7916666865348816
l_curve_6,152,0.42387866973876953,0.7916666865348816
l_curve_6,153,0.4230860769748688,0.7916666865348816
l_curve_6,154,0.42232394218444824,0.7916666865348816
l_curve_6,155,0.42144808173179626,0.7916666865348816
l_curve_6,156,0.4207209050655365,0.7916666865348816
l_curve_6,157,0.4199650287628174,0.7916666865348816
l_curve_6,158,0.4192047119140625,0.7916666865348816
l_curve_6,159,0.41845962405204773,0.7916666865348816
l_curve_6,160,0.41769805550575256,0.7916666865348816
l_curve_6,161,0.416918009519577,0.7916666865348816
l_curve_6,162,0.4161664545536041,0.7916666865348816
l_curve_6,163,0.41554829478263855,0.7916666865348816
l_curve_6,164,0.41488179564476013,0.7916666865348816
l_curve_6,165,0.4141767919063568,0.7916666865348816
l_curve_6,166,0.4135650098323822,0.7916666865348816
l_curve_6,167,0.41281357407569885,0.7916666865348816
l_curve_6,168,0.41207149624824524,0.7916666865348816
l_curve_6,169,0.41130518913269043,0.7916666865348816
l_curve_6,170,0.4106973707675934,0.7916666865348816
l_curve_6,171,0.4099782407283783,0.7916666865348816
l_curve_6,172,0.40928611159324646,0.7916666865348816
l_curve_6,173,0.4086897373199463,0.7916666865348816
l_curve_6,174,0.4080084562301636,0.7916666865348816
l_curve_6,175,0.40739473700523376,0.7916666865348816
l_curve_6,176,0.40679094195365906,0.7916666865348816
l_curve_6,177,0.40606698393821716,0.7916666865348816
l_curve_6,178,0.40541884303092957,0.7916666865348816
l_curve_6,179,0.40473970770835876,0.7916666865348816
l_curve_6,180,0.40411028265953064,0.7916666865348816
l_curve_6,181,0.40354737639427185,0.7916666865348816
l_curve_6,182,0.40285536646842957,0.7916666865348816
l_curve_6,183,0.40226927399635315,0.7916666865348816
l_curve_6,184,0.4016183316707611,0.7916666865348816
l_curve_6,185,0.4010215699672699,0.7916666865348816
l_curve_6,186,0.40042248368263245,0.7916666865348816
l_curve_6,187,0.39979520440101624,0.7916666865348816
l_curve_6,188,0.39920544624328613,0.7916666865348816
l_curve_6,189,0.3985496461391449,0.7916666865348816
l_curve_6,190,0.3979586362838745,0.7916666865348816
l_curve_6,191,0.397370845079422,0.7916666865348816
l_curve_6,192,0.39684560894966125,0.7916666865348816
l_curve_6,193,0.39628419280052185,0.7916666865348816
l_curve_6,194,0.3956662714481354,0.7916666865348816
l_curve_6,195,0.39498409628868103,0.7916666865348816
l_curve_6,196,0.3945145905017853,0.7916666865348816
l_curve_6,197,0.39399662613868713,0.7916666865348816
l_curve_6,198,0.3933907449245453,0.7916666865348816
l_curve_6,199,0.39282670617103577,0.7916666865348816
l_curve_6,200,0.3922176659107208,0.7916666865348816
l_curve_6,201,0.3916819095611572,0.7916666865348816
l_curve_6,202,0.3911431133747101,0.7916666865348816
l_curve_6,203,0.3906383514404297,0.7916666865348816
l_curve_6,204,0.39016053080558777,0.7916666865348816
l_curve_6,205,0.3896362781524658,0.7916666865348816
l_curve_6,206,0.3890710175037384,0.7916666865348816
l_curve_6,207,0.388542503118515,0.7916666865348816
l_curve_6,208,0.38795337080955505,0.7916666865348816
l_curve_6,209,0.387533038854599,0.7916666865348816
l_curve_6,210,0.38702675700187683,0.8333333134651184
l_curve_6,211,0.38654008507728577,0.8333333134651184
l_curve_6,212,0.3860258162021637,0.8333333134651184
l_curve_6,213,0.3856021463871002,0.8333333134651184
l_curve_6,214,0.3850353956222534,0.8333333134651184
l_curve_6,215,0.38453471660614014,0.8333333134651184
l_curve_6,216,0.3840690553188324,0.8333333134651184
l_curve_6,217,0.38355207443237305,0.8333333134651184
l_curve_6,218,0.38301968574523926,0.8333333134651184
l_curve_6,219,0.3826448619365692,0.8333333134651184
l_curve_6,220,0.3822205066680908,0.8333333134651184
l_curve_6,221,0.3817513883113861,0.8333333134651184
l_curve_6,222,0.381315141916275,0.8333333134651184
l_curve_6,223,0.38088130950927734,0.8333333134651184
l_curve_6,224,0.38043463230133057,0.8333333134651184
l_curve_6,225,0.37998244166374207,0.8333333134651184
l_curve_6,226,0.3794730007648468,0.8333333134651184
l_curve_6,227,0.37901702523231506,0.8333333134651184
l_curve_6,228,0.37856972217559814,0.8333333134651184
l_curve_6,229,0.378169447183609,0.8333333134651184
l_curve_6,230,0.3777787685394287,0.8333333134651184
l_curve_6,231,0.3774310052394867,0.8333333134651184
l_curve_6,232,0.3769632875919342,0.8333333134651184
l_curve_6,233,0.3764742314815521,0.8333333134651184
l_curve_6,234,0.37611547112464905,0.8333333134651184
l_curve_6,235,0.37564608454704285,0.8333333134651184
l_curve_6,236,0.37524673342704773,0.8333333134651184
l_curve_6,237,0.3748551309108734,0.8333333134651184
l_curve_6,238,0.3744910657405853,0.8333333134651184
l_curve_6,239,0.37411317229270935,0.8333333134651184
l_curve_6,240,0.37367209792137146,0.8333333134651184
l_curve_6,241,0.3732992112636566,0.8333333134651184
l_curve_6,242,0.3729526996612549,0.8333333134651184
l_curve_6,243,0.37256884574890137,0.8333333134651184
l_curve_6,244,0.37216702103614807,0.8333333134651184
l_curve_6,245,0.37185510993003845,0.8333333134651184
l_curve_6,246,0.3714681565761566,0.8333333134651184
l_curve_6,247,0.371089905500412,0.8333333134651184
l_curve_6,248,0.37076902389526367,0.8333333134651184
l_curve_6,249,0.370407372713089,0.8333333134651184
l_curve_6,250,0.3700610101222992,0.8333333134651184
l_curve_6,251,0.369686484336853,0.8333333134651184
l_curve_6,252,0.36926034092903137,0.8333333134651184
l_curve_6,253,0.36883673071861267,0.8333333134651184
l_curve_6,254,0.3684748113155365,0.8333333134651184
l_curve_6,255,0.3681158125400543,0.8333333134651184
l_curve_6,256,0.3678264915943146,0.8333333134651184
l_curve_6,257,0.36757877469062805,0.8333333134651184
l_curve_6,258,0.3672792911529541,0.8333333134651184
l_curve_6,259,0.3669462203979492,0.8333333134651184
l_curve_6,260,0.36666640639305115,0.8333333134651184
l_curve_6,261,0.36640048027038574,0.8333333134651184
l_curve_6,262,0.3661212623119354,0.8333333134651184
l_curve_6,263,0.3657890260219574,0.8333333134651184
l_curve_6,264,0.36546942591667175,0.8333333134651184
l_curve_6,265,0.36515071988105774,0.8333333134651184
l_curve_6,266,0.36492350697517395,0.8333333134651184
l_curve_6,267,0.3646560609340668,0.8333333134651184
l_curve_6,268,0.3643156588077545,0.8333333134651184
l_curve_6,269,0.36395755410194397,0.8333333134651184
l_curve_6,270,0.3636929988861084,0.8333333134651184
l_curve_6,271,0.36333832144737244,0.8333333134651184
l_curve_6,272,0.3630608022212982,0.8333333134651184
l_curve_6,273,0.36273273825645447,0.8333333134651184
l_curve_6,274,0.3625248968601227,0.8333333134651184
l_curve_6,275,0.3622916638851166,0.8333333134651184
l_curve_6,276,0.3620389401912689,0.8333333134651184
l_curve_6,277,0.3618791997432709,0.8333333134651184
l_curve_6,278,0.36156824231147766,0.8333333134651184
l_curve_6,279,0.36132654547691345,0.875
l_curve_6,280,0.361055850982666,0.875
l_curve_6,281,0.3608110249042511,0.875
l_curve_6,282,0.36046838760375977,0.875
l_curve_6,283,0.36020782589912415,0.875
l_curve_6,284,0.3600238561630249,0.875
l_curve_6,285,0.3598572313785553,0.875
l_curve_6,286,0.3596839904785156,0.875
l_curve_6,287,0.35952964425086975,0.875
l_curve_6,288,0.3592505156993866,0.875
l_curve_6,289,0.35907140374183655,0.875
l_curve_6,290,0.3588659465312958,0.875
l_curve_6,291,0.35861682891845703,0.875
l_curve_6,292,0.35842660069465637,0.875
l_curve_6,293,0.3581632673740387,0.875
l_curve_6,294,0.3579820394515991,0.875
l_curve_6,295,0.35775887966156006,0.875
l_curve_6,296,0.35749760270118713,0.875
l_curve_6,297,0.35729852318763733,0.875
l_curve_6,298,0.357084184885025,0.875
l_curve_6,299,0.35686349868774414,0.875
l_curve_6,300,0.3566727638244629,0.875
l_curve_6,301,0.3564884662628174,0.875
l_curve_6,302,0.3563852310180664,0.875
l_curve_6,303,0.3562260568141937,0.875
l_curve_6,304,0.35610318183898926,0.875
l_curve_6,305,0.3559378683567047,0.875
l_curve_6,306,0.35583099722862244,0.875
l_curve_6,307,0.355633407831192,0.875
l_curve_6,308,0.3555314838886261,0.875
l_curve_6,309,0.3553902208805084,0.875
l_curve_6,310,0.35521817207336426,0.875
l_curve_6,311,0.3550912141799927,0.875
l_curve_6,312,0.3549116551876068,0.875
l_curve_6,313,0.35482847690582275,0.875
l_curve_6,314,0.35464993119239807,0.875
l_curve_6,315,0.3544487953186035,0.875
l_curve_6,316,0.35430923104286194,0.875
l_curve_6,317,0.35416707396507263,0.875
l_curve_6,318,0.35406672954559326,0.875
l_curve_6,319,0.35389891266822815,0.875
l_curve_6,320,0.3537508547306061,0.875
l_curve_6,321,0.3536243736743927,0.875
l_curve_6,322,0.35345637798309326,0.875
l_curve_6,323,0.353346586227417,0.875
l_curve_6,324,0.3532197177410126,0.875
l_curve_6,325,0.3531108796596527,0.875
l_curve_6,326,0.3529459536075592,0.875
l_curve_6,327,0.35283362865448,0.875
l_curve_6,328,0.3528358042240143,0.875
l_curve_6,329,0.3527659475803375,0.875
l_curve_6,330,0.3526535928249359,0.875
l_curve_6,331,0.35258111357688904,0.875
l_curve_6,332,0.35246896743774414,0.875
l_curve_6,333,0.3523894250392914,0.875
l_curve_6,334,0.3522885739803314,0.875
l_curve_6,335,0.3522047996520996,0.875
l_curve_6,336,0.35211899876594543,0.875
l_curve_6,337,0.35210463404655457,0.875
l_curve_6,338,0.3519817590713501,0.875
l_curve_6,339,0.35189899802207947,0.875
l_curve_6,340,0.3518458306789398,0.875
l_curve_6,341,0.35176801681518555,0.875
l_curve_6,342,0.351672887802124,0.875
l_curve_6,343,0.35157760977745056,0.875
l_curve_6,344,0.35153210163116455,0.875
l_curve_6,345,0.35150256752967834,0.875
l_curve_6,346,0.3514314591884613,0.875
l_curve_6,347,0.35146239399909973,0.875
l_curve_6,348,0.3515266478061676,0.875
l_curve_6,349,0.3514181077480316,0.875
l_curve_6,350,0.3513033092021942,0.875
l_curve_6,351,0.35130253434181213,0.875
l_curve_6,352,0.3512481451034546,0.875
l_curve_6,353,0.35118019580841064,0.875
l_curve_6,354,0.3510897159576416,0.875
l_curve_6,355,0.35106515884399414,0.875
l_curve_6,356,0.35104092955589294,0.875
l_curve_6,357,0.35094285011291504,0.875
l_curve_6,358,0.3509460985660553,0.875
l_curve_6,359,0.3509080410003662,0.875
l_curve_6,360,0.3508906364440918,0.875
l_curve_6,361,0.3507661521434784,0.875
l_curve_6,362,0.3508053719997406,0.875
l_curve_6,363,0.3507712185382843,0.875
l_curve_6,364,0.35071292519569397,0.875
l_curve_6,365,0.350740522146225,0.875
l_curve_6,366,0.3508373200893402,0.875
l_curve_6,367,0.35083290934562683,0.875
l_curve_6,368,0.3508130609989166,0.875
l_curve_6,369,0.35079529881477356,0.875
l_curve_6,370,0.35073599219322205,0.875
l_curve_6,371,0.35065725445747375,0.875
l_curve_6,372,0.3507190942764282,0.875
l_curve_6,373,0.35069501399993896,0.875
l_curve_6,374,0.35070767998695374,0.875
l_curve_6,375,0.35076919198036194,0.875
l_curve_6,376,0.3507173955440521,0.875
l_curve_6,377,0.3507314622402191,0.875
l_curve_6,378,0.3507803976535797,0.875
l_curve_6,379,0.3507225513458252,0.875
l_curve_6,380,0.35080552101135254,0.875
l_curve_6,381,0.35086631774902344,0.875
l_curve_6,382,0.35087189078330994,0.875
l_curve_6,383,0.35082873702049255,0.875
l_curve_6,384,0.35088858008384705,0.875
l_curve_6,385,0.3508952558040619,0.875
l_curve_6,386,0.3508613407611847,0.875
l_curve_6,387,0.35097238421440125,0.875
l_curve_6,388,0.351066917181015,0.875
l_curve_6,389,0.3510799705982208,0.875
l_curve_6,390,0.35111281275749207,0.875
l_curve_6,391,0.3511006534099579,0.875
l_curve_6,392,0.35113200545310974,0.875
l_curve_6,393,0.3512360155582428,0.875
l_curve_6,394,0.3512665927410126,0.875
l_curve_6,395,0.3512927293777466,0.875
l_curve_6,396,0.35130825638771057,0.875
l_curve_6,397,0.35135769844055176,0.875
l_curve_6,398,0.3513888418674469,0.875
l_curve_6,399,0.3514423668384552,0.875
l_curve_6,400,0.35151633620262146,0.875
l_curve_6,401,0.35159504413604736,0.875
l_curve_6,402,0.35164228081703186,0.875
l_curve_6,403,0.35168787837028503,0.875
l_curve_6,404,0.35176220536231995,0.875
l_curve_6,405,0.35182133316993713,0.875
l_curve_6,406,0.3518107235431671,0.875
l_curve_6,407,0.35183271765708923,0.875
l_curve_6,408,0.35189366340637207,0.875
l_curve_6,409,0.351946622133255,0.875
l_curve_6,410,0.3520008325576782,0.875
l_curve_6,411,0.35201525688171387,0.875
l_curve_6,412,0.35206374526023865,0.875
l_curve_6,413,0.3521343767642975,0.875
l_curve_6,414,0.352165549993515,0.875
l_curve_6,415,0.3523761034011841,0.875
l_curve_6,416,0.35246559977531433,0.875
l_curve_6,417,0.35252049565315247,0.875
l_curve_6,418,0.35260531306266785,0.875
l_curve_6,419,0.35267117619514465,0.875
l_curve_6,420,0.35276174545288086,0.875
l_curve_6,421,0.3528461754322052,0.875
l_curve_6,422,0.3528863489627838,0.875
l_curve_6,423,0.35295572876930237,0.875
l_curve_6,424,0.35301125049591064,0.875
l_curve_6,425,0.3531704843044281,0.875
l_curve_6,426,0.3532441556453705,0.875
l_curve_6,427,0.35338106751441956,0.875
l_curve_6,428,0.353561133146286,0.875
l_curve_6,429,0.35362306237220764,0.875
l_curve_6,430,0.3536621630191803,0.875
l_curve_6,431,0.3537522256374359,0.875
l_curve_6,432,0.35384294390678406,0.875
l_curve_6,433,0.3539397418498993,0.875
l_curve_6,434,0.3539685308933258,0.875
l_curve_6,435,0.35398197174072266,0.875
l_curve_6,436,0.35411515831947327,0.875
l_curve_6,437,0.35426560044288635,0.875
l_curve_6,438,0.35437843203544617,0.875
l_curve_6,439,0.35444608330726624,0.875
l_curve_6,440,0.35460010170936584,0.875
l_curve_6,441,0.35480108857154846,0.875
l_curve_6,442,0.35482993721961975,0.875
l_curve_6,443,0.3549060821533203,0.875
l_curve_6,444,0.3549705445766449,0.875
l_curve_6,445,0.3550679683685303,0.875
l_curve_6,446,0.3551670014858246,0.875
l_curve_6,447,0.3552232086658478,0.875
l_curve_6,448,0.35530343651771545,0.875
l_curve_6,449,0.3553667962551117,0.875
l_curve_6,450,0.35551998019218445,0.875
l_curve_6,451,0.3556532859802246,0.875
l_curve_6,452,0.3557836711406708,0.875
l_curve_6,453,0.3559039831161499,0.875
l_curve_6,454,0.3560009300708771,0.875
l_curve_6,455,0.3561006784439087,0.875
l_curve_6,456,0.35621508955955505,0.875
l_curve_6,457,0.3562866151332855,0.875
l_curve_6,458,0.356414794921875,0.875
l_curve_6,459,0.35657286643981934,0.875
l_curve_6,460,0.35664716362953186,0.875
l_curve_6,461,0.3567589819431305,0.875
l_curve_6,462,0.3568803071975708,0.8333333134651184
l_curve_6,463,0.3569861650466919,0.8333333134651184
l_curve_6,464,0.3570655882358551,0.8333333134651184
l_curve_6,465,0.35722824931144714,0.8333333134651184
l_curve_6,466,0.35733041167259216,0.8333333134651184
l_curve_6,467,0.35748085379600525,0.8333333134651184
l_curve_6,468,0.35766997933387756,0.8333333134651184
l_curve_6,469,0.3577493727207184,0.8333333134651184
l_curve_6,470,0.35779252648353577,0.8333333134651184
l_curve_6,471,0.35795965790748596,0.8333333134651184
l_curve_6,472,0.358104944229126,0.8333333134651184
l_curve_6,473,0.3582593500614166,0.8333333134651184
l_curve_6,474,0.35830941796302795,0.8333333134651184
l_curve_6,475,0.358471542596817,0.8333333134651184
l_curve_6,476,0.35851946473121643,0.8333333134651184
l_curve_6,477,0.3585872948169708,0.8333333134651184
l_curve_6,478,0.35874930024147034,0.8333333134651184
l_curve_6,479,0.35888490080833435,0.8333333134651184
l_curve_6,480,0.3589472770690918,0.8333333134651184
l_curve_6,481,0.3590942323207855,0.8333333134651184
l_curve_6,482,0.3591722548007965,0.8333333134651184
l_curve_6,483,0.3593120574951172,0.8333333134651184
l_curve_6,484,0.3594454824924469,0.8333333134651184
l_curve_6,485,0.3596409261226654,0.8333333134651184
l_curve_6,486,0.3597358167171478,0.8333333134651184
l_curve_6,487,0.3598361015319824,0.8333333134651184
l_curve_6,488,0.36002635955810547,0.8333333134651184
l_curve_6,489,0.36019042134284973,0.8333333134651184
l_curve_6,490,0.36026933789253235,0.8333333134651184
l_curve_6,491,0.3603808581829071,0.8333333134651184
l_curve_6,492,0.3604499399662018,0.8333333134651184
l_curve_6,493,0.36063042283058167,0.8333333134651184
l_curve_6,494,0.36081722378730774,0.8333333134651184
l_curve_6,495,0.3608922064304352,0.8333333134651184
l_curve_6,496,0.36106356978416443,0.8333333134651184
l_curve_6,497,0.3611600399017334,0.8333333134651184
l_curve_6,498,0.3613080084323883,0.8333333134651184
l_curve_6,499,0.36142364144325256,0.8333333134651184
l_curve_6,500,0.36154577136039734,0.8333333134651184
l_curve_6,501,0.3615971803665161,0.8333333134651184
l_curve_6,502,0.36175045371055603,0.8333333134651184
l_curve_6,503,0.36178675293922424,0.8333333134651184
l_curve_6,504,0.36191844940185547,0.8333333134651184
l_curve_6,505,0.3620617389678955,0.8333333134651184
l_curve_6,506,0.3622143268585205,0.8333333134651184
l_curve_6,507,0.3622840642929077,0.8333333134651184
l_curve_6,508,0.36243462562561035,0.8333333134651184
l_curve_6,509,0.36256518959999084,0.8333333134651184
l_curve_6,510,0.3626640737056732,0.8333333134651184
l_curve_6,511,0.36280694603919983,0.8333333134651184
l_curve_6,512,0.3629878759384155,0.8333333134651184
l_curve_6,513,0.36313357949256897,0.8333333134651184
l_curve_6,514,0.36330676078796387,0.8333333134651184
l_curve_6,515,0.36342620849609375,0.8333333134651184
l_curve_6,516,0.3635568618774414,0.8333333134651184
l_curve_6,517,0.3636229932308197,0.8333333134651184
l_curve_6,518,0.36381468176841736,0.8333333134651184
l_curve_6,519,0.3639659881591797,0.8333333134651184
l_curve_6,520,0.3640129566192627,0.8333333134651184
l_curve_6,521,0.36419880390167236,0.8333333134651184
l_curve_6,522,0.3643011152744293,0.8333333134651184
l_curve_6,523,0.3644533157348633,0.8333333134651184
l_curve_6,524,0.36458027362823486,0.8333333134651184
l_curve_6,525,0.36473503708839417,0.8333333134651184
l_curve_6,526,0.3647780418395996,0.8333333134651184
l_curve_6,527,0.3648419678211212,0.8333333134651184
l_curve_6,528,0.3650313913822174,0.8333333134651184
l_curve_6,529,0.3651907444000244,0.8333333134651184
l_curve_6,530,0.3652535378932953,0.8333333134651184
l_curve_6,531,0.3654591143131256,0.8333333134651184
l_curve_6,532,0.3655870854854584,0.8333333134651184
l_curve_6,533,0.3657044470310211,0.8333333134651184
l_curve_6,534,0.3658268451690674,0.8333333134651184
l_curve_6,535,0.3659321367740631,0.8333333134651184
l_curve_6,536,0.3661048412322998,0.8333333134651184
l_curve_6,537,0.36623942852020264,0.8333333134651184
l_curve_6,538,0.36629486083984375,0.8333333134651184
l_curve_6,539,0.3663952350616455,0.8333333134651184
l_curve_6,540,0.36656078696250916,0.8333333134651184
l_curve_6,541,0.3666341006755829,0.8333333134651184
l_curve_6,542,0.36682137846946716,0.8333333134651184
l_curve_6,543,0.3669561445713043,0.8333333134651184
l_curve_6,544,0.3670988976955414,0.8333333134651184
l_curve_6,545,0.36735185980796814,0.8333333134651184
l_curve_6,546,0.3674429953098297,0.8333333134651184
l_curve_6,547,0.36761927604675293,0.8333333134651184
l_curve_6,548,0.3676697313785553,0.8333333134651184
l_curve_6,549,0.3677731454372406,0.8333333134651184
l_curve_6,550,0.36791476607322693,0.8333333134651184
l_curve_6,551,0.3681076467037201,0.8333333134651184
l_curve_6,552,0.36815664172172546,0.8333333134651184
l_curve_6,553,0.36823928356170654,0.8333333134651184
l_curve_6,554,0.36831608414649963,0.8333333134651184
l_curve_6,555,0.36831045150756836,0.8333333134651184
l_curve_6,556,0.36855125427246094,0.8333333134651184
l_curve_6,557,0.3686295449733734,0.8333333134651184
l_curve_6,558,0.36877450346946716,0.8333333134651184
l_curve_6,559,0.36893579363822937,0.8333333134651184
l_curve_6,560,0.36910831928253174,0.8333333134651184
l_curve_6,561,0.36922433972358704,0.8333333134651184
l_curve_6,562,0.36928388476371765,0.8333333134651184
l_curve_6,563,0.36943188309669495,0.8333333134651184
l_curve_6,564,0.3695574700832367,0.8333333134651184
l_curve_6,565,0.3696974515914917,0.8333333134651184
l_curve_6,566,0.3698442876338959,0.8333333134651184
l_curve_6,567,0.3699760437011719,0.8333333134651184
l_curve_6,568,0.37006261944770813,0.8333333134651184
l_curve_6,569,0.37017467617988586,0.8333333134651184
l_curve_6,570,0.3702469766139984,0.8333333134651184
l_curve_6,571,0.3702636957168579,0.8333333134651184
l_curve_6,572,0.3703993260860443,0.8333333134651184
l_curve_6,573,0.3705284595489502,0.8333333134651184
l_curve_6,574,0.37071576714515686,0.8333333134651184
l_curve_6,575,0.370892733335495,0.8333333134651184
l_curve_6,576,0.37104764580726624,0.8333333134651184
l_curve_6,577,0.3710911273956299,0.8333333134651184
l_curve_6,578,0.37117016315460205,0.8333333134651184
l_curve_6,579,0.37129053473472595,0.8333333134651184
l_curve_6,580,0.37138083577156067,0.8333333134651184
l_curve_6,581,0.37151241302490234,0.8333333134651184
l_curve_6,582,0.3715885877609253,0.8333333134651184
l_curve_6,583,0.3717539310455322,0.8333333134651184
l_curve_6,584,0.37184205651283264,0.8333333134651184
l_curve_6,585,0.37202563881874084,0.8333333134651184
l_curve_6,586,0.3721649646759033,0.8333333134651184
l_curve_6,587,0.37229397892951965,0.8333333134651184
l_curve_6,588,0.3724195659160614,0.8333333134651184
l_curve_6,589,0.37248358130455017,0.8333333134651184
l_curve_6,590,0.3726241886615753,0.8333333134651184
l_curve_6,591,0.372762531042099,0.8333333134651184
l_curve_6,592,0.3728044033050537,0.8333333134651184
l_curve_6,593,0.37289655208587646,0.8333333134651184
l_curve_6,594,0.37296295166015625,0.8333333134651184
l_curve_6,595,0.3731147050857544,0.8333333134651184
l_curve_6,596,0.37321674823760986,0.8333333134651184
l_curve_6,597,0.37337467074394226,0.8333333134651184
l_curve_6,598,0.3734672963619232,0.8333333134651184
l_curve_6,599,0.3735935688018799,0.8333333134651184
l_curve_6,600,0.3737058937549591,0.8333333134651184
l_curve_6,601,0.37387657165527344,0.8333333134651184
l_curve_6,602,0.3739608824253082,0.8333333134651184
l_curve_6,603,0.3741145133972168,0.8333333134651184
l_curve_6,604,0.37425342202186584,0.8333333134651184
l_curve_6,605,0.3743078410625458,0.8333333134651184
l_curve_6,606,0.37440407276153564,0.8333333134651184
l_curve_6,607,0.3745076656341553,0.8333333134651184
l_curve_6,608,0.3746066093444824,0.8333333134651184
l_curve_6,609,0.37465253472328186,0.8333333134651184
l_curve_6,610,0.37477126717567444,0.8333333134651184
l_curve_6,611,0.3748404085636139,0.8333333134651184
l_curve_6,612,0.3749814033508301,0.8333333134651184
l_curve_6,613,0.37513604760169983,0.8333333134651184
l_curve_6,614,0.37519288063049316,0.8333333134651184
l_curve_6,615,0.3752414286136627,0.8333333134651184
l_curve_6,616,0.37532901763916016,0.8333333134651184
l_curve_6,617,0.37546682357788086,0.8333333134651184
l_curve_6,618,0.37559688091278076,0.8333333134651184
l_curve_6,619,0.37570109963417053,0.8333333134651184
l_curve_6,620,0.3758121728897095,0.8333333134651184
l_curve_6,621,0.3758781850337982,0.8333333134651184
l_curve_6,622,0.3760169446468353,0.8333333134651184
l_curve_6,623,0.3760972023010254,0.8333333134651184
l_curve_6,624,0.37619301676750183,0.8333333134651184
l_curve_6,625,0.3763338029384613,0.8333333134651184
l_curve_6,626,0.3764156103134155,0.8333333134651184
l_curve_6,627,0.37649333477020264,0.8333333134651184
l_curve_6,628,0.37660613656044006,0.8333333134651184
l_curve_6,629,0.3766964375972748,0.8333333134651184
l_curve_6,630,0.3768099844455719,0.8333333134651184
l_curve_6,631,0.37688079476356506,0.8333333134651184
l_curve_6,632,0.377042293548584,0.8333333134651184
l_curve_6,633,0.3771500885486603,0.8333333134651184
l_curve_6,634,0.3771638870239258,0.8333333134651184
l_curve_6,635,0.37721529603004456,0.8333333134651184
l_curve_6,636,0.3773190975189209,0.8333333134651184
l_curve_6,637,0.3775233328342438,0.8333333134651184
l_curve_6,638,0.3775672912597656,0.8333333134651184
l_curve_6,639,0.3776690661907196,0.8333333134651184
l_curve_6,640,0.37774530053138733,0.8333333134651184
l_curve_6,641,0.37788423895835876,0.8333333134651184
l_curve_6,642,0.377977579832077,0.8333333134651184
l_curve_6,643,0.37809696793556213,0.8333333134651184
l_curve_6,644,0.37817278504371643,0.8333333134651184
l_curve_6,645,0.37826061248779297,0.8333333134651184
l_curve_6,646,0.3783043920993805,0.8333333134651184
l_curve_6,647,0.37841132283210754,0.8333333134651184
l_curve_6,648,0.3784724175930023,0.8333333134651184
l_curve_6,649,0.3785988390445709,0.8333333134651184
l_curve_6,650,0.3787717819213867,0.8333333134651184
l_curve_6,651,0.3788948953151703,0.8333333134651184
l_curve_6,652,0.3789631426334381,0.8333333134651184
l_curve_6,653,0.37900516390800476,0.8333333134651184
l_curve_6,654,0.37901827692985535,0.8333333134651184
l_curve_6,655,0.3790639638900757,0.8333333134651184
l_curve_6,656,0.3791694641113281,0.8333333134651184
l_curve_6,657,0.37930965423583984,0.8333333134651184
l_curve_6,658,0.3793890178203583,0.8333333134651184
l_curve_6,659,0.3794879913330078,0.8333333134651184
l_curve_6,660,0.37953171133995056,0.8333333134651184
l_curve_6,661,0.37957409024238586,0.8333333134651184
l_curve_6,662,0.3796316087245941,0.8333333134651184
l_curve_6,663,0.37967512011528015,0.8333333134651184
l_curve_6,664,0.3797537386417389,0.8333333134651184
l_curve_6,665,0.3798247277736664,0.8333333134651184
l_curve_6,666,0.3798937499523163,0.8333333134651184
l_curve_6,667,0.37997302412986755,0.8333333134651184
l_curve_6,668,0.3801119327545166,0.8333333134651184
l_curve_6,669,0.38023698329925537,0.8333333134651184
l_curve_6,670,0.38038623332977295,0.8333333134651184
l_curve_6,671,0.3804440498352051,0.8333333134651184
l_curve_6,672,0.38052940368652344,0.8333333134651184
l_curve_6,673,0.3806518018245697,0.8333333134651184
l_curve_6,674,0.3807727098464966,0.8333333134651184
l_curve_6,675,0.3808012902736664,0.8333333134651184
l_curve_6,676,0.3809095621109009,0.8333333134651184
l_curve_6,677,0.38099750876426697,0.8333333134651184
l_curve_6,678,0.3811144530773163,0.8333333134651184
l_curve_6,679,0.381124347448349,0.8333333134651184
l_curve_6,680,0.38118553161621094,0.8333333134651184
l_curve_6,681,0.3812762200832367,0.8333333134651184
l_curve_6,682,0.3813404142856598,0.8333333134651184
l_curve_6,683,0.38142427802085876,0.8333333134651184
l_curve_6,684,0.3814776837825775,0.8333333134651184
l_curve_6,685,0.38154616951942444,0.8333333134651184
l_curve_6,686,0.3815663754940033,0.8333333134651184
l_curve_6,687,0.38164767622947693,0.8333333134651184
l_curve_6,688,0.38170719146728516,0.8333333134651184
l_curve_6,689,0.38189101219177246,0.8333333134651184
l_curve_6,690,0.38195034861564636,0.8333333134651184
l_curve_6,691,0.38193202018737793,0.8333333134651184
l_curve_6,692,0.38199639320373535,0.8333333134651184
l_curve_6,693,0.3820420205593109,0.8333333134651184
l_curve_6,694,0.3821806013584137,0.8333333134651184
l_curve_6,695,0.38235345482826233,0.8333333134651184
l_curve_6,696,0.3823905885219574,0.8333333134651184
l_curve_6,697,0.382468581199646,0.8333333134651184
l_curve_6,698,0.382587194442749,0.8333333134651184
l_curve_6,699,0.38266217708587646,0.8333333134651184
l_curve_6,700,0.3827086389064789,0.8333333134651184
l_curve_6,701,0.3828354775905609,0.8333333134651184
l_curve_6,702,0.38278838992118835,0.8333333134651184
l_curve_6,703,0.3828728497028351,0.8333333134651184
l_curve_6,704,0.38290032744407654,0.8333333134651184
l_curve_6,705,0.3829660415649414,0.8333333134651184
l_curve_6,706,0.3830510079860687,0.8333333134651184
l_curve_6,707,0.3831518590450287,0.8333333134651184
l_curve_6,708,0.38315093517303467,0.8333333134651184
l_curve_6,709,0.38323113322257996,0.8333333134651184
l_curve_6,710,0.3832889497280121,0.8333333134651184
l_curve_6,711,0.3833470344543457,0.8333333134651184
l_curve_6,712,0.3834364414215088,0.8333333134651184
l_curve_6,713,0.3835383653640747,0.8333333134651184
l_curve_6,714,0.3836054801940918,0.8333333134651184
l_curve_6,715,0.38364073634147644,0.8333333134651184
l_curve_6,716,0.38367167115211487,0.8333333134651184
l_curve_6,717,0.38379883766174316,0.8333333134651184
l_curve_6,718,0.38380828499794006,0.8333333134651184
l_curve_6,719,0.3839474022388458,0.8333333134651184
l_curve_6,720,0.3840065896511078,0.8333333134651184
l_curve_6,721,0.38413187861442566,0.8333333134651184
l_curve_6,722,0.3841908872127533,0.8333333134651184
l_curve_6,723,0.38425078988075256,0.8333333134651184
l_curve_6,724,0.3842757046222687,0.8333333134651184
l_curve_6,725,0.38435736298561096,0.8333333134651184
l_curve_6,726,0.38444820046424866,0.8333333134651184
l_curve_6,727,0.3845398724079132,0.8333333134651184
l_curve_6,728,0.3846115171909332,0.8333333134651184
l_curve_6,729,0.3846592605113983,0.8333333134651184
l_curve_6,730,0.3846409320831299,0.8333333134651184
l_curve_6,731,0.38467738032341003,0.8333333134651184
l_curve_6,732,0.3847527801990509,0.8333333134651184
l_curve_6,733,0.3847985565662384,0.8333333134651184
l_curve_6,734,0.38484692573547363,0.8333333134651184
l_curve_6,735,0.3849429190158844,0.8333333134651184
l_curve_6,736,0.3849978446960449,0.8333333134651184
l_curve_6,737,0.38509759306907654,0.8333333134651184
l_curve_6,738,0.38514843583106995,0.8333333134651184
l_curve_6,739,0.3851684033870697,0.8333333134651184
l_curve_6,740,0.3852234184741974,0.8333333134651184
l_curve_6,741,0.38526418805122375,0.8333333134651184
l_curve_6,742,0.38526102900505066,0.8333333134651184
l_curve_6,743,0.38533902168273926,0.8333333134651184
l_curve_6,744,0.3854224681854248,0.8333333134651184
l_curve_6,745,0.38545870780944824,0.8333333134651184
l_curve_6,746,0.3855198919773102,0.8333333134651184
l_curve_6,747,0.38558945059776306,0.8333333134651184
l_curve_6,748,0.38560447096824646,0.8333333134651184
l_curve_6,749,0.38563084602355957,0.8333333134651184
l_curve_6,750,0.38568249344825745,0.8333333134651184
l_curve_6,751,0.38574448227882385,0.8333333134651184
l_curve_6,752,0.3857763707637787,0.8333333134651184
l_curve_6,753,0.38581976294517517,0.8333333134651184
l_curve_6,754,0.3859843313694,0.8333333134651184
l_curve_6,755,0.38600245118141174,0.8333333134651184
l_curve_6,756,0.3861345946788788,0.8333333134651184
l_curve_6,757,0.3861652910709381,0.8333333134651184
l_curve_6,758,0.3862408697605133,0.8333333134651184
l_curve_6,759,0.3863251209259033,0.8333333134651184
l_curve_6,760,0.38635969161987305,0.8333333134651184
l_curve_6,761,0.3863612115383148,0.8333333134651184
l_curve_6,762,0.386422723531723,0.8333333134651184
l_curve_6,763,0.3864445686340332,0.8333333134651184
l_curve_6,764,0.38644158840179443,0.8333333134651184
l_curve_6,765,0.3864879906177521,0.8333333134651184
l_curve_6,766,0.3865694999694824,0.8333333134651184
l_curve_6,767,0.38655558228492737,0.8333333134651184
l_curve_6,768,0.38663339614868164,0.8333333134651184
l_curve_6,769,0.3867228031158447,0.8333333134651184
l_curve_6,770,0.3868049085140228,0.8333333134651184
l_curve_6,771,0.38683581352233887,0.8333333134651184
l_curve_6,772,0.38692548871040344,0.8333333134651184
l_curve_6,773,0.3869795799255371,0.8333333134651184
l_curve_6,774,0.38699471950531006,0.8333333134651184
l_curve_6,775,0.3870065212249756,0.8333333134651184
l_curve_6,776,0.38708627223968506,0.8333333134651184
l_curve_6,777,0.38706907629966736,0.8333333134651184
l_curve_6,778,0.38710474967956543,0.8333333134651184
l_curve_6,779,0.3871333599090576,0.8333333134651184
l_curve_6,780,0.3870905339717865,0.8333333134651184
l_curve_6,781,0.38712480664253235,0.8333333134651184
l_curve_6,782,0.38719236850738525,0.8333333134651184
l_curve_6,783,0.38725385069847107,0.8333333134651184
l_curve_6,784,0.38725677132606506,0.8333333134651184
l_curve_6,785,0.3873962461948395,0.8333333134651184
l_curve_6,786,0.3873726427555084,0.8333333134651184
l_curve_6,787,0.3873848021030426,0.8333333134651184
l_curve_6,788,0.387429803609848,0.8333333134651184
l_curve_6,789,0.38754844665527344,0.8333333134651184
l_curve_6,790,0.38761457800865173,0.8333333134651184
l_curve_6,791,0.3877147138118744,0.8333333134651184
l_curve_6,792,0.3877377510070801,0.8333333134651184
l_curve_6,793,0.38774123787879944,0.8333333134651184
l_curve_6,794,0.38782837986946106,0.8333333134651184
l_curve_6,795,0.3878655433654785,0.8333333134651184
l_curve_6,796,0.3878324031829834,0.8333333134651184
l_curve_6,797,0.3878193795681,0.8333333134651184
l_curve_6,798,0.38785862922668457,0.8333333134651184
l_curve_6,799,0.3879440724849701,0.8333333134651184
l_curve_6,800,0.3879523277282715,0.8333333134651184
l_curve_6,801,0.3879731595516205,0.8333333134651184
l_curve_6,802,0.38800883293151855,0.8333333134651184
l_curve_6,803,0.38805341720581055,0.8333333134651184
l_curve_6,804,0.3880440294742584,0.8333333134651184
l_curve_6,805,0.3880178928375244,0.8333333134651184
l_curve_6,806,0.388086199760437,0.8333333134651184
l_curve_6,807,0.38809934258461,0.8333333134651184
l_curve_6,808,0.3881519138813019,0.8333333134651184
l_curve_6,809,0.38825979828834534,0.8333333134651184
l_curve_6,810,0.38831138610839844,0.8333333134651184
l_curve_6,811,0.3882847726345062,0.8333333134651184
l_curve_6,812,0.38829341530799866,0.8333333134651184
l_curve_6,813,0.3883987367153168,0.8333333134651184
l_curve_6,814,0.3884248435497284,0.8333333134651184
l_curve_6,815,0.3884643316268921,0.8333333134651184
l_curve_6,816,0.38850685954093933,0.8333333134651184
l_curve_6,817,0.38850346207618713,0.8333333134651184
l_curve_6,818,0.3885319232940674,0.8333333134651184
l_curve_6,819,0.3886075019836426,0.8333333134651184
l_curve_6,820,0.38864848017692566,0.8333333134651184
l_curve_6,821,0.38874849677085876,0.8333333134651184
l_curve_6,822,0.3887995183467865,0.8333333134651184
l_curve_6,823,0.38885465264320374,0.8333333134651184
l_curve_6,824,0.38883253931999207,0.8333333134651184
l_curve_6,825,0.38886451721191406,0.8333333134651184
l_curve_6,826,0.3888411521911621,0.8333333134651184
l_curve_6,827,0.3889252245426178,0.8333333134651184
l_curve_6,828,0.38890400528907776,0.8333333134651184
l_curve_6,829,0.38886380195617676,0.8333333134651184
l_curve_6,830,0.38889452815055847,0.8333333134651184
l_curve_6,831,0.38892436027526855,0.8333333134651184
l_curve_6,832,0.3889857232570648,0.8333333134651184
l_curve_6,833,0.3889634609222412,0.8333333134651184
l_curve_6,834,0.3889578878879547,0.8333333134651184
l_curve_6,835,0.388994425535202,0.8333333134651184
l_curve_6,836,0.3890048563480377,0.8333333134651184
l_curve_6,837,0.38909271359443665,0.8333333134651184
l_curve_6,838,0.3891129493713379,0.8333333134651184
l_curve_6,839,0.38916733860969543,0.8333333134651184
l_curve_6,840,0.38921070098876953,0.8333333134651184
l_curve_6,841,0.3891672194004059,0.8333333134651184
l_curve_6,842,0.38921797275543213,0.8333333134651184
l_curve_6,843,0.38926073908805847,0.8333333134651184
l_curve_6,844,0.38925060629844666,0.8333333134651184
l_curve_6,845,0.38926196098327637,0.8333333134651184
l_curve_6,846,0.3893596827983856,0.8333333134651184
l_curve_6,847,0.38940200209617615,0.8333333134651184
l_curve_6,848,0.3894268572330475,0.8333333134651184
l_curve_6,849,0.389500230550766,0.8333333134651184
l_curve_6,850,0.38951408863067627,0.8333333134651184
l_curve_6,851,0.3895648717880249,0.8333333134651184
l_curve_6,852,0.38952240347862244,0.8333333134651184
l_curve_6,853,0.3895866870880127,0.8333333134651184
l_curve_6,854,0.38962897658348083,0.8333333134651184
l_curve_6,855,0.38957294821739197,0.8333333134651184
l_curve_6,856,0.38959407806396484,0.8333333134651184
l_curve_6,857,0.3895556628704071,0.8333333134651184
l_curve_6,858,0.3896233141422272,0.8333333134651184
l_curve_6,859,0.3895838260650635,0.8333333134651184
l_curve_6,860,0.38964223861694336,0.8333333134651184
l_curve_6,861,0.3896539509296417,0.8333333134651184
l_curve_6,862,0.38973239064216614,0.8333333134651184
l_curve_6,863,0.38975775241851807,0.8333333134651184
l_curve_6,864,0.38977113366127014,0.8333333134651184
l_curve_6,865,0.38981208205223083,0.8333333134651184
l_curve_6,866,0.3898572027683258,0.8333333134651184
l_curve_6,867,0.38982534408569336,0.8333333134651184
l_curve_6,868,0.38988232612609863,0.8333333134651184
l_curve_6,869,0.3898197412490845,0.8333333134651184
l_curve_6,870,0.3898650109767914,0.8333333134651184
l_curve_6,871,0.3898579180240631,0.8333333134651184
l_curve_6,872,0.3899565637111664,0.8333333134651184
l_curve_6,873,0.38996994495391846,0.8333333134651184
l_curve_6,874,0.3899342715740204,0.8333333134651184
l_curve_6,875,0.38990116119384766,0.8333333134651184
l_curve_6,876,0.38986721634864807,0.8333333134651184
l_curve_6,877,0.3899343013763428,0.8333333134651184
l_curve_6,878,0.38994112610816956,0.8333333134651184
l_curve_6,879,0.38994741439819336,0.8333333134651184
l_curve_6,880,0.38991856575012207,0.8333333134651184
l_curve_6,881,0.38990652561187744,0.8333333134651184
l_curve_6,882,0.38991987705230713,0.8333333134651184
l_curve_6,883,0.38998642563819885,0.8333333134651184
l_curve_6,884,0.3899565637111664,0.8333333134651184
l_curve_6,885,0.3899766504764557,0.8333333134651184
l_curve_6,886,0.39004623889923096,0.8333333134651184
l_curve_6,887,0.3900192677974701,0.8333333134651184
l_curve_6,888,0.3900262117385864,0.8333333134651184
l_curve_6,889,0.39003077149391174,0.8333333134651184
l_curve_6,890,0.3900723457336426,0.8333333134651184
l_curve_6,891,0.39007672667503357,0.8333333134651184
l_curve_6,892,0.3900979459285736,0.8333333134651184
l_curve_6,893,0.39010417461395264,0.8333333134651184
l_curve_6,894,0.390129417181015,0.8333333134651184
l_curve_6,895,0.3900664746761322,0.8333333134651184
l_curve_6,896,0.39009496569633484,0.8333333134651184
l_curve_6,897,0.39012041687965393,0.8333333134651184
l_curve_6,898,0.3901351988315582,0.8333333134651184
l_curve_6,899,0.390168696641922,0.8333333134651184
l_curve_6,900,0.3902224004268646,0.8333333134651184
l_curve_6,901,0.3902132213115692,0.8333333134651184
l_curve_6,902,0.3902834951877594,0.8333333134651184
l_curve_6,903,0.3902071416378021,0.8333333134651184
l_curve_6,904,0.3901773989200592,0.8333333134651184
l_curve_6,905,0.39014163613319397,0.8333333134651184
l_curve_6,906,0.3901345431804657,0.8333333134651184
l_curve_6,907,0.3902290165424347,0.8333333134651184
l_curve_6,908,0.39020514488220215,0.8333333134651184
l_curve_6,909,0.39023494720458984,0.8333333134651184
l_curve_6,910,0.39025864005088806,0.8333333134651184
l_curve_6,911,0.39022865891456604,0.8333333134651184
l_curve_6,912,0.390298455953598,0.8333333134651184
l_curve_6,913,0.39025139808654785,0.8333333134651184
l_curve_6,914,0.390299528837204,0.8333333134651184
l_curve_6,915,0.3903297483921051,0.8333333134651184
l_curve_6,916,0.3903543949127197,0.8333333134651184
l_curve_6,917,0.390345960855484,0.8333333134651184
l_curve_6,918,0.39031967520713806,0.8333333134651184
l_curve_6,919,0.3903045654296875,0.8333333134651184
l_curve_6,920,0.39030757546424866,0.8333333134651184
l_curve_6,921,0.39040079712867737,0.8333333134651184
l_curve_6,922,0.3904542922973633,0.8333333134651184
l_curve_6,923,0.3904299736022949,0.8333333134651184
l_curve_6,924,0.39036330580711365,0.8333333134651184
l_curve_6,925,0.39032506942749023,0.8333333134651184
l_curve_6,926,0.39034903049468994,0.8333333134651184
l_curve_6,927,0.39035820960998535,0.8333333134651184
l_curve_6,928,0.39037060737609863,0.8333333134651184
l_curve_6,929,0.3903464376926422,0.8333333134651184
l_curve_6,930,0.3903767764568329,0.8333333134651184
l_curve_6,931,0.3903945982456207,0.8333333134651184
l_curve_6,932,0.39035752415657043,0.8333333134651184
l_curve_6,933,0.3904460370540619,0.8333333134651184
l_curve_6,934,0.3904440701007843,0.8333333134651184
l_curve_6,935,0.3904622495174408,0.8333333134651184
l_curve_6,936,0.39048734307289124,0.8333333134651184
l_curve_6,937,0.3904893398284912,0.8333333134651184
l_curve_6,938,0.39046335220336914,0.8333333134651184
l_curve_6,939,0.3904564380645752,0.8333333134651184
l_curve_6,940,0.39048823714256287,0.8333333134651184
l_curve_6,941,0.3904324471950531,0.8333333134651184
l_curve_6,942,0.3904455006122589,0.8333333134651184
l_curve_6,943,0.39053621888160706,0.8333333134651184
l_curve_6,944,0.3905075490474701,0.8333333134651184
l_curve_6,945,0.3905462324619293,0.8333333134651184
l_curve_6,946,0.3905198574066162,0.8333333134651184
l_curve_6,947,0.39052602648735046,0.8333333134651184
l_curve_6,948,0.3905507028102875,0.8333333134651184
l_curve_6,949,0.39049530029296875,0.8333333134651184
l_curve_6,950,0.3904517889022827,0.8333333134651184
l_curve_6,951,0.39038005471229553,0.8333333134651184
l_curve_6,952,0.3904079496860504,0.8333333134651184
l_curve_6,953,0.39036914706230164,0.8333333134651184
l_curve_6,954,0.3904293477535248,0.8333333134651184
l_curve_6,955,0.3904418647289276,0.8333333134651184
l_curve_6,956,0.3903740644454956,0.8333333134651184
l_curve_6,957,0.39041364192962646,0.8333333134651184
l_curve_6,958,0.3903404176235199,0.8333333134651184
l_curve_6,959,0.39033234119415283,0.8333333134651184
l_curve_6,960,0.390437513589859,0.8333333134651184
l_curve_6,961,0.39036789536476135,0.8333333134651184
l_curve_6,962,0.3903934955596924,0.8333333134651184
l_curve_6,963,0.39048027992248535,0.8333333134651184
l_curve_6,964,0.3904865086078644,0.8333333134651184
l_curve_6,965,0.3905352056026459,0.8333333134651184
l_curve_6,966,0.39059409499168396,0.8333333134651184
l_curve_6,967,0.39058899879455566,0.8333333134651184
l_curve_6,968,0.39054885506629944,0.8333333134651184
l_curve_6,969,0.39055562019348145,0.8333333134651184
l_curve_6,970,0.39045774936676025,0.8333333134651184
l_curve_6,971,0.39042606949806213,0.8333333134651184
l_curve_6,972,0.3904815912246704,0.8333333134651184
l_curve_6,973,0.3904958665370941,0.8333333134651184
l_curve_6,974,0.39058351516723633,0.8333333134651184
l_curve_6,975,0.3905692994594574,0.8333333134651184
l_curve_6,976,0.39061275124549866,0.8333333134651184
l_curve_6,977,0.39061975479125977,0.8333333134651184
l_curve_6,978,0.3905961811542511,0.8333333134651184
l_curve_6,979,0.3904896676540375,0.8333333134651184
l_curve_6,980,0.39044320583343506,0.8333333134651184
l_curve_6,981,0.39042457938194275,0.8333333134651184
l_curve_6,982,0.3904740810394287,0.8333333134651184
l_curve_6,983,0.3905320167541504,0.8333333134651184
l_curve_6,984,0.3904774487018585,0.8333333134651184
l_curve_6,985,0.39045557379722595,0.8333333134651184
l_curve_6,986,0.390444278717041,0.8333333134651184
l_curve_6,987,0.39040350914001465,0.8333333134651184
l_curve_6,988,0.39040160179138184,0.8333333134651184
l_curve_6,989,0.39032140374183655,0.8333333134651184
l_curve_6,990,0.39032483100891113,0.8333333134651184
l_curve_6,991,0.3903696537017822,0.8333333134651184
l_curve_6,992,0.390360951423645,0.8333333134651184
l_curve_6,993,0.3903035819530487,0.8333333134651184
l_curve_6,994,0.3903171122074127,0.8333333134651184
l_curve_6,995,0.39034518599510193,0.8333333134651184
l_curve_6,996,0.39034298062324524,0.8333333134651184
l_curve_6,997,0.3903937041759491,0.8333333134651184
l_curve_6,998,0.39039120078086853,0.8333333134651184
l_curve_6,999,0.39039039611816406,0.8333333134651184
l_curve_6,1000,0.3903600871562958,0.8333333134651184
l_curve_6,1000,0.3903600871562958,0.8333333134651184
