client,round,loss,accuracy
l_curve_1,1,0.7900295853614807,0.1666666716337204
l_curve_1,2,0.7867262363433838,0.1666666716337204
l_curve_1,3,0.783663272857666,0.1666666716337204
l_curve_1,4,0.780587911605835,0.1666666716337204
l_curve_1,5,0.7775776982307434,0.1666666716337204
l_curve_1,6,0.7747688293457031,0.1666666716337204
l_curve_1,7,0.7720039486885071,0.1666666716337204
l_curve_1,8,0.7693180441856384,0.2083333283662796
l_curve_1,9,0.7667048573493958,0.2083333283662796
l_curve_1,10,0.764120876789093,0.2083333283662796
l_curve_1,11,0.7616425156593323,0.2083333283662796
l_curve_1,12,0.759234607219696,0.2083333283662796
l_curve_1,13,0.7568873763084412,0.2083333283662796
l_curve_1,14,0.7546257972717285,0.2083333283662796
l_curve_1,15,0.7523762583732605,0.2083333283662796
l_curve_1,16,0.7501449584960938,0.2083333283662796
l_curve_1,17,0.7479798793792725,0.25
l_curve_1,18,0.7458216547966003,0.2916666567325592
l_curve_1,19,0.7436886429786682,0.2916666567325592
l_curve_1,20,0.7415358424186707,0.2916666567325592
l_curve_1,21,0.7393859028816223,0.2916666567325592
l_curve_1,22,0.7372320294380188,0.2916666567325592
l_curve_1,23,0.7351038455963135,0.2916666567325592
l_curve_1,24,0.7330014109611511,0.2916666567325592
l_curve_1,25,0.7309624552726746,0.2916666567325592
l_curve_1,26,0.7288446426391602,0.2916666567325592
l_curve_1,27,0.7267712950706482,0.2916666567325592
l_curve_1,28,0.7245985865592957,0.2916666567325592
l_curve_1,29,0.7224441170692444,0.2916666567325592
l_curve_1,30,0.7202694416046143,0.2916666567325592
l_curve_1,31,0.7180917263031006,0.2916666567325592
l_curve_1,32,0.7158786654472351,0.3333333432674408
l_curve_1,33,0.7136063575744629,0.375
l_curve_1,34,0.7113919258117676,0.4166666567325592
l_curve_1,35,0.7090795636177063,0.4166666567325592
l_curve_1,36,0.7067800164222717,0.4166666567325592
l_curve_1,37,0.7044593691825867,0.4166666567325592
l_curve_1,38,0.702093780040741,0.4166666567325592
l_curve_1,39,0.6996129155158997,0.4166666567325592
l_curve_1,40,0.6971781849861145,0.4166666567325592
l_curve_1,41,0.6947032809257507,0.5
l_curve_1,42,0.6921411156654358,0.5416666865348816
l_curve_1,43,0.6895895600318909,0.5416666865348816
l_curve_1,44,0.686955451965332,0.5416666865348816
l_curve_1,45,0.6843554973602295,0.5416666865348816
l_curve_1,46,0.6816339492797852,0.5416666865348816
l_curve_1,47,0.678896963596344,0.5416666865348816
l_curve_1,48,0.6761050224304199,0.5416666865348816
l_curve_1,49,0.6732766032218933,0.5416666865348816
l_curve_1,50,0.6704080700874329,0.5416666865348816
l_curve_1,51,0.6675011515617371,0.5416666865348816
l_curve_1,52,0.6645204424858093,0.5833333134651184
l_curve_1,53,0.6615160703659058,0.625
l_curve_1,54,0.6584575772285461,0.6666666865348816
l_curve_1,55,0.6553725004196167,0.6666666865348816
l_curve_1,56,0.6522247791290283,0.6666666865348816
l_curve_1,57,0.649012565612793,0.6666666865348816
l_curve_1,58,0.6457544565200806,0.6666666865348816
l_curve_1,59,0.6424698233604431,0.6666666865348816
l_curve_1,60,0.6391412615776062,0.6666666865348816
l_curve_1,61,0.6357737183570862,0.6666666865348816
l_curve_1,62,0.6323960423469543,0.7083333134651184
l_curve_1,63,0.6289898753166199,0.75
l_curve_1,64,0.6255030632019043,0.75
l_curve_1,65,0.6219816207885742,0.75
l_curve_1,66,0.618434488773346,0.75
l_curve_1,67,0.614849865436554,0.7916666865348816
l_curve_1,68,0.6112396121025085,0.7916666865348816
l_curve_1,69,0.6075815558433533,0.7916666865348816
l_curve_1,70,0.6038824915885925,0.7916666865348816
l_curve_1,71,0.6001973748207092,0.7916666865348816
l_curve_1,72,0.5964617729187012,0.7916666865348816
l_curve_1,73,0.5926997065544128,0.7916666865348816
l_curve_1,74,0.5889334082603455,0.7916666865348816
l_curve_1,75,0.5851585268974304,0.7916666865348816
l_curve_1,76,0.5813277363777161,0.7916666865348816
l_curve_1,77,0.577496349811554,0.7916666865348816
l_curve_1,78,0.5736854672431946,0.7916666865348816
l_curve_1,79,0.5698649883270264,0.7916666865348816
l_curve_1,80,0.5660334229469299,0.7916666865348816
l_curve_1,81,0.562177836894989,0.7916666865348816
l_curve_1,82,0.5583321452140808,0.7916666865348816
l_curve_1,83,0.5545109510421753,0.7916666865348816
l_curve_1,84,0.5506482124328613,0.7916666865348816
l_curve_1,85,0.5467978119850159,0.7916666865348816
l_curve_1,86,0.5429514646530151,0.7916666865348816
l_curve_1,87,0.5391308665275574,0.7916666865348816
l_curve_1,88,0.5353289246559143,0.7916666865348816
l_curve_1,89,0.5315306782722473,0.7916666865348816
l_curve_1,90,0.5277170538902283,0.7916666865348816
l_curve_1,91,0.5239365696907043,0.7916666865348816
l_curve_1,92,0.5201511383056641,0.7916666865348816
l_curve_1,93,0.5164248943328857,0.8333333134651184
l_curve_1,94,0.5127243995666504,0.8333333134651184
l_curve_1,95,0.5090046525001526,0.8333333134651184
l_curve_1,96,0.5053229331970215,0.8333333134651184
l_curve_1,97,0.5016893148422241,0.8333333134651184
l_curve_1,98,0.49807751178741455,0.8333333134651184
l_curve_1,99,0.4944925308227539,0.8333333134651184
l_curve_1,100,0.4909263551235199,0.8333333134651184
l_curve_1,101,0.48739373683929443,0.8333333134651184
l_curve_1,102,0.4838845729827881,0.8333333134651184
l_curve_1,103,0.48042693734169006,0.8333333134651184
l_curve_1,104,0.477029412984848,0.8333333134651184
l_curve_1,105,0.4736363887786865,0.8333333134651184
l_curve_1,106,0.4703005254268646,0.8333333134651184
l_curve_1,107,0.4669733941555023,0.8333333134651184
l_curve_1,108,0.463705450296402,0.8333333134651184
l_curve_1,109,0.46047255396842957,0.875
l_curve_1,110,0.45726776123046875,0.875
l_curve_1,111,0.45410045981407166,0.875
l_curve_1,112,0.4509831964969635,0.875
l_curve_1,113,0.447904109954834,0.875
l_curve_1,114,0.44486066699028015,0.875
l_curve_1,115,0.4418548047542572,0.875
l_curve_1,116,0.4388970136642456,0.875
l_curve_1,117,0.43600139021873474,0.875
l_curve_1,118,0.43311381340026855,0.875
l_curve_1,119,0.43026700615882874,0.875
l_curve_1,120,0.42746827006340027,0.875
l_curve_1,121,0.4246995747089386,0.875
l_curve_1,122,0.4219684600830078,0.875
l_curve_1,123,0.4192979335784912,0.875
l_curve_1,124,0.41662266850471497,0.875
l_curve_1,125,0.4140307605266571,0.875
l_curve_1,126,0.4114817678928375,0.875
l_curve_1,127,0.40895819664001465,0.875
l_curve_1,128,0.40645885467529297,0.875
l_curve_1,129,0.4040130078792572,0.875
l_curve_1,130,0.4016002118587494,0.875
l_curve_1,131,0.39922818541526794,0.875
l_curve_1,132,0.39686307311058044,0.875
l_curve_1,133,0.39455437660217285,0.875
l_curve_1,134,0.3922896385192871,0.875
l_curve_1,135,0.3900671899318695,0.875
l_curve_1,136,0.3878514766693115,0.875
l_curve_1,137,0.3857021629810333,0.875
l_curve_1,138,0.38353386521339417,0.875
l_curve_1,139,0.3814173638820648,0.875
l_curve_1,140,0.3793494999408722,0.875
l_curve_1,141,0.37730276584625244,0.875
l_curve_1,142,0.375286340713501,0.875
l_curve_1,143,0.3732943832874298,0.875
l_curve_1,144,0.3713488280773163,0.875
l_curve_1,145,0.36943569779396057,0.875
l_curve_1,146,0.36753368377685547,0.875
l_curve_1,147,0.36568114161491394,0.875
l_curve_1,148,0.3638499975204468,0.875
l_curve_1,149,0.36204084753990173,0.875
l_curve_1,150,0.36025965213775635,0.875
l_curve_1,151,0.35850343108177185,0.875
l_curve_1,152,0.35678336024284363,0.875
l_curve_1,153,0.3550814390182495,0.875
l_curve_1,154,0.3534000813961029,0.875
l_curve_1,155,0.35173299908638,0.875
l_curve_1,156,0.35009706020355225,0.875
l_curve_1,157,0.3484947681427002,0.875
l_curve_1,158,0.34691286087036133,0.875
l_curve_1,159,0.34533944725990295,0.875
l_curve_1,160,0.3437919616699219,0.875
l_curve_1,161,0.3422586917877197,0.875
l_curve_1,162,0.34075596928596497,0.875
l_curve_1,163,0.33926740288734436,0.875
l_curve_1,164,0.33779987692832947,0.875
l_curve_1,165,0.33634868264198303,0.875
l_curve_1,166,0.33490827679634094,0.875
l_curve_1,167,0.3335014283657074,0.875
l_curve_1,168,0.33212390542030334,0.875
l_curve_1,169,0.33075711131095886,0.875
l_curve_1,170,0.32941529154777527,0.875
l_curve_1,171,0.3280872702598572,0.875
l_curve_1,172,0.3267713189125061,0.875
l_curve_1,173,0.3254695236682892,0.875
l_curve_1,174,0.32418861985206604,0.875
l_curve_1,175,0.3229212760925293,0.875
l_curve_1,176,0.32166922092437744,0.875
l_curve_1,177,0.3204195201396942,0.875
l_curve_1,178,0.31920093297958374,0.875
l_curve_1,179,0.3179851472377777,0.875
l_curve_1,180,0.3167871832847595,0.875
l_curve_1,181,0.315603107213974,0.875
l_curve_1,182,0.3144407868385315,0.875
l_curve_1,183,0.31329742074012756,0.875
l_curve_1,184,0.312161922454834,0.875
l_curve_1,185,0.31104007363319397,0.875
l_curve_1,186,0.3099423944950104,0.875
l_curve_1,187,0.30886149406433105,0.875
l_curve_1,188,0.3077773153781891,0.875
l_curve_1,189,0.3067092001438141,0.875
l_curve_1,190,0.305652379989624,0.875
l_curve_1,191,0.3046124577522278,0.875
l_curve_1,192,0.3035784959793091,0.875
l_curve_1,193,0.3025631606578827,0.875
l_curve_1,194,0.30156615376472473,0.875
l_curve_1,195,0.30055609345436096,0.875
l_curve_1,196,0.2995571792125702,0.875
l_curve_1,197,0.29860374331474304,0.875
l_curve_1,198,0.29765358567237854,0.875
l_curve_1,199,0.2967049777507782,0.875
l_curve_1,200,0.29576411843299866,0.875
l_curve_1,201,0.29483088850975037,0.875
l_curve_1,202,0.29389864206314087,0.875
l_curve_1,203,0.2929988205432892,0.875
l_curve_1,204,0.2920992374420166,0.875
l_curve_1,205,0.2912046015262604,0.875
l_curve_1,206,0.29032400250434875,0.875
l_curve_1,207,0.2894517183303833,0.875
l_curve_1,208,0.2885984778404236,0.875
l_curve_1,209,0.2877519726753235,0.875
l_curve_1,210,0.2869161367416382,0.875
l_curve_1,211,0.286083459854126,0.875
l_curve_1,212,0.2852603495121002,0.875
l_curve_1,213,0.28444477915763855,0.875
l_curve_1,214,0.2836165130138397,0.875
l_curve_1,215,0.2828117907047272,0.875
l_curve_1,216,0.28202399611473083,0.875
l_curve_1,217,0.28124746680259705,0.9166666865348816
l_curve_1,218,0.28048282861709595,0.9166666865348816
l_curve_1,219,0.27972108125686646,0.9166666865348816
l_curve_1,220,0.2789687216281891,0.9166666865348816
l_curve_1,221,0.2782168686389923,0.9166666865348816
l_curve_1,222,0.27746066451072693,0.9166666865348816
l_curve_1,223,0.27672865986824036,0.9166666865348816
l_curve_1,224,0.2760061025619507,0.9166666865348816
l_curve_1,225,0.27530935406684875,0.9166666865348816
l_curve_1,226,0.27460238337516785,0.9166666865348816
l_curve_1,227,0.27389776706695557,0.9166666865348816
l_curve_1,228,0.27319765090942383,0.9166666865348816
l_curve_1,229,0.27251136302948,0.9166666865348816
l_curve_1,230,0.2718377411365509,0.9166666865348816
l_curve_1,231,0.2711639106273651,0.9166666865348816
l_curve_1,232,0.27049410343170166,0.9166666865348816
l_curve_1,233,0.26984432339668274,0.9166666865348816
l_curve_1,234,0.2691849172115326,0.9166666865348816
l_curve_1,235,0.26853659749031067,0.9166666865348816
l_curve_1,236,0.2679244577884674,0.9166666865348816
l_curve_1,237,0.2672950029373169,0.9166666865348816
l_curve_1,238,0.26666995882987976,0.9166666865348816
l_curve_1,239,0.26605167984962463,0.9166666865348816
l_curve_1,240,0.2654329836368561,0.9166666865348816
l_curve_1,241,0.2648265063762665,0.9166666865348816
l_curve_1,242,0.26422420144081116,0.9166666865348816
l_curve_1,243,0.2636319696903229,0.9166666865348816
l_curve_1,244,0.26305678486824036,0.9166666865348816
l_curve_1,245,0.262465238571167,0.9166666865348816
l_curve_1,246,0.26189640164375305,0.9166666865348816
l_curve_1,247,0.26132237911224365,0.9166666865348816
l_curve_1,248,0.26075443625450134,0.9166666865348816
l_curve_1,249,0.2601933777332306,0.9166666865348816
l_curve_1,250,0.2596534192562103,0.9166666865348816
l_curve_1,251,0.2590985596179962,0.9166666865348816
l_curve_1,252,0.2585636079311371,0.9166666865348816
l_curve_1,253,0.25802651047706604,0.9166666865348816
l_curve_1,254,0.2575007677078247,0.9166666865348816
l_curve_1,255,0.25697949528694153,0.9166666865348816
l_curve_1,256,0.25644803047180176,0.9166666865348816
l_curve_1,257,0.25592944025993347,0.9166666865348816
l_curve_1,258,0.2554354667663574,0.9166666865348816
l_curve_1,259,0.2549268901348114,0.9166666865348816
l_curve_1,260,0.2544216215610504,0.9166666865348816
l_curve_1,261,0.2539248764514923,0.9166666865348816
l_curve_1,262,0.25343969464302063,0.9166666865348816
l_curve_1,263,0.25297150015830994,0.9166666865348816
l_curve_1,264,0.25250008702278137,0.9166666865348816
l_curve_1,265,0.2520211637020111,0.9166666865348816
l_curve_1,266,0.251568078994751,0.9166666865348816
l_curve_1,267,0.25109779834747314,0.9166666865348816
l_curve_1,268,0.25062233209609985,0.9166666865348816
l_curve_1,269,0.250176340341568,0.9166666865348816
l_curve_1,270,0.249728262424469,0.9166666865348816
l_curve_1,271,0.249288871884346,0.9166666865348816
l_curve_1,272,0.24885140359401703,0.9166666865348816
l_curve_1,273,0.24841666221618652,0.9166666865348816
l_curve_1,274,0.2479712963104248,0.9166666865348816
l_curve_1,275,0.24754196405410767,0.9166666865348816
l_curve_1,276,0.24712161719799042,0.9166666865348816
l_curve_1,277,0.2466897964477539,0.9166666865348816
l_curve_1,278,0.24626658856868744,0.9166666865348816
l_curve_1,279,0.2458619326353073,0.9166666865348816
l_curve_1,280,0.24544227123260498,0.9166666865348816
l_curve_1,281,0.245036318898201,0.9166666865348816
l_curve_1,282,0.24463455379009247,0.9166666865348816
l_curve_1,283,0.24425499141216278,0.9166666865348816
l_curve_1,284,0.2438589334487915,0.9166666865348816
l_curve_1,285,0.24347205460071564,0.9166666865348816
l_curve_1,286,0.24309785664081573,0.9166666865348816
l_curve_1,287,0.24271750450134277,0.9166666865348816
l_curve_1,288,0.2423500269651413,0.9166666865348816
l_curve_1,289,0.24198071658611298,0.9166666865348816
l_curve_1,290,0.24160967767238617,0.9166666865348816
l_curve_1,291,0.24124304950237274,0.9166666865348816
l_curve_1,292,0.24088788032531738,0.9166666865348816
l_curve_1,293,0.24053585529327393,0.9166666865348816
l_curve_1,294,0.24017445743083954,0.9166666865348816
l_curve_1,295,0.23982076346874237,0.9166666865348816
l_curve_1,296,0.23946845531463623,0.9166666865348816
l_curve_1,297,0.23912739753723145,0.9166666865348816
l_curve_1,298,0.23877418041229248,0.9166666865348816
l_curve_1,299,0.2384398728609085,0.9166666865348816
l_curve_1,300,0.2380954474210739,0.9166666865348816
l_curve_1,301,0.2377781867980957,0.9166666865348816
l_curve_1,302,0.23744189739227295,0.9166666865348816
l_curve_1,303,0.23712415993213654,0.9166666865348816
l_curve_1,304,0.23680436611175537,0.9166666865348816
l_curve_1,305,0.23649759590625763,0.9166666865348816
l_curve_1,306,0.2361694574356079,0.9166666865348816
l_curve_1,307,0.2358514666557312,0.9166666865348816
l_curve_1,308,0.23554496467113495,0.9166666865348816
l_curve_1,309,0.23523469269275665,0.9166666865348816
l_curve_1,310,0.23492710292339325,0.9166666865348816
l_curve_1,311,0.23463214933872223,0.9166666865348816
l_curve_1,312,0.23434466123580933,0.9166666865348816
l_curve_1,313,0.23405174911022186,0.9166666865348816
l_curve_1,314,0.23375003039836884,0.9166666865348816
l_curve_1,315,0.2334594875574112,0.9166666865348816
l_curve_1,316,0.23318111896514893,0.9166666865348816
l_curve_1,317,0.23289835453033447,0.9166666865348816
l_curve_1,318,0.23260295391082764,0.9166666865348816
l_curve_1,319,0.23231321573257446,0.9166666865348816
l_curve_1,320,0.2320406436920166,0.9166666865348816
l_curve_1,321,0.23176002502441406,0.9166666865348816
l_curve_1,322,0.23149482905864716,0.9166666865348816
l_curve_1,323,0.2312050461769104,0.9166666865348816
l_curve_1,324,0.23094408214092255,0.9166666865348816
l_curve_1,325,0.2306869626045227,0.9166666865348816
l_curve_1,326,0.23040957748889923,0.9166666865348816
l_curve_1,327,0.2301531881093979,0.9166666865348816
l_curve_1,328,0.22989238798618317,0.9166666865348816
l_curve_1,329,0.2296430915594101,0.9166666865348816
l_curve_1,330,0.2293689250946045,0.9166666865348816
l_curve_1,331,0.22912950813770294,0.9166666865348816
l_curve_1,332,0.22888201475143433,0.9166666865348816
l_curve_1,333,0.22863423824310303,0.9166666865348816
l_curve_1,334,0.22840416431427002,0.9166666865348816
l_curve_1,335,0.22814546525478363,0.9166666865348816
l_curve_1,336,0.22791749238967896,0.9166666865348816
l_curve_1,337,0.2276817113161087,0.9166666865348816
l_curve_1,338,0.22742454707622528,0.9166666865348816
l_curve_1,339,0.22719770669937134,0.9166666865348816
l_curve_1,340,0.2269495725631714,0.9166666865348816
l_curve_1,341,0.22672466933727264,0.9166666865348816
l_curve_1,342,0.22650223970413208,0.9166666865348816
l_curve_1,343,0.2262885570526123,0.9166666865348816
l_curve_1,344,0.22605885565280914,0.9166666865348816
l_curve_1,345,0.22583389282226562,0.9166666865348816
l_curve_1,346,0.22561900317668915,0.9166666865348816
l_curve_1,347,0.22541087865829468,0.9166666865348816
l_curve_1,348,0.2251885086297989,0.9166666865348816
l_curve_1,349,0.22498255968093872,0.9166666865348816
l_curve_1,350,0.22475866973400116,0.9166666865348816
l_curve_1,351,0.2245446890592575,0.9166666865348816
l_curve_1,352,0.22433000802993774,0.9166666865348816
l_curve_1,353,0.22411119937896729,0.9166666865348816
l_curve_1,354,0.22389619052410126,0.9166666865348816
l_curve_1,355,0.223695769906044,0.9166666865348816
l_curve_1,356,0.22349996864795685,0.9166666865348816
l_curve_1,357,0.2232820838689804,0.9166666865348816
l_curve_1,358,0.2230910211801529,0.9166666865348816
l_curve_1,359,0.22290103137493134,0.9166666865348816
l_curve_1,360,0.22270779311656952,0.9166666865348816
l_curve_1,361,0.22251616418361664,0.9166666865348816
l_curve_1,362,0.22231358289718628,0.9166666865348816
l_curve_1,363,0.22213101387023926,0.9166666865348816
l_curve_1,364,0.2219356745481491,0.9166666865348816
l_curve_1,365,0.221732959151268,0.9166666865348816
l_curve_1,366,0.22154653072357178,0.9166666865348816
l_curve_1,367,0.22134695947170258,0.9166666865348816
l_curve_1,368,0.22115671634674072,0.9166666865348816
l_curve_1,369,0.22097718715667725,0.9166666865348816
l_curve_1,370,0.2208053320646286,0.9166666865348816
l_curve_1,371,0.2205997258424759,0.9166666865348816
l_curve_1,372,0.2204224020242691,0.9166666865348816
l_curve_1,373,0.22025497257709503,0.9166666865348816
l_curve_1,374,0.2200818806886673,0.9166666865348816
l_curve_1,375,0.21989351511001587,0.9166666865348816
l_curve_1,376,0.21970725059509277,0.9166666865348816
l_curve_1,377,0.21952791512012482,0.9166666865348816
l_curve_1,378,0.21936239302158356,0.9166666865348816
l_curve_1,379,0.21920089423656464,0.9166666865348816
l_curve_1,380,0.21902067959308624,0.9166666865348816
l_curve_1,381,0.2188495248556137,0.9166666865348816
l_curve_1,382,0.21868455410003662,0.9166666865348816
l_curve_1,383,0.21850645542144775,0.9166666865348816
l_curve_1,384,0.21834929287433624,0.9166666865348816
l_curve_1,385,0.21819095313549042,0.9166666865348816
l_curve_1,386,0.21802985668182373,0.9166666865348816
l_curve_1,387,0.21786187589168549,0.9166666865348816
l_curve_1,388,0.21770060062408447,0.9166666865348816
l_curve_1,389,0.2175590991973877,0.9166666865348816
l_curve_1,390,0.21740059554576874,0.9166666865348816
l_curve_1,391,0.21723254024982452,0.9166666865348816
l_curve_1,392,0.2170657366514206,0.9166666865348816
l_curve_1,393,0.21691091358661652,0.9166666865348816
l_curve_1,394,0.21674758195877075,0.9166666865348816
l_curve_1,395,0.2165936678647995,0.9166666865348816
l_curve_1,396,0.21643763780593872,0.9166666865348816
l_curve_1,397,0.21629269421100616,0.9166666865348816
l_curve_1,398,0.21616102755069733,0.9166666865348816
l_curve_1,399,0.21599464118480682,0.9166666865348816
l_curve_1,400,0.21584217250347137,0.9166666865348816
l_curve_1,401,0.21569621562957764,0.9166666865348816
l_curve_1,402,0.21553635597229004,0.9166666865348816
l_curve_1,403,0.21541087329387665,0.9166666865348816
l_curve_1,404,0.21525025367736816,0.9166666865348816
l_curve_1,405,0.2151108831167221,0.9166666865348816
l_curve_1,406,0.21496199071407318,0.9166666865348816
l_curve_1,407,0.21481306850910187,0.9166666865348816
l_curve_1,408,0.2146816998720169,0.9166666865348816
l_curve_1,409,0.2145366221666336,0.9166666865348816
l_curve_1,410,0.21438749134540558,0.9166666865348816
l_curve_1,411,0.21424055099487305,0.9166666865348816
l_curve_1,412,0.21408908069133759,0.9166666865348816
l_curve_1,413,0.21394367516040802,0.9166666865348816
l_curve_1,414,0.21380706131458282,0.9166666865348816
l_curve_1,415,0.21366338431835175,0.9166666865348816
l_curve_1,416,0.21353082358837128,0.9166666865348816
l_curve_1,417,0.2133885622024536,0.9166666865348816
l_curve_1,418,0.21325528621673584,0.9166666865348816
l_curve_1,419,0.21312932670116425,0.9166666865348816
l_curve_1,420,0.21298755705356598,0.9166666865348816
l_curve_1,421,0.2128492146730423,0.9166666865348816
l_curve_1,422,0.21273095905780792,0.9166666865348816
l_curve_1,423,0.21258997917175293,0.9166666865348816
l_curve_1,424,0.21245259046554565,0.9166666865348816
l_curve_1,425,0.21234051883220673,0.9166666865348816
l_curve_1,426,0.21221856772899628,0.9166666865348816
l_curve_1,427,0.21208322048187256,0.9166666865348816
l_curve_1,428,0.21194612979888916,0.9166666865348816
l_curve_1,429,0.2118145227432251,0.9166666865348816
l_curve_1,430,0.21167677640914917,0.9166666865348816
l_curve_1,431,0.21153877675533295,0.9166666865348816
l_curve_1,432,0.21142327785491943,0.9166666865348816
l_curve_1,433,0.21130330860614777,0.9166666865348816
l_curve_1,434,0.21119572222232819,0.9166666865348816
l_curve_1,435,0.21107499301433563,0.9166666865348816
l_curve_1,436,0.2109537124633789,0.9166666865348816
l_curve_1,437,0.21084202826023102,0.9166666865348816
l_curve_1,438,0.21072150766849518,0.9166666865348816
l_curve_1,439,0.2105897217988968,0.9166666865348816
l_curve_1,440,0.21047167479991913,0.9166666865348816
l_curve_1,441,0.21036022901535034,0.9166666865348816
l_curve_1,442,0.21024255454540253,0.9166666865348816
l_curve_1,443,0.21011178195476532,0.9166666865348816
l_curve_1,444,0.20999394357204437,0.9166666865348816
l_curve_1,445,0.20986132323741913,0.9166666865348816
l_curve_1,446,0.2097451090812683,0.9166666865348816
l_curve_1,447,0.20963720977306366,0.9166666865348816
l_curve_1,448,0.2095050811767578,0.9166666865348816
l_curve_1,449,0.20940172672271729,0.9166666865348816
l_curve_1,450,0.20929743349552155,0.9166666865348816
l_curve_1,451,0.20916496217250824,0.9166666865348816
l_curve_1,452,0.20904791355133057,0.9166666865348816
l_curve_1,453,0.2089328020811081,0.9166666865348816
l_curve_1,454,0.20882201194763184,0.9166666865348816
l_curve_1,455,0.2086954563856125,0.9166666865348816
l_curve_1,456,0.20858027040958405,0.9166666865348816
l_curve_1,457,0.20846295356750488,0.9166666865348816
l_curve_1,458,0.20834855735301971,0.9166666865348816
l_curve_1,459,0.2082439810037613,0.9166666865348816
l_curve_1,460,0.20813287794589996,0.9166666865348816
l_curve_1,461,0.20803670585155487,0.9166666865348816
l_curve_1,462,0.20793165266513824,0.9166666865348816
l_curve_1,463,0.20783041417598724,0.9166666865348816
l_curve_1,464,0.20772479474544525,0.9166666865348816
l_curve_1,465,0.20759622752666473,0.9166666865348816
l_curve_1,466,0.2074999064207077,0.9166666865348816
l_curve_1,467,0.20738573372364044,0.9166666865348816
l_curve_1,468,0.2072589248418808,0.9166666865348816
l_curve_1,469,0.20715856552124023,0.9166666865348816
l_curve_1,470,0.20705293118953705,0.9166666865348816
l_curve_1,471,0.206954225897789,0.9166666865348816
l_curve_1,472,0.20684082806110382,0.9166666865348816
l_curve_1,473,0.20672191679477692,0.9166666865348816
l_curve_1,474,0.2066054344177246,0.9166666865348816
l_curve_1,475,0.2064962387084961,0.9166666865348816
l_curve_1,476,0.20639751851558685,0.9166666865348816
l_curve_1,477,0.20630471408367157,0.9166666865348816
l_curve_1,478,0.20620061457157135,0.9166666865348816
l_curve_1,479,0.20609015226364136,0.9166666865348816
l_curve_1,480,0.2059914618730545,0.9166666865348816
l_curve_1,481,0.20589660108089447,0.9166666865348816
l_curve_1,482,0.20579500496387482,0.9166666865348816
l_curve_1,483,0.2056952565908432,0.9166666865348816
l_curve_1,484,0.20558618009090424,0.9166666865348816
l_curve_1,485,0.20546917617321014,0.9166666865348816
l_curve_1,486,0.20537328720092773,0.9166666865348816
l_curve_1,487,0.205244779586792,0.9166666865348816
l_curve_1,488,0.20513631403446198,0.9166666865348816
l_curve_1,489,0.20504581928253174,0.9166666865348816
l_curve_1,490,0.20494042336940765,0.9166666865348816
l_curve_1,491,0.20485246181488037,0.9166666865348816
l_curve_1,492,0.2047421783208847,0.9166666865348816
l_curve_1,493,0.20464782416820526,0.9166666865348816
l_curve_1,494,0.20453064143657684,0.9166666865348816
l_curve_1,495,0.20443038642406464,0.9166666865348816
l_curve_1,496,0.20433688163757324,0.9166666865348816
l_curve_1,497,0.2042434960603714,0.9166666865348816
l_curve_1,498,0.20415566861629486,0.9166666865348816
l_curve_1,499,0.2040594220161438,0.9166666865348816
l_curve_1,500,0.20394723117351532,0.9166666865348816
l_curve_1,501,0.20385493338108063,0.9166666865348816
l_curve_1,502,0.2037597894668579,0.9166666865348816
l_curve_1,503,0.20364844799041748,0.9166666865348816
l_curve_1,504,0.20355455577373505,0.9166666865348816
l_curve_1,505,0.2034604549407959,0.9166666865348816
l_curve_1,506,0.2033635824918747,0.9166666865348816
l_curve_1,507,0.20326481759548187,0.9166666865348816
l_curve_1,508,0.20316772162914276,0.9166666865348816
l_curve_1,509,0.20306433737277985,0.9166666865348816
l_curve_1,510,0.20296023786067963,0.9166666865348816
l_curve_1,511,0.20286381244659424,0.9166666865348816
l_curve_1,512,0.2027556300163269,0.9166666865348816
l_curve_1,513,0.20266294479370117,0.9166666865348816
l_curve_1,514,0.2025633305311203,0.9166666865348816
l_curve_1,515,0.20244522392749786,0.9166666865348816
l_curve_1,516,0.20234473049640656,0.9166666865348816
l_curve_1,517,0.20224367082118988,0.9166666865348816
l_curve_1,518,0.2021445780992508,0.9166666865348816
l_curve_1,519,0.20203320682048798,0.9166666865348816
l_curve_1,520,0.2019421011209488,0.9166666865348816
l_curve_1,521,0.2018403261899948,0.9166666865348816
l_curve_1,522,0.20174407958984375,0.9166666865348816
l_curve_1,523,0.20167116820812225,0.9166666865348816
l_curve_1,524,0.20157457888126373,0.9166666865348816
l_curve_1,525,0.201494500041008,0.9166666865348816
l_curve_1,526,0.2013918161392212,0.9166666865348816
l_curve_1,527,0.20128804445266724,0.9166666865348816
l_curve_1,528,0.20117489993572235,0.9166666865348816
l_curve_1,529,0.20108647644519806,0.9166666865348816
l_curve_1,530,0.20099322497844696,0.9166666865348816
l_curve_1,531,0.20090021193027496,0.9166666865348816
l_curve_1,532,0.20081055164337158,0.9166666865348816
l_curve_1,533,0.20071107149124146,0.9166666865348816
l_curve_1,534,0.20062656700611115,0.9166666865348816
l_curve_1,535,0.20053501427173615,0.9166666865348816
l_curve_1,536,0.20042680203914642,0.9166666865348816
l_curve_1,537,0.20034341514110565,0.9166666865348816
l_curve_1,538,0.20025193691253662,0.9166666865348816
l_curve_1,539,0.2001553326845169,0.9166666865348816
l_curve_1,540,0.20004968345165253,0.9166666865348816
l_curve_1,541,0.19996391236782074,0.9166666865348816
l_curve_1,542,0.19987158477306366,0.9166666865348816
l_curve_1,543,0.19978022575378418,0.9166666865348816
l_curve_1,544,0.19967760145664215,0.9166666865348816
l_curve_1,545,0.1995857208967209,0.9166666865348816
l_curve_1,546,0.19949305057525635,0.9166666865348816
l_curve_1,547,0.1993856430053711,0.9166666865348816
l_curve_1,548,0.19929586350917816,0.9166666865348816
l_curve_1,549,0.19921886920928955,0.9166666865348816
l_curve_1,550,0.19912151992321014,0.9166666865348816
l_curve_1,551,0.19901521503925323,0.9166666865348816
l_curve_1,552,0.19892926514148712,0.9166666865348816
l_curve_1,553,0.19883953034877777,0.9166666865348816
l_curve_1,554,0.19874055683612823,0.9166666865348816
l_curve_1,555,0.19863660633563995,0.9166666865348816
l_curve_1,556,0.19853906333446503,0.9166666865348816
l_curve_1,557,0.19845788180828094,0.9166666865348816
l_curve_1,558,0.19836263358592987,0.9166666865348816
l_curve_1,559,0.19825570285320282,0.9166666865348816
l_curve_1,560,0.1981690376996994,0.9166666865348816
l_curve_1,561,0.1980784386396408,0.9166666865348816
l_curve_1,562,0.197976753115654,0.9166666865348816
l_curve_1,563,0.19790422916412354,0.9166666865348816
l_curve_1,564,0.19781188666820526,0.9166666865348816
l_curve_1,565,0.1977066546678543,0.9166666865348816
l_curve_1,566,0.19760628044605255,0.9166666865348816
l_curve_1,567,0.19750778377056122,0.9166666865348816
l_curve_1,568,0.19742797315120697,0.9166666865348816
l_curve_1,569,0.19733202457427979,0.9166666865348816
l_curve_1,570,0.1972581148147583,0.9166666865348816
l_curve_1,571,0.19716548919677734,0.9166666865348816
l_curve_1,572,0.19706980884075165,0.9166666865348816
l_curve_1,573,0.1969870924949646,0.9166666865348816
l_curve_1,574,0.1969088912010193,0.9166666865348816
l_curve_1,575,0.19682402908802032,0.9166666865348816
l_curve_1,576,0.19672416150569916,0.9166666865348816
l_curve_1,577,0.19663994014263153,0.9166666865348816
l_curve_1,578,0.19653873145580292,0.9166666865348816
l_curve_1,579,0.1964482069015503,0.9166666865348816
l_curve_1,580,0.1963435411453247,0.9166666865348816
l_curve_1,581,0.19627076387405396,0.9166666865348816
l_curve_1,582,0.19616027176380157,0.9166666865348816
l_curve_1,583,0.19607506692409515,0.9166666865348816
l_curve_1,584,0.1959735006093979,0.9166666865348816
l_curve_1,585,0.19589121639728546,0.9166666865348816
l_curve_1,586,0.1958063244819641,0.9166666865348816
l_curve_1,587,0.19572080671787262,0.9166666865348816
l_curve_1,588,0.19563043117523193,0.9166666865348816
l_curve_1,589,0.1955416053533554,0.9166666865348816
l_curve_1,590,0.19544512033462524,0.9166666865348816
l_curve_1,591,0.19535113871097565,0.9166666865348816
l_curve_1,592,0.19526870548725128,0.9166666865348816
l_curve_1,593,0.1951739639043808,0.9166666865348816
l_curve_1,594,0.19508600234985352,0.9166666865348816
l_curve_1,595,0.19500832259655,0.9166666865348816
l_curve_1,596,0.19490747153759003,0.9166666865348816
l_curve_1,597,0.19481152296066284,0.9166666865348816
l_curve_1,598,0.194731667637825,0.9166666865348816
l_curve_1,599,0.1946423053741455,0.9166666865348816
l_curve_1,600,0.19456350803375244,0.9166666865348816
l_curve_1,601,0.1944776028394699,0.9166666865348816
l_curve_1,602,0.1943793147802353,0.9166666865348816
l_curve_1,603,0.1942959576845169,0.9166666865348816
l_curve_1,604,0.19423221051692963,0.9166666865348816
l_curve_1,605,0.19413477182388306,0.9166666865348816
l_curve_1,606,0.19403909146785736,0.9166666865348816
l_curve_1,607,0.19396688044071198,0.9166666865348816
l_curve_1,608,0.19387274980545044,0.9166666865348816
l_curve_1,609,0.19376416504383087,0.9166666865348816
l_curve_1,610,0.19367308914661407,0.9166666865348816
l_curve_1,611,0.1935824602842331,0.9166666865348816
l_curve_1,612,0.19347786903381348,0.9166666865348816
l_curve_1,613,0.19339168071746826,0.9166666865348816
l_curve_1,614,0.19332094490528107,0.9166666865348816
l_curve_1,615,0.1932198405265808,0.9166666865348816
l_curve_1,616,0.19311745464801788,0.9166666865348816
l_curve_1,617,0.193024143576622,0.9166666865348816
l_curve_1,618,0.1929345279932022,0.9166666865348816
l_curve_1,619,0.19286341965198517,0.9166666865348816
l_curve_1,620,0.19278694689273834,0.9166666865348816
l_curve_1,621,0.19268010556697845,0.9166666865348816
l_curve_1,622,0.19259220361709595,0.9166666865348816
l_curve_1,623,0.19251896440982819,0.9166666865348816
l_curve_1,624,0.19242584705352783,0.9166666865348816
l_curve_1,625,0.19233758747577667,0.9166666865348816
l_curve_1,626,0.19225728511810303,0.9166666865348816
l_curve_1,627,0.19216884672641754,0.9166666865348816
l_curve_1,628,0.19208043813705444,0.9166666865348816
l_curve_1,629,0.19199638068675995,0.9166666865348816
l_curve_1,630,0.1919146329164505,0.9166666865348816
l_curve_1,631,0.19182829558849335,0.9166666865348816
l_curve_1,632,0.19173569977283478,0.9166666865348816
l_curve_1,633,0.1916271597146988,0.9166666865348816
l_curve_1,634,0.1915326863527298,0.9166666865348816
l_curve_1,635,0.191440150141716,0.9166666865348816
l_curve_1,636,0.19135494530200958,0.9166666865348816
l_curve_1,637,0.19126726686954498,0.9166666865348816
l_curve_1,638,0.19117684662342072,0.9166666865348816
l_curve_1,639,0.19109845161437988,0.9166666865348816
l_curve_1,640,0.19100694358348846,0.9166666865348816
l_curve_1,641,0.19091270864009857,0.9166666865348816
l_curve_1,642,0.19082580506801605,0.9166666865348816
l_curve_1,643,0.1907205432653427,0.9166666865348816
l_curve_1,644,0.19063206017017365,0.9166666865348816
l_curve_1,645,0.1905371993780136,0.9166666865348816
l_curve_1,646,0.1904706209897995,0.9166666865348816
l_curve_1,647,0.19039089977741241,0.9166666865348816
l_curve_1,648,0.19029851257801056,0.9166666865348816
l_curve_1,649,0.19020646810531616,0.9166666865348816
l_curve_1,650,0.19012141227722168,0.9166666865348816
l_curve_1,651,0.19003038108348846,0.9166666865348816
l_curve_1,652,0.1899341195821762,0.9166666865348816
l_curve_1,653,0.18983888626098633,0.9166666865348816
l_curve_1,654,0.18974705040454865,0.9166666865348816
l_curve_1,655,0.18965207040309906,0.9166666865348816
l_curve_1,656,0.18956251442432404,0.9166666865348816
l_curve_1,657,0.18947742879390717,0.9166666865348816
l_curve_1,658,0.18938040733337402,0.9166666865348816
l_curve_1,659,0.18929611146450043,0.9166666865348816
l_curve_1,660,0.18922103941440582,0.9166666865348816
l_curve_1,661,0.18911635875701904,0.9166666865348816
l_curve_1,662,0.18903279304504395,0.9166666865348816
l_curve_1,663,0.18894898891448975,0.9166666865348816
l_curve_1,664,0.18886439502239227,0.9166666865348816
l_curve_1,665,0.1887717992067337,0.9166666865348816
l_curve_1,666,0.1886906772851944,0.9166666865348816
l_curve_1,667,0.1886013299226761,0.9166666865348816
l_curve_1,668,0.18850582838058472,0.9166666865348816
l_curve_1,669,0.18842488527297974,0.9166666865348816
l_curve_1,670,0.18833641707897186,0.9166666865348816
l_curve_1,671,0.18825995922088623,0.9166666865348816
l_curve_1,672,0.1881699115037918,0.9166666865348816
l_curve_1,673,0.1880832463502884,0.9166666865348816
l_curve_1,674,0.18799006938934326,0.9166666865348816
l_curve_1,675,0.1878952533006668,0.9166666865348816
l_curve_1,676,0.18780426681041718,0.9166666865348816
l_curve_1,677,0.1877220720052719,0.9166666865348816
l_curve_1,678,0.18764759600162506,0.9166666865348816
l_curve_1,679,0.18755656480789185,0.9166666865348816
l_curve_1,680,0.18747253715991974,0.9166666865348816
l_curve_1,681,0.18737472593784332,0.9166666865348816
l_curve_1,682,0.18727867305278778,0.9166666865348816
l_curve_1,683,0.1871780902147293,0.9166666865348816
l_curve_1,684,0.1870875209569931,0.9166666865348816
l_curve_1,685,0.18699701130390167,0.9166666865348816
l_curve_1,686,0.18691784143447876,0.9166666865348816
l_curve_1,687,0.1868354082107544,0.9166666865348816
l_curve_1,688,0.18674929440021515,0.9166666865348816
l_curve_1,689,0.1866375058889389,0.9166666865348816
l_curve_1,690,0.1865549236536026,0.9166666865348816
l_curve_1,691,0.18645061552524567,0.9166666865348816
l_curve_1,692,0.18636661767959595,0.9166666865348816
l_curve_1,693,0.1862814873456955,0.9166666865348816
l_curve_1,694,0.18620020151138306,0.9166666865348816
l_curve_1,695,0.1861027032136917,0.9166666865348816
l_curve_1,696,0.1859956979751587,0.9166666865348816
l_curve_1,697,0.18591813743114471,0.9166666865348816
l_curve_1,698,0.18583042919635773,0.9166666865348816
l_curve_1,699,0.18574832379817963,0.9166666865348816
l_curve_1,700,0.18566493690013885,0.9166666865348816
l_curve_1,701,0.18556566536426544,0.9166666865348816
l_curve_1,702,0.18547660112380981,0.9166666865348816
l_curve_1,703,0.1853850930929184,0.9166666865348816
l_curve_1,704,0.1853015422821045,0.9166666865348816
l_curve_1,705,0.18520613014698029,0.9166666865348816
l_curve_1,706,0.18512403964996338,0.9166666865348816
l_curve_1,707,0.18502368032932281,0.9166666865348816
l_curve_1,708,0.18494819104671478,0.9166666865348816
l_curve_1,709,0.18484412133693695,0.9166666865348816
l_curve_1,710,0.18476231396198273,0.9166666865348816
l_curve_1,711,0.18466420471668243,0.9166666865348816
l_curve_1,712,0.18457578122615814,0.9166666865348816
l_curve_1,713,0.18448154628276825,0.9166666865348816
l_curve_1,714,0.18440137803554535,0.9166666865348816
l_curve_1,715,0.18431560695171356,0.9166666865348816
l_curve_1,716,0.1842086762189865,0.9166666865348816
l_curve_1,717,0.18411047756671906,0.9166666865348816
l_curve_1,718,0.1840120106935501,0.9166666865348816
l_curve_1,719,0.1839226484298706,0.9166666865348816
l_curve_1,720,0.18384294211864471,0.9166666865348816
l_curve_1,721,0.18374037742614746,0.9166666865348816
l_curve_1,722,0.18365271389484406,0.9166666865348816
l_curve_1,723,0.18356092274188995,0.9166666865348816
l_curve_1,724,0.18346738815307617,0.9166666865348816
l_curve_1,725,0.18338151276111603,0.9166666865348816
l_curve_1,726,0.18329910933971405,0.9166666865348816
l_curve_1,727,0.1831919103860855,0.9166666865348816
l_curve_1,728,0.1831081658601761,0.9166666865348816
l_curve_1,729,0.18301312625408173,0.9166666865348816
l_curve_1,730,0.18292713165283203,0.9166666865348816
l_curve_1,731,0.18284113705158234,0.9166666865348816
l_curve_1,732,0.18275314569473267,0.9166666865348816
l_curve_1,733,0.18268214166164398,0.9166666865348816
l_curve_1,734,0.18257658183574677,0.9166666865348816
l_curve_1,735,0.18248410522937775,0.9166666865348816
l_curve_1,736,0.18239647150039673,0.9166666865348816
l_curve_1,737,0.18229149281978607,0.9166666865348816
l_curve_1,738,0.18219934403896332,0.9166666865348816
l_curve_1,739,0.18210403621196747,0.9166666865348816
l_curve_1,740,0.1820111870765686,0.9166666865348816
l_curve_1,741,0.18191878497600555,0.9166666865348816
l_curve_1,742,0.1818280965089798,0.9166666865348816
l_curve_1,743,0.18174345791339874,0.9166666865348816
l_curve_1,744,0.1816515177488327,0.9166666865348816
l_curve_1,745,0.18155129253864288,0.9166666865348816
l_curve_1,746,0.18146048486232758,0.9166666865348816
l_curve_1,747,0.18136383593082428,0.9166666865348816
l_curve_1,748,0.18125726282596588,0.9166666865348816
l_curve_1,749,0.18117256462574005,0.9166666865348816
l_curve_1,750,0.1810808777809143,0.9166666865348816
l_curve_1,751,0.1810050755739212,0.9166666865348816
l_curve_1,752,0.18090243637561798,0.9166666865348816
l_curve_1,753,0.18079768121242523,0.9166666865348816
l_curve_1,754,0.18071073293685913,0.9166666865348816
l_curve_1,755,0.1806073784828186,0.9166666865348816
l_curve_1,756,0.18050862848758698,0.9166666865348816
l_curve_1,757,0.18040989339351654,0.9166666865348816
l_curve_1,758,0.18033035099506378,0.9166666865348816
l_curve_1,759,0.18024106323719025,0.9166666865348816
l_curve_1,760,0.1801583617925644,0.9166666865348816
l_curve_1,761,0.1800433248281479,0.9166666865348816
l_curve_1,762,0.17994429171085358,0.9166666865348816
l_curve_1,763,0.17984454333782196,0.9166666865348816
l_curve_1,764,0.1797497719526291,0.9166666865348816
l_curve_1,765,0.17965519428253174,0.9166666865348816
l_curve_1,766,0.17955191433429718,0.9166666865348816
l_curve_1,767,0.1794576495885849,0.9166666865348816
l_curve_1,768,0.17937606573104858,0.9166666865348816
l_curve_1,769,0.17927420139312744,0.9166666865348816
l_curve_1,770,0.1791837215423584,0.9166666865348816
l_curve_1,771,0.17909567058086395,0.9166666865348816
l_curve_1,772,0.17899255454540253,0.9166666865348816
l_curve_1,773,0.1788925677537918,0.9166666865348816
l_curve_1,774,0.17880749702453613,0.9166666865348816
l_curve_1,775,0.17871816456317902,0.9166666865348816
l_curve_1,776,0.178635835647583,0.9166666865348816
l_curve_1,777,0.17852647602558136,0.9166666865348816
l_curve_1,778,0.17843127250671387,0.9166666865348816
l_curve_1,779,0.17834098637104034,0.9166666865348816
l_curve_1,780,0.1782463788986206,0.9166666865348816
l_curve_1,781,0.17813540995121002,0.9166666865348816
l_curve_1,782,0.17805175483226776,0.9166666865348816
l_curve_1,783,0.1779499650001526,0.9166666865348816
l_curve_1,784,0.17784519493579865,0.9166666865348816
l_curve_1,785,0.17773860692977905,0.9166666865348816
l_curve_1,786,0.17764924466609955,0.9166666865348816
l_curve_1,787,0.17755691707134247,0.9166666865348816
l_curve_1,788,0.17746014893054962,0.9166666865348816
l_curve_1,789,0.17736433446407318,0.9166666865348816
l_curve_1,790,0.1772717982530594,0.9166666865348816
l_curve_1,791,0.17716968059539795,0.9166666865348816
l_curve_1,792,0.17708130180835724,0.9166666865348816
l_curve_1,793,0.17697298526763916,0.9166666865348816
l_curve_1,794,0.17688603699207306,0.9166666865348816
l_curve_1,795,0.17679278552532196,0.9166666865348816
l_curve_1,796,0.17667119204998016,0.9166666865348816
l_curve_1,797,0.17657752335071564,0.9166666865348816
l_curve_1,798,0.17648349702358246,0.9166666865348816
l_curve_1,799,0.17638230323791504,0.9166666865348816
l_curve_1,800,0.17627637088298798,0.9166666865348816
l_curve_1,801,0.17618127167224884,0.9166666865348816
l_curve_1,802,0.17607718706130981,0.9166666865348816
l_curve_1,803,0.17600078880786896,0.9166666865348816
l_curve_1,804,0.17589576542377472,0.9166666865348816
l_curve_1,805,0.17578904330730438,0.9166666865348816
l_curve_1,806,0.1756967306137085,0.9166666865348816
l_curve_1,807,0.17560045421123505,0.9166666865348816
l_curve_1,808,0.17550796270370483,0.9166666865348816
l_curve_1,809,0.17540359497070312,0.9166666865348816
l_curve_1,810,0.1752864122390747,0.9166666865348816
l_curve_1,811,0.17519067227840424,0.9166666865348816
l_curve_1,812,0.17509277164936066,0.9166666865348816
l_curve_1,813,0.17497952282428741,0.9166666865348816
l_curve_1,814,0.1748814582824707,0.9166666865348816
l_curve_1,815,0.17478717863559723,0.9166666865348816
l_curve_1,816,0.17467725276947021,0.9166666865348816
l_curve_1,817,0.17456947267055511,0.9166666865348816
l_curve_1,818,0.17447829246520996,0.9166666865348816
l_curve_1,819,0.17437560856342316,0.9166666865348816
l_curve_1,820,0.17427794635295868,0.9166666865348816
l_curve_1,821,0.17417840659618378,0.9166666865348816
l_curve_1,822,0.17407731711864471,0.9166666865348816
l_curve_1,823,0.17397256195545197,0.9166666865348816
l_curve_1,824,0.17388759553432465,0.9166666865348816
l_curve_1,825,0.17376689612865448,0.9166666865348816
l_curve_1,826,0.1736731082201004,0.9166666865348816
l_curve_1,827,0.173575296998024,0.9166666865348816
l_curve_1,828,0.17346520721912384,0.9166666865348816
l_curve_1,829,0.17335395514965057,0.9166666865348816
l_curve_1,830,0.17326469719409943,0.9166666865348816
l_curve_1,831,0.17316186428070068,0.9166666865348816
l_curve_1,832,0.17305010557174683,0.9166666865348816
l_curve_1,833,0.17295612394809723,0.9166666865348816
l_curve_1,834,0.1728537529706955,0.9166666865348816
l_curve_1,835,0.17275242507457733,0.9166666865348816
l_curve_1,836,0.17264242470264435,0.9166666865348816
l_curve_1,837,0.17253728210926056,0.9166666865348816
l_curve_1,838,0.1724301129579544,0.9166666865348816
l_curve_1,839,0.17233294248580933,0.9166666865348816
l_curve_1,840,0.17222385108470917,0.9166666865348816
l_curve_1,841,0.17211639881134033,0.9166666865348816
l_curve_1,842,0.17200183868408203,0.9166666865348816
l_curve_1,843,0.17187941074371338,0.9166666865348816
l_curve_1,844,0.17177002131938934,0.9166666865348816
l_curve_1,845,0.17168690264225006,0.9166666865348816
l_curve_1,846,0.17158401012420654,0.9166666865348816
l_curve_1,847,0.17149238288402557,0.9166666865348816
l_curve_1,848,0.17139042913913727,0.9166666865348816
l_curve_1,849,0.17129217088222504,0.9166666865348816
l_curve_1,850,0.1711825132369995,0.9166666865348816
l_curve_1,851,0.17108432948589325,0.9166666865348816
l_curve_1,852,0.17097823321819305,0.9166666865348816
l_curve_1,853,0.17087407410144806,0.9166666865348816
l_curve_1,854,0.1707410365343094,0.9166666865348816
l_curve_1,855,0.1706349104642868,0.9166666865348816
l_curve_1,856,0.1705269068479538,0.9166666865348816
l_curve_1,857,0.17043475806713104,0.9166666865348816
l_curve_1,858,0.17031705379486084,0.9166666865348816
l_curve_1,859,0.17019884288311005,0.9166666865348816
l_curve_1,860,0.1701015830039978,0.9166666865348816
l_curve_1,861,0.1699986606836319,0.9166666865348816
l_curve_1,862,0.16986869275569916,0.9166666865348816
l_curve_1,863,0.16977719962596893,0.9166666865348816
l_curve_1,864,0.16965289413928986,0.9166666865348816
l_curve_1,865,0.16953741014003754,0.9166666865348816
l_curve_1,866,0.16943348944187164,0.9166666865348816
l_curve_1,867,0.1693299263715744,0.9166666865348816
l_curve_1,868,0.16921617090702057,0.9166666865348816
l_curve_1,869,0.1691044569015503,0.9166666865348816
l_curve_1,870,0.16899855434894562,0.9166666865348816
l_curve_1,871,0.16889740526676178,0.9166666865348816
l_curve_1,872,0.16877949237823486,0.9166666865348816
l_curve_1,873,0.16866536438465118,0.9166666865348816
l_curve_1,874,0.16854669153690338,0.9166666865348816
l_curve_1,875,0.1684522181749344,0.9166666865348816
l_curve_1,876,0.16834688186645508,0.9166666865348816
l_curve_1,877,0.16824178397655487,0.9166666865348816
l_curve_1,878,0.168134406208992,0.9166666865348816
l_curve_1,879,0.16801191866397858,0.9166666865348816
l_curve_1,880,0.16788391768932343,0.9166666865348816
l_curve_1,881,0.16778433322906494,0.9166666865348816
l_curve_1,882,0.1676802635192871,0.9166666865348816
l_curve_1,883,0.16755568981170654,0.9166666865348816
l_curve_1,884,0.16743600368499756,0.9166666865348816
l_curve_1,885,0.16732601821422577,0.9166666865348816
l_curve_1,886,0.16721980273723602,0.9166666865348816
l_curve_1,887,0.1671183854341507,0.9166666865348816
l_curve_1,888,0.16701656579971313,0.9166666865348816
l_curve_1,889,0.1668921709060669,0.9166666865348816
l_curve_1,890,0.1667645424604416,0.9166666865348816
l_curve_1,891,0.16664807498455048,0.9166666865348816
l_curve_1,892,0.16653165221214294,0.9166666865348816
l_curve_1,893,0.1664179414510727,0.9166666865348816
l_curve_1,894,0.1663028597831726,0.9166666865348816
l_curve_1,895,0.16619963943958282,0.9166666865348816
l_curve_1,896,0.16608719527721405,0.9166666865348816
l_curve_1,897,0.16596795618534088,0.9166666865348816
l_curve_1,898,0.16585837304592133,0.9166666865348816
l_curve_1,899,0.16575483977794647,0.9166666865348816
l_curve_1,900,0.16563259065151215,0.9166666865348816
l_curve_1,901,0.16551733016967773,0.9166666865348816
l_curve_1,902,0.1654079407453537,0.9166666865348816
l_curve_1,903,0.1652870774269104,0.9166666865348816
l_curve_1,904,0.1651625782251358,0.9166666865348816
l_curve_1,905,0.16504700481891632,0.9166666865348816
l_curve_1,906,0.16492605209350586,0.9166666865348816
l_curve_1,907,0.1648075431585312,0.9166666865348816
l_curve_1,908,0.16467547416687012,0.9166666865348816
l_curve_1,909,0.1645578294992447,0.9166666865348816
l_curve_1,910,0.16444794833660126,0.9166666865348816
l_curve_1,911,0.1643248051404953,0.9166666865348816
l_curve_1,912,0.1642000675201416,0.9166666865348816
l_curve_1,913,0.16408021748065948,0.9166666865348816
l_curve_1,914,0.16396884620189667,0.9166666865348816
l_curve_1,915,0.1638408899307251,0.9166666865348816
l_curve_1,916,0.163736954331398,0.9166666865348816
l_curve_1,917,0.1636248379945755,0.9166666865348816
l_curve_1,918,0.16350993514060974,0.9166666865348816
l_curve_1,919,0.1633947640657425,0.9166666865348816
l_curve_1,920,0.16328515112400055,0.9166666865348816
l_curve_1,921,0.16316886246204376,0.9166666865348816
l_curve_1,922,0.16305387020111084,0.9166666865348816
l_curve_1,923,0.16291610896587372,0.9166666865348816
l_curve_1,924,0.16278216242790222,0.9166666865348816
l_curve_1,925,0.16265638172626495,0.9166666865348816
l_curve_1,926,0.16253803670406342,0.9166666865348816
l_curve_1,927,0.16242031753063202,0.9166666865348816
l_curve_1,928,0.16228759288787842,0.9166666865348816
l_curve_1,929,0.1621720939874649,0.9166666865348816
l_curve_1,930,0.16205118596553802,0.9166666865348816
l_curve_1,931,0.16192388534545898,0.9166666865348816
l_curve_1,932,0.16178862750530243,0.9166666865348816
l_curve_1,933,0.161664679646492,0.9166666865348816
l_curve_1,934,0.16153810918331146,0.9166666865348816
l_curve_1,935,0.16141319274902344,0.9166666865348816
l_curve_1,936,0.16130131483078003,0.9166666865348816
l_curve_1,937,0.16119106113910675,0.9166666865348816
l_curve_1,938,0.16104750335216522,0.9166666865348816
l_curve_1,939,0.1609349250793457,0.9166666865348816
l_curve_1,940,0.16081051528453827,0.9166666865348816
l_curve_1,941,0.1606704741716385,0.9166666865348816
l_curve_1,942,0.16053807735443115,0.9166666865348816
l_curve_1,943,0.16040746867656708,0.9166666865348816
l_curve_1,944,0.16029693186283112,0.9166666865348816
l_curve_1,945,0.1601644605398178,0.9166666865348816
l_curve_1,946,0.16004939377307892,0.9166666865348816
l_curve_1,947,0.15993833541870117,0.9166666865348816
l_curve_1,948,0.1598002314567566,0.9166666865348816
l_curve_1,949,0.15968705713748932,0.9166666865348816
l_curve_1,950,0.159549281001091,0.9166666865348816
l_curve_1,951,0.15941359102725983,0.9166666865348816
l_curve_1,952,0.15927988290786743,0.9166666865348816
l_curve_1,953,0.1591726392507553,0.9166666865348816
l_curve_1,954,0.15905392169952393,0.9166666865348816
l_curve_1,955,0.1589215248823166,0.9166666865348816
l_curve_1,956,0.1587982326745987,0.9166666865348816
l_curve_1,957,0.1586645096540451,0.9166666865348816
l_curve_1,958,0.15853944420814514,0.9166666865348816
l_curve_1,959,0.15838927030563354,0.9166666865348816
l_curve_1,960,0.1582648605108261,0.9166666865348816
l_curve_1,961,0.15812531113624573,0.9166666865348816
l_curve_1,962,0.15800194442272186,0.9166666865348816
l_curve_1,963,0.15786559879779816,0.9166666865348816
l_curve_1,964,0.15773248672485352,0.9166666865348816
l_curve_1,965,0.15759289264678955,0.9166666865348816
l_curve_1,966,0.15745772421360016,0.9166666865348816
l_curve_1,967,0.1573263257741928,0.9166666865348816
l_curve_1,968,0.15719090402126312,0.9166666865348816
l_curve_1,969,0.15707218647003174,0.9166666865348816
l_curve_1,970,0.15693871676921844,0.9166666865348816
l_curve_1,971,0.15680433809757233,0.9166666865348816
l_curve_1,972,0.15666748583316803,0.9166666865348816
l_curve_1,973,0.15654356777668,0.9166666865348816
l_curve_1,974,0.15640681982040405,0.9166666865348816
l_curve_1,975,0.15627290308475494,0.9166666865348816
l_curve_1,976,0.15614289045333862,0.9166666865348816
l_curve_1,977,0.15600766241550446,0.9166666865348816
l_curve_1,978,0.15586896240711212,0.9166666865348816
l_curve_1,979,0.1557409018278122,0.9166666865348816
l_curve_1,980,0.1555892378091812,0.9166666865348816
l_curve_1,981,0.1554647982120514,0.9166666865348816
l_curve_1,982,0.1553250402212143,0.9166666865348816
l_curve_1,983,0.15519577264785767,0.9166666865348816
l_curve_1,984,0.15505242347717285,0.9166666865348816
l_curve_1,985,0.15492494404315948,0.9166666865348816
l_curve_1,986,0.15479524433612823,0.9166666865348816
l_curve_1,987,0.15465599298477173,0.9166666865348816
l_curve_1,988,0.15450803935527802,0.9166666865348816
l_curve_1,989,0.1543830782175064,0.9166666865348816
l_curve_1,990,0.15424109995365143,0.9166666865348816
l_curve_1,991,0.15410549938678741,0.9166666865348816
l_curve_1,992,0.1539614349603653,0.9166666865348816
l_curve_1,993,0.15383930504322052,0.9166666865348816
l_curve_1,994,0.1536930352449417,0.9166666865348816
l_curve_1,995,0.15356133878231049,0.9166666865348816
l_curve_1,996,0.153415247797966,0.9166666865348816
l_curve_1,997,0.1532803177833557,0.9166666865348816
l_curve_1,998,0.15314164757728577,0.9166666865348816
l_curve_1,999,0.15301550924777985,0.9166666865348816
l_curve_1,1000,0.15287095308303833,0.9166666865348816
l_curve_1,1000,0.15287095308303833,0.9166666865348816
