client,round,loss,accuracy
l_curve_1,1,0.646356463432312,0.59375
l_curve_1,2,0.6433509588241577,0.59375
l_curve_1,3,0.6404095888137817,0.59375
l_curve_1,4,0.6375823020935059,0.59375
l_curve_1,5,0.6348996758460999,0.59375
l_curve_1,6,0.6322747468948364,0.625
l_curve_1,7,0.6297639608383179,0.6875
l_curve_1,8,0.627295970916748,0.71875
l_curve_1,9,0.6248892545700073,0.65625
l_curve_1,10,0.6225472688674927,0.625
l_curve_1,11,0.6201982498168945,0.53125
l_curve_1,12,0.6178061962127686,0.5625
l_curve_1,13,0.6154643297195435,0.59375
l_curve_1,14,0.6131383180618286,0.65625
l_curve_1,15,0.6108227968215942,0.65625
l_curve_1,16,0.6085178852081299,0.65625
l_curve_1,17,0.6060845851898193,0.65625
l_curve_1,18,0.603766679763794,0.6875
l_curve_1,19,0.6013970375061035,0.6875
l_curve_1,20,0.599006175994873,0.6875
l_curve_1,21,0.5967528820037842,0.6875
l_curve_1,22,0.5944561958312988,0.6875
l_curve_1,23,0.5920823216438293,0.6875
l_curve_1,24,0.5896398425102234,0.6875
l_curve_1,25,0.5872420072555542,0.6875
l_curve_1,26,0.5848420858383179,0.6875
l_curve_1,27,0.5825490951538086,0.6875
l_curve_1,28,0.579993486404419,0.6875
l_curve_1,29,0.5776350498199463,0.6875
l_curve_1,30,0.5751667022705078,0.6875
l_curve_1,31,0.5727667212486267,0.6875
l_curve_1,32,0.5703169107437134,0.6875
l_curve_1,33,0.5680283904075623,0.6875
l_curve_1,34,0.5656791925430298,0.6875
l_curve_1,35,0.5634180307388306,0.6875
l_curve_1,36,0.5611672401428223,0.6875
l_curve_1,37,0.5587362051010132,0.6875
l_curve_1,38,0.5563586354255676,0.6875
l_curve_1,39,0.5540856122970581,0.6875
l_curve_1,40,0.5518323183059692,0.6875
l_curve_1,41,0.5494331121444702,0.6875
l_curve_1,42,0.5471075773239136,0.6875
l_curve_1,43,0.5446992516517639,0.6875
l_curve_1,44,0.5424808859825134,0.6875
l_curve_1,45,0.540270984172821,0.6875
l_curve_1,46,0.5379917621612549,0.6875
l_curve_1,47,0.5357348918914795,0.6875
l_curve_1,48,0.5335586071014404,0.6875
l_curve_1,49,0.5313612818717957,0.6875
l_curve_1,50,0.5292026996612549,0.6875
l_curve_1,51,0.5269702672958374,0.6875
l_curve_1,52,0.5247328877449036,0.6875
l_curve_1,53,0.5224930047988892,0.6875
l_curve_1,54,0.5204126834869385,0.71875
l_curve_1,55,0.5183485150337219,0.71875
l_curve_1,56,0.516203761100769,0.71875
l_curve_1,57,0.5141380429267883,0.71875
l_curve_1,58,0.5120248794555664,0.71875
l_curve_1,59,0.5099917650222778,0.71875
l_curve_1,60,0.5079261064529419,0.71875
l_curve_1,61,0.5058900117874146,0.71875
l_curve_1,62,0.5039312839508057,0.71875
l_curve_1,63,0.5019351840019226,0.71875
l_curve_1,64,0.49998822808265686,0.71875
l_curve_1,65,0.49806660413742065,0.71875
l_curve_1,66,0.4961796998977661,0.71875
l_curve_1,67,0.494209349155426,0.71875
l_curve_1,68,0.4922860264778137,0.71875
l_curve_1,69,0.49016231298446655,0.71875
l_curve_1,70,0.48835253715515137,0.71875
l_curve_1,71,0.48653000593185425,0.71875
l_curve_1,72,0.48482048511505127,0.71875
l_curve_1,73,0.4830329418182373,0.71875
l_curve_1,74,0.48129022121429443,0.71875
l_curve_1,75,0.47943389415740967,0.71875
l_curve_1,76,0.47761017084121704,0.71875
l_curve_1,77,0.47587597370147705,0.71875
l_curve_1,78,0.4741398096084595,0.71875
l_curve_1,79,0.4724271893501282,0.71875
l_curve_1,80,0.4707247018814087,0.71875
l_curve_1,81,0.4690469205379486,0.71875
l_curve_1,82,0.46735048294067383,0.71875
l_curve_1,83,0.4657517075538635,0.71875
l_curve_1,84,0.46414047479629517,0.71875
l_curve_1,85,0.46249139308929443,0.71875
l_curve_1,86,0.460781455039978,0.71875
l_curve_1,87,0.459217369556427,0.71875
l_curve_1,88,0.4576021432876587,0.71875
l_curve_1,89,0.4559278190135956,0.71875
l_curve_1,90,0.4543761610984802,0.71875
l_curve_1,91,0.45275598764419556,0.71875
l_curve_1,92,0.45125776529312134,0.71875
l_curve_1,93,0.4498527944087982,0.71875
l_curve_1,94,0.4483286142349243,0.75
l_curve_1,95,0.44681721925735474,0.78125
l_curve_1,96,0.4452895522117615,0.78125
l_curve_1,97,0.44386225938796997,0.78125
l_curve_1,98,0.44230028986930847,0.78125
l_curve_1,99,0.44091320037841797,0.78125
l_curve_1,100,0.4393729865550995,0.78125
l_curve_1,101,0.4378885328769684,0.78125
l_curve_1,102,0.4365845024585724,0.78125
l_curve_1,103,0.43517667055130005,0.78125
l_curve_1,104,0.43384629487991333,0.78125
l_curve_1,105,0.43240249156951904,0.78125
l_curve_1,106,0.43103066086769104,0.78125
l_curve_1,107,0.4295770525932312,0.78125
l_curve_1,108,0.42818498611450195,0.8125
l_curve_1,109,0.42685312032699585,0.8125
l_curve_1,110,0.4254648685455322,0.8125
l_curve_1,111,0.42399847507476807,0.8125
l_curve_1,112,0.42268240451812744,0.8125
l_curve_1,113,0.42129719257354736,0.8125
l_curve_1,114,0.4199904203414917,0.8125
l_curve_1,115,0.4186437726020813,0.8125
l_curve_1,116,0.41737204790115356,0.8125
l_curve_1,117,0.41595759987831116,0.8125
l_curve_1,118,0.41469162702560425,0.8125
l_curve_1,119,0.4133663773536682,0.8125
l_curve_1,120,0.41206735372543335,0.8125
l_curve_1,121,0.410966157913208,0.8125
l_curve_1,122,0.40978866815567017,0.8125
l_curve_1,123,0.40838658809661865,0.8125
l_curve_1,124,0.40716150403022766,0.8125
l_curve_1,125,0.4058188796043396,0.8125
l_curve_1,126,0.40471693873405457,0.8125
l_curve_1,127,0.4034052789211273,0.8125
l_curve_1,128,0.4021623730659485,0.8125
l_curve_1,129,0.40086454153060913,0.8125
l_curve_1,130,0.39973801374435425,0.8125
l_curve_1,131,0.3986471891403198,0.8125
l_curve_1,132,0.3975375294685364,0.8125
l_curve_1,133,0.3962175250053406,0.8125
l_curve_1,134,0.3948993384838104,0.8125
l_curve_1,135,0.3935759961605072,0.8125
l_curve_1,136,0.3923584222793579,0.8125
l_curve_1,137,0.3911982774734497,0.8125
l_curve_1,138,0.39007043838500977,0.8125
l_curve_1,139,0.38895782828330994,0.8125
l_curve_1,140,0.38776981830596924,0.8125
l_curve_1,141,0.38668757677078247,0.8125
l_curve_1,142,0.3856213092803955,0.8125
l_curve_1,143,0.38453468680381775,0.8125
l_curve_1,144,0.3833301067352295,0.8125
l_curve_1,145,0.3822140097618103,0.8125
l_curve_1,146,0.38111117482185364,0.8125
l_curve_1,147,0.3800106644630432,0.8125
l_curve_1,148,0.37903571128845215,0.8125
l_curve_1,149,0.3779411315917969,0.8125
l_curve_1,150,0.3767855167388916,0.8125
l_curve_1,151,0.37570372223854065,0.8125
l_curve_1,152,0.374716579914093,0.8125
l_curve_1,153,0.37366461753845215,0.8125
l_curve_1,154,0.37257763743400574,0.8125
l_curve_1,155,0.3715413212776184,0.8125
l_curve_1,156,0.3705483078956604,0.8125
l_curve_1,157,0.36944451928138733,0.8125
l_curve_1,158,0.3685108423233032,0.8125
l_curve_1,159,0.36747658252716064,0.8125
l_curve_1,160,0.36645805835723877,0.8125
l_curve_1,161,0.365568608045578,0.8125
l_curve_1,162,0.36465638875961304,0.8125
l_curve_1,163,0.3636564612388611,0.8125
l_curve_1,164,0.362634539604187,0.8125
l_curve_1,165,0.36166471242904663,0.8125
l_curve_1,166,0.36074841022491455,0.8125
l_curve_1,167,0.3598421812057495,0.8125
l_curve_1,168,0.358923077583313,0.8125
l_curve_1,169,0.35797035694122314,0.8125
l_curve_1,170,0.35700052976608276,0.8125
l_curve_1,171,0.35615235567092896,0.8125
l_curve_1,172,0.35525059700012207,0.8125
l_curve_1,173,0.35428112745285034,0.8125
l_curve_1,174,0.3534851670265198,0.8125
l_curve_1,175,0.3526548147201538,0.8125
l_curve_1,176,0.3517132103443146,0.8125
l_curve_1,177,0.3508060574531555,0.8125
l_curve_1,178,0.3500409722328186,0.8125
l_curve_1,179,0.34913957118988037,0.8125
l_curve_1,180,0.3483629822731018,0.8125
l_curve_1,181,0.3476261496543884,0.8125
l_curve_1,182,0.3468596935272217,0.8125
l_curve_1,183,0.3460679054260254,0.8125
l_curve_1,184,0.3453260660171509,0.8125
l_curve_1,185,0.34466999769210815,0.8125
l_curve_1,186,0.3438928723335266,0.8125
l_curve_1,187,0.34311792254447937,0.8125
l_curve_1,188,0.34240594506263733,0.8125
l_curve_1,189,0.34162116050720215,0.8125
l_curve_1,190,0.3409896194934845,0.8125
l_curve_1,191,0.3402079939842224,0.8125
l_curve_1,192,0.339463472366333,0.8125
l_curve_1,193,0.3388133645057678,0.8125
l_curve_1,194,0.3381684422492981,0.8125
l_curve_1,195,0.33746474981307983,0.8125
l_curve_1,196,0.3368186950683594,0.8125
l_curve_1,197,0.3361874222755432,0.8125
l_curve_1,198,0.3354448974132538,0.8125
l_curve_1,199,0.3348351716995239,0.8125
l_curve_1,200,0.3342294692993164,0.8125
l_curve_1,201,0.3336517810821533,0.8125
l_curve_1,202,0.3329693675041199,0.8125
l_curve_1,203,0.33240294456481934,0.8125
l_curve_1,204,0.3317825198173523,0.8125
l_curve_1,205,0.3312225937843323,0.8125
l_curve_1,206,0.3305944800376892,0.8125
l_curve_1,207,0.3300049304962158,0.8125
l_curve_1,208,0.3293936252593994,0.8125
l_curve_1,209,0.3287910223007202,0.8125
l_curve_1,210,0.3283138871192932,0.8125
l_curve_1,211,0.32776105403900146,0.8125
l_curve_1,212,0.32732635736465454,0.8125
l_curve_1,213,0.326657772064209,0.8125
l_curve_1,214,0.32609960436820984,0.8125
l_curve_1,215,0.3256074786186218,0.8125
l_curve_1,216,0.3251109719276428,0.8125
l_curve_1,217,0.32463765144348145,0.8125
l_curve_1,218,0.32417866587638855,0.8125
l_curve_1,219,0.32365697622299194,0.8125
l_curve_1,220,0.3231826722621918,0.8125
l_curve_1,221,0.3227289617061615,0.8125
l_curve_1,222,0.3222196102142334,0.8125
l_curve_1,223,0.3216884136199951,0.8125
l_curve_1,224,0.3213110864162445,0.8125
l_curve_1,225,0.32087039947509766,0.8125
l_curve_1,226,0.32039567828178406,0.8125
l_curve_1,227,0.31991079449653625,0.8125
l_curve_1,228,0.3195202946662903,0.8125
l_curve_1,229,0.319049596786499,0.8125
l_curve_1,230,0.3185344338417053,0.8125
l_curve_1,231,0.3181357681751251,0.8125
l_curve_1,232,0.3176737129688263,0.8125
l_curve_1,233,0.3172866404056549,0.8125
l_curve_1,234,0.31691622734069824,0.8125
l_curve_1,235,0.3164352476596832,0.8125
l_curve_1,236,0.315964937210083,0.8125
l_curve_1,237,0.3155677318572998,0.8125
l_curve_1,238,0.31523236632347107,0.8125
l_curve_1,239,0.3149152398109436,0.8125
l_curve_1,240,0.31451180577278137,0.8125
l_curve_1,241,0.31412601470947266,0.8125
l_curve_1,242,0.31385159492492676,0.8125
l_curve_1,243,0.3134780824184418,0.8125
l_curve_1,244,0.31319230794906616,0.8125
l_curve_1,245,0.312849223613739,0.84375
l_curve_1,246,0.3124951124191284,0.84375
l_curve_1,247,0.31216853857040405,0.84375
l_curve_1,248,0.31186315417289734,0.84375
l_curve_1,249,0.311482697725296,0.84375
l_curve_1,250,0.311140239238739,0.84375
l_curve_1,251,0.3107413649559021,0.84375
l_curve_1,252,0.3104022145271301,0.84375
l_curve_1,253,0.3101535439491272,0.84375
l_curve_1,254,0.30963271856307983,0.84375
l_curve_1,255,0.3093057870864868,0.84375
l_curve_1,256,0.30904772877693176,0.84375
l_curve_1,257,0.30875784158706665,0.84375
l_curve_1,258,0.30850309133529663,0.84375
l_curve_1,259,0.30818894505500793,0.84375
l_curve_1,260,0.30804359912872314,0.84375
l_curve_1,261,0.30772197246551514,0.84375
l_curve_1,262,0.30743980407714844,0.84375
l_curve_1,263,0.3071642220020294,0.84375
l_curve_1,264,0.3068891167640686,0.84375
l_curve_1,265,0.30653876066207886,0.84375
l_curve_1,266,0.30634188652038574,0.84375
l_curve_1,267,0.3060435950756073,0.84375
l_curve_1,268,0.30578482151031494,0.84375
l_curve_1,269,0.30535101890563965,0.84375
l_curve_1,270,0.30518898367881775,0.84375
l_curve_1,271,0.30490192770957947,0.84375
l_curve_1,272,0.3047022521495819,0.84375
l_curve_1,273,0.30454033613204956,0.84375
l_curve_1,274,0.3042444884777069,0.84375
l_curve_1,275,0.30393853783607483,0.84375
l_curve_1,276,0.3036853075027466,0.84375
l_curve_1,277,0.3034738302230835,0.84375
l_curve_1,278,0.303354948759079,0.84375
l_curve_1,279,0.3031373620033264,0.84375
l_curve_1,280,0.3029024600982666,0.84375
l_curve_1,281,0.3026343286037445,0.84375
l_curve_1,282,0.3024176359176636,0.84375
l_curve_1,283,0.3022288382053375,0.84375
l_curve_1,284,0.3020021319389343,0.84375
l_curve_1,285,0.301832377910614,0.84375
l_curve_1,286,0.3017348647117615,0.84375
l_curve_1,287,0.30158013105392456,0.84375
l_curve_1,288,0.30121487379074097,0.84375
l_curve_1,289,0.30102235078811646,0.84375
l_curve_1,290,0.30081769824028015,0.84375
l_curve_1,291,0.3005792200565338,0.84375
l_curve_1,292,0.30029693245887756,0.84375
l_curve_1,293,0.30018502473831177,0.84375
l_curve_1,294,0.29998040199279785,0.84375
l_curve_1,295,0.2998354434967041,0.84375
l_curve_1,296,0.2996041178703308,0.84375
l_curve_1,297,0.29944366216659546,0.84375
l_curve_1,298,0.2992525100708008,0.84375
l_curve_1,299,0.2990974187850952,0.84375
l_curve_1,300,0.2989189028739929,0.84375
l_curve_1,301,0.2987397313117981,0.84375
l_curve_1,302,0.2985017001628876,0.84375
l_curve_1,303,0.29831454157829285,0.84375
l_curve_1,304,0.29823094606399536,0.84375
l_curve_1,305,0.29809778928756714,0.84375
l_curve_1,306,0.2979709804058075,0.84375
l_curve_1,307,0.29781895875930786,0.84375
l_curve_1,308,0.2976812720298767,0.84375
l_curve_1,309,0.29746973514556885,0.84375
l_curve_1,310,0.29731783270835876,0.84375
l_curve_1,311,0.297099232673645,0.84375
l_curve_1,312,0.29691094160079956,0.84375
l_curve_1,313,0.2968130111694336,0.84375
l_curve_1,314,0.2966138422489166,0.84375
l_curve_1,315,0.296486496925354,0.84375
l_curve_1,316,0.2964077293872833,0.84375
l_curve_1,317,0.29617077112197876,0.84375
l_curve_1,318,0.2960526645183563,0.84375
l_curve_1,319,0.29591745138168335,0.84375
l_curve_1,320,0.295788437128067,0.84375
l_curve_1,321,0.2956591248512268,0.84375
l_curve_1,322,0.295531690120697,0.84375
l_curve_1,323,0.29539352655410767,0.84375
l_curve_1,324,0.2952653169631958,0.84375
l_curve_1,325,0.29503563046455383,0.84375
l_curve_1,326,0.29488039016723633,0.84375
l_curve_1,327,0.2947653830051422,0.84375
l_curve_1,328,0.29460620880126953,0.84375
l_curve_1,329,0.2944791913032532,0.84375
l_curve_1,330,0.294242262840271,0.84375
l_curve_1,331,0.2941710948944092,0.84375
l_curve_1,332,0.29405543208122253,0.84375
l_curve_1,333,0.2939569354057312,0.84375
l_curve_1,334,0.29390835762023926,0.84375
l_curve_1,335,0.2937425971031189,0.84375
l_curve_1,336,0.2936244606971741,0.84375
l_curve_1,337,0.29350221157073975,0.84375
l_curve_1,338,0.2934838533401489,0.84375
l_curve_1,339,0.2932807207107544,0.84375
l_curve_1,340,0.2931477725505829,0.84375
l_curve_1,341,0.29300227761268616,0.84375
l_curve_1,342,0.29295745491981506,0.84375
l_curve_1,343,0.292721152305603,0.84375
l_curve_1,344,0.29262664914131165,0.84375
l_curve_1,345,0.29258134961128235,0.84375
l_curve_1,346,0.2924962341785431,0.84375
l_curve_1,347,0.29242196679115295,0.84375
l_curve_1,348,0.29225093126296997,0.84375
l_curve_1,349,0.2921498417854309,0.84375
l_curve_1,350,0.2920445203781128,0.84375
l_curve_1,351,0.29188358783721924,0.84375
l_curve_1,352,0.291739821434021,0.84375
l_curve_1,353,0.29159224033355713,0.84375
l_curve_1,354,0.2915480136871338,0.84375
l_curve_1,355,0.2913719415664673,0.84375
l_curve_1,356,0.291355699300766,0.84375
l_curve_1,357,0.29131054878234863,0.84375
l_curve_1,358,0.29118776321411133,0.84375
l_curve_1,359,0.29116517305374146,0.84375
l_curve_1,360,0.2910761535167694,0.84375
l_curve_1,361,0.29098883271217346,0.84375
l_curve_1,362,0.29096609354019165,0.84375
l_curve_1,363,0.2909010052680969,0.84375
l_curve_1,364,0.2908180356025696,0.84375
l_curve_1,365,0.2906498312950134,0.84375
l_curve_1,366,0.29049044847488403,0.84375
l_curve_1,367,0.2903273105621338,0.84375
l_curve_1,368,0.29025202989578247,0.84375
l_curve_1,369,0.2901608347892761,0.84375
l_curve_1,370,0.2900499403476715,0.84375
l_curve_1,371,0.29001855850219727,0.84375
l_curve_1,372,0.28990501165390015,0.84375
l_curve_1,373,0.28979307413101196,0.84375
l_curve_1,374,0.28960373997688293,0.84375
l_curve_1,375,0.2895697355270386,0.84375
l_curve_1,376,0.28954941034317017,0.84375
l_curve_1,377,0.28952157497406006,0.84375
l_curve_1,378,0.28945213556289673,0.84375
l_curve_1,379,0.2893090844154358,0.84375
l_curve_1,380,0.2892269492149353,0.84375
l_curve_1,381,0.2891085147857666,0.84375
l_curve_1,382,0.28894904255867004,0.84375
l_curve_1,383,0.28887125849723816,0.84375
l_curve_1,384,0.28874126076698303,0.84375
l_curve_1,385,0.28859037160873413,0.84375
l_curve_1,386,0.2885802984237671,0.84375
l_curve_1,387,0.28852415084838867,0.84375
l_curve_1,388,0.2884390652179718,0.84375
l_curve_1,389,0.2883238196372986,0.84375
l_curve_1,390,0.288224995136261,0.84375
l_curve_1,391,0.2881163954734802,0.84375
l_curve_1,392,0.28812897205352783,0.84375
l_curve_1,393,0.28811633586883545,0.84375
l_curve_1,394,0.28808489441871643,0.84375
l_curve_1,395,0.28800109028816223,0.84375
l_curve_1,396,0.2878772020339966,0.84375
l_curve_1,397,0.28785690665245056,0.84375
l_curve_1,398,0.28782370686531067,0.84375
l_curve_1,399,0.28774961829185486,0.84375
l_curve_1,400,0.2876269221305847,0.84375
l_curve_1,401,0.28753048181533813,0.84375
l_curve_1,402,0.2874845266342163,0.84375
l_curve_1,403,0.28739023208618164,0.84375
l_curve_1,404,0.2873079180717468,0.84375
l_curve_1,405,0.2872900366783142,0.84375
l_curve_1,406,0.287214457988739,0.84375
l_curve_1,407,0.2872188091278076,0.84375
l_curve_1,408,0.2871098518371582,0.84375
l_curve_1,409,0.28705117106437683,0.84375
l_curve_1,410,0.2868812680244446,0.84375
l_curve_1,411,0.286859929561615,0.84375
l_curve_1,412,0.2868262827396393,0.84375
l_curve_1,413,0.2867114543914795,0.84375
l_curve_1,414,0.2866800129413605,0.84375
l_curve_1,415,0.28668034076690674,0.84375
l_curve_1,416,0.2866777181625366,0.84375
l_curve_1,417,0.2865561842918396,0.84375
l_curve_1,418,0.2865099012851715,0.84375
l_curve_1,419,0.2864498794078827,0.84375
l_curve_1,420,0.28635460138320923,0.84375
l_curve_1,421,0.2862764894962311,0.84375
l_curve_1,422,0.2862180471420288,0.84375
l_curve_1,423,0.2861878573894501,0.84375
l_curve_1,424,0.28609275817871094,0.84375
l_curve_1,425,0.28597989678382874,0.84375
l_curve_1,426,0.2859990894794464,0.84375
l_curve_1,427,0.2858869731426239,0.84375
l_curve_1,428,0.2859095335006714,0.84375
l_curve_1,429,0.28582119941711426,0.84375
l_curve_1,430,0.2857280373573303,0.84375
l_curve_1,431,0.2855883538722992,0.84375
l_curve_1,432,0.28563427925109863,0.84375
l_curve_1,433,0.2855781018733978,0.84375
l_curve_1,434,0.28542912006378174,0.84375
l_curve_1,435,0.285444438457489,0.84375
l_curve_1,436,0.285427451133728,0.84375
l_curve_1,437,0.2853150963783264,0.84375
l_curve_1,438,0.28536456823349,0.84375
l_curve_1,439,0.2852819561958313,0.84375
l_curve_1,440,0.28521162271499634,0.84375
l_curve_1,441,0.28514766693115234,0.84375
l_curve_1,442,0.2850489914417267,0.84375
l_curve_1,443,0.2851092219352722,0.84375
l_curve_1,444,0.2851077914237976,0.84375
l_curve_1,445,0.28500205278396606,0.84375
l_curve_1,446,0.28488224744796753,0.84375
l_curve_1,447,0.2849302291870117,0.84375
l_curve_1,448,0.28476572036743164,0.84375
l_curve_1,449,0.2846868634223938,0.84375
l_curve_1,450,0.28466346859931946,0.84375
l_curve_1,451,0.284579336643219,0.84375
l_curve_1,452,0.2845694422721863,0.84375
l_curve_1,453,0.284511923789978,0.84375
l_curve_1,454,0.28450390696525574,0.84375
l_curve_1,455,0.2845194637775421,0.84375
l_curve_1,456,0.2843984365463257,0.84375
l_curve_1,457,0.28433215618133545,0.84375
l_curve_1,458,0.2842004895210266,0.84375
l_curve_1,459,0.28418049216270447,0.84375
l_curve_1,460,0.2840266227722168,0.84375
l_curve_1,461,0.2840837836265564,0.84375
l_curve_1,462,0.28400853276252747,0.84375
l_curve_1,463,0.28407320380210876,0.84375
l_curve_1,464,0.2839898467063904,0.84375
l_curve_1,465,0.28387394547462463,0.84375
l_curve_1,466,0.2837839722633362,0.84375
l_curve_1,467,0.28375428915023804,0.84375
l_curve_1,468,0.28377318382263184,0.84375
l_curve_1,469,0.2837311327457428,0.84375
l_curve_1,470,0.2837059497833252,0.84375
l_curve_1,471,0.2836720645427704,0.84375
l_curve_1,472,0.28349190950393677,0.84375
l_curve_1,473,0.28347107768058777,0.84375
l_curve_1,474,0.28335681557655334,0.84375
l_curve_1,475,0.2832995653152466,0.84375
l_curve_1,476,0.28320780396461487,0.84375
l_curve_1,477,0.2831079363822937,0.84375
l_curve_1,478,0.28313684463500977,0.84375
l_curve_1,479,0.28301486372947693,0.875
l_curve_1,480,0.28307637572288513,0.84375
l_curve_1,481,0.28307315707206726,0.84375
l_curve_1,482,0.2829802632331848,0.84375
l_curve_1,483,0.2829671800136566,0.84375
l_curve_1,484,0.28293147683143616,0.84375
l_curve_1,485,0.28286731243133545,0.875
l_curve_1,486,0.2828591465950012,0.875
l_curve_1,487,0.2828790545463562,0.84375
l_curve_1,488,0.2827719748020172,0.875
l_curve_1,489,0.2827059030532837,0.875
l_curve_1,490,0.2825786769390106,0.875
l_curve_1,491,0.28253158926963806,0.875
l_curve_1,492,0.2824288606643677,0.875
l_curve_1,493,0.282465398311615,0.875
l_curve_1,494,0.2824832797050476,0.875
l_curve_1,495,0.2824952006340027,0.875
l_curve_1,496,0.28247663378715515,0.875
l_curve_1,497,0.2824825942516327,0.875
l_curve_1,498,0.2823842465877533,0.875
l_curve_1,499,0.2822761833667755,0.875
l_curve_1,500,0.2822359800338745,0.875
l_curve_1,501,0.28228336572647095,0.875
l_curve_1,502,0.28220751881599426,0.875
l_curve_1,503,0.2821749150753021,0.875
l_curve_1,504,0.28212589025497437,0.875
l_curve_1,505,0.28214842081069946,0.875
l_curve_1,506,0.2820149064064026,0.875
l_curve_1,507,0.2819604277610779,0.875
l_curve_1,508,0.28185775876045227,0.875
l_curve_1,509,0.28178170323371887,0.875
l_curve_1,510,0.2817702889442444,0.875
l_curve_1,511,0.28177502751350403,0.875
l_curve_1,512,0.2815353274345398,0.875
l_curve_1,513,0.28156358003616333,0.875
l_curve_1,514,0.28154245018959045,0.875
l_curve_1,515,0.28152287006378174,0.875
l_curve_1,516,0.2814851403236389,0.875
l_curve_1,517,0.2814945578575134,0.875
l_curve_1,518,0.2814294695854187,0.875
l_curve_1,519,0.2814621925354004,0.875
l_curve_1,520,0.2813724875450134,0.875
l_curve_1,521,0.2812914252281189,0.875
l_curve_1,522,0.28130584955215454,0.875
l_curve_1,523,0.28129351139068604,0.875
l_curve_1,524,0.28128954768180847,0.875
l_curve_1,525,0.28123050928115845,0.875
l_curve_1,526,0.28108498454093933,0.875
l_curve_1,527,0.28108882904052734,0.875
l_curve_1,528,0.28109484910964966,0.875
l_curve_1,529,0.2811148762702942,0.875
l_curve_1,530,0.28112882375717163,0.875
l_curve_1,531,0.2810295820236206,0.875
l_curve_1,532,0.2810184955596924,0.875
l_curve_1,533,0.28102371096611023,0.875
l_curve_1,534,0.28097206354141235,0.875
l_curve_1,535,0.2809530794620514,0.875
l_curve_1,536,0.28097742795944214,0.875
l_curve_1,537,0.28086304664611816,0.875
l_curve_1,538,0.28073692321777344,0.875
l_curve_1,539,0.28069770336151123,0.875
l_curve_1,540,0.280622661113739,0.875
l_curve_1,541,0.2805980443954468,0.875
l_curve_1,542,0.2806251049041748,0.875
l_curve_1,543,0.28062811493873596,0.875
l_curve_1,544,0.2804781198501587,0.875
l_curve_1,545,0.28048211336135864,0.875
l_curve_1,546,0.2804071307182312,0.875
l_curve_1,547,0.2804326117038727,0.875
l_curve_1,548,0.28037774562835693,0.875
l_curve_1,549,0.28037500381469727,0.875
l_curve_1,550,0.2803976833820343,0.90625
l_curve_1,551,0.28027284145355225,0.90625
l_curve_1,552,0.28027230501174927,0.90625
l_curve_1,553,0.2802717685699463,0.90625
l_curve_1,554,0.28018423914909363,0.90625
l_curve_1,555,0.2801356017589569,0.90625
l_curve_1,556,0.28002870082855225,0.90625
l_curve_1,557,0.27997854351997375,0.90625
l_curve_1,558,0.2801385521888733,0.90625
l_curve_1,559,0.2802344560623169,0.90625
l_curve_1,560,0.28003036975860596,0.90625
l_curve_1,561,0.2798936665058136,0.90625
l_curve_1,562,0.2798861265182495,0.90625
l_curve_1,563,0.27972865104675293,0.90625
l_curve_1,564,0.27968698740005493,0.90625
l_curve_1,565,0.27975571155548096,0.90625
l_curve_1,566,0.2798294126987457,0.90625
l_curve_1,567,0.27985918521881104,0.90625
l_curve_1,568,0.2797686457633972,0.90625
l_curve_1,569,0.279789000749588,0.90625
l_curve_1,570,0.27969497442245483,0.90625
l_curve_1,571,0.27971476316452026,0.90625
l_curve_1,572,0.2796590328216553,0.90625
l_curve_1,573,0.279710054397583,0.90625
l_curve_1,574,0.27967971563339233,0.90625
l_curve_1,575,0.27967315912246704,0.90625
l_curve_1,576,0.27952638268470764,0.90625
l_curve_1,577,0.27947741746902466,0.90625
l_curve_1,578,0.27943599224090576,0.90625
l_curve_1,579,0.2794402539730072,0.90625
l_curve_1,580,0.2794196605682373,0.90625
l_curve_1,581,0.2793792486190796,0.90625
l_curve_1,582,0.27928778529167175,0.90625
l_curve_1,583,0.27933984994888306,0.90625
l_curve_1,584,0.27931278944015503,0.90625
l_curve_1,585,0.2792927324771881,0.90625
l_curve_1,586,0.2793062925338745,0.90625
l_curve_1,587,0.27916404604911804,0.90625
l_curve_1,588,0.27921244502067566,0.90625
l_curve_1,589,0.2792302966117859,0.90625
l_curve_1,590,0.27915793657302856,0.90625
l_curve_1,591,0.279073566198349,0.90625
l_curve_1,592,0.27904754877090454,0.90625
l_curve_1,593,0.27911442518234253,0.90625
l_curve_1,594,0.27904173731803894,0.90625
l_curve_1,595,0.27901703119277954,0.90625
l_curve_1,596,0.27890294790267944,0.90625
l_curve_1,597,0.2788700461387634,0.90625
l_curve_1,598,0.2788577079772949,0.90625
l_curve_1,599,0.2789325416088104,0.90625
l_curve_1,600,0.278838574886322,0.90625
l_curve_1,601,0.2787753939628601,0.90625
l_curve_1,602,0.27869462966918945,0.90625
l_curve_1,603,0.2786964476108551,0.90625
l_curve_1,604,0.2787250280380249,0.90625
l_curve_1,605,0.27875712513923645,0.90625
l_curve_1,606,0.27870696783065796,0.90625
l_curve_1,607,0.27855026721954346,0.90625
l_curve_1,608,0.27845579385757446,0.90625
l_curve_1,609,0.2783835530281067,0.90625
l_curve_1,610,0.27840542793273926,0.90625
l_curve_1,611,0.27835795283317566,0.90625
l_curve_1,612,0.2784274220466614,0.90625
l_curve_1,613,0.2784518003463745,0.90625
l_curve_1,614,0.2783745229244232,0.90625
l_curve_1,615,0.27845239639282227,0.90625
l_curve_1,616,0.27834969758987427,0.90625
l_curve_1,617,0.27827587723731995,0.90625
l_curve_1,618,0.2782604992389679,0.90625
l_curve_1,619,0.27833354473114014,0.90625
l_curve_1,620,0.2782578766345978,0.90625
l_curve_1,621,0.2781622111797333,0.90625
l_curve_1,622,0.2781471908092499,0.90625
l_curve_1,623,0.2780429720878601,0.90625
l_curve_1,624,0.27800607681274414,0.90625
l_curve_1,625,0.2780073285102844,0.90625
l_curve_1,626,0.27798545360565186,0.90625
l_curve_1,627,0.2780666947364807,0.90625
l_curve_1,628,0.27803200483322144,0.90625
l_curve_1,629,0.2779642641544342,0.90625
l_curve_1,630,0.27788588404655457,0.90625
l_curve_1,631,0.277893602848053,0.90625
l_curve_1,632,0.2778319716453552,0.90625
l_curve_1,633,0.2777538001537323,0.90625
l_curve_1,634,0.2776663303375244,0.90625
l_curve_1,635,0.27769798040390015,0.90625
l_curve_1,636,0.277698278427124,0.90625
l_curve_1,637,0.27766042947769165,0.90625
l_curve_1,638,0.2775794267654419,0.90625
l_curve_1,639,0.27761411666870117,0.90625
l_curve_1,640,0.27759256958961487,0.90625
l_curve_1,641,0.27748721837997437,0.90625
l_curve_1,642,0.27750369906425476,0.90625
l_curve_1,643,0.27761310338974,0.90625
l_curve_1,644,0.27754077315330505,0.90625
l_curve_1,645,0.27754050493240356,0.90625
l_curve_1,646,0.2774699628353119,0.90625
l_curve_1,647,0.27736061811447144,0.90625
l_curve_1,648,0.2773732841014862,0.90625
l_curve_1,649,0.27728691697120667,0.90625
l_curve_1,650,0.2772147059440613,0.90625
l_curve_1,651,0.2772192060947418,0.90625
l_curve_1,652,0.27719613909721375,0.90625
l_curve_1,653,0.27731984853744507,0.90625
l_curve_1,654,0.2773992121219635,0.90625
l_curve_1,655,0.27724868059158325,0.90625
l_curve_1,656,0.27718186378479004,0.90625
l_curve_1,657,0.2771751582622528,0.90625
l_curve_1,658,0.2771778106689453,0.90625
l_curve_1,659,0.27709823846817017,0.90625
l_curve_1,660,0.27705278992652893,0.90625
l_curve_1,661,0.27699434757232666,0.90625
l_curve_1,662,0.2768554091453552,0.90625
l_curve_1,663,0.2769168019294739,0.90625
l_curve_1,664,0.2768546938896179,0.90625
l_curve_1,665,0.2769526541233063,0.90625
l_curve_1,666,0.2769331932067871,0.90625
l_curve_1,667,0.2769266963005066,0.90625
l_curve_1,668,0.2769685387611389,0.90625
l_curve_1,669,0.27691879868507385,0.90625
l_curve_1,670,0.2768287658691406,0.90625
l_curve_1,671,0.2767731249332428,0.90625
l_curve_1,672,0.27677613496780396,0.90625
l_curve_1,673,0.2766605317592621,0.90625
l_curve_1,674,0.276611328125,0.90625
l_curve_1,675,0.2766802906990051,0.90625
l_curve_1,676,0.27667757868766785,0.90625
l_curve_1,677,0.2766849398612976,0.90625
l_curve_1,678,0.2765568494796753,0.90625
l_curve_1,679,0.27661561965942383,0.90625
l_curve_1,680,0.2766072154045105,0.90625
l_curve_1,681,0.2765326499938965,0.90625
l_curve_1,682,0.27646440267562866,0.90625
l_curve_1,683,0.2764010727405548,0.90625
l_curve_1,684,0.2763609290122986,0.90625
l_curve_1,685,0.2763689458370209,0.90625
l_curve_1,686,0.2763558328151703,0.90625
l_curve_1,687,0.27635514736175537,0.90625
l_curve_1,688,0.2762826085090637,0.90625
l_curve_1,689,0.27624550461769104,0.90625
l_curve_1,690,0.2762538492679596,0.90625
l_curve_1,691,0.2762323021888733,0.90625
l_curve_1,692,0.27626192569732666,0.90625
l_curve_1,693,0.2761431634426117,0.90625
l_curve_1,694,0.2761691212654114,0.90625
l_curve_1,695,0.27604353427886963,0.90625
l_curve_1,696,0.2760414779186249,0.90625
l_curve_1,697,0.2759079337120056,0.90625
l_curve_1,698,0.2759418189525604,0.90625
l_curve_1,699,0.2758557200431824,0.90625
l_curve_1,700,0.27584636211395264,0.90625
l_curve_1,701,0.2759072184562683,0.90625
l_curve_1,702,0.27591925859451294,0.90625
l_curve_1,703,0.2759339213371277,0.90625
l_curve_1,704,0.27594491839408875,0.90625
l_curve_1,705,0.2758527398109436,0.90625
l_curve_1,706,0.27574118971824646,0.90625
l_curve_1,707,0.27580609917640686,0.90625
l_curve_1,708,0.27580294013023376,0.90625
l_curve_1,709,0.27576106786727905,0.90625
l_curve_1,710,0.2757435441017151,0.90625
l_curve_1,711,0.2756930887699127,0.90625
l_curve_1,712,0.2757074236869812,0.90625
l_curve_1,713,0.27574586868286133,0.90625
l_curve_1,714,0.2756092846393585,0.90625
l_curve_1,715,0.27558645606040955,0.90625
l_curve_1,716,0.2755585312843323,0.90625
l_curve_1,717,0.2755138576030731,0.90625
l_curve_1,718,0.2755501866340637,0.90625
l_curve_1,719,0.27545374631881714,0.90625
l_curve_1,720,0.27544763684272766,0.90625
l_curve_1,721,0.27544668316841125,0.90625
l_curve_1,722,0.2753387987613678,0.90625
l_curve_1,723,0.2754230201244354,0.90625
l_curve_1,724,0.27543631196022034,0.90625
l_curve_1,725,0.2754557132720947,0.90625
l_curve_1,726,0.275336891412735,0.90625
l_curve_1,727,0.27522873878479004,0.90625
l_curve_1,728,0.275193452835083,0.90625
l_curve_1,729,0.2751331627368927,0.90625
l_curve_1,730,0.2751924395561218,0.90625
l_curve_1,731,0.2750968933105469,0.90625
l_curve_1,732,0.2750689387321472,0.90625
l_curve_1,733,0.2749882936477661,0.90625
l_curve_1,734,0.2750072479248047,0.90625
l_curve_1,735,0.2749928832054138,0.90625
l_curve_1,736,0.2748953402042389,0.90625
l_curve_1,737,0.27493053674697876,0.90625
l_curve_1,738,0.27497297525405884,0.90625
l_curve_1,739,0.27493563294410706,0.90625
l_curve_1,740,0.2748958468437195,0.90625
l_curve_1,741,0.2747477889060974,0.90625
l_curve_1,742,0.27468839287757874,0.90625
l_curve_1,743,0.2746438980102539,0.90625
l_curve_1,744,0.2746477723121643,0.90625
l_curve_1,745,0.27457383275032043,0.90625
l_curve_1,746,0.2745923399925232,0.90625
l_curve_1,747,0.2746173143386841,0.90625
l_curve_1,748,0.27463918924331665,0.90625
l_curve_1,749,0.2746172547340393,0.90625
l_curve_1,750,0.27460283041000366,0.90625
l_curve_1,751,0.2746071517467499,0.90625
l_curve_1,752,0.2744966149330139,0.90625
l_curve_1,753,0.2744629979133606,0.90625
l_curve_1,754,0.27454859018325806,0.90625
l_curve_1,755,0.2745363712310791,0.90625
l_curve_1,756,0.2744916081428528,0.90625
l_curve_1,757,0.2744205594062805,0.90625
l_curve_1,758,0.2744615375995636,0.90625
l_curve_1,759,0.27443212270736694,0.90625
l_curve_1,760,0.27445849776268005,0.90625
l_curve_1,761,0.2743421196937561,0.90625
l_curve_1,762,0.27424782514572144,0.90625
l_curve_1,763,0.2742159962654114,0.90625
l_curve_1,764,0.2742554247379303,0.90625
l_curve_1,765,0.2742312550544739,0.90625
l_curve_1,766,0.27413859963417053,0.90625
l_curve_1,767,0.27407142519950867,0.90625
l_curve_1,768,0.274033784866333,0.90625
l_curve_1,769,0.2740103304386139,0.90625
l_curve_1,770,0.2740468978881836,0.90625
l_curve_1,771,0.273978054523468,0.90625
l_curve_1,772,0.27396437525749207,0.90625
l_curve_1,773,0.27405840158462524,0.90625
l_curve_1,774,0.27403396368026733,0.90625
l_curve_1,775,0.27415457367897034,0.90625
l_curve_1,776,0.27405762672424316,0.90625
l_curve_1,777,0.2740037441253662,0.90625
l_curve_1,778,0.2739746570587158,0.90625
l_curve_1,779,0.27388083934783936,0.90625
l_curve_1,780,0.2738349735736847,0.90625
l_curve_1,781,0.2738572359085083,0.90625
l_curve_1,782,0.2738785743713379,0.90625
l_curve_1,783,0.2738308906555176,0.90625
l_curve_1,784,0.2738199234008789,0.90625
l_curve_1,785,0.2737847864627838,0.90625
l_curve_1,786,0.2737669348716736,0.90625
l_curve_1,787,0.2736862897872925,0.90625
l_curve_1,788,0.27368849515914917,0.90625
l_curve_1,789,0.27356427907943726,0.90625
l_curve_1,790,0.273434579372406,0.90625
l_curve_1,791,0.2734803855419159,0.90625
l_curve_1,792,0.2734743654727936,0.90625
l_curve_1,793,0.273399293422699,0.90625
l_curve_1,794,0.2734059691429138,0.90625
l_curve_1,795,0.2733791172504425,0.90625
l_curve_1,796,0.2734553813934326,0.90625
l_curve_1,797,0.2733895778656006,0.90625
l_curve_1,798,0.27331864833831787,0.90625
l_curve_1,799,0.2733492851257324,0.90625
l_curve_1,800,0.2734184265136719,0.90625
l_curve_1,801,0.27336612343788147,0.90625
l_curve_1,802,0.27327609062194824,0.90625
l_curve_1,803,0.2732584774494171,0.90625
l_curve_1,804,0.27318432927131653,0.90625
l_curve_1,805,0.2731788754463196,0.90625
l_curve_1,806,0.2731517553329468,0.90625
l_curve_1,807,0.27312517166137695,0.90625
l_curve_1,808,0.2730507254600525,0.90625
l_curve_1,809,0.2730257511138916,0.90625
l_curve_1,810,0.27295753359794617,0.90625
l_curve_1,811,0.272929847240448,0.90625
l_curve_1,812,0.2729427218437195,0.90625
l_curve_1,813,0.2729479670524597,0.90625
l_curve_1,814,0.2728949189186096,0.90625
l_curve_1,815,0.27292609214782715,0.90625
l_curve_1,816,0.2729007303714752,0.90625
l_curve_1,817,0.2728041410446167,0.90625
l_curve_1,818,0.2728995680809021,0.90625
l_curve_1,819,0.2728543281555176,0.90625
l_curve_1,820,0.272831529378891,0.90625
l_curve_1,821,0.2728215456008911,0.90625
l_curve_1,822,0.27282434701919556,0.90625
l_curve_1,823,0.2727297842502594,0.90625
l_curve_1,824,0.2727561593055725,0.90625
l_curve_1,825,0.27274495363235474,0.90625
l_curve_1,826,0.27268365025520325,0.90625
l_curve_1,827,0.27267366647720337,0.90625
l_curve_1,828,0.2726520001888275,0.90625
l_curve_1,829,0.2726365029811859,0.90625
l_curve_1,830,0.2726314663887024,0.90625
l_curve_1,831,0.2726436257362366,0.90625
l_curve_1,832,0.27258825302124023,0.90625
l_curve_1,833,0.27260875701904297,0.90625
l_curve_1,834,0.272580087184906,0.90625
l_curve_1,835,0.27258530259132385,0.90625
l_curve_1,836,0.27237576246261597,0.90625
l_curve_1,837,0.27238398790359497,0.90625
l_curve_1,838,0.2722659707069397,0.90625
l_curve_1,839,0.27223777770996094,0.90625
l_curve_1,840,0.2723221778869629,0.90625
l_curve_1,841,0.27224916219711304,0.90625
l_curve_1,842,0.27230173349380493,0.90625
l_curve_1,843,0.2723069190979004,0.90625
l_curve_1,844,0.27222394943237305,0.90625
l_curve_1,845,0.27205291390419006,0.90625
l_curve_1,846,0.27201834321022034,0.90625
l_curve_1,847,0.27203214168548584,0.90625
l_curve_1,848,0.27203792333602905,0.90625
l_curve_1,849,0.27208322286605835,0.90625
l_curve_1,850,0.27196645736694336,0.90625
l_curve_1,851,0.2719935178756714,0.90625
l_curve_1,852,0.2721165418624878,0.90625
l_curve_1,853,0.2721313536167145,0.90625
l_curve_1,854,0.2720261216163635,0.90625
l_curve_1,855,0.27197372913360596,0.90625
l_curve_1,856,0.2718473970890045,0.90625
l_curve_1,857,0.2717725932598114,0.90625
l_curve_1,858,0.2717858552932739,0.90625
l_curve_1,859,0.27180832624435425,0.90625
l_curve_1,860,0.271790087223053,0.90625
l_curve_1,861,0.2717483937740326,0.90625
l_curve_1,862,0.27175721526145935,0.90625
l_curve_1,863,0.2717965841293335,0.90625
l_curve_1,864,0.2718890309333801,0.90625
l_curve_1,865,0.27175021171569824,0.90625
l_curve_1,866,0.27160608768463135,0.90625
l_curve_1,867,0.2716527581214905,0.90625
l_curve_1,868,0.27171778678894043,0.90625
l_curve_1,869,0.27179190516471863,0.90625
l_curve_1,870,0.2717624008655548,0.90625
l_curve_1,871,0.27170515060424805,0.90625
l_curve_1,872,0.2715533375740051,0.90625
l_curve_1,873,0.2714822292327881,0.90625
l_curve_1,874,0.27157485485076904,0.90625
l_curve_1,875,0.2716159224510193,0.90625
l_curve_1,876,0.27163374423980713,0.90625
l_curve_1,877,0.2715664505958557,0.90625
l_curve_1,878,0.2715018689632416,0.90625
l_curve_1,879,0.27141040563583374,0.90625
l_curve_1,880,0.2714792490005493,0.90625
l_curve_1,881,0.2715654671192169,0.90625
l_curve_1,882,0.2715516686439514,0.90625
l_curve_1,883,0.27144330739974976,0.90625
l_curve_1,884,0.2713630795478821,0.90625
l_curve_1,885,0.2713559865951538,0.90625
l_curve_1,886,0.2713496685028076,0.90625
l_curve_1,887,0.27139368653297424,0.90625
l_curve_1,888,0.271343469619751,0.90625
l_curve_1,889,0.27128303050994873,0.90625
l_curve_1,890,0.2710941433906555,0.90625
l_curve_1,891,0.27120113372802734,0.90625
l_curve_1,892,0.2712841033935547,0.90625
l_curve_1,893,0.2711712718009949,0.90625
l_curve_1,894,0.27118512988090515,0.90625
l_curve_1,895,0.2711365818977356,0.90625
l_curve_1,896,0.27116578817367554,0.90625
l_curve_1,897,0.2710457444190979,0.90625
l_curve_1,898,0.27101606130599976,0.90625
l_curve_1,899,0.2710537910461426,0.90625
l_curve_1,900,0.27099621295928955,0.90625
l_curve_1,901,0.2709406614303589,0.90625
l_curve_1,902,0.2708962857723236,0.90625
l_curve_1,903,0.27086883783340454,0.90625
l_curve_1,904,0.27085161209106445,0.90625
l_curve_1,905,0.2707711160182953,0.90625
l_curve_1,906,0.2708132863044739,0.90625
l_curve_1,907,0.27069801092147827,0.90625
l_curve_1,908,0.27072465419769287,0.90625
l_curve_1,909,0.27064886689186096,0.90625
l_curve_1,910,0.27066710591316223,0.90625
l_curve_1,911,0.27064764499664307,0.90625
l_curve_1,912,0.27060791850090027,0.90625
l_curve_1,913,0.2706245183944702,0.90625
l_curve_1,914,0.27067968249320984,0.90625
l_curve_1,915,0.2707010805606842,0.90625
l_curve_1,916,0.2706511914730072,0.90625
l_curve_1,917,0.27065086364746094,0.90625
l_curve_1,918,0.27060258388519287,0.90625
l_curve_1,919,0.27046361565589905,0.90625
l_curve_1,920,0.27042293548583984,0.90625
l_curve_1,921,0.2704050540924072,0.90625
l_curve_1,922,0.2704721987247467,0.90625
l_curve_1,923,0.27045103907585144,0.90625
l_curve_1,924,0.2704508304595947,0.90625
l_curve_1,925,0.27043408155441284,0.90625
l_curve_1,926,0.2703219950199127,0.90625
l_curve_1,927,0.2703419327735901,0.90625
l_curve_1,928,0.27023541927337646,0.90625
l_curve_1,929,0.2702849507331848,0.90625
l_curve_1,930,0.2702050507068634,0.90625
l_curve_1,931,0.2701694965362549,0.90625
l_curve_1,932,0.2701454758644104,0.90625
l_curve_1,933,0.2701963782310486,0.90625
l_curve_1,934,0.27030614018440247,0.90625
l_curve_1,935,0.2702932357788086,0.90625
l_curve_1,936,0.27031487226486206,0.90625
l_curve_1,937,0.27022454142570496,0.90625
l_curve_1,938,0.27017828822135925,0.90625
l_curve_1,939,0.2700691223144531,0.90625
l_curve_1,940,0.27002084255218506,0.90625
l_curve_1,941,0.2699514329433441,0.90625
l_curve_1,942,0.27000266313552856,0.90625
l_curve_1,943,0.2700200080871582,0.90625
l_curve_1,944,0.26989781856536865,0.90625
l_curve_1,945,0.2699509263038635,0.90625
l_curve_1,946,0.2699396014213562,0.90625
l_curve_1,947,0.2698962688446045,0.90625
l_curve_1,948,0.26993799209594727,0.90625
l_curve_1,949,0.2698795795440674,0.90625
l_curve_1,950,0.2698333263397217,0.90625
l_curve_1,951,0.2698310911655426,0.90625
l_curve_1,952,0.2697313129901886,0.90625
l_curve_1,953,0.26979362964630127,0.90625
l_curve_1,954,0.2697826623916626,0.90625
l_curve_1,955,0.26978909969329834,0.90625
l_curve_1,956,0.2697276473045349,0.90625
l_curve_1,957,0.2696530818939209,0.90625
l_curve_1,958,0.2696569561958313,0.90625
l_curve_1,959,0.26951754093170166,0.90625
l_curve_1,960,0.2694913446903229,0.90625
l_curve_1,961,0.26947247982025146,0.90625
l_curve_1,962,0.26958948373794556,0.90625
l_curve_1,963,0.26965999603271484,0.90625
l_curve_1,964,0.2697354555130005,0.90625
l_curve_1,965,0.26971548795700073,0.90625
l_curve_1,966,0.2695779800415039,0.90625
l_curve_1,967,0.26956436038017273,0.90625
l_curve_1,968,0.2696089446544647,0.90625
l_curve_1,969,0.2694393992424011,0.90625
l_curve_1,970,0.26940780878067017,0.90625
l_curve_1,971,0.26930904388427734,0.90625
l_curve_1,972,0.2693403959274292,0.90625
l_curve_1,973,0.26919859647750854,0.90625
l_curve_1,974,0.26917099952697754,0.90625
l_curve_1,975,0.2692033350467682,0.90625
l_curve_1,976,0.26908934116363525,0.90625
l_curve_1,977,0.2690962553024292,0.90625
l_curve_1,978,0.26911330223083496,0.90625
l_curve_1,979,0.2691425681114197,0.90625
l_curve_1,980,0.2690369486808777,0.90625
l_curve_1,981,0.2690223455429077,0.90625
l_curve_1,982,0.2691369652748108,0.90625
l_curve_1,983,0.26919957995414734,0.90625
l_curve_1,984,0.2691023349761963,0.90625
l_curve_1,985,0.2689705491065979,0.90625
l_curve_1,986,0.2689184546470642,0.90625
l_curve_1,987,0.2689182758331299,0.90625
l_curve_1,988,0.26886194944381714,0.90625
l_curve_1,989,0.26894718408584595,0.90625
l_curve_1,990,0.2688949704170227,0.90625
l_curve_1,991,0.26883530616760254,0.90625
l_curve_1,992,0.26879116892814636,0.90625
l_curve_1,993,0.2688618302345276,0.90625
l_curve_1,994,0.26891177892684937,0.90625
l_curve_1,995,0.26888152956962585,0.90625
l_curve_1,996,0.2688697576522827,0.90625
l_curve_1,997,0.2687362730503082,0.90625
l_curve_1,998,0.2687681317329407,0.90625
l_curve_1,999,0.2687467038631439,0.90625
l_curve_1,1000,0.2686794400215149,0.90625
l_curve_1,1001,0.26868751645088196,0.90625
l_curve_1,1002,0.26865875720977783,0.90625
l_curve_1,1003,0.26869094371795654,0.90625
l_curve_1,1004,0.26876288652420044,0.90625
l_curve_1,1005,0.2687416970729828,0.90625
l_curve_1,1006,0.2685859203338623,0.90625
l_curve_1,1007,0.26850807666778564,0.90625
l_curve_1,1008,0.26852476596832275,0.90625
l_curve_1,1009,0.2684310972690582,0.90625
l_curve_1,1010,0.26835381984710693,0.90625
l_curve_1,1011,0.2682463824748993,0.90625
l_curve_1,1012,0.26827192306518555,0.90625
l_curve_1,1013,0.26836729049682617,0.90625
l_curve_1,1014,0.26844221353530884,0.90625
l_curve_1,1015,0.2684454321861267,0.90625
l_curve_1,1016,0.26838329434394836,0.90625
l_curve_1,1017,0.2683473229408264,0.90625
l_curve_1,1018,0.2682618796825409,0.90625
l_curve_1,1019,0.26830267906188965,0.90625
l_curve_1,1020,0.2682204842567444,0.90625
l_curve_1,1021,0.2681843042373657,0.90625
l_curve_1,1022,0.2681579887866974,0.90625
l_curve_1,1023,0.2682377099990845,0.90625
l_curve_1,1024,0.2682337760925293,0.90625
l_curve_1,1025,0.2680383622646332,0.90625
l_curve_1,1026,0.2679688036441803,0.90625
l_curve_1,1027,0.26792025566101074,0.90625
l_curve_1,1028,0.26787304878234863,0.90625
l_curve_1,1029,0.2678612172603607,0.90625
l_curve_1,1030,0.26784008741378784,0.90625
l_curve_1,1031,0.267888605594635,0.90625
l_curve_1,1032,0.26794272661209106,0.90625
l_curve_1,1033,0.2678711712360382,0.90625
l_curve_1,1034,0.2678549885749817,0.90625
l_curve_1,1035,0.2678912281990051,0.90625
l_curve_1,1036,0.26793745160102844,0.90625
l_curve_1,1037,0.2678673267364502,0.90625
l_curve_1,1038,0.26789677143096924,0.90625
l_curve_1,1039,0.2678001821041107,0.90625
l_curve_1,1040,0.2678226828575134,0.90625
l_curve_1,1041,0.2677922248840332,0.90625
l_curve_1,1042,0.26785987615585327,0.90625
l_curve_1,1043,0.26779705286026,0.90625
l_curve_1,1044,0.2678009271621704,0.90625
l_curve_1,1045,0.26784825325012207,0.90625
l_curve_1,1046,0.26782530546188354,0.90625
l_curve_1,1047,0.2677256464958191,0.90625
l_curve_1,1048,0.26760798692703247,0.90625
l_curve_1,1049,0.2676312327384949,0.90625
l_curve_1,1050,0.2674797773361206,0.90625
l_curve_1,1051,0.26743900775909424,0.90625
l_curve_1,1052,0.2673884332180023,0.90625
l_curve_1,1053,0.26728683710098267,0.90625
l_curve_1,1054,0.2673822045326233,0.90625
l_curve_1,1055,0.26735031604766846,0.90625
l_curve_1,1056,0.2674155831336975,0.90625
l_curve_1,1057,0.26729315519332886,0.90625
l_curve_1,1058,0.2672104835510254,0.90625
l_curve_1,1059,0.26720279455184937,0.90625
l_curve_1,1060,0.26725804805755615,0.90625
l_curve_1,1061,0.2672079801559448,0.90625
l_curve_1,1062,0.2671399414539337,0.90625
l_curve_1,1063,0.2670384645462036,0.90625
l_curve_1,1064,0.2671363949775696,0.90625
l_curve_1,1065,0.2672378718852997,0.90625
l_curve_1,1066,0.267071932554245,0.90625
l_curve_1,1067,0.2670667767524719,0.90625
l_curve_1,1068,0.26705121994018555,0.90625
l_curve_1,1069,0.267128050327301,0.90625
l_curve_1,1070,0.266990065574646,0.90625
l_curve_1,1071,0.2668951153755188,0.90625
l_curve_1,1072,0.26691731810569763,0.90625
l_curve_1,1073,0.26691925525665283,0.90625
l_curve_1,1074,0.26686975359916687,0.90625
l_curve_1,1075,0.26689767837524414,0.90625
l_curve_1,1076,0.26683372259140015,0.90625
l_curve_1,1077,0.2668282985687256,0.90625
l_curve_1,1078,0.2666460871696472,0.90625
l_curve_1,1079,0.26669400930404663,0.90625
l_curve_1,1080,0.26673704385757446,0.90625
l_curve_1,1081,0.26657992601394653,0.90625
l_curve_1,1082,0.26653924584388733,0.90625
l_curve_1,1083,0.2667084038257599,0.90625
l_curve_1,1084,0.2666294276714325,0.90625
l_curve_1,1085,0.26645201444625854,0.90625
l_curve_1,1086,0.26647067070007324,0.90625
l_curve_1,1087,0.2664998769760132,0.90625
l_curve_1,1088,0.2664252817630768,0.90625
l_curve_1,1089,0.2665175795555115,0.90625
l_curve_1,1090,0.266471803188324,0.90625
l_curve_1,1091,0.26642316579818726,0.90625
l_curve_1,1092,0.26638031005859375,0.90625
l_curve_1,1093,0.2664640247821808,0.90625
l_curve_1,1094,0.2663276493549347,0.90625
l_curve_1,1095,0.2663310170173645,0.90625
l_curve_1,1096,0.266227126121521,0.90625
l_curve_1,1097,0.2660875618457794,0.90625
l_curve_1,1098,0.2662375569343567,0.90625
l_curve_1,1099,0.26624101400375366,0.90625
l_curve_1,1100,0.26620200276374817,0.90625
l_curve_1,1101,0.2661862373352051,0.90625
l_curve_1,1102,0.2662247121334076,0.90625
l_curve_1,1103,0.266196072101593,0.90625
l_curve_1,1104,0.2661055326461792,0.90625
l_curve_1,1105,0.2660655379295349,0.90625
l_curve_1,1106,0.2660423517227173,0.90625
l_curve_1,1107,0.2660514712333679,0.90625
l_curve_1,1108,0.265941858291626,0.90625
l_curve_1,1109,0.2659071683883667,0.90625
l_curve_1,1110,0.26590824127197266,0.90625
l_curve_1,1111,0.265913188457489,0.90625
l_curve_1,1112,0.2658497393131256,0.90625
l_curve_1,1113,0.2658243775367737,0.90625
l_curve_1,1114,0.2658316493034363,0.90625
l_curve_1,1115,0.26589441299438477,0.90625
l_curve_1,1116,0.26584410667419434,0.90625
l_curve_1,1117,0.26579874753952026,0.90625
l_curve_1,1118,0.26572999358177185,0.90625
l_curve_1,1119,0.26567304134368896,0.90625
l_curve_1,1120,0.2656029164791107,0.90625
l_curve_1,1121,0.2655676603317261,0.90625
l_curve_1,1122,0.26549094915390015,0.90625
l_curve_1,1123,0.2655397653579712,0.90625
l_curve_1,1124,0.2655602991580963,0.90625
l_curve_1,1125,0.26561009883880615,0.90625
l_curve_1,1126,0.26560014486312866,0.90625
l_curve_1,1127,0.265651136636734,0.90625
l_curve_1,1128,0.265494704246521,0.90625
l_curve_1,1129,0.2654392123222351,0.90625
l_curve_1,1130,0.26545658707618713,0.90625
l_curve_1,1131,0.2653830051422119,0.90625
l_curve_1,1132,0.2652851343154907,0.90625
l_curve_1,1133,0.26534733176231384,0.90625
l_curve_1,1134,0.2653120160102844,0.90625
l_curve_1,1135,0.2652333080768585,0.90625
l_curve_1,1136,0.26527494192123413,0.90625
l_curve_1,1137,0.26526498794555664,0.90625
l_curve_1,1138,0.26513737440109253,0.90625
l_curve_1,1139,0.26514315605163574,0.90625
l_curve_1,1140,0.26501786708831787,0.90625
l_curve_1,1141,0.26506489515304565,0.90625
l_curve_1,1142,0.265013188123703,0.90625
l_curve_1,1143,0.26498016715049744,0.90625
l_curve_1,1144,0.2650052607059479,0.90625
l_curve_1,1145,0.26508697867393494,0.90625
l_curve_1,1146,0.2650415003299713,0.90625
l_curve_1,1147,0.2650166451931,0.90625
l_curve_1,1148,0.2650284171104431,0.90625
l_curve_1,1149,0.2649501860141754,0.90625
l_curve_1,1150,0.26489365100860596,0.90625
l_curve_1,1151,0.2648860514163971,0.90625
l_curve_1,1152,0.2647821009159088,0.90625
l_curve_1,1153,0.26481717824935913,0.90625
l_curve_1,1154,0.2647823095321655,0.90625
l_curve_1,1155,0.26482170820236206,0.90625
l_curve_1,1156,0.26478254795074463,0.90625
l_curve_1,1157,0.26474952697753906,0.90625
l_curve_1,1158,0.2646540403366089,0.90625
l_curve_1,1159,0.26458826661109924,0.90625
l_curve_1,1160,0.264683336019516,0.90625
l_curve_1,1161,0.26464974880218506,0.90625
l_curve_1,1162,0.2646251320838928,0.90625
l_curve_1,1163,0.2645237445831299,0.90625
l_curve_1,1164,0.26455065608024597,0.90625
l_curve_1,1165,0.2644692659378052,0.90625
l_curve_1,1166,0.2644118666648865,0.90625
l_curve_1,1167,0.2643353343009949,0.90625
l_curve_1,1168,0.2643415331840515,0.90625
l_curve_1,1169,0.26437950134277344,0.90625
l_curve_1,1170,0.26428061723709106,0.90625
l_curve_1,1171,0.2642872929573059,0.90625
l_curve_1,1172,0.2642713785171509,0.90625
l_curve_1,1173,0.2642432153224945,0.90625
l_curve_1,1174,0.2642599046230316,0.90625
l_curve_1,1175,0.264240026473999,0.90625
l_curve_1,1176,0.2642485797405243,0.90625
l_curve_1,1177,0.2641368508338928,0.90625
l_curve_1,1178,0.26403117179870605,0.90625
l_curve_1,1179,0.264041006565094,0.90625
l_curve_1,1180,0.26407909393310547,0.90625
l_curve_1,1181,0.26408371329307556,0.90625
l_curve_1,1182,0.2639947235584259,0.90625
l_curve_1,1183,0.26393938064575195,0.90625
l_curve_1,1184,0.2639230489730835,0.90625
l_curve_1,1185,0.26391369104385376,0.90625
l_curve_1,1186,0.2639424204826355,0.90625
l_curve_1,1187,0.26400065422058105,0.90625
l_curve_1,1188,0.2639225125312805,0.90625
l_curve_1,1189,0.2638406753540039,0.90625
l_curve_1,1190,0.26372867822647095,0.90625
l_curve_1,1191,0.26370352506637573,0.90625
l_curve_1,1192,0.26369160413742065,0.90625
l_curve_1,1193,0.26369577646255493,0.90625
l_curve_1,1194,0.26370343565940857,0.90625
l_curve_1,1195,0.263664186000824,0.90625
l_curve_1,1196,0.26367858052253723,0.90625
l_curve_1,1197,0.2636464238166809,0.90625
l_curve_1,1198,0.26359885931015015,0.90625
l_curve_1,1199,0.26364389061927795,0.90625
l_curve_1,1200,0.2635607123374939,0.90625
l_curve_1,1201,0.26348522305488586,0.90625
l_curve_1,1202,0.2634795308113098,0.90625
l_curve_1,1203,0.2634681165218353,0.90625
l_curve_1,1204,0.263352632522583,0.90625
l_curve_1,1205,0.2633339762687683,0.90625
l_curve_1,1206,0.2632558047771454,0.90625
l_curve_1,1207,0.26326221227645874,0.90625
l_curve_1,1208,0.26332956552505493,0.90625
l_curve_1,1209,0.26331034302711487,0.90625
l_curve_1,1210,0.26327332854270935,0.90625
l_curve_1,1211,0.2632838785648346,0.90625
l_curve_1,1212,0.26322218775749207,0.90625
l_curve_1,1213,0.2630833387374878,0.90625
l_curve_1,1214,0.26315838098526,0.90625
l_curve_1,1215,0.26316988468170166,0.90625
l_curve_1,1216,0.26310157775878906,0.90625
l_curve_1,1217,0.2629902958869934,0.90625
l_curve_1,1218,0.2629419267177582,0.90625
l_curve_1,1219,0.2628020644187927,0.90625
l_curve_1,1220,0.2627772390842438,0.90625
l_curve_1,1221,0.26268303394317627,0.90625
l_curve_1,1222,0.2628142833709717,0.90625
l_curve_1,1223,0.2627706825733185,0.90625
l_curve_1,1224,0.26283082365989685,0.90625
l_curve_1,1225,0.26283973455429077,0.90625
l_curve_1,1226,0.26276302337646484,0.90625
l_curve_1,1227,0.26269978284835815,0.90625
l_curve_1,1228,0.26267513632774353,0.90625
l_curve_1,1229,0.26260876655578613,0.90625
l_curve_1,1230,0.2626378834247589,0.90625
l_curve_1,1231,0.2625482678413391,0.90625
l_curve_1,1232,0.26255130767822266,0.90625
l_curve_1,1233,0.2625124752521515,0.90625
l_curve_1,1234,0.26248952746391296,0.90625
l_curve_1,1235,0.2624664008617401,0.90625
l_curve_1,1236,0.2623777985572815,0.90625
l_curve_1,1237,0.26236164569854736,0.90625
l_curve_1,1238,0.2622970938682556,0.90625
l_curve_1,1239,0.2623155117034912,0.90625
l_curve_1,1240,0.26221051812171936,0.90625
l_curve_1,1241,0.2621498703956604,0.90625
l_curve_1,1242,0.2621798813343048,0.90625
l_curve_1,1243,0.26223427057266235,0.90625
l_curve_1,1244,0.26211848855018616,0.90625
l_curve_1,1245,0.26210010051727295,0.90625
l_curve_1,1246,0.26211580634117126,0.90625
l_curve_1,1247,0.2621002495288849,0.90625
l_curve_1,1248,0.2620878219604492,0.90625
l_curve_1,1249,0.2620126008987427,0.90625
l_curve_1,1250,0.26192888617515564,0.90625
l_curve_1,1251,0.26186102628707886,0.90625
l_curve_1,1252,0.26185905933380127,0.90625
l_curve_1,1253,0.26178696751594543,0.90625
l_curve_1,1254,0.26180821657180786,0.90625
l_curve_1,1255,0.2617211937904358,0.90625
l_curve_1,1256,0.26162317395210266,0.90625
l_curve_1,1257,0.26168185472488403,0.90625
l_curve_1,1258,0.26167258620262146,0.90625
l_curve_1,1259,0.26176223158836365,0.90625
l_curve_1,1260,0.2618182301521301,0.90625
l_curve_1,1261,0.2616806626319885,0.90625
l_curve_1,1262,0.2616207003593445,0.90625
l_curve_1,1263,0.26163509488105774,0.90625
l_curve_1,1264,0.2616008520126343,0.90625
l_curve_1,1265,0.26150137186050415,0.90625
l_curve_1,1266,0.26149696111679077,0.90625
l_curve_1,1267,0.2615582048892975,0.90625
l_curve_1,1268,0.2614187002182007,0.90625
l_curve_1,1269,0.26139146089553833,0.90625
l_curve_1,1270,0.2614116668701172,0.90625
l_curve_1,1271,0.26128271222114563,0.90625
l_curve_1,1272,0.2613339424133301,0.90625
l_curve_1,1273,0.26129478216171265,0.90625
l_curve_1,1274,0.2610967755317688,0.90625
l_curve_1,1275,0.2611025869846344,0.90625
l_curve_1,1276,0.26106759905815125,0.90625
l_curve_1,1277,0.2611486613750458,0.90625
l_curve_1,1278,0.2611123323440552,0.90625
l_curve_1,1279,0.26105305552482605,0.90625
l_curve_1,1280,0.26091468334198,0.90625
l_curve_1,1281,0.2608897387981415,0.90625
l_curve_1,1282,0.2608654499053955,0.90625
l_curve_1,1283,0.2608916461467743,0.90625
l_curve_1,1284,0.2608647346496582,0.90625
l_curve_1,1285,0.2607651650905609,0.90625
l_curve_1,1286,0.26072338223457336,0.90625
l_curve_1,1287,0.2608000338077545,0.90625
l_curve_1,1288,0.26076069474220276,0.90625
l_curve_1,1289,0.26068878173828125,0.90625
l_curve_1,1290,0.26070457696914673,0.90625
l_curve_1,1291,0.2605937719345093,0.90625
l_curve_1,1292,0.26051193475723267,0.90625
l_curve_1,1293,0.26049041748046875,0.90625
l_curve_1,1294,0.26051318645477295,0.90625
l_curve_1,1295,0.2605307698249817,0.90625
l_curve_1,1296,0.2604611814022064,0.90625
l_curve_1,1297,0.2604062557220459,0.90625
l_curve_1,1298,0.26042354106903076,0.90625
l_curve_1,1299,0.26038938760757446,0.90625
l_curve_1,1300,0.26050594449043274,0.90625
l_curve_1,1301,0.2604501247406006,0.90625
l_curve_1,1302,0.2603779435157776,0.90625
l_curve_1,1303,0.2604132890701294,0.90625
l_curve_1,1304,0.26026272773742676,0.90625
l_curve_1,1305,0.26020827889442444,0.90625
l_curve_1,1306,0.26016169786453247,0.90625
l_curve_1,1307,0.2602013945579529,0.90625
l_curve_1,1308,0.2601108253002167,0.90625
l_curve_1,1309,0.26002028584480286,0.90625
l_curve_1,1310,0.26011842489242554,0.90625
l_curve_1,1311,0.26001936197280884,0.90625
l_curve_1,1312,0.2599427402019501,0.90625
l_curve_1,1313,0.2598370611667633,0.90625
l_curve_1,1314,0.2598179876804352,0.90625
l_curve_1,1315,0.25983721017837524,0.90625
l_curve_1,1316,0.25973379611968994,0.90625
l_curve_1,1317,0.25975966453552246,0.90625
l_curve_1,1318,0.2597523033618927,0.90625
l_curve_1,1319,0.2596793472766876,0.90625
l_curve_1,1320,0.25953829288482666,0.90625
l_curve_1,1321,0.25961825251579285,0.90625
l_curve_1,1322,0.25959110260009766,0.90625
l_curve_1,1323,0.25954872369766235,0.90625
l_curve_1,1324,0.2595440149307251,0.90625
l_curve_1,1325,0.25945574045181274,0.90625
l_curve_1,1326,0.2594890594482422,0.90625
l_curve_1,1327,0.259482741355896,0.90625
l_curve_1,1328,0.25944918394088745,0.90625
l_curve_1,1329,0.2593795359134674,0.90625
l_curve_1,1330,0.259244441986084,0.90625
l_curve_1,1331,0.2592049539089203,0.90625
l_curve_1,1332,0.25923094153404236,0.90625
l_curve_1,1333,0.25909751653671265,0.90625
l_curve_1,1334,0.25900787115097046,0.90625
l_curve_1,1335,0.25907206535339355,0.90625
l_curve_1,1336,0.25893115997314453,0.90625
l_curve_1,1337,0.25897231698036194,0.90625
l_curve_1,1338,0.2589181959629059,0.90625
l_curve_1,1339,0.25897446274757385,0.90625
l_curve_1,1340,0.25882723927497864,0.90625
l_curve_1,1341,0.2588244676589966,0.90625
l_curve_1,1342,0.25877439975738525,0.90625
l_curve_1,1343,0.25881874561309814,0.90625
l_curve_1,1344,0.25871068239212036,0.90625
l_curve_1,1345,0.25870364904403687,0.90625
l_curve_1,1346,0.2586328387260437,0.90625
l_curve_1,1347,0.2585878372192383,0.90625
l_curve_1,1348,0.25858423113822937,0.90625
l_curve_1,1349,0.2584843635559082,0.90625
l_curve_1,1350,0.25842416286468506,0.90625
l_curve_1,1351,0.25842493772506714,0.90625
l_curve_1,1352,0.258338063955307,0.90625
l_curve_1,1353,0.25826597213745117,0.90625
l_curve_1,1354,0.2581977844238281,0.90625
l_curve_1,1355,0.2581895589828491,0.90625
l_curve_1,1356,0.2582060694694519,0.90625
l_curve_1,1357,0.25830909609794617,0.90625
l_curve_1,1358,0.25825321674346924,0.90625
l_curve_1,1359,0.25827163457870483,0.90625
l_curve_1,1360,0.25828734040260315,0.90625
l_curve_1,1361,0.25815579295158386,0.90625
l_curve_1,1362,0.2581002712249756,0.90625
l_curve_1,1363,0.2581084370613098,0.90625
l_curve_1,1364,0.25804877281188965,0.90625
l_curve_1,1365,0.25795772671699524,0.90625
l_curve_1,1366,0.2578071653842926,0.90625
l_curve_1,1367,0.25779327750205994,0.90625
l_curve_1,1368,0.25770139694213867,0.90625
l_curve_1,1369,0.2576970160007477,0.90625
l_curve_1,1370,0.2575801610946655,0.90625
l_curve_1,1371,0.2575896382331848,0.90625
l_curve_1,1372,0.25755298137664795,0.90625
l_curve_1,1373,0.2575618028640747,0.90625
l_curve_1,1374,0.2575682997703552,0.90625
l_curve_1,1375,0.257451593875885,0.90625
l_curve_1,1376,0.25739628076553345,0.90625
l_curve_1,1377,0.25744104385375977,0.90625
l_curve_1,1378,0.2574958801269531,0.90625
l_curve_1,1379,0.2575015127658844,0.90625
l_curve_1,1380,0.25734373927116394,0.90625
l_curve_1,1381,0.2572987675666809,0.90625
l_curve_1,1382,0.25721538066864014,0.90625
l_curve_1,1383,0.25718778371810913,0.90625
l_curve_1,1384,0.25724926590919495,0.90625
l_curve_1,1385,0.25733283162117004,0.90625
l_curve_1,1386,0.25734126567840576,0.90625
l_curve_1,1387,0.257274329662323,0.90625
l_curve_1,1388,0.25722694396972656,0.90625
l_curve_1,1389,0.2570961117744446,0.90625
l_curve_1,1390,0.2569238245487213,0.90625
l_curve_1,1391,0.2568451464176178,0.90625
l_curve_1,1392,0.25678807497024536,0.90625
l_curve_1,1393,0.25673145055770874,0.90625
l_curve_1,1394,0.25672510266304016,0.90625
l_curve_1,1395,0.25670745968818665,0.90625
l_curve_1,1396,0.2566198706626892,0.90625
l_curve_1,1397,0.2566490173339844,0.90625
l_curve_1,1398,0.25656381249427795,0.90625
l_curve_1,1399,0.25655031204223633,0.90625
l_curve_1,1400,0.25651413202285767,0.90625
l_curve_1,1401,0.256422758102417,0.90625
l_curve_1,1402,0.25645366311073303,0.90625
l_curve_1,1403,0.25643014907836914,0.90625
l_curve_1,1404,0.25631195306777954,0.90625
l_curve_1,1405,0.2563444972038269,0.90625
l_curve_1,1406,0.25629889965057373,0.90625
l_curve_1,1407,0.25627535581588745,0.90625
l_curve_1,1408,0.2562820017337799,0.90625
l_curve_1,1409,0.2562742233276367,0.90625
l_curve_1,1410,0.25615987181663513,0.90625
l_curve_1,1411,0.2561306655406952,0.90625
l_curve_1,1412,0.2560524344444275,0.90625
l_curve_1,1413,0.25604432821273804,0.90625
l_curve_1,1414,0.25598156452178955,0.90625
l_curve_1,1415,0.25589266419410706,0.90625
l_curve_1,1416,0.25586190819740295,0.90625
l_curve_1,1417,0.25584840774536133,0.90625
l_curve_1,1418,0.25577211380004883,0.90625
l_curve_1,1419,0.25565075874328613,0.90625
l_curve_1,1420,0.2555830478668213,0.90625
l_curve_1,1421,0.2555617690086365,0.90625
l_curve_1,1422,0.25553327798843384,0.90625
l_curve_1,1423,0.2555016875267029,0.90625
l_curve_1,1424,0.25544053316116333,0.90625
l_curve_1,1425,0.25540024042129517,0.90625
l_curve_1,1426,0.2553778290748596,0.90625
l_curve_1,1427,0.2553125321865082,0.90625
l_curve_1,1428,0.255273699760437,0.90625
l_curve_1,1429,0.2552625834941864,0.90625
l_curve_1,1430,0.25516125559806824,0.90625
l_curve_1,1431,0.2550713121891022,0.90625
l_curve_1,1432,0.2550884783267975,0.90625
l_curve_1,1433,0.25507646799087524,0.90625
l_curve_1,1434,0.25499916076660156,0.90625
l_curve_1,1435,0.25490802526474,0.90625
l_curve_1,1436,0.25494128465652466,0.90625
l_curve_1,1437,0.25490570068359375,0.90625
l_curve_1,1438,0.25485527515411377,0.90625
l_curve_1,1439,0.2546805143356323,0.90625
l_curve_1,1440,0.25464022159576416,0.90625
l_curve_1,1441,0.2545795440673828,0.90625
l_curve_1,1442,0.2545735538005829,0.90625
l_curve_1,1443,0.254613995552063,0.90625
l_curve_1,1444,0.25456610321998596,0.90625
l_curve_1,1445,0.2544752061367035,0.90625
l_curve_1,1446,0.25433528423309326,0.90625
l_curve_1,1447,0.2542960047721863,0.90625
l_curve_1,1448,0.25421297550201416,0.90625
l_curve_1,1449,0.25425684452056885,0.90625
l_curve_1,1450,0.2542264461517334,0.90625
l_curve_1,1451,0.2542399764060974,0.90625
l_curve_1,1452,0.2541634440422058,0.90625
l_curve_1,1453,0.25402504205703735,0.90625
l_curve_1,1454,0.2539891004562378,0.90625
l_curve_1,1455,0.2539781928062439,0.90625
l_curve_1,1456,0.25395217537879944,0.90625
l_curve_1,1457,0.25384604930877686,0.90625
l_curve_1,1458,0.2537713944911957,0.90625
l_curve_1,1459,0.25370365381240845,0.90625
l_curve_1,1460,0.25369077920913696,0.90625
l_curve_1,1461,0.25363707542419434,0.90625
l_curve_1,1462,0.2535507082939148,0.90625
l_curve_1,1463,0.2535776197910309,0.90625
l_curve_1,1464,0.25351375341415405,0.90625
l_curve_1,1465,0.25346624851226807,0.90625
l_curve_1,1466,0.25335073471069336,0.90625
l_curve_1,1467,0.25338369607925415,0.90625
l_curve_1,1468,0.25330889225006104,0.90625
l_curve_1,1469,0.2531619668006897,0.90625
l_curve_1,1470,0.25321128964424133,0.90625
l_curve_1,1471,0.2531384229660034,0.90625
l_curve_1,1472,0.25314250588417053,0.90625
l_curve_1,1473,0.25313177704811096,0.90625
l_curve_1,1474,0.25314176082611084,0.90625
l_curve_1,1475,0.2530682682991028,0.90625
l_curve_1,1476,0.25297850370407104,0.90625
l_curve_1,1477,0.2530345618724823,0.90625
l_curve_1,1478,0.25291457772254944,0.90625
l_curve_1,1479,0.2529071569442749,0.90625
l_curve_1,1480,0.2527903914451599,0.90625
l_curve_1,1481,0.25284910202026367,0.90625
l_curve_1,1482,0.2527989149093628,0.90625
l_curve_1,1483,0.2527623772621155,0.90625
l_curve_1,1484,0.2526194453239441,0.90625
l_curve_1,1485,0.2526228725910187,0.90625
l_curve_1,1486,0.2524389624595642,0.90625
l_curve_1,1487,0.2524197995662689,0.90625
l_curve_1,1488,0.25242751836776733,0.90625
l_curve_1,1489,0.2523308992385864,0.90625
l_curve_1,1490,0.25218963623046875,0.90625
l_curve_1,1491,0.2521606683731079,0.90625
l_curve_1,1492,0.2519684433937073,0.90625
l_curve_1,1493,0.25194573402404785,0.90625
l_curve_1,1494,0.2518882155418396,0.90625
l_curve_1,1495,0.2518790364265442,0.90625
l_curve_1,1496,0.2517310678958893,0.90625
l_curve_1,1497,0.2516992390155792,0.90625
l_curve_1,1498,0.25173693895339966,0.90625
l_curve_1,1499,0.2517402768135071,0.90625
l_curve_1,1500,0.25175243616104126,0.90625
l_curve_1,1501,0.2516525387763977,0.90625
l_curve_1,1502,0.2515374422073364,0.90625
l_curve_1,1503,0.2514816224575043,0.90625
l_curve_1,1504,0.2514724135398865,0.90625
l_curve_1,1505,0.2514881193637848,0.90625
l_curve_1,1506,0.2512848675251007,0.90625
l_curve_1,1507,0.25122445821762085,0.90625
l_curve_1,1508,0.25126913189888,0.90625
l_curve_1,1509,0.25120049715042114,0.90625
l_curve_1,1510,0.2511305809020996,0.90625
l_curve_1,1511,0.25109124183654785,0.90625
l_curve_1,1512,0.25103959441185,0.90625
l_curve_1,1513,0.25095346570014954,0.90625
l_curve_1,1514,0.2508662939071655,0.90625
l_curve_1,1515,0.2508253753185272,0.90625
l_curve_1,1516,0.2507307231426239,0.90625
l_curve_1,1517,0.2507413625717163,0.90625
l_curve_1,1518,0.2507219910621643,0.90625
l_curve_1,1519,0.2505725026130676,0.90625
l_curve_1,1520,0.2505345344543457,0.90625
l_curve_1,1521,0.2504574656486511,0.90625
l_curve_1,1522,0.2503751218318939,0.90625
l_curve_1,1523,0.25029414892196655,0.90625
l_curve_1,1524,0.2503039240837097,0.90625
l_curve_1,1525,0.250328004360199,0.90625
l_curve_1,1526,0.2502492070198059,0.90625
l_curve_1,1527,0.2501743733882904,0.90625
l_curve_1,1528,0.25003018975257874,0.90625
l_curve_1,1529,0.24994149804115295,0.90625
l_curve_1,1530,0.24993981420993805,0.90625
l_curve_1,1531,0.24987323582172394,0.90625
l_curve_1,1532,0.24984906613826752,0.90625
l_curve_1,1533,0.24974270164966583,0.90625
l_curve_1,1534,0.24971173703670502,0.90625
l_curve_1,1535,0.2496635913848877,0.90625
l_curve_1,1536,0.24962693452835083,0.90625
l_curve_1,1537,0.24955818057060242,0.90625
l_curve_1,1538,0.24938932061195374,0.90625
l_curve_1,1539,0.24941065907478333,0.90625
l_curve_1,1540,0.24930347502231598,0.90625
l_curve_1,1541,0.24915418028831482,0.90625
l_curve_1,1542,0.24911938607692719,0.90625
l_curve_1,1543,0.24900579452514648,0.90625
l_curve_1,1544,0.24893811345100403,0.90625
l_curve_1,1545,0.24899441003799438,0.90625
l_curve_1,1546,0.2488333135843277,0.90625
l_curve_1,1547,0.248704731464386,0.90625
l_curve_1,1548,0.24867652356624603,0.90625
l_curve_1,1549,0.2486858367919922,0.90625
l_curve_1,1550,0.24867108464241028,0.90625
l_curve_1,1551,0.24860064685344696,0.90625
l_curve_1,1552,0.2485235333442688,0.90625
l_curve_1,1553,0.24840301275253296,0.90625
l_curve_1,1554,0.24826855957508087,0.90625
l_curve_1,1555,0.24823446571826935,0.90625
l_curve_1,1556,0.24812908470630646,0.90625
l_curve_1,1557,0.24805234372615814,0.90625
l_curve_1,1558,0.24807371199131012,0.90625
l_curve_1,1559,0.2479647696018219,0.90625
l_curve_1,1560,0.24790605902671814,0.90625
l_curve_1,1561,0.24784289300441742,0.90625
l_curve_1,1562,0.24783223867416382,0.90625
l_curve_1,1563,0.24783459305763245,0.90625
l_curve_1,1564,0.24764493107795715,0.90625
l_curve_1,1565,0.24762684106826782,0.90625
l_curve_1,1566,0.2476058453321457,0.90625
l_curve_1,1567,0.2474614977836609,0.90625
l_curve_1,1568,0.24737998843193054,0.90625
l_curve_1,1569,0.24719233810901642,0.90625
l_curve_1,1570,0.2470722794532776,0.90625
l_curve_1,1571,0.24701450765132904,0.90625
l_curve_1,1572,0.24688604474067688,0.90625
l_curve_1,1573,0.2468818724155426,0.90625
l_curve_1,1574,0.24681025743484497,0.90625
l_curve_1,1575,0.24679157137870789,0.90625
l_curve_1,1576,0.24670374393463135,0.90625
l_curve_1,1577,0.24677856266498566,0.90625
l_curve_1,1578,0.24663139879703522,0.90625
l_curve_1,1579,0.2465728521347046,0.90625
l_curve_1,1580,0.2464880496263504,0.90625
l_curve_1,1581,0.24640756845474243,0.90625
l_curve_1,1582,0.2463260143995285,0.90625
l_curve_1,1583,0.2462071180343628,0.90625
l_curve_1,1584,0.24616840481758118,0.90625
l_curve_1,1585,0.24617522954940796,0.90625
l_curve_1,1586,0.2459772527217865,0.90625
l_curve_1,1587,0.2459457665681839,0.90625
l_curve_1,1588,0.24586258828639984,0.90625
l_curve_1,1589,0.24576768279075623,0.90625
l_curve_1,1590,0.2456565797328949,0.90625
l_curve_1,1591,0.24562905728816986,0.90625
l_curve_1,1592,0.24555058777332306,0.90625
l_curve_1,1593,0.24556377530097961,0.90625
l_curve_1,1594,0.24543209373950958,0.90625
l_curve_1,1595,0.2453218698501587,0.90625
l_curve_1,1596,0.2452109158039093,0.90625
l_curve_1,1597,0.24526356160640717,0.90625
l_curve_1,1598,0.24518342316150665,0.90625
l_curve_1,1599,0.2451329082250595,0.90625
l_curve_1,1600,0.24508799612522125,0.90625
l_curve_1,1601,0.24502721428871155,0.90625
l_curve_1,1602,0.24484297633171082,0.90625
l_curve_1,1603,0.24479644000530243,0.90625
l_curve_1,1604,0.24472162127494812,0.90625
l_curve_1,1605,0.24459382891654968,0.90625
l_curve_1,1606,0.24453063309192657,0.90625
l_curve_1,1607,0.24444681406021118,0.90625
l_curve_1,1608,0.24442601203918457,0.90625
l_curve_1,1609,0.24432618916034698,0.90625
l_curve_1,1610,0.24416111409664154,0.90625
l_curve_1,1611,0.2440958321094513,0.90625
l_curve_1,1612,0.24401643872261047,0.90625
l_curve_1,1613,0.2439454346895218,0.90625
l_curve_1,1614,0.24392467737197876,0.90625
l_curve_1,1615,0.2438359558582306,0.90625
l_curve_1,1616,0.24372926354408264,0.90625
l_curve_1,1617,0.24376066029071808,0.90625
l_curve_1,1618,0.2435905784368515,0.90625
l_curve_1,1619,0.24356277287006378,0.90625
l_curve_1,1620,0.2434314638376236,0.90625
l_curve_1,1621,0.24340662360191345,0.90625
l_curve_1,1622,0.24332113564014435,0.90625
l_curve_1,1623,0.24321337044239044,0.90625
l_curve_1,1624,0.24299494922161102,0.90625
l_curve_1,1625,0.2429049015045166,0.90625
l_curve_1,1626,0.24275711178779602,0.90625
l_curve_1,1627,0.24269559979438782,0.90625
l_curve_1,1628,0.24255840480327606,0.90625
l_curve_1,1629,0.24256786704063416,0.90625
l_curve_1,1630,0.2424030303955078,0.90625
l_curve_1,1631,0.2423470914363861,0.90625
l_curve_1,1632,0.24221593141555786,0.90625
l_curve_1,1633,0.24215494096279144,0.90625
l_curve_1,1634,0.2420540452003479,0.90625
l_curve_1,1635,0.24192431569099426,0.90625
l_curve_1,1636,0.24188494682312012,0.90625
l_curve_1,1637,0.24185675382614136,0.90625
l_curve_1,1638,0.24183814227581024,0.90625
l_curve_1,1639,0.24175886809825897,0.90625
l_curve_1,1640,0.24172383546829224,0.90625
l_curve_1,1641,0.24171701073646545,0.90625
l_curve_1,1642,0.2415114790201187,0.90625
l_curve_1,1643,0.24137133359909058,0.90625
l_curve_1,1644,0.24133725464344025,0.90625
l_curve_1,1645,0.24123460054397583,0.90625
l_curve_1,1646,0.24111734330654144,0.90625
l_curve_1,1647,0.241087406873703,0.90625
l_curve_1,1648,0.24102622270584106,0.90625
l_curve_1,1649,0.24088464677333832,0.90625
l_curve_1,1650,0.24075080454349518,0.90625
l_curve_1,1651,0.24056701362133026,0.90625
l_curve_1,1652,0.2404831349849701,0.90625
l_curve_1,1653,0.24037429690361023,0.90625
l_curve_1,1654,0.240276038646698,0.90625
l_curve_1,1655,0.24019017815589905,0.90625
l_curve_1,1656,0.24016305804252625,0.90625
l_curve_1,1657,0.24006517231464386,0.90625
l_curve_1,1658,0.24003002047538757,0.90625
l_curve_1,1659,0.2398964762687683,0.90625
l_curve_1,1660,0.23976953327655792,0.90625
l_curve_1,1661,0.23976358771324158,0.90625
l_curve_1,1662,0.23963536322116852,0.90625
l_curve_1,1663,0.23950082063674927,0.90625
l_curve_1,1664,0.23946580290794373,0.90625
l_curve_1,1665,0.2393748015165329,0.90625
l_curve_1,1666,0.23930242657661438,0.90625
l_curve_1,1667,0.23922504484653473,0.90625
l_curve_1,1668,0.23910647630691528,0.90625
l_curve_1,1669,0.2389426827430725,0.90625
l_curve_1,1670,0.23889189958572388,0.90625
l_curve_1,1671,0.2387850135564804,0.90625
l_curve_1,1672,0.2387213259935379,0.90625
l_curve_1,1673,0.23862206935882568,0.90625
l_curve_1,1674,0.2384604811668396,0.90625
l_curve_1,1675,0.23834533989429474,0.90625
l_curve_1,1676,0.23825237154960632,0.90625
l_curve_1,1677,0.23819516599178314,0.90625
l_curve_1,1678,0.23808449506759644,0.90625
l_curve_1,1679,0.23802541196346283,0.90625
l_curve_1,1680,0.23795899748802185,0.90625
l_curve_1,1681,0.23784884810447693,0.90625
l_curve_1,1682,0.23772817850112915,0.90625
l_curve_1,1683,0.2376285195350647,0.90625
l_curve_1,1684,0.23758956789970398,0.90625
l_curve_1,1685,0.23739740252494812,0.90625
l_curve_1,1686,0.2373681664466858,0.90625
l_curve_1,1687,0.23727309703826904,0.90625
l_curve_1,1688,0.23710255324840546,0.90625
l_curve_1,1689,0.23698009550571442,0.90625
l_curve_1,1690,0.23699453473091125,0.90625
l_curve_1,1691,0.23684954643249512,0.90625
l_curve_1,1692,0.23675067722797394,0.90625
l_curve_1,1693,0.23665188252925873,0.90625
l_curve_1,1694,0.23647741973400116,0.90625
l_curve_1,1695,0.23635144531726837,0.90625
l_curve_1,1696,0.23625998198986053,0.90625
l_curve_1,1697,0.23624283075332642,0.90625
l_curve_1,1698,0.2362665832042694,0.90625
l_curve_1,1699,0.23613187670707703,0.90625
l_curve_1,1700,0.23604172468185425,0.90625
l_curve_1,1701,0.23588481545448303,0.90625
l_curve_1,1702,0.23582036793231964,0.90625
l_curve_1,1703,0.2356889694929123,0.90625
l_curve_1,1704,0.23563328385353088,0.90625
l_curve_1,1705,0.23551663756370544,0.90625
l_curve_1,1706,0.2353026419878006,0.90625
l_curve_1,1707,0.23521623015403748,0.90625
l_curve_1,1708,0.23506803810596466,0.90625
l_curve_1,1709,0.23493605852127075,0.90625
l_curve_1,1710,0.23483727872371674,0.90625
l_curve_1,1711,0.23469407856464386,0.90625
l_curve_1,1712,0.2346826195716858,0.90625
l_curve_1,1713,0.23448863625526428,0.90625
l_curve_1,1714,0.23443622887134552,0.90625
l_curve_1,1715,0.2343602180480957,0.90625
l_curve_1,1716,0.23426608741283417,0.90625
l_curve_1,1717,0.23413538932800293,0.90625
l_curve_1,1718,0.23399151861667633,0.90625
l_curve_1,1719,0.23380327224731445,0.90625
l_curve_1,1720,0.23369696736335754,0.90625
l_curve_1,1721,0.23362509906291962,0.90625
l_curve_1,1722,0.23360703885555267,0.90625
l_curve_1,1723,0.23347729444503784,0.90625
l_curve_1,1724,0.23342417180538177,0.90625
l_curve_1,1725,0.23321491479873657,0.90625
l_curve_1,1726,0.23313893377780914,0.90625
l_curve_1,1727,0.23309239745140076,0.90625
l_curve_1,1728,0.23294809460639954,0.90625
l_curve_1,1729,0.23276953399181366,0.90625
l_curve_1,1730,0.23274846374988556,0.90625
l_curve_1,1731,0.23264944553375244,0.90625
l_curve_1,1732,0.23253870010375977,0.90625
l_curve_1,1733,0.23229192197322845,0.90625
l_curve_1,1734,0.23226992785930634,0.90625
l_curve_1,1735,0.23221473395824432,0.90625
l_curve_1,1736,0.2321104109287262,0.90625
l_curve_1,1737,0.23201507329940796,0.90625
l_curve_1,1738,0.23187623918056488,0.90625
l_curve_1,1739,0.23184780776500702,0.90625
l_curve_1,1740,0.23167210817337036,0.90625
l_curve_1,1741,0.2315712422132492,0.90625
l_curve_1,1742,0.23144793510437012,0.90625
l_curve_1,1743,0.2313682734966278,0.90625
l_curve_1,1744,0.2312341183423996,0.90625
l_curve_1,1745,0.23106178641319275,0.90625
l_curve_1,1746,0.23093435168266296,0.90625
l_curve_1,1747,0.23082852363586426,0.90625
l_curve_1,1748,0.23075638711452484,0.90625
l_curve_1,1749,0.23061275482177734,0.90625
l_curve_1,1750,0.23046153783798218,0.90625
l_curve_1,1751,0.23035195469856262,0.90625
l_curve_1,1752,0.23023337125778198,0.90625
l_curve_1,1753,0.23009544610977173,0.90625
l_curve_1,1754,0.23002414405345917,0.90625
l_curve_1,1755,0.22990185022354126,0.90625
l_curve_1,1756,0.22981062531471252,0.90625
l_curve_1,1757,0.22971752285957336,0.90625
l_curve_1,1758,0.22961533069610596,0.90625
l_curve_1,1759,0.2294415831565857,0.90625
l_curve_1,1760,0.2293626219034195,0.90625
l_curve_1,1761,0.2292509377002716,0.90625
l_curve_1,1762,0.22906646132469177,0.90625
l_curve_1,1763,0.22892481088638306,0.90625
l_curve_1,1764,0.2287704348564148,0.90625
l_curve_1,1765,0.22860439121723175,0.90625
l_curve_1,1766,0.22845205664634705,0.90625
l_curve_1,1767,0.22829818725585938,0.90625
l_curve_1,1768,0.2282010018825531,0.90625
l_curve_1,1769,0.22808966040611267,0.90625
l_curve_1,1770,0.22801509499549866,0.90625
l_curve_1,1771,0.22786790132522583,0.90625
l_curve_1,1772,0.2277909219264984,0.90625
l_curve_1,1773,0.22768238186836243,0.90625
l_curve_1,1774,0.22756528854370117,0.90625
l_curve_1,1775,0.22743074595928192,0.90625
l_curve_1,1776,0.2273351103067398,0.90625
l_curve_1,1777,0.22720041871070862,0.90625
l_curve_1,1778,0.22715914249420166,0.90625
l_curve_1,1779,0.22706246376037598,0.90625
l_curve_1,1780,0.22686871886253357,0.90625
l_curve_1,1781,0.22671402990818024,0.90625
l_curve_1,1782,0.22659792006015778,0.90625
l_curve_1,1783,0.22652402520179749,0.90625
l_curve_1,1784,0.22636359930038452,0.90625
l_curve_1,1785,0.22616522014141083,0.90625
l_curve_1,1786,0.2260749638080597,0.90625
l_curve_1,1787,0.225955992937088,0.90625
l_curve_1,1788,0.22580675780773163,0.90625
l_curve_1,1789,0.22568607330322266,0.90625
l_curve_1,1790,0.22552722692489624,0.90625
l_curve_1,1791,0.22542425990104675,0.90625
l_curve_1,1792,0.22531743347644806,0.90625
l_curve_1,1793,0.22522996366024017,0.90625
l_curve_1,1794,0.22516143321990967,0.90625
l_curve_1,1795,0.224986270070076,0.90625
l_curve_1,1796,0.2248457819223404,0.90625
l_curve_1,1797,0.22478799521923065,0.90625
l_curve_1,1798,0.22468318045139313,0.90625
l_curve_1,1799,0.22451531887054443,0.90625
l_curve_1,1800,0.22432947158813477,0.90625
l_curve_1,1801,0.22424674034118652,0.90625
l_curve_1,1802,0.22415226697921753,0.90625
l_curve_1,1803,0.22405587136745453,0.90625
l_curve_1,1804,0.2239016592502594,0.90625
l_curve_1,1805,0.2237289845943451,0.90625
l_curve_1,1806,0.22359806299209595,0.90625
l_curve_1,1807,0.22348201274871826,0.90625
l_curve_1,1808,0.22333529591560364,0.90625
l_curve_1,1809,0.223146453499794,0.90625
l_curve_1,1810,0.22308434545993805,0.90625
l_curve_1,1811,0.22292152047157288,0.90625
l_curve_1,1812,0.22274738550186157,0.90625
l_curve_1,1813,0.22262072563171387,0.90625
l_curve_1,1814,0.22242532670497894,0.90625
l_curve_1,1815,0.2222968488931656,0.90625
l_curve_1,1816,0.222160205245018,0.90625
l_curve_1,1817,0.22203561663627625,0.90625
l_curve_1,1818,0.22197192907333374,0.90625
l_curve_1,1819,0.22176674008369446,0.90625
l_curve_1,1820,0.2215881645679474,0.90625
l_curve_1,1821,0.22150743007659912,0.90625
l_curve_1,1822,0.22137758135795593,0.90625
l_curve_1,1823,0.22126641869544983,0.90625
l_curve_1,1824,0.22109808027744293,0.90625
l_curve_1,1825,0.2210056483745575,0.90625
l_curve_1,1826,0.22090233862400055,0.90625
l_curve_1,1827,0.22071823477745056,0.90625
l_curve_1,1828,0.2206561118364334,0.90625
l_curve_1,1829,0.2204655110836029,0.90625
l_curve_1,1830,0.22025077044963837,0.90625
l_curve_1,1831,0.2201833575963974,0.90625
l_curve_1,1832,0.22007296979427338,0.90625
l_curve_1,1833,0.2198658287525177,0.90625
l_curve_1,1834,0.21975603699684143,0.90625
l_curve_1,1835,0.2196078598499298,0.90625
l_curve_1,1836,0.21952183544635773,0.90625
l_curve_1,1837,0.21932871639728546,0.90625
l_curve_1,1838,0.21912148594856262,0.90625
l_curve_1,1839,0.21898822486400604,0.90625
l_curve_1,1840,0.21892787516117096,0.90625
l_curve_1,1841,0.21868446469306946,0.90625
l_curve_1,1842,0.21852914988994598,0.90625
l_curve_1,1843,0.2183781862258911,0.90625
l_curve_1,1844,0.21824988722801208,0.90625
l_curve_1,1845,0.21816419064998627,0.90625
l_curve_1,1846,0.21799230575561523,0.90625
l_curve_1,1847,0.21782857179641724,0.90625
l_curve_1,1848,0.21781615912914276,0.90625
l_curve_1,1849,0.2176421880722046,0.90625
l_curve_1,1850,0.21754464507102966,0.90625
l_curve_1,1851,0.2174724042415619,0.90625
l_curve_1,1852,0.2173086404800415,0.90625
l_curve_1,1853,0.21714845299720764,0.90625
l_curve_1,1854,0.217002272605896,0.90625
l_curve_1,1855,0.21685165166854858,0.90625
l_curve_1,1856,0.2167048305273056,0.90625
l_curve_1,1857,0.21659450232982635,0.90625
l_curve_1,1858,0.21646131575107574,0.90625
l_curve_1,1859,0.21627195179462433,0.90625
l_curve_1,1860,0.21616756916046143,0.90625
l_curve_1,1861,0.2159854769706726,0.90625
l_curve_1,1862,0.21579840779304504,0.90625
l_curve_1,1863,0.21573270857334137,0.90625
l_curve_1,1864,0.21556805074214935,0.90625
l_curve_1,1865,0.2154143899679184,0.90625
l_curve_1,1866,0.2152436524629593,0.90625
l_curve_1,1867,0.21514275670051575,0.90625
l_curve_1,1868,0.2150031328201294,0.90625
l_curve_1,1869,0.2148016393184662,0.90625
l_curve_1,1870,0.21456503868103027,0.90625
l_curve_1,1871,0.2144596427679062,0.90625
l_curve_1,1872,0.21433573961257935,0.90625
l_curve_1,1873,0.21419665217399597,0.90625
l_curve_1,1874,0.21410956978797913,0.90625
l_curve_1,1875,0.21393634378910065,0.90625
l_curve_1,1876,0.21387356519699097,0.90625
l_curve_1,1877,0.21367034316062927,0.90625
l_curve_1,1878,0.2135518193244934,0.90625
l_curve_1,1879,0.21341386437416077,0.90625
l_curve_1,1880,0.21328431367874146,0.90625
l_curve_1,1881,0.21314255893230438,0.90625
l_curve_1,1882,0.21293646097183228,0.90625
l_curve_1,1883,0.21280363202095032,0.90625
l_curve_1,1884,0.21258607506752014,0.90625
l_curve_1,1885,0.21252226829528809,0.90625
l_curve_1,1886,0.2123994380235672,0.90625
l_curve_1,1887,0.21227115392684937,0.90625
l_curve_1,1888,0.21217800676822662,0.90625
l_curve_1,1889,0.21205449104309082,0.90625
l_curve_1,1890,0.21189236640930176,0.90625
l_curve_1,1891,0.2117181271314621,0.90625
l_curve_1,1892,0.21155667304992676,0.90625
l_curve_1,1893,0.21135589480400085,0.90625
l_curve_1,1894,0.21122276782989502,0.90625
l_curve_1,1895,0.21115437150001526,0.90625
l_curve_1,1896,0.21099252998828888,0.90625
l_curve_1,1897,0.21081578731536865,0.90625
l_curve_1,1898,0.21066822111606598,0.90625
l_curve_1,1899,0.21047012507915497,0.90625
l_curve_1,1900,0.21024757623672485,0.90625
l_curve_1,1901,0.21020369231700897,0.90625
l_curve_1,1902,0.21003004908561707,0.90625
l_curve_1,1903,0.2098323106765747,0.90625
l_curve_1,1904,0.20967912673950195,0.90625
l_curve_1,1905,0.2095206081867218,0.90625
l_curve_1,1906,0.2093563973903656,0.90625
l_curve_1,1907,0.20927217602729797,0.90625
l_curve_1,1908,0.20910954475402832,0.90625
l_curve_1,1909,0.20895490050315857,0.90625
l_curve_1,1910,0.20882102847099304,0.90625
l_curve_1,1911,0.20865154266357422,0.90625
l_curve_1,1912,0.20847764611244202,0.90625
l_curve_1,1913,0.20828552544116974,0.90625
l_curve_1,1914,0.20812034606933594,0.90625
l_curve_1,1915,0.20803755521774292,0.90625
l_curve_1,1916,0.20785029232501984,0.90625
l_curve_1,1917,0.2076534479856491,0.90625
l_curve_1,1918,0.2076054960489273,0.90625
l_curve_1,1919,0.20741364359855652,0.90625
l_curve_1,1920,0.20728741586208344,0.90625
l_curve_1,1921,0.20708602666854858,0.90625
l_curve_1,1922,0.20692625641822815,0.90625
l_curve_1,1923,0.20671123266220093,0.90625
l_curve_1,1924,0.20658588409423828,0.90625
l_curve_1,1925,0.2064414918422699,0.90625
l_curve_1,1926,0.2062837928533554,0.90625
l_curve_1,1927,0.20612137019634247,0.90625
l_curve_1,1928,0.2060481160879135,0.90625
l_curve_1,1929,0.20588037371635437,0.90625
l_curve_1,1930,0.20582398772239685,0.90625
l_curve_1,1931,0.2056015282869339,0.90625
l_curve_1,1932,0.2054893672466278,0.90625
l_curve_1,1933,0.20528343319892883,0.90625
l_curve_1,1934,0.20506349205970764,0.90625
l_curve_1,1935,0.20493417978286743,0.90625
l_curve_1,1936,0.2047639638185501,0.90625
l_curve_1,1937,0.2045849859714508,0.90625
l_curve_1,1938,0.204498752951622,0.90625
l_curve_1,1939,0.20436520874500275,0.90625
l_curve_1,1940,0.20417900383472443,0.90625
l_curve_1,1941,0.20400428771972656,0.90625
l_curve_1,1942,0.20391890406608582,0.90625
l_curve_1,1943,0.20377707481384277,0.90625
l_curve_1,1944,0.2036372423171997,0.90625
l_curve_1,1945,0.2034924030303955,0.90625
l_curve_1,1946,0.2033061981201172,0.90625
l_curve_1,1947,0.20314094424247742,0.90625
l_curve_1,1948,0.2029668241739273,0.90625
l_curve_1,1949,0.20288702845573425,0.90625
l_curve_1,1950,0.20270565152168274,0.90625
l_curve_1,1951,0.202550008893013,0.90625
l_curve_1,1952,0.20239824056625366,0.90625
l_curve_1,1953,0.2021978795528412,0.90625
l_curve_1,1954,0.20203596353530884,0.90625
l_curve_1,1955,0.20191709697246552,0.90625
l_curve_1,1956,0.20181865990161896,0.90625
l_curve_1,1957,0.2016534060239792,0.90625
l_curve_1,1958,0.20152965188026428,0.90625
l_curve_1,1959,0.20135831832885742,0.90625
l_curve_1,1960,0.20118772983551025,0.90625
l_curve_1,1961,0.20097249746322632,0.90625
l_curve_1,1962,0.20074744522571564,0.90625
l_curve_1,1963,0.20055998861789703,0.90625
l_curve_1,1964,0.2003978192806244,0.90625
l_curve_1,1965,0.20026668906211853,0.90625
l_curve_1,1966,0.20008276402950287,0.90625
l_curve_1,1967,0.19985325634479523,0.90625
l_curve_1,1968,0.19975006580352783,0.90625
l_curve_1,1969,0.19961169362068176,0.90625
l_curve_1,1970,0.19949665665626526,0.90625
l_curve_1,1971,0.19948768615722656,0.90625
l_curve_1,1972,0.1992565393447876,0.90625
l_curve_1,1973,0.19908268749713898,0.90625
l_curve_1,1974,0.19883528351783752,0.90625
l_curve_1,1975,0.19868814945220947,0.90625
l_curve_1,1976,0.19851329922676086,0.90625
l_curve_1,1977,0.19840079545974731,0.90625
l_curve_1,1978,0.19826935231685638,0.90625
l_curve_1,1979,0.19813205301761627,0.90625
l_curve_1,1980,0.1979837864637375,0.90625
l_curve_1,1981,0.19776859879493713,0.90625
l_curve_1,1982,0.19767749309539795,0.90625
l_curve_1,1983,0.1975175440311432,0.90625
l_curve_1,1984,0.197270005941391,0.90625
l_curve_1,1985,0.1970665156841278,0.90625
l_curve_1,1986,0.19690755009651184,0.90625
l_curve_1,1987,0.19677776098251343,0.90625
l_curve_1,1988,0.19669514894485474,0.90625
l_curve_1,1989,0.1965746283531189,0.90625
l_curve_1,1990,0.19636431336402893,0.90625
l_curve_1,1991,0.19618389010429382,0.90625
l_curve_1,1992,0.19599463045597076,0.90625
l_curve_1,1993,0.19583651423454285,0.90625
l_curve_1,1994,0.19567596912384033,0.90625
l_curve_1,1995,0.1955091953277588,0.90625
l_curve_1,1996,0.19537177681922913,0.90625
l_curve_1,1997,0.1952763795852661,0.90625
l_curve_1,1998,0.19505685567855835,0.90625
l_curve_1,1999,0.1949293613433838,0.90625
l_curve_1,2000,0.1949155628681183,0.90625
l_curve_1,2000,0.1949155628681183,0.90625
