client,round,loss,accuracy
l_curve_7,1,0.6731804609298706,0.5714285969734192
l_curve_7,2,0.6693913340568542,0.5714285969734192
l_curve_7,3,0.6666589379310608,0.5714285969734192
l_curve_7,4,0.6646982431411743,0.6190476417541504
l_curve_7,5,0.6631543040275574,0.7142857313156128
l_curve_7,6,0.6617767810821533,0.5714285969734192
l_curve_7,7,0.6604128479957581,0.4761904776096344
l_curve_7,8,0.6589060425758362,0.4761904776096344
l_curve_7,9,0.657332181930542,0.4761904776096344
l_curve_7,10,0.6557055115699768,0.4761904776096344
l_curve_7,11,0.6537127494812012,0.4761904776096344
l_curve_7,12,0.6517196893692017,0.4761904776096344
l_curve_7,13,0.6495680809020996,0.523809552192688
l_curve_7,14,0.6471592783927917,0.523809552192688
l_curve_7,15,0.6444749236106873,0.523809552192688
l_curve_7,16,0.6415087580680847,0.523809552192688
l_curve_7,17,0.6383355259895325,0.523809552192688
l_curve_7,18,0.6350013017654419,0.5714285969734192
l_curve_7,19,0.6316059231758118,0.5714285969734192
l_curve_7,20,0.6278587579727173,0.5714285969734192
l_curve_7,21,0.6238479018211365,0.5714285969734192
l_curve_7,22,0.6195153594017029,0.5714285969734192
l_curve_7,23,0.6149266362190247,0.6190476417541504
l_curve_7,24,0.610132098197937,0.6190476417541504
l_curve_7,25,0.605222225189209,0.6190476417541504
l_curve_7,26,0.6001368761062622,0.6190476417541504
l_curve_7,27,0.5948964953422546,0.6190476417541504
l_curve_7,28,0.5896226167678833,0.6190476417541504
l_curve_7,29,0.5842060446739197,0.6190476417541504
l_curve_7,30,0.5785271525382996,0.6190476417541504
l_curve_7,31,0.5728623270988464,0.6190476417541504
l_curve_7,32,0.5671826004981995,0.6190476417541504
l_curve_7,33,0.5616186261177063,0.6666666865348816
l_curve_7,34,0.5561022758483887,0.6666666865348816
l_curve_7,35,0.5506959557533264,0.6666666865348816
l_curve_7,36,0.5454804301261902,0.6666666865348816
l_curve_7,37,0.5405159592628479,0.6666666865348816
l_curve_7,38,0.5354289412498474,0.6666666865348816
l_curve_7,39,0.5305800437927246,0.7142857313156128
l_curve_7,40,0.5258922576904297,0.7142857313156128
l_curve_7,41,0.5211365818977356,0.7142857313156128
l_curve_7,42,0.5165578722953796,0.7142857313156128
l_curve_7,43,0.5121233463287354,0.7142857313156128
l_curve_7,44,0.507875382900238,0.7142857313156128
l_curve_7,45,0.5037441253662109,0.7142857313156128
l_curve_7,46,0.49984803795814514,0.761904776096344
l_curve_7,47,0.49591195583343506,0.761904776096344
l_curve_7,48,0.4921124279499054,0.761904776096344
l_curve_7,49,0.4884997010231018,0.761904776096344
l_curve_7,50,0.48476913571357727,0.761904776096344
l_curve_7,51,0.48127293586730957,0.761904776096344
l_curve_7,52,0.47790345549583435,0.761904776096344
l_curve_7,53,0.47468894720077515,0.761904776096344
l_curve_7,54,0.4716552495956421,0.761904776096344
l_curve_7,55,0.46847569942474365,0.761904776096344
l_curve_7,56,0.46551018953323364,0.761904776096344
l_curve_7,57,0.46265533566474915,0.761904776096344
l_curve_7,58,0.45972418785095215,0.761904776096344
l_curve_7,59,0.45697662234306335,0.8095238208770752
l_curve_7,60,0.45413902401924133,0.8095238208770752
l_curve_7,61,0.4515172839164734,0.8095238208770752
l_curve_7,62,0.4487857222557068,0.8095238208770752
l_curve_7,63,0.4462341070175171,0.8095238208770752
l_curve_7,64,0.4438275694847107,0.8095238208770752
l_curve_7,65,0.44109275937080383,0.8095238208770752
l_curve_7,66,0.438640832901001,0.8095238208770752
l_curve_7,67,0.43652960658073425,0.8095238208770752
l_curve_7,68,0.4343162178993225,0.8095238208770752
l_curve_7,69,0.43210723996162415,0.8095238208770752
l_curve_7,70,0.43028587102890015,0.8095238208770752
l_curve_7,71,0.4284006357192993,0.8095238208770752
l_curve_7,72,0.4263879656791687,0.8095238208770752
l_curve_7,73,0.42428508400917053,0.8095238208770752
l_curve_7,74,0.4222111105918884,0.8095238208770752
l_curve_7,75,0.4201159179210663,0.8095238208770752
l_curve_7,76,0.4183672070503235,0.8095238208770752
l_curve_7,77,0.4166662096977234,0.8095238208770752
l_curve_7,78,0.41501185297966003,0.8095238208770752
l_curve_7,79,0.4133644104003906,0.8095238208770752
l_curve_7,80,0.4116052985191345,0.8095238208770752
l_curve_7,81,0.41025689244270325,0.8095238208770752
l_curve_7,82,0.40880540013313293,0.8095238208770752
l_curve_7,83,0.40725845098495483,0.8095238208770752
l_curve_7,84,0.40567901730537415,0.8095238208770752
l_curve_7,85,0.4042211174964905,0.8095238208770752
l_curve_7,86,0.4028342664241791,0.8095238208770752
l_curve_7,87,0.4013085663318634,0.8095238208770752
l_curve_7,88,0.3997144103050232,0.8095238208770752
l_curve_7,89,0.3981989026069641,0.8095238208770752
l_curve_7,90,0.3966580331325531,0.8095238208770752
l_curve_7,91,0.3953513205051422,0.8095238208770752
l_curve_7,92,0.3939572274684906,0.8095238208770752
l_curve_7,93,0.39266958832740784,0.8095238208770752
l_curve_7,94,0.3915800452232361,0.8095238208770752
l_curve_7,95,0.39069071412086487,0.8095238208770752
l_curve_7,96,0.38951346278190613,0.8095238208770752
l_curve_7,97,0.3884752690792084,0.8095238208770752
l_curve_7,98,0.3874318599700928,0.8095238208770752
l_curve_7,99,0.38643088936805725,0.8095238208770752
l_curve_7,100,0.3853031396865845,0.8095238208770752
l_curve_7,101,0.3840581774711609,0.8095238208770752
l_curve_7,102,0.38308143615722656,0.8095238208770752
l_curve_7,103,0.3822140395641327,0.8095238208770752
l_curve_7,104,0.3811759948730469,0.8095238208770752
l_curve_7,105,0.37998396158218384,0.8095238208770752
l_curve_7,106,0.3788907527923584,0.8095238208770752
l_curve_7,107,0.377918004989624,0.8095238208770752
l_curve_7,108,0.37714245915412903,0.8095238208770752
l_curve_7,109,0.37624645233154297,0.8095238208770752
l_curve_7,110,0.37541618943214417,0.8095238208770752
l_curve_7,111,0.3745233118534088,0.8095238208770752
l_curve_7,112,0.37365686893463135,0.8095238208770752
l_curve_7,113,0.37296077609062195,0.8095238208770752
l_curve_7,114,0.37211376428604126,0.8095238208770752
l_curve_7,115,0.3712496757507324,0.8095238208770752
l_curve_7,116,0.3704046308994293,0.8095238208770752
l_curve_7,117,0.3694191575050354,0.8095238208770752
l_curve_7,118,0.36848950386047363,0.8095238208770752
l_curve_7,119,0.367763489484787,0.8095238208770752
l_curve_7,120,0.3673207759857178,0.8095238208770752
l_curve_7,121,0.36686864495277405,0.8095238208770752
l_curve_7,122,0.36633971333503723,0.8095238208770752
l_curve_7,123,0.3658292591571808,0.8095238208770752
l_curve_7,124,0.36506590247154236,0.8095238208770752
l_curve_7,125,0.36421340703964233,0.8095238208770752
l_curve_7,126,0.3634774386882782,0.8095238208770752
l_curve_7,127,0.36268696188926697,0.8095238208770752
l_curve_7,128,0.36191287636756897,0.8095238208770752
l_curve_7,129,0.36131972074508667,0.8095238208770752
l_curve_7,130,0.36104097962379456,0.8095238208770752
l_curve_7,131,0.3604874014854431,0.8095238208770752
l_curve_7,132,0.36006370186805725,0.8095238208770752
l_curve_7,133,0.35959556698799133,0.8095238208770752
l_curve_7,134,0.3589124381542206,0.8095238208770752
l_curve_7,135,0.3583284616470337,0.8095238208770752
l_curve_7,136,0.3575785756111145,0.8095238208770752
l_curve_7,137,0.3569972813129425,0.8095238208770752
l_curve_7,138,0.35628417134284973,0.8095238208770752
l_curve_7,139,0.35563692450523376,0.8095238208770752
l_curve_7,140,0.355012446641922,0.8095238208770752
l_curve_7,141,0.35463109612464905,0.8095238208770752
l_curve_7,142,0.354074627161026,0.8095238208770752
l_curve_7,143,0.3538416922092438,0.8095238208770752
l_curve_7,144,0.35359662771224976,0.8095238208770752
l_curve_7,145,0.35298189520835876,0.8095238208770752
l_curve_7,146,0.3524225950241089,0.8095238208770752
l_curve_7,147,0.35187792778015137,0.8095238208770752
l_curve_7,148,0.35145100951194763,0.8095238208770752
l_curve_7,149,0.35102540254592896,0.8095238208770752
l_curve_7,150,0.3504209518432617,0.8095238208770752
l_curve_7,151,0.3500480651855469,0.8095238208770752
l_curve_7,152,0.350161612033844,0.8095238208770752
l_curve_7,153,0.34992721676826477,0.8095238208770752
l_curve_7,154,0.3495931327342987,0.8095238208770752
l_curve_7,155,0.34926754236221313,0.8095238208770752
l_curve_7,156,0.34867823123931885,0.8095238208770752
l_curve_7,157,0.34797167778015137,0.8095238208770752
l_curve_7,158,0.3473075330257416,0.8095238208770752
l_curve_7,159,0.34664419293403625,0.8095238208770752
l_curve_7,160,0.3460894227027893,0.8095238208770752
l_curve_7,161,0.34586119651794434,0.8095238208770752
l_curve_7,162,0.34562042355537415,0.8095238208770752
l_curve_7,163,0.3454580008983612,0.8095238208770752
l_curve_7,164,0.3450259566307068,0.8095238208770752
l_curve_7,165,0.3446926474571228,0.8095238208770752
l_curve_7,166,0.3444289267063141,0.8095238208770752
l_curve_7,167,0.3438209295272827,0.8095238208770752
l_curve_7,168,0.34338390827178955,0.8095238208770752
l_curve_7,169,0.3430113196372986,0.8095238208770752
l_curve_7,170,0.34263214468955994,0.8095238208770752
l_curve_7,171,0.3421170711517334,0.8095238208770752
l_curve_7,172,0.3416290581226349,0.8095238208770752
l_curve_7,173,0.3414834439754486,0.8095238208770752
l_curve_7,174,0.34119051694869995,0.8095238208770752
l_curve_7,175,0.34094420075416565,0.8095238208770752
l_curve_7,176,0.3406364619731903,0.8095238208770752
l_curve_7,177,0.34038230776786804,0.8095238208770752
l_curve_7,178,0.3400288224220276,0.8095238208770752
l_curve_7,179,0.33949828147888184,0.8095238208770752
l_curve_7,180,0.3388335704803467,0.8095238208770752
l_curve_7,181,0.338183730840683,0.8095238208770752
l_curve_7,182,0.3376840353012085,0.8095238208770752
l_curve_7,183,0.33746257424354553,0.8095238208770752
l_curve_7,184,0.3368859589099884,0.8095238208770752
l_curve_7,185,0.33643704652786255,0.8095238208770752
l_curve_7,186,0.335942804813385,0.8095238208770752
l_curve_7,187,0.335612028837204,0.8095238208770752
l_curve_7,188,0.33538156747817993,0.8095238208770752
l_curve_7,189,0.33513426780700684,0.8095238208770752
l_curve_7,190,0.3350094258785248,0.8095238208770752
l_curve_7,191,0.33471646904945374,0.8095238208770752
l_curve_7,192,0.3342026174068451,0.8095238208770752
l_curve_7,193,0.3338709771633148,0.8095238208770752
l_curve_7,194,0.33335813879966736,0.8095238208770752
l_curve_7,195,0.33290186524391174,0.8095238208770752
l_curve_7,196,0.332285076379776,0.8095238208770752
l_curve_7,197,0.3318275213241577,0.8095238208770752
l_curve_7,198,0.3313588798046112,0.8095238208770752
l_curve_7,199,0.330803781747818,0.8095238208770752
l_curve_7,200,0.33054760098457336,0.8095238208770752
l_curve_7,201,0.33030033111572266,0.8095238208770752
l_curve_7,202,0.32998889684677124,0.8095238208770752
l_curve_7,203,0.3294225037097931,0.8095238208770752
l_curve_7,204,0.3288542330265045,0.8095238208770752
l_curve_7,205,0.32838302850723267,0.8095238208770752
l_curve_7,206,0.32795360684394836,0.8095238208770752
l_curve_7,207,0.327613890171051,0.8095238208770752
l_curve_7,208,0.3272992670536041,0.8095238208770752
l_curve_7,209,0.32683172821998596,0.8095238208770752
l_curve_7,210,0.32648202776908875,0.8095238208770752
l_curve_7,211,0.3260745704174042,0.8095238208770752
l_curve_7,212,0.32552391290664673,0.8095238208770752
l_curve_7,213,0.3251011371612549,0.8095238208770752
l_curve_7,214,0.32462024688720703,0.8095238208770752
l_curve_7,215,0.3243350684642792,0.8095238208770752
l_curve_7,216,0.3240932822227478,0.8095238208770752
l_curve_7,217,0.3236120343208313,0.8095238208770752
l_curve_7,218,0.32294172048568726,0.8095238208770752
l_curve_7,219,0.32238128781318665,0.8095238208770752
l_curve_7,220,0.32173967361450195,0.8095238208770752
l_curve_7,221,0.32120099663734436,0.8095238208770752
l_curve_7,222,0.32065021991729736,0.8095238208770752
l_curve_7,223,0.3200837969779968,0.8095238208770752
l_curve_7,224,0.3196118175983429,0.8095238208770752
l_curve_7,225,0.31913626194000244,0.8095238208770752
l_curve_7,226,0.31887298822402954,0.8095238208770752
l_curve_7,227,0.3186970353126526,0.8095238208770752
l_curve_7,228,0.31842494010925293,0.8095238208770752
l_curve_7,229,0.31787991523742676,0.8095238208770752
l_curve_7,230,0.3174118101596832,0.8095238208770752
l_curve_7,231,0.3170638680458069,0.8095238208770752
l_curve_7,232,0.31646960973739624,0.8095238208770752
l_curve_7,233,0.315853476524353,0.8095238208770752
l_curve_7,234,0.3151160776615143,0.8571428656578064
l_curve_7,235,0.3145977854728699,0.8571428656578064
l_curve_7,236,0.3140292465686798,0.8571428656578064
l_curve_7,237,0.31336551904678345,0.8571428656578064
l_curve_7,238,0.3127184808254242,0.8571428656578064
l_curve_7,239,0.3120311200618744,0.8571428656578064
l_curve_7,240,0.31156063079833984,0.8571428656578064
l_curve_7,241,0.310874342918396,0.8571428656578064
l_curve_7,242,0.3104214370250702,0.8571428656578064
l_curve_7,243,0.3099622130393982,0.8571428656578064
l_curve_7,244,0.309658944606781,0.8571428656578064
l_curve_7,245,0.30908411741256714,0.8571428656578064
l_curve_7,246,0.30837953090667725,0.8571428656578064
l_curve_7,247,0.3076942265033722,0.8571428656578064
l_curve_7,248,0.30693233013153076,0.8571428656578064
l_curve_7,249,0.30624422430992126,0.8571428656578064
l_curve_7,250,0.305717796087265,0.8571428656578064
l_curve_7,251,0.30531179904937744,0.8571428656578064
l_curve_7,252,0.30471518635749817,0.8571428656578064
l_curve_7,253,0.30408021807670593,0.8571428656578064
l_curve_7,254,0.30345672369003296,0.8571428656578064
l_curve_7,255,0.3029429018497467,0.8571428656578064
l_curve_7,256,0.30240607261657715,0.8571428656578064
l_curve_7,257,0.3017498850822449,0.8571428656578064
l_curve_7,258,0.3011099398136139,0.8571428656578064
l_curve_7,259,0.30045023560523987,0.8571428656578064
l_curve_7,260,0.29981982707977295,0.8571428656578064
l_curve_7,261,0.29912328720092773,0.8571428656578064
l_curve_7,262,0.2983502149581909,0.8571428656578064
l_curve_7,263,0.29761797189712524,0.8571428656578064
l_curve_7,264,0.2972072958946228,0.8571428656578064
l_curve_7,265,0.29643625020980835,0.8571428656578064
l_curve_7,266,0.2955957055091858,0.8571428656578064
l_curve_7,267,0.29464957118034363,0.8571428656578064
l_curve_7,268,0.2939668893814087,0.8571428656578064
l_curve_7,269,0.29327669739723206,0.8571428656578064
l_curve_7,270,0.29266679286956787,0.8571428656578064
l_curve_7,271,0.2920013964176178,0.8571428656578064
l_curve_7,272,0.2912611663341522,0.8571428656578064
l_curve_7,273,0.29050213098526,0.8571428656578064
l_curve_7,274,0.2897525429725647,0.8571428656578064
l_curve_7,275,0.2889416217803955,0.8571428656578064
l_curve_7,276,0.288360595703125,0.8571428656578064
l_curve_7,277,0.2875620126724243,0.8571428656578064
l_curve_7,278,0.28667110204696655,0.8571428656578064
l_curve_7,279,0.28569135069847107,0.8571428656578064
l_curve_7,280,0.2847089469432831,0.8571428656578064
l_curve_7,281,0.2838420867919922,0.8571428656578064
l_curve_7,282,0.2829127013683319,0.8571428656578064
l_curve_7,283,0.28235185146331787,0.8571428656578064
l_curve_7,284,0.2818464934825897,0.8571428656578064
l_curve_7,285,0.2811552882194519,0.8571428656578064
l_curve_7,286,0.2805282473564148,0.8571428656578064
l_curve_7,287,0.2796918749809265,0.8571428656578064
l_curve_7,288,0.2789372205734253,0.8571428656578064
l_curve_7,289,0.2783378064632416,0.8571428656578064
l_curve_7,290,0.27749744057655334,0.8571428656578064
l_curve_7,291,0.27658113837242126,0.8571428656578064
l_curve_7,292,0.2756909728050232,0.8571428656578064
l_curve_7,293,0.27487805485725403,0.8571428656578064
l_curve_7,294,0.2740037143230438,0.8571428656578064
l_curve_7,295,0.27302542328834534,0.8571428656578064
l_curve_7,296,0.27215224504470825,0.8571428656578064
l_curve_7,297,0.27126097679138184,0.8571428656578064
l_curve_7,298,0.2703567147254944,0.8571428656578064
l_curve_7,299,0.2695651352405548,0.8571428656578064
l_curve_7,300,0.26858752965927124,0.8571428656578064
l_curve_7,301,0.2677825391292572,0.8571428656578064
l_curve_7,302,0.26695892214775085,0.8571428656578064
l_curve_7,303,0.26615118980407715,0.8571428656578064
l_curve_7,304,0.2652696669101715,0.8571428656578064
l_curve_7,305,0.2645100951194763,0.8571428656578064
l_curve_7,306,0.26366937160491943,0.8571428656578064
l_curve_7,307,0.26275938749313354,0.8571428656578064
l_curve_7,308,0.26191526651382446,0.8571428656578064
l_curve_7,309,0.2610437870025635,0.8571428656578064
l_curve_7,310,0.26019391417503357,0.8571428656578064
l_curve_7,311,0.259185791015625,0.8571428656578064
l_curve_7,312,0.258146196603775,0.8571428656578064
l_curve_7,313,0.25733041763305664,0.8571428656578064
l_curve_7,314,0.2565056085586548,0.8571428656578064
l_curve_7,315,0.2554876208305359,0.8571428656578064
l_curve_7,316,0.2547481060028076,0.8571428656578064
l_curve_7,317,0.2538506090641022,0.8571428656578064
l_curve_7,318,0.2527376711368561,0.8571428656578064
l_curve_7,319,0.25179705023765564,0.8571428656578064
l_curve_7,320,0.250924289226532,0.8571428656578064
l_curve_7,321,0.24991030991077423,0.8571428656578064
l_curve_7,322,0.2490585446357727,0.8571428656578064
l_curve_7,323,0.24805477261543274,0.8571428656578064
l_curve_7,324,0.24721640348434448,0.8571428656578064
l_curve_7,325,0.2461274415254593,0.8571428656578064
l_curve_7,326,0.2450803965330124,0.8571428656578064
l_curve_7,327,0.2440088838338852,0.8571428656578064
l_curve_7,328,0.24309132993221283,0.8571428656578064
l_curve_7,329,0.24210253357887268,0.9047619104385376
l_curve_7,330,0.24112415313720703,0.9047619104385376
l_curve_7,331,0.2401905506849289,0.9047619104385376
l_curve_7,332,0.239219531416893,0.9047619104385376
l_curve_7,333,0.2382732629776001,0.9047619104385376
l_curve_7,334,0.23729774355888367,0.9047619104385376
l_curve_7,335,0.23638947308063507,0.9047619104385376
l_curve_7,336,0.23548801243305206,0.9047619104385376
l_curve_7,337,0.234527587890625,0.9047619104385376
l_curve_7,338,0.23358899354934692,0.9047619104385376
l_curve_7,339,0.23276065289974213,0.9047619104385376
l_curve_7,340,0.23178109526634216,0.9047619104385376
l_curve_7,341,0.2308378666639328,0.9047619104385376
l_curve_7,342,0.2297869175672531,0.9047619104385376
l_curve_7,343,0.22872327268123627,0.9047619104385376
l_curve_7,344,0.22757495939731598,0.9047619104385376
l_curve_7,345,0.2265755981206894,0.9047619104385376
l_curve_7,346,0.22557003796100616,0.9047619104385376
l_curve_7,347,0.22457079589366913,0.9047619104385376
l_curve_7,348,0.2235916703939438,0.9047619104385376
l_curve_7,349,0.22256985306739807,0.9047619104385376
l_curve_7,350,0.22157022356987,0.9047619104385376
l_curve_7,351,0.22061388194561005,0.9047619104385376
l_curve_7,352,0.21962955594062805,0.9047619104385376
l_curve_7,353,0.21869441866874695,0.9047619104385376
l_curve_7,354,0.2178882360458374,0.9047619104385376
l_curve_7,355,0.21705611050128937,0.9047619104385376
l_curve_7,356,0.21615274250507355,0.9047619104385376
l_curve_7,357,0.21516886353492737,0.9047619104385376
l_curve_7,358,0.2141525149345398,0.9047619104385376
l_curve_7,359,0.2132718712091446,0.9047619104385376
l_curve_7,360,0.21226024627685547,0.9047619104385376
l_curve_7,361,0.2112770974636078,0.9047619104385376
l_curve_7,362,0.21027278900146484,0.9047619104385376
l_curve_7,363,0.20926684141159058,0.9047619104385376
l_curve_7,364,0.2083643078804016,0.9047619104385376
l_curve_7,365,0.2073703110218048,0.9047619104385376
l_curve_7,366,0.20628274977207184,0.9047619104385376
l_curve_7,367,0.20533235371112823,0.9047619104385376
l_curve_7,368,0.20443002879619598,0.9047619104385376
l_curve_7,369,0.20349520444869995,0.9047619104385376
l_curve_7,370,0.2025197595357895,0.9047619104385376
l_curve_7,371,0.2016380876302719,0.9047619104385376
l_curve_7,372,0.20067985355854034,0.9047619104385376
l_curve_7,373,0.19968564808368683,0.9047619104385376
l_curve_7,374,0.19862569868564606,0.9047619104385376
l_curve_7,375,0.1975676268339157,0.9047619104385376
l_curve_7,376,0.19666558504104614,0.9047619104385376
l_curve_7,377,0.19573557376861572,0.9047619104385376
l_curve_7,378,0.19476406276226044,0.9047619104385376
l_curve_7,379,0.1937963366508484,0.9047619104385376
l_curve_7,380,0.19271963834762573,0.9047619104385376
l_curve_7,381,0.1916237771511078,0.9047619104385376
l_curve_7,382,0.19064998626708984,0.9047619104385376
l_curve_7,383,0.18970900774002075,0.9047619104385376
l_curve_7,384,0.18875233829021454,0.9047619104385376
l_curve_7,385,0.1878662407398224,0.9047619104385376
l_curve_7,386,0.18695460259914398,0.9047619104385376
l_curve_7,387,0.1860334873199463,0.9047619104385376
l_curve_7,388,0.184953510761261,0.9047619104385376
l_curve_7,389,0.18396712839603424,0.9047619104385376
l_curve_7,390,0.18300308287143707,0.9047619104385376
l_curve_7,391,0.1819891482591629,0.9047619104385376
l_curve_7,392,0.1810554713010788,0.9047619104385376
l_curve_7,393,0.1801690310239792,0.9047619104385376
l_curve_7,394,0.17924155294895172,0.9047619104385376
l_curve_7,395,0.17835979163646698,0.9047619104385376
l_curve_7,396,0.17754964530467987,0.9047619104385376
l_curve_7,397,0.1766793131828308,0.9047619104385376
l_curve_7,398,0.17578241229057312,0.9047619104385376
l_curve_7,399,0.1748252511024475,0.9047619104385376
l_curve_7,400,0.17392881214618683,0.9047619104385376
l_curve_7,401,0.17307248711585999,0.9047619104385376
l_curve_7,402,0.17220085859298706,0.9047619104385376
l_curve_7,403,0.17131835222244263,0.9047619104385376
l_curve_7,404,0.17033138871192932,0.9047619104385376
l_curve_7,405,0.16947126388549805,0.9047619104385376
l_curve_7,406,0.16862177848815918,0.9047619104385376
l_curve_7,407,0.1677488088607788,0.9047619104385376
l_curve_7,408,0.16696617007255554,0.9047619104385376
l_curve_7,409,0.16615360975265503,0.9047619104385376
l_curve_7,410,0.16529524326324463,0.9047619104385376
l_curve_7,411,0.1644579917192459,0.9047619104385376
l_curve_7,412,0.16355907917022705,0.9047619104385376
l_curve_7,413,0.16255980730056763,0.9047619104385376
l_curve_7,414,0.1616905927658081,0.9047619104385376
l_curve_7,415,0.16078999638557434,0.9047619104385376
l_curve_7,416,0.15993377566337585,0.9047619104385376
l_curve_7,417,0.15906013548374176,0.9047619104385376
l_curve_7,418,0.15821650624275208,0.9047619104385376
l_curve_7,419,0.15740884840488434,0.9047619104385376
l_curve_7,420,0.15660862624645233,0.9047619104385376
l_curve_7,421,0.15583035349845886,0.9047619104385376
l_curve_7,422,0.15502502024173737,0.9047619104385376
l_curve_7,423,0.15422379970550537,0.9047619104385376
l_curve_7,424,0.15339893102645874,0.9047619104385376
l_curve_7,425,0.1526142805814743,0.9047619104385376
l_curve_7,426,0.15174800157546997,0.9047619104385376
l_curve_7,427,0.15089143812656403,0.9047619104385376
l_curve_7,428,0.1500631719827652,0.9047619104385376
l_curve_7,429,0.14935025572776794,0.9047619104385376
l_curve_7,430,0.14867860078811646,0.9047619104385376
l_curve_7,431,0.14795051515102386,0.9047619104385376
l_curve_7,432,0.14719520509243011,0.9047619104385376
l_curve_7,433,0.14640973508358002,0.9047619104385376
l_curve_7,434,0.14564640820026398,0.9047619104385376
l_curve_7,435,0.14488302171230316,0.9047619104385376
l_curve_7,436,0.1441500335931778,0.9047619104385376
l_curve_7,437,0.14333754777908325,0.9047619104385376
l_curve_7,438,0.14255434274673462,0.9047619104385376
l_curve_7,439,0.14175011217594147,0.9047619104385376
l_curve_7,440,0.141043558716774,0.9047619104385376
l_curve_7,441,0.140236496925354,0.9047619104385376
l_curve_7,442,0.13949792087078094,0.9047619104385376
l_curve_7,443,0.1387612521648407,0.9047619104385376
l_curve_7,444,0.1380690187215805,0.9047619104385376
l_curve_7,445,0.1373463273048401,0.9047619104385376
l_curve_7,446,0.1366969794034958,0.9047619104385376
l_curve_7,447,0.13599255681037903,0.9523809552192688
l_curve_7,448,0.13521826267242432,0.9523809552192688
l_curve_7,449,0.1345091611146927,0.9523809552192688
l_curve_7,450,0.13384610414505005,0.9523809552192688
l_curve_7,451,0.13313879072666168,0.9523809552192688
l_curve_7,452,0.1324073225259781,0.9523809552192688
l_curve_7,453,0.13177542388439178,0.9523809552192688
l_curve_7,454,0.1310729682445526,0.9523809552192688
l_curve_7,455,0.1303519904613495,1.0
l_curve_7,456,0.1296509951353073,1.0
l_curve_7,457,0.12894123792648315,1.0
l_curve_7,458,0.1283024102449417,1.0
l_curve_7,459,0.12764666974544525,1.0
l_curve_7,460,0.12693803012371063,1.0
l_curve_7,461,0.12628833949565887,1.0
l_curve_7,462,0.12562544643878937,1.0
l_curve_7,463,0.12496019899845123,1.0
l_curve_7,464,0.12434246391057968,1.0
l_curve_7,465,0.12365783005952835,1.0
l_curve_7,466,0.12302836030721664,1.0
l_curve_7,467,0.12243947386741638,1.0
l_curve_7,468,0.12185484915971756,1.0
l_curve_7,469,0.12118521332740784,1.0
l_curve_7,470,0.12058348953723907,1.0
l_curve_7,471,0.11997903883457184,1.0
l_curve_7,472,0.1192803755402565,1.0
l_curve_7,473,0.11859605461359024,1.0
l_curve_7,474,0.11800124496221542,1.0
l_curve_7,475,0.11741191893815994,1.0
l_curve_7,476,0.11676758527755737,1.0
l_curve_7,477,0.11616134643554688,1.0
l_curve_7,478,0.11552906036376953,1.0
l_curve_7,479,0.11487965285778046,1.0
l_curve_7,480,0.11428415030241013,1.0
l_curve_7,481,0.11368667334318161,1.0
l_curve_7,482,0.11312423646450043,1.0
l_curve_7,483,0.11262557655572891,1.0
l_curve_7,484,0.11210218816995621,1.0
l_curve_7,485,0.11156520247459412,1.0
l_curve_7,486,0.11100485175848007,1.0
l_curve_7,487,0.11043025553226471,1.0
l_curve_7,488,0.10978780686855316,1.0
l_curve_7,489,0.1091797798871994,1.0
l_curve_7,490,0.10859300941228867,1.0
l_curve_7,491,0.10800527036190033,1.0
l_curve_7,492,0.10744252800941467,1.0
l_curve_7,493,0.10691945999860764,1.0
l_curve_7,494,0.10636720061302185,1.0
l_curve_7,495,0.10585375130176544,1.0
l_curve_7,496,0.10533183068037033,1.0
l_curve_7,497,0.10480837523937225,1.0
l_curve_7,498,0.10430575907230377,1.0
l_curve_7,499,0.10378571599721909,1.0
l_curve_7,500,0.10320530831813812,1.0
l_curve_7,501,0.10269822180271149,1.0
l_curve_7,502,0.1020839586853981,1.0
l_curve_7,503,0.10149313509464264,1.0
l_curve_7,504,0.1009722575545311,1.0
l_curve_7,505,0.10039776563644409,1.0
l_curve_7,506,0.09989529848098755,1.0
l_curve_7,507,0.09935125708580017,1.0
l_curve_7,508,0.0988168716430664,1.0
l_curve_7,509,0.0982540100812912,1.0
l_curve_7,510,0.09778005629777908,1.0
l_curve_7,511,0.0973348617553711,1.0
l_curve_7,512,0.09683127701282501,1.0
l_curve_7,513,0.09626665711402893,1.0
l_curve_7,514,0.09578529745340347,1.0
l_curve_7,515,0.09532048553228378,1.0
l_curve_7,516,0.09483813494443893,1.0
l_curve_7,517,0.09442277997732162,1.0
l_curve_7,518,0.09395663440227509,1.0
l_curve_7,519,0.09350083768367767,1.0
l_curve_7,520,0.09299501776695251,1.0
l_curve_7,521,0.09247205406427383,1.0
l_curve_7,522,0.09198389202356339,1.0
l_curve_7,523,0.09153393656015396,1.0
l_curve_7,524,0.09111630916595459,1.0
l_curve_7,525,0.09064687788486481,1.0
l_curve_7,526,0.09022071212530136,1.0
l_curve_7,527,0.08978226035833359,1.0
l_curve_7,528,0.08932308107614517,1.0
l_curve_7,529,0.08890306204557419,1.0
l_curve_7,530,0.08837925642728806,1.0
l_curve_7,531,0.08787228167057037,1.0
l_curve_7,532,0.08743008226156235,1.0
l_curve_7,533,0.087004654109478,1.0
l_curve_7,534,0.0865556076169014,1.0
l_curve_7,535,0.08615557104349136,1.0
l_curve_7,536,0.08571150153875351,1.0
l_curve_7,537,0.08527807146310806,1.0
l_curve_7,538,0.08488103747367859,1.0
l_curve_7,539,0.08449488133192062,1.0
l_curve_7,540,0.08409726619720459,1.0
l_curve_7,541,0.08368607610464096,1.0
l_curve_7,542,0.08324113488197327,1.0
l_curve_7,543,0.08279173821210861,1.0
l_curve_7,544,0.08240289986133575,1.0
l_curve_7,545,0.08202387392520905,1.0
l_curve_7,546,0.08165688812732697,1.0
l_curve_7,547,0.08126549422740936,1.0
l_curve_7,548,0.08086056262254715,1.0
l_curve_7,549,0.08046388626098633,1.0
l_curve_7,550,0.08004959672689438,1.0
l_curve_7,551,0.0796489343047142,1.0
l_curve_7,552,0.07922717183828354,1.0
l_curve_7,553,0.07882844656705856,1.0
l_curve_7,554,0.07840901613235474,1.0
l_curve_7,555,0.07798264920711517,1.0
l_curve_7,556,0.07759632170200348,1.0
l_curve_7,557,0.07727295160293579,1.0
l_curve_7,558,0.07693927735090256,1.0
l_curve_7,559,0.07655134797096252,1.0
l_curve_7,560,0.07616004347801208,1.0
l_curve_7,561,0.07579950243234634,1.0
l_curve_7,562,0.0754430964589119,1.0
l_curve_7,563,0.07511234283447266,1.0
l_curve_7,564,0.07471901923418045,1.0
l_curve_7,565,0.07434128224849701,1.0
l_curve_7,566,0.0739908218383789,1.0
l_curve_7,567,0.07364059239625931,1.0
l_curve_7,568,0.07331019639968872,1.0
l_curve_7,569,0.07293420284986496,1.0
l_curve_7,570,0.07251963019371033,1.0
l_curve_7,571,0.07218727469444275,1.0
l_curve_7,572,0.07187318801879883,1.0
l_curve_7,573,0.07157339155673981,1.0
l_curve_7,574,0.07120387256145477,1.0
l_curve_7,575,0.07084695994853973,1.0
l_curve_7,576,0.07049013674259186,1.0
l_curve_7,577,0.07013741880655289,1.0
l_curve_7,578,0.06979125738143921,1.0
l_curve_7,579,0.0694536343216896,1.0
l_curve_7,580,0.0691419467329979,1.0
l_curve_7,581,0.06881023943424225,1.0
l_curve_7,582,0.06841324269771576,1.0
l_curve_7,583,0.06806332617998123,1.0
l_curve_7,584,0.06774840503931046,1.0
l_curve_7,585,0.06742813438177109,1.0
l_curve_7,586,0.067123644053936,1.0
l_curve_7,587,0.06681497395038605,1.0
l_curve_7,588,0.06647823750972748,1.0
l_curve_7,589,0.06618696451187134,1.0
l_curve_7,590,0.06589847803115845,1.0
l_curve_7,591,0.06558888405561447,1.0
l_curve_7,592,0.06532170623540878,1.0
l_curve_7,593,0.06496952474117279,1.0
l_curve_7,594,0.06460968405008316,1.0
l_curve_7,595,0.06429298967123032,1.0
l_curve_7,596,0.06399498879909515,1.0
l_curve_7,597,0.06371535360813141,1.0
l_curve_7,598,0.06339393556118011,1.0
l_curve_7,599,0.06307999789714813,1.0
l_curve_7,600,0.06281043589115143,1.0
l_curve_7,601,0.06252188980579376,1.0
l_curve_7,602,0.06224019080400467,1.0
l_curve_7,603,0.06194297969341278,1.0
l_curve_7,604,0.06167659908533096,1.0
l_curve_7,605,0.06140046939253807,1.0
l_curve_7,606,0.06116671860218048,1.0
l_curve_7,607,0.060905519872903824,1.0
l_curve_7,608,0.060583170503377914,1.0
l_curve_7,609,0.06026970595121384,1.0
l_curve_7,610,0.06000453606247902,1.0
l_curve_7,611,0.05974378064274788,1.0
l_curve_7,612,0.05944787338376045,1.0
l_curve_7,613,0.059184152632951736,1.0
l_curve_7,614,0.058902014046907425,1.0
l_curve_7,615,0.05859418585896492,1.0
l_curve_7,616,0.05834266170859337,1.0
l_curve_7,617,0.05810605734586716,1.0
l_curve_7,618,0.057828426361083984,1.0
l_curve_7,619,0.0576009564101696,1.0
l_curve_7,620,0.057329654693603516,1.0
l_curve_7,621,0.057061757892370224,1.0
l_curve_7,622,0.05676649138331413,1.0
l_curve_7,623,0.05651010200381279,1.0
l_curve_7,624,0.05625130981206894,1.0
l_curve_7,625,0.05599874630570412,1.0
l_curve_7,626,0.055722691118717194,1.0
l_curve_7,627,0.05546354129910469,1.0
l_curve_7,628,0.055212270468473434,1.0
l_curve_7,629,0.05495446175336838,1.0
l_curve_7,630,0.05468450114130974,1.0
l_curve_7,631,0.05440414696931839,1.0
l_curve_7,632,0.05415593832731247,1.0
l_curve_7,633,0.05392870306968689,1.0
l_curve_7,634,0.05370017886161804,1.0
l_curve_7,635,0.05349739268422127,1.0
l_curve_7,636,0.053255002945661545,1.0
l_curve_7,637,0.05299840122461319,1.0
l_curve_7,638,0.052767373621463776,1.0
l_curve_7,639,0.05253208428621292,1.0
l_curve_7,640,0.05230167880654335,1.0
l_curve_7,641,0.05208883807063103,1.0
l_curve_7,642,0.05184229090809822,1.0
l_curve_7,643,0.05159804970026016,1.0
l_curve_7,644,0.051319900900125504,1.0
l_curve_7,645,0.05109502002596855,1.0
l_curve_7,646,0.050872642546892166,1.0
l_curve_7,647,0.050672389566898346,1.0
l_curve_7,648,0.05046066641807556,1.0
l_curve_7,649,0.05022859573364258,1.0
l_curve_7,650,0.05000729858875275,1.0
l_curve_7,651,0.049781907349824905,1.0
l_curve_7,652,0.049540359526872635,1.0
l_curve_7,653,0.04930589720606804,1.0
l_curve_7,654,0.049075547605752945,1.0
l_curve_7,655,0.048893094062805176,1.0
l_curve_7,656,0.048676736652851105,1.0
l_curve_7,657,0.048469964414834976,1.0
l_curve_7,658,0.048252515494823456,1.0
l_curve_7,659,0.04802088439464569,1.0
l_curve_7,660,0.047793060541152954,1.0
l_curve_7,661,0.04758388176560402,1.0
l_curve_7,662,0.0473870225250721,1.0
l_curve_7,663,0.04715144634246826,1.0
l_curve_7,664,0.046920474618673325,1.0
l_curve_7,665,0.046716444194316864,1.0
l_curve_7,666,0.0464993454515934,1.0
l_curve_7,667,0.04625432938337326,1.0
l_curve_7,668,0.04603713005781174,1.0
l_curve_7,669,0.0458553209900856,1.0
l_curve_7,670,0.04568057507276535,1.0
l_curve_7,671,0.04548181965947151,1.0
l_curve_7,672,0.04525547847151756,1.0
l_curve_7,673,0.045105013996362686,1.0
l_curve_7,674,0.04489545524120331,1.0
l_curve_7,675,0.04469192773103714,1.0
l_curve_7,676,0.04450107365846634,1.0
l_curve_7,677,0.044285137206315994,1.0
l_curve_7,678,0.04407932609319687,1.0
l_curve_7,679,0.04388926550745964,1.0
l_curve_7,680,0.043695323169231415,1.0
l_curve_7,681,0.04346679896116257,1.0
l_curve_7,682,0.04325798526406288,1.0
l_curve_7,683,0.04310465231537819,1.0
l_curve_7,684,0.04298805817961693,1.0
l_curve_7,685,0.04282696545124054,1.0
l_curve_7,686,0.04265889152884483,1.0
l_curve_7,687,0.04248726740479469,1.0
l_curve_7,688,0.04231517016887665,1.0
l_curve_7,689,0.04212631657719612,1.0
l_curve_7,690,0.04196051508188248,1.0
l_curve_7,691,0.041747186332941055,1.0
l_curve_7,692,0.04153302311897278,1.0
l_curve_7,693,0.0412975549697876,1.0
l_curve_7,694,0.04110805690288544,1.0
l_curve_7,695,0.040864259004592896,1.0
l_curve_7,696,0.04070216044783592,1.0
l_curve_7,697,0.040533147752285004,1.0
l_curve_7,698,0.040344350039958954,1.0
l_curve_7,699,0.04015234112739563,1.0
l_curve_7,700,0.03997313231229782,1.0
l_curve_7,701,0.039803583174943924,1.0
l_curve_7,702,0.039640314877033234,1.0
l_curve_7,703,0.03946106880903244,1.0
l_curve_7,704,0.03930404782295227,1.0
l_curve_7,705,0.03916800394654274,1.0
l_curve_7,706,0.03898412361741066,1.0
l_curve_7,707,0.03877097740769386,1.0
l_curve_7,708,0.03857850283384323,1.0
l_curve_7,709,0.038412660360336304,1.0
l_curve_7,710,0.03826885670423508,1.0
l_curve_7,711,0.038125764578580856,1.0
l_curve_7,712,0.03797011822462082,1.0
l_curve_7,713,0.037823308259248734,1.0
l_curve_7,714,0.03763760253787041,1.0
l_curve_7,715,0.0374414287507534,1.0
l_curve_7,716,0.03727547824382782,1.0
l_curve_7,717,0.037141021341085434,1.0
l_curve_7,718,0.03698711842298508,1.0
l_curve_7,719,0.036847397685050964,1.0
l_curve_7,720,0.0366751067340374,1.0
l_curve_7,721,0.036516956984996796,1.0
l_curve_7,722,0.03636956214904785,1.0
l_curve_7,723,0.0362434946000576,1.0
l_curve_7,724,0.03612496331334114,1.0
l_curve_7,725,0.035970717668533325,1.0
l_curve_7,726,0.03581448271870613,1.0
l_curve_7,727,0.03564562648534775,1.0
l_curve_7,728,0.035478875041007996,1.0
l_curve_7,729,0.035347502678632736,1.0
l_curve_7,730,0.03520230948925018,1.0
l_curve_7,731,0.03501487523317337,1.0
l_curve_7,732,0.03485078364610672,1.0
l_curve_7,733,0.03469955176115036,1.0
l_curve_7,734,0.03457581251859665,1.0
l_curve_7,735,0.03442451357841492,1.0
l_curve_7,736,0.03426201641559601,1.0
l_curve_7,737,0.034130729734897614,1.0
l_curve_7,738,0.03395150974392891,1.0
l_curve_7,739,0.03378671035170555,1.0
l_curve_7,740,0.03364551067352295,1.0
l_curve_7,741,0.03354032337665558,1.0
l_curve_7,742,0.03340080380439758,1.0
l_curve_7,743,0.033274583518505096,1.0
l_curve_7,744,0.033160798251628876,1.0
l_curve_7,745,0.033028628677129745,1.0
l_curve_7,746,0.032902833074331284,1.0
l_curve_7,747,0.03275669738650322,1.0
l_curve_7,748,0.032620202749967575,1.0
l_curve_7,749,0.03248614817857742,1.0
l_curve_7,750,0.032347578555345535,1.0
l_curve_7,751,0.03220655769109726,1.0
l_curve_7,752,0.0320696085691452,1.0
l_curve_7,753,0.03193971514701843,1.0
l_curve_7,754,0.031796012073755264,1.0
l_curve_7,755,0.031674839556217194,1.0
l_curve_7,756,0.031564854085445404,1.0
l_curve_7,757,0.03142259642481804,1.0
l_curve_7,758,0.03128599002957344,1.0
l_curve_7,759,0.031146787106990814,1.0
l_curve_7,760,0.031025631353259087,1.0
l_curve_7,761,0.030874663963913918,1.0
l_curve_7,762,0.030743028968572617,1.0
l_curve_7,763,0.0305777620524168,1.0
l_curve_7,764,0.03047201782464981,1.0
l_curve_7,765,0.03036123886704445,1.0
l_curve_7,766,0.030234677717089653,1.0
l_curve_7,767,0.0301235169172287,1.0
l_curve_7,768,0.030019978061318398,1.0
l_curve_7,769,0.029918959364295006,1.0
l_curve_7,770,0.02979828603565693,1.0
l_curve_7,771,0.02966916561126709,1.0
l_curve_7,772,0.02955949865281582,1.0
l_curve_7,773,0.029410531744360924,1.0
l_curve_7,774,0.02927285060286522,1.0
l_curve_7,775,0.029121875762939453,1.0
l_curve_7,776,0.028981415554881096,1.0
l_curve_7,777,0.02882314845919609,1.0
l_curve_7,778,0.028701111674308777,1.0
l_curve_7,779,0.028589027002453804,1.0
l_curve_7,780,0.02847115509212017,1.0
l_curve_7,781,0.028361836448311806,1.0
l_curve_7,782,0.028258780017495155,1.0
l_curve_7,783,0.028175106272101402,1.0
l_curve_7,784,0.02806214801967144,1.0
l_curve_7,785,0.027940934523940086,1.0
l_curve_7,786,0.027834123000502586,1.0
l_curve_7,787,0.02774837240576744,1.0
l_curve_7,788,0.0276446845382452,1.0
l_curve_7,789,0.027514290064573288,1.0
l_curve_7,790,0.02741999365389347,1.0
l_curve_7,791,0.027333859354257584,1.0
l_curve_7,792,0.027228649705648422,1.0
l_curve_7,793,0.027127698063850403,1.0
l_curve_7,794,0.027003521099686623,1.0
l_curve_7,795,0.0268971286714077,1.0
l_curve_7,796,0.026800084859132767,1.0
l_curve_7,797,0.02669241838157177,1.0
l_curve_7,798,0.026583503931760788,1.0
l_curve_7,799,0.02647579275071621,1.0
l_curve_7,800,0.02637091651558876,1.0
l_curve_7,801,0.02627558447420597,1.0
l_curve_7,802,0.026145759969949722,1.0
l_curve_7,803,0.026019113138318062,1.0
l_curve_7,804,0.02592497691512108,1.0
l_curve_7,805,0.025834044441580772,1.0
l_curve_7,806,0.025732168927788734,1.0
l_curve_7,807,0.025642916560173035,1.0
l_curve_7,808,0.025553768500685692,1.0
l_curve_7,809,0.025448637083172798,1.0
l_curve_7,810,0.0253274105489254,1.0
l_curve_7,811,0.025229718536138535,1.0
l_curve_7,812,0.025146858766674995,1.0
l_curve_7,813,0.02505401149392128,1.0
l_curve_7,814,0.02496795915067196,1.0
l_curve_7,815,0.024868318811058998,1.0
l_curve_7,816,0.024746417999267578,1.0
l_curve_7,817,0.02461954578757286,1.0
l_curve_7,818,0.024512294679880142,1.0
l_curve_7,819,0.02442013844847679,1.0
l_curve_7,820,0.02435159683227539,1.0
l_curve_7,821,0.02430143766105175,1.0
l_curve_7,822,0.024210302159190178,1.0
l_curve_7,823,0.02411261387169361,1.0
l_curve_7,824,0.02401626668870449,1.0
l_curve_7,825,0.023931298404932022,1.0
l_curve_7,826,0.023839112371206284,1.0
l_curve_7,827,0.023737570270895958,1.0
l_curve_7,828,0.023644516244530678,1.0
l_curve_7,829,0.02355705201625824,1.0
l_curve_7,830,0.023458655923604965,1.0
l_curve_7,831,0.023355189710855484,1.0
l_curve_7,832,0.023233409970998764,1.0
l_curve_7,833,0.02312619611620903,1.0
l_curve_7,834,0.023031294345855713,1.0
l_curve_7,835,0.022927789017558098,1.0
l_curve_7,836,0.022835416719317436,1.0
l_curve_7,837,0.022750413045287132,1.0
l_curve_7,838,0.022661123424768448,1.0
l_curve_7,839,0.022574225440621376,1.0
l_curve_7,840,0.02247622236609459,1.0
l_curve_7,841,0.022392084822058678,1.0
l_curve_7,842,0.0223142858594656,1.0
l_curve_7,843,0.022222837433218956,1.0
l_curve_7,844,0.022140325978398323,1.0
l_curve_7,845,0.022046510130167007,1.0
l_curve_7,846,0.02195529080927372,1.0
l_curve_7,847,0.021860847249627113,1.0
l_curve_7,848,0.02178283780813217,1.0
l_curve_7,849,0.021709905937314034,1.0
l_curve_7,850,0.02162349782884121,1.0
l_curve_7,851,0.02153189107775688,1.0
l_curve_7,852,0.0214549470692873,1.0
l_curve_7,853,0.021370789036154747,1.0
l_curve_7,854,0.021297097206115723,1.0
l_curve_7,855,0.021206649020314217,1.0
l_curve_7,856,0.02111022174358368,1.0
l_curve_7,857,0.021034667268395424,1.0
l_curve_7,858,0.020952148362994194,1.0
l_curve_7,859,0.02086908556520939,1.0
l_curve_7,860,0.02078958787024021,1.0
l_curve_7,861,0.020714040845632553,1.0
l_curve_7,862,0.020661447197198868,1.0
l_curve_7,863,0.02059854380786419,1.0
l_curve_7,864,0.020524587482213974,1.0
l_curve_7,865,0.02045746147632599,1.0
l_curve_7,866,0.02038373239338398,1.0
l_curve_7,867,0.020290259271860123,1.0
l_curve_7,868,0.020181408151984215,1.0
l_curve_7,869,0.02009148895740509,1.0
l_curve_7,870,0.020030096173286438,1.0
l_curve_7,871,0.01996592991054058,1.0
l_curve_7,872,0.01989753171801567,1.0
l_curve_7,873,0.019814535975456238,1.0
l_curve_7,874,0.019737442955374718,1.0
l_curve_7,875,0.019653746858239174,1.0
l_curve_7,876,0.019557995721697807,1.0
l_curve_7,877,0.019472960382699966,1.0
l_curve_7,878,0.019401999190449715,1.0
l_curve_7,879,0.01933038979768753,1.0
l_curve_7,880,0.01927022635936737,1.0
l_curve_7,881,0.019196590408682823,1.0
l_curve_7,882,0.019134273752570152,1.0
l_curve_7,883,0.019072027876973152,1.0
l_curve_7,884,0.01900840736925602,1.0
l_curve_7,885,0.018919412046670914,1.0
l_curve_7,886,0.018844036385416985,1.0
l_curve_7,887,0.018770212307572365,1.0
l_curve_7,888,0.018702253699302673,1.0
l_curve_7,889,0.018649009987711906,1.0
l_curve_7,890,0.018610669299960136,1.0
l_curve_7,891,0.018541458994150162,1.0
l_curve_7,892,0.018482094630599022,1.0
l_curve_7,893,0.01840769313275814,1.0
l_curve_7,894,0.018337786197662354,1.0
l_curve_7,895,0.018242601305246353,1.0
l_curve_7,896,0.018180500715970993,1.0
l_curve_7,897,0.018113581463694572,1.0
l_curve_7,898,0.018037887290120125,1.0
l_curve_7,899,0.01796872355043888,1.0
l_curve_7,900,0.01789904199540615,1.0
l_curve_7,901,0.01782643422484398,1.0
l_curve_7,902,0.017749618738889694,1.0
l_curve_7,903,0.01767195202410221,1.0
l_curve_7,904,0.017600517719984055,1.0
l_curve_7,905,0.017525065690279007,1.0
l_curve_7,906,0.01745845377445221,1.0
l_curve_7,907,0.017395099624991417,1.0
l_curve_7,908,0.01732426881790161,1.0
l_curve_7,909,0.017252175137400627,1.0
l_curve_7,910,0.01719384826719761,1.0
l_curve_7,911,0.017131557688117027,1.0
l_curve_7,912,0.01705983094871044,1.0
l_curve_7,913,0.01698892191052437,1.0
l_curve_7,914,0.016935870051383972,1.0
l_curve_7,915,0.016871193423867226,1.0
l_curve_7,916,0.016812574118375778,1.0
l_curve_7,917,0.01674656569957733,1.0
l_curve_7,918,0.016681458801031113,1.0
l_curve_7,919,0.016628291457891464,1.0
l_curve_7,920,0.01655992679297924,1.0
l_curve_7,921,0.01650727167725563,1.0
l_curve_7,922,0.016444986686110497,1.0
l_curve_7,923,0.01640123501420021,1.0
l_curve_7,924,0.016337638720870018,1.0
l_curve_7,925,0.016277212649583817,1.0
l_curve_7,926,0.016217121854424477,1.0
l_curve_7,927,0.016169818118214607,1.0
l_curve_7,928,0.0161330197006464,1.0
l_curve_7,929,0.016082700341939926,1.0
l_curve_7,930,0.016019664704799652,1.0
l_curve_7,931,0.015977635979652405,1.0
l_curve_7,932,0.015930507332086563,1.0
l_curve_7,933,0.015866901725530624,1.0
l_curve_7,934,0.015812017023563385,1.0
l_curve_7,935,0.015760594978928566,1.0
l_curve_7,936,0.015703005716204643,1.0
l_curve_7,937,0.01563626527786255,1.0
l_curve_7,938,0.015575321391224861,1.0
l_curve_7,939,0.015521103516221046,1.0
l_curve_7,940,0.015450883656740189,1.0
l_curve_7,941,0.015393950045108795,1.0
l_curve_7,942,0.015325995162129402,1.0
l_curve_7,943,0.015256019309163094,1.0
l_curve_7,944,0.015197239816188812,1.0
l_curve_7,945,0.01513727381825447,1.0
l_curve_7,946,0.015089021995663643,1.0
l_curve_7,947,0.015032583847641945,1.0
l_curve_7,948,0.014989662915468216,1.0
l_curve_7,949,0.014944344758987427,1.0
l_curve_7,950,0.01490060519427061,1.0
l_curve_7,951,0.01484303642064333,1.0
l_curve_7,952,0.01478744950145483,1.0
l_curve_7,953,0.014725349843502045,1.0
l_curve_7,954,0.014649666845798492,1.0
l_curve_7,955,0.014599746093153954,1.0
l_curve_7,956,0.014553995802998543,1.0
l_curve_7,957,0.014505659230053425,1.0
l_curve_7,958,0.014448706991970539,1.0
l_curve_7,959,0.01436659973114729,1.0
l_curve_7,960,0.014312599785625935,1.0
l_curve_7,961,0.01426776498556137,1.0
l_curve_7,962,0.014224976301193237,1.0
l_curve_7,963,0.014177373610436916,1.0
l_curve_7,964,0.01412863377481699,1.0
l_curve_7,965,0.014080082066357136,1.0
l_curve_7,966,0.014031640253961086,1.0
l_curve_7,967,0.01398602407425642,1.0
l_curve_7,968,0.013937581330537796,1.0
l_curve_7,969,0.013889716938138008,1.0
l_curve_7,970,0.013826044276356697,1.0
l_curve_7,971,0.013769908808171749,1.0
l_curve_7,972,0.013710098341107368,1.0
l_curve_7,973,0.013652666471898556,1.0
l_curve_7,974,0.013602523133158684,1.0
l_curve_7,975,0.013543169014155865,1.0
l_curve_7,976,0.013497521169483662,1.0
l_curve_7,977,0.01345235388725996,1.0
l_curve_7,978,0.013411132618784904,1.0
l_curve_7,979,0.013368433341383934,1.0
l_curve_7,980,0.01332181878387928,1.0
l_curve_7,981,0.013291840441524982,1.0
l_curve_7,982,0.013243593275547028,1.0
l_curve_7,983,0.013203904964029789,1.0
l_curve_7,984,0.013163520023226738,1.0
l_curve_7,985,0.013118584640324116,1.0
l_curve_7,986,0.013067035004496574,1.0
l_curve_7,987,0.013025077991187572,1.0
l_curve_7,988,0.012977090664207935,1.0
l_curve_7,989,0.012923411093652248,1.0
l_curve_7,990,0.012871232815086842,1.0
l_curve_7,991,0.012815873138606548,1.0
l_curve_7,992,0.0127662792801857,1.0
l_curve_7,993,0.012729153968393803,1.0
l_curve_7,994,0.012689037248492241,1.0
l_curve_7,995,0.01265258714556694,1.0
l_curve_7,996,0.012617873027920723,1.0
l_curve_7,997,0.01257495116442442,1.0
l_curve_7,998,0.012519155628979206,1.0
l_curve_7,999,0.012460034340620041,1.0
l_curve_7,1000,0.012405645102262497,1.0
l_curve_7,1000,0.012405645102262497,1.0
