client,round,loss,accuracy
l_curve_5,1,0.5961510539054871,0.5714285969734192
l_curve_5,2,0.5828193426132202,0.5714285969734192
l_curve_5,3,0.5707945823669434,0.5714285969734192
l_curve_5,4,0.5597083568572998,0.6190476417541504
l_curve_5,5,0.5493651628494263,0.8571428656578064
l_curve_5,6,0.5394337177276611,0.8571428656578064
l_curve_5,7,0.5299279093742371,0.9523809552192688
l_curve_5,8,0.520632266998291,0.9523809552192688
l_curve_5,9,0.5114929676055908,0.9523809552192688
l_curve_5,10,0.5024579763412476,0.9523809552192688
l_curve_5,11,0.4934866726398468,0.9523809552192688
l_curve_5,12,0.48477041721343994,0.9523809552192688
l_curve_5,13,0.47604528069496155,0.9523809552192688
l_curve_5,14,0.46733736991882324,0.9523809552192688
l_curve_5,15,0.45865216851234436,0.9523809552192688
l_curve_5,16,0.44983717799186707,0.9523809552192688
l_curve_5,17,0.4411848187446594,0.9523809552192688
l_curve_5,18,0.4325786828994751,0.9523809552192688
l_curve_5,19,0.4239906072616577,0.9523809552192688
l_curve_5,20,0.4151900112628937,0.9523809552192688
l_curve_5,21,0.4062974154949188,0.9523809552192688
l_curve_5,22,0.3973655700683594,0.9523809552192688
l_curve_5,23,0.38830602169036865,0.9523809552192688
l_curve_5,24,0.37917909026145935,0.9523809552192688
l_curve_5,25,0.3700498342514038,0.9523809552192688
l_curve_5,26,0.3608736991882324,0.9523809552192688
l_curve_5,27,0.35173267126083374,0.9523809552192688
l_curve_5,28,0.3427278697490692,0.9523809552192688
l_curve_5,29,0.3336310088634491,0.9523809552192688
l_curve_5,30,0.3245815932750702,0.9523809552192688
l_curve_5,31,0.3157167434692383,0.9523809552192688
l_curve_5,32,0.30684739351272583,0.9523809552192688
l_curve_5,33,0.29818758368492126,0.9523809552192688
l_curve_5,34,0.2898917496204376,0.9523809552192688
l_curve_5,35,0.28180986642837524,0.9523809552192688
l_curve_5,36,0.2739774286746979,0.9523809552192688
l_curve_5,37,0.2667093276977539,0.9523809552192688
l_curve_5,38,0.25956594944000244,0.9523809552192688
l_curve_5,39,0.25281718373298645,0.9523809552192688
l_curve_5,40,0.24633876979351044,0.9523809552192688
l_curve_5,41,0.24002417922019958,0.9523809552192688
l_curve_5,42,0.2338634729385376,0.9523809552192688
l_curve_5,43,0.22811824083328247,0.9523809552192688
l_curve_5,44,0.22275421023368835,0.9523809552192688
l_curve_5,45,0.2175491452217102,0.9523809552192688
l_curve_5,46,0.2128310203552246,0.9523809552192688
l_curve_5,47,0.2083083540201187,0.9523809552192688
l_curve_5,48,0.20407971739768982,0.9523809552192688
l_curve_5,49,0.20000219345092773,0.9523809552192688
l_curve_5,50,0.1960422843694687,0.9523809552192688
l_curve_5,51,0.19225642085075378,0.9523809552192688
l_curve_5,52,0.18861961364746094,0.9523809552192688
l_curve_5,53,0.18541868031024933,0.9523809552192688
l_curve_5,54,0.18244118988513947,0.9523809552192688
l_curve_5,55,0.17952421307563782,0.9523809552192688
l_curve_5,56,0.17678089439868927,0.9523809552192688
l_curve_5,57,0.17421309649944305,0.9523809552192688
l_curve_5,58,0.1716250479221344,0.9523809552192688
l_curve_5,59,0.169252410531044,0.9523809552192688
l_curve_5,60,0.16682681441307068,0.9523809552192688
l_curve_5,61,0.16463163495063782,0.9523809552192688
l_curve_5,62,0.16233448684215546,0.9523809552192688
l_curve_5,63,0.1602942943572998,0.9523809552192688
l_curve_5,64,0.15841971337795258,0.9523809552192688
l_curve_5,65,0.15630850195884705,0.9523809552192688
l_curve_5,66,0.1545681208372116,0.9523809552192688
l_curve_5,67,0.15301425755023956,0.9523809552192688
l_curve_5,68,0.15146298706531525,0.9523809552192688
l_curve_5,69,0.1499805450439453,0.9523809552192688
l_curve_5,70,0.1487695574760437,0.9523809552192688
l_curve_5,71,0.14744146168231964,0.9523809552192688
l_curve_5,72,0.14601780474185944,0.9523809552192688
l_curve_5,73,0.1446516066789627,0.9523809552192688
l_curve_5,74,0.1431959867477417,0.9523809552192688
l_curve_5,75,0.14179067313671112,0.9523809552192688
l_curve_5,76,0.1405700147151947,0.9523809552192688
l_curve_5,77,0.1394328773021698,0.9523809552192688
l_curve_5,78,0.1384335458278656,0.9523809552192688
l_curve_5,79,0.13746023178100586,0.9523809552192688
l_curve_5,80,0.1364452987909317,0.9523809552192688
l_curve_5,81,0.1358085572719574,0.9523809552192688
l_curve_5,82,0.13498584926128387,1.0
l_curve_5,83,0.13400636613368988,1.0
l_curve_5,84,0.13301733136177063,1.0
l_curve_5,85,0.1320817917585373,1.0
l_curve_5,86,0.1312101036310196,1.0
l_curve_5,87,0.13027870655059814,1.0
l_curve_5,88,0.12939514219760895,1.0
l_curve_5,89,0.12860669195652008,1.0
l_curve_5,90,0.12781187891960144,1.0
l_curve_5,91,0.12706796824932098,1.0
l_curve_5,92,0.12630745768547058,1.0
l_curve_5,93,0.1255449652671814,1.0
l_curve_5,94,0.12495370209217072,1.0
l_curve_5,95,0.12456351518630981,1.0
l_curve_5,96,0.12415608763694763,1.0
l_curve_5,97,0.12376655638217926,1.0
l_curve_5,98,0.12323947995901108,1.0
l_curve_5,99,0.12274328619241714,1.0
l_curve_5,100,0.12213943153619766,1.0
l_curve_5,101,0.12146434187889099,1.0
l_curve_5,102,0.12114596366882324,1.0
l_curve_5,103,0.12082797288894653,1.0
l_curve_5,104,0.12024186551570892,1.0
l_curve_5,105,0.11948403716087341,1.0
l_curve_5,106,0.11879432946443558,1.0
l_curve_5,107,0.11820195615291595,1.0
l_curve_5,108,0.11786549538373947,1.0
l_curve_5,109,0.1174391359090805,1.0
l_curve_5,110,0.11703851073980331,1.0
l_curve_5,111,0.11659719049930573,1.0
l_curve_5,112,0.11616591364145279,1.0
l_curve_5,113,0.11578317731618881,1.0
l_curve_5,114,0.11541516333818436,1.0
l_curve_5,115,0.11498304456472397,1.0
l_curve_5,116,0.11463486403226852,1.0
l_curve_5,117,0.1141277477145195,1.0
l_curve_5,118,0.11358138173818588,1.0
l_curve_5,119,0.11343106627464294,1.0
l_curve_5,120,0.1133146658539772,1.0
l_curve_5,121,0.11324974149465561,1.0
l_curve_5,122,0.11299072206020355,1.0
l_curve_5,123,0.11265988647937775,1.0
l_curve_5,124,0.11222758889198303,1.0
l_curve_5,125,0.11169799417257309,1.0
l_curve_5,126,0.11133648455142975,1.0
l_curve_5,127,0.11104506254196167,1.0
l_curve_5,128,0.11063001304864883,1.0
l_curve_5,129,0.11024308204650879,1.0
l_curve_5,130,0.1101941168308258,1.0
l_curve_5,131,0.10992967337369919,1.0
l_curve_5,132,0.10974398255348206,1.0
l_curve_5,133,0.10951078683137894,1.0
l_curve_5,134,0.10917013883590698,1.0
l_curve_5,135,0.10893381386995316,1.0
l_curve_5,136,0.10851160436868668,1.0
l_curve_5,137,0.10815364122390747,1.0
l_curve_5,138,0.10783173888921738,1.0
l_curve_5,139,0.10740989446640015,1.0
l_curve_5,140,0.10708533227443695,1.0
l_curve_5,141,0.10695945471525192,1.0
l_curve_5,142,0.10658296197652817,1.0
l_curve_5,143,0.10655102133750916,1.0
l_curve_5,144,0.10652177780866623,1.0
l_curve_5,145,0.10611161589622498,1.0
l_curve_5,146,0.10577672719955444,1.0
l_curve_5,147,0.10557721555233002,1.0
l_curve_5,148,0.1056012287735939,1.0
l_curve_5,149,0.10537748038768768,1.0
l_curve_5,150,0.10514073073863983,1.0
l_curve_5,151,0.10514362901449203,1.0
l_curve_5,152,0.10544117540121078,1.0
l_curve_5,153,0.10554172098636627,1.0
l_curve_5,154,0.10535881668329239,1.0
l_curve_5,155,0.10517848283052444,1.0
l_curve_5,156,0.10481331497430801,1.0
l_curve_5,157,0.10439804941415787,1.0
l_curve_5,158,0.10397148132324219,1.0
l_curve_5,159,0.10359254479408264,1.0
l_curve_5,160,0.1034250408411026,1.0
l_curve_5,161,0.10361556708812714,1.0
l_curve_5,162,0.10359354317188263,1.0
l_curve_5,163,0.1035069078207016,1.0
l_curve_5,164,0.10338997840881348,1.0
l_curve_5,165,0.1033986434340477,1.0
l_curve_5,166,0.10341612249612808,1.0
l_curve_5,167,0.10305209457874298,1.0
l_curve_5,168,0.10285093635320663,1.0
l_curve_5,169,0.10274489969015121,1.0
l_curve_5,170,0.1026441901922226,1.0
l_curve_5,171,0.10249451547861099,1.0
l_curve_5,172,0.10252829641103745,1.0
l_curve_5,173,0.10263681411743164,1.0
l_curve_5,174,0.10272778570652008,1.0
l_curve_5,175,0.10279148072004318,1.0
l_curve_5,176,0.10286501795053482,1.0
l_curve_5,177,0.10293681174516678,1.0
l_curve_5,178,0.10274187475442886,1.0
l_curve_5,179,0.10258489847183228,1.0
l_curve_5,180,0.10228222608566284,1.0
l_curve_5,181,0.10199485719203949,1.0
l_curve_5,182,0.1017397791147232,1.0
l_curve_5,183,0.10166031867265701,1.0
l_curve_5,184,0.10132516175508499,1.0
l_curve_5,185,0.10121574997901917,1.0
l_curve_5,186,0.10105510801076889,1.0
l_curve_5,187,0.10087163001298904,1.0
l_curve_5,188,0.1009548157453537,1.0
l_curve_5,189,0.10110306739807129,1.0
l_curve_5,190,0.10120582580566406,1.0
l_curve_5,191,0.10103215277194977,1.0
l_curve_5,192,0.10069714486598969,1.0
l_curve_5,193,0.10047850012779236,1.0
l_curve_5,194,0.10016129910945892,1.0
l_curve_5,195,0.0999804213643074,1.0
l_curve_5,196,0.09990466386079788,1.0
l_curve_5,197,0.09981784224510193,1.0
l_curve_5,198,0.09969949722290039,1.0
l_curve_5,199,0.09967533499002457,1.0
l_curve_5,200,0.09982466697692871,1.0
l_curve_5,201,0.09994327276945114,1.0
l_curve_5,202,0.10002349317073822,1.0
l_curve_5,203,0.09989257901906967,1.0
l_curve_5,204,0.0996350571513176,1.0
l_curve_5,205,0.09951134026050568,1.0
l_curve_5,206,0.09941380470991135,1.0
l_curve_5,207,0.09948848187923431,1.0
l_curve_5,208,0.09955742210149765,1.0
l_curve_5,209,0.09946461021900177,1.0
l_curve_5,210,0.09951779991388321,1.0
l_curve_5,211,0.0993468388915062,1.0
l_curve_5,212,0.09906564652919769,1.0
l_curve_5,213,0.09904364496469498,1.0
l_curve_5,214,0.09901629388332367,1.0
l_curve_5,215,0.09913802146911621,1.0
l_curve_5,216,0.09918975830078125,1.0
l_curve_5,217,0.09914714843034744,1.0
l_curve_5,218,0.09892604500055313,1.0
l_curve_5,219,0.09890937805175781,1.0
l_curve_5,220,0.09866765886545181,1.0
l_curve_5,221,0.09856650978326797,1.0
l_curve_5,222,0.09871974587440491,1.0
l_curve_5,223,0.09869283437728882,1.0
l_curve_5,224,0.09858822822570801,1.0
l_curve_5,225,0.09854574501514435,1.0
l_curve_5,226,0.09857914596796036,1.0
l_curve_5,227,0.09876160323619843,1.0
l_curve_5,228,0.09905383735895157,1.0
l_curve_5,229,0.09914886206388474,1.0
l_curve_5,230,0.09913931787014008,1.0
l_curve_5,231,0.09931926429271698,1.0
l_curve_5,232,0.09913544356822968,1.0
l_curve_5,233,0.09883928298950195,1.0
l_curve_5,234,0.09851650893688202,1.0
l_curve_5,235,0.09846160560846329,1.0
l_curve_5,236,0.09837308526039124,1.0
l_curve_5,237,0.0983102098107338,1.0
l_curve_5,238,0.09816986322402954,1.0
l_curve_5,239,0.09802695363759995,1.0
l_curve_5,240,0.09809600561857224,1.0
l_curve_5,241,0.09789995849132538,1.0
l_curve_5,242,0.09795624017715454,1.0
l_curve_5,243,0.09810564666986465,1.0
l_curve_5,244,0.09843138605356216,1.0
l_curve_5,245,0.09839825332164764,1.0
l_curve_5,246,0.0982835441827774,1.0
l_curve_5,247,0.09817661345005035,1.0
l_curve_5,248,0.09794729202985764,1.0
l_curve_5,249,0.09784609824419022,1.0
l_curve_5,250,0.09776173532009125,1.0
l_curve_5,251,0.09796220809221268,1.0
l_curve_5,252,0.09799710661172867,1.0
l_curve_5,253,0.09798619896173477,1.0
l_curve_5,254,0.0977877676486969,1.0
l_curve_5,255,0.09797056764364243,1.0
l_curve_5,256,0.09797997772693634,1.0
l_curve_5,257,0.09794540703296661,1.0
l_curve_5,258,0.09771787375211716,1.0
l_curve_5,259,0.09782959520816803,1.0
l_curve_5,260,0.09790141135454178,1.0
l_curve_5,261,0.0980231761932373,1.0
l_curve_5,262,0.09794455766677856,1.0
l_curve_5,263,0.09788697212934494,1.0
l_curve_5,264,0.0979897752404213,1.0
l_curve_5,265,0.09770948439836502,1.0
l_curve_5,266,0.0974288135766983,1.0
l_curve_5,267,0.09695924818515778,1.0
l_curve_5,268,0.09689062088727951,1.0
l_curve_5,269,0.09679575264453888,1.0
l_curve_5,270,0.09696294367313385,1.0
l_curve_5,271,0.09707316011190414,1.0
l_curve_5,272,0.09704943746328354,1.0
l_curve_5,273,0.09697790443897247,1.0
l_curve_5,274,0.09696465730667114,1.0
l_curve_5,275,0.09685412049293518,1.0
l_curve_5,276,0.09690488874912262,1.0
l_curve_5,277,0.09691020101308823,1.0
l_curve_5,278,0.09673697501420975,1.0
l_curve_5,279,0.09643736481666565,1.0
l_curve_5,280,0.09612863510847092,1.0
l_curve_5,281,0.09586648643016815,1.0
l_curve_5,282,0.09575182944536209,1.0
l_curve_5,283,0.09588221460580826,1.0
l_curve_5,284,0.09621867537498474,1.0
l_curve_5,285,0.0962647795677185,1.0
l_curve_5,286,0.09617512673139572,1.0
l_curve_5,287,0.09594295918941498,1.0
l_curve_5,288,0.09585748612880707,1.0
l_curve_5,289,0.09591930359601974,1.0
l_curve_5,290,0.09588754922151566,1.0
l_curve_5,291,0.0956941694021225,1.0
l_curve_5,292,0.09549262374639511,1.0
l_curve_5,293,0.09515135735273361,1.0
l_curve_5,294,0.09491042047739029,1.0
l_curve_5,295,0.0947137251496315,1.0
l_curve_5,296,0.09457072615623474,1.0
l_curve_5,297,0.0945206955075264,1.0
l_curve_5,298,0.0946248471736908,1.0
l_curve_5,299,0.09461043775081635,1.0
l_curve_5,300,0.09439830482006073,1.0
l_curve_5,301,0.09434482455253601,1.0
l_curve_5,302,0.0941639393568039,1.0
l_curve_5,303,0.09402807801961899,1.0
l_curve_5,304,0.0938204675912857,1.0
l_curve_5,305,0.09367866814136505,1.0
l_curve_5,306,0.0934847965836525,1.0
l_curve_5,307,0.09303697198629379,1.0
l_curve_5,308,0.09302232414484024,1.0
l_curve_5,309,0.09269022196531296,1.0
l_curve_5,310,0.09248319268226624,1.0
l_curve_5,311,0.09213906526565552,1.0
l_curve_5,312,0.09192880988121033,1.0
l_curve_5,313,0.0920884758234024,1.0
l_curve_5,314,0.09211994707584381,1.0
l_curve_5,315,0.09198940545320511,1.0
l_curve_5,316,0.09208818525075912,1.0
l_curve_5,317,0.09200994670391083,1.0
l_curve_5,318,0.0917096734046936,1.0
l_curve_5,319,0.09146858751773834,1.0
l_curve_5,320,0.09128987044095993,1.0
l_curve_5,321,0.09090051054954529,1.0
l_curve_5,322,0.09077230840921402,1.0
l_curve_5,323,0.09062138944864273,1.0
l_curve_5,324,0.09049348533153534,1.0
l_curve_5,325,0.09022460132837296,1.0
l_curve_5,326,0.08984551578760147,1.0
l_curve_5,327,0.08959910273551941,1.0
l_curve_5,328,0.08943141996860504,1.0
l_curve_5,329,0.0890805646777153,1.0
l_curve_5,330,0.08892108500003815,1.0
l_curve_5,331,0.08883266896009445,1.0
l_curve_5,332,0.08868218958377838,1.0
l_curve_5,333,0.08844222128391266,1.0
l_curve_5,334,0.0882628783583641,1.0
l_curve_5,335,0.08796583861112595,1.0
l_curve_5,336,0.08784748613834381,1.0
l_curve_5,337,0.08774618059396744,1.0
l_curve_5,338,0.08750621229410172,1.0
l_curve_5,339,0.08751557767391205,1.0
l_curve_5,340,0.08741945028305054,1.0
l_curve_5,341,0.08724130690097809,1.0
l_curve_5,342,0.08692149072885513,1.0
l_curve_5,343,0.08641399443149567,1.0
l_curve_5,344,0.08597196638584137,1.0
l_curve_5,345,0.08566060662269592,1.0
l_curve_5,346,0.0853569507598877,1.0
l_curve_5,347,0.08486144989728928,1.0
l_curve_5,348,0.0846668928861618,1.0
l_curve_5,349,0.08469672501087189,1.0
l_curve_5,350,0.08447054773569107,1.0
l_curve_5,351,0.08424513787031174,1.0
l_curve_5,352,0.0841536894440651,1.0
l_curve_5,353,0.08407344669103622,1.0
l_curve_5,354,0.08376852422952652,1.0
l_curve_5,355,0.08362171798944473,1.0
l_curve_5,356,0.08332733064889908,1.0
l_curve_5,357,0.08328638970851898,1.0
l_curve_5,358,0.08300896733999252,1.0
l_curve_5,359,0.0829743966460228,1.0
l_curve_5,360,0.08263610303401947,1.0
l_curve_5,361,0.0824151337146759,1.0
l_curve_5,362,0.08215943723917007,1.0
l_curve_5,363,0.08206235617399216,1.0
l_curve_5,364,0.08191975951194763,1.0
l_curve_5,365,0.08164706081151962,1.0
l_curve_5,366,0.0813324823975563,1.0
l_curve_5,367,0.08108965307474136,1.0
l_curve_5,368,0.0808800458908081,1.0
l_curve_5,369,0.08048323541879654,1.0
l_curve_5,370,0.0802014172077179,1.0
l_curve_5,371,0.08004746586084366,1.0
l_curve_5,372,0.07984494417905807,1.0
l_curve_5,373,0.07960887998342514,1.0
l_curve_5,374,0.0793021097779274,1.0
l_curve_5,375,0.07883501052856445,1.0
l_curve_5,376,0.07863184064626694,1.0
l_curve_5,377,0.07869220525026321,1.0
l_curve_5,378,0.07857462018728256,1.0
l_curve_5,379,0.07834400236606598,1.0
l_curve_5,380,0.07802363485097885,1.0
l_curve_5,381,0.07765617966651917,1.0
l_curve_5,382,0.07737109810113907,1.0
l_curve_5,383,0.07708194106817245,1.0
l_curve_5,384,0.0768924131989479,1.0
l_curve_5,385,0.07680484652519226,1.0
l_curve_5,386,0.07666300982236862,1.0
l_curve_5,387,0.07646326720714569,1.0
l_curve_5,388,0.07626169919967651,1.0
l_curve_5,389,0.0760454311966896,1.0
l_curve_5,390,0.07591520994901657,1.0
l_curve_5,391,0.0756724625825882,1.0
l_curve_5,392,0.07540657371282578,1.0
l_curve_5,393,0.07518135756254196,1.0
l_curve_5,394,0.07495006173849106,1.0
l_curve_5,395,0.07478104531764984,1.0
l_curve_5,396,0.07473132759332657,1.0
l_curve_5,397,0.07451227307319641,1.0
l_curve_5,398,0.07430526614189148,1.0
l_curve_5,399,0.07398776710033417,1.0
l_curve_5,400,0.07373708486557007,1.0
l_curve_5,401,0.07362200319766998,1.0
l_curve_5,402,0.07338152825832367,1.0
l_curve_5,403,0.07321309298276901,1.0
l_curve_5,404,0.07295234501361847,1.0
l_curve_5,405,0.07274304330348969,1.0
l_curve_5,406,0.0722479373216629,1.0
l_curve_5,407,0.07193481177091599,1.0
l_curve_5,408,0.07169317454099655,1.0
l_curve_5,409,0.07166758924722672,1.0
l_curve_5,410,0.07135213911533356,1.0
l_curve_5,411,0.07108322530984879,1.0
l_curve_5,412,0.07090602815151215,1.0
l_curve_5,413,0.07059843093156815,1.0
l_curve_5,414,0.07025665789842606,1.0
l_curve_5,415,0.07017091661691666,1.0
l_curve_5,416,0.07007337361574173,1.0
l_curve_5,417,0.06984240561723709,1.0
l_curve_5,418,0.0695357695221901,1.0
l_curve_5,419,0.06924405694007874,1.0
l_curve_5,420,0.06897296011447906,1.0
l_curve_5,421,0.06880062818527222,1.0
l_curve_5,422,0.06851419061422348,1.0
l_curve_5,423,0.0682692676782608,1.0
l_curve_5,424,0.06798771023750305,1.0
l_curve_5,425,0.06766839325428009,1.0
l_curve_5,426,0.06735144555568695,1.0
l_curve_5,427,0.06706272065639496,1.0
l_curve_5,428,0.06675904989242554,1.0
l_curve_5,429,0.06657101213932037,1.0
l_curve_5,430,0.06652768701314926,1.0
l_curve_5,431,0.06630727648735046,1.0
l_curve_5,432,0.0660809800028801,1.0
l_curve_5,433,0.06582644581794739,1.0
l_curve_5,434,0.06557486951351166,1.0
l_curve_5,435,0.0654124841094017,1.0
l_curve_5,436,0.06518927216529846,1.0
l_curve_5,437,0.06502459198236465,1.0
l_curve_5,438,0.0645819827914238,1.0
l_curve_5,439,0.0644029751420021,1.0
l_curve_5,440,0.06416493654251099,1.0
l_curve_5,441,0.06379751861095428,1.0
l_curve_5,442,0.06348513066768646,1.0
l_curve_5,443,0.06333894282579422,1.0
l_curve_5,444,0.06304799765348434,1.0
l_curve_5,445,0.06291017681360245,1.0
l_curve_5,446,0.06277288496494293,1.0
l_curve_5,447,0.0627424567937851,1.0
l_curve_5,448,0.0626358836889267,1.0
l_curve_5,449,0.06242900714278221,1.0
l_curve_5,450,0.062312331050634384,1.0
l_curve_5,451,0.062002427875995636,1.0
l_curve_5,452,0.06171359494328499,1.0
l_curve_5,453,0.061426032334566116,1.0
l_curve_5,454,0.061268992722034454,1.0
l_curve_5,455,0.06099439412355423,1.0
l_curve_5,456,0.060695402324199677,1.0
l_curve_5,457,0.06044820323586464,1.0
l_curve_5,458,0.06032552570104599,1.0
l_curve_5,459,0.060015711933374405,1.0
l_curve_5,460,0.05970584601163864,1.0
l_curve_5,461,0.05942077934741974,1.0
l_curve_5,462,0.05917275696992874,1.0
l_curve_5,463,0.059010546654462814,1.0
l_curve_5,464,0.058710940182209015,1.0
l_curve_5,465,0.05830157548189163,1.0
l_curve_5,466,0.058074355125427246,1.0
l_curve_5,467,0.05786651000380516,1.0
l_curve_5,468,0.05773623660206795,1.0
l_curve_5,469,0.057690903544425964,1.0
l_curve_5,470,0.05732225254178047,1.0
l_curve_5,471,0.056960828602313995,1.0
l_curve_5,472,0.05662927031517029,1.0
l_curve_5,473,0.05642884597182274,1.0
l_curve_5,474,0.056231267750263214,1.0
l_curve_5,475,0.05603102967143059,1.0
l_curve_5,476,0.055795807391405106,1.0
l_curve_5,477,0.05553146079182625,1.0
l_curve_5,478,0.05549127236008644,1.0
l_curve_5,479,0.05517129600048065,1.0
l_curve_5,480,0.055022794753313065,1.0
l_curve_5,481,0.05483027920126915,1.0
l_curve_5,482,0.05454987660050392,1.0
l_curve_5,483,0.05429791286587715,1.0
l_curve_5,484,0.05394603684544563,1.0
l_curve_5,485,0.053595107048749924,1.0
l_curve_5,486,0.053343743085861206,1.0
l_curve_5,487,0.05321285128593445,1.0
l_curve_5,488,0.05287797749042511,1.0
l_curve_5,489,0.052472081035375595,1.0
l_curve_5,490,0.05224984139204025,1.0
l_curve_5,491,0.052062466740608215,1.0
l_curve_5,492,0.05191754549741745,1.0
l_curve_5,493,0.051812201738357544,1.0
l_curve_5,494,0.051701825112104416,1.0
l_curve_5,495,0.051508672535419464,1.0
l_curve_5,496,0.051237646490335464,1.0
l_curve_5,497,0.05101605877280235,1.0
l_curve_5,498,0.050841353833675385,1.0
l_curve_5,499,0.0506378598511219,1.0
l_curve_5,500,0.050385572016239166,1.0
l_curve_5,501,0.050200335681438446,1.0
l_curve_5,502,0.050037819892168045,1.0
l_curve_5,503,0.049928177148103714,1.0
l_curve_5,504,0.04971098154783249,1.0
l_curve_5,505,0.04952198639512062,1.0
l_curve_5,506,0.049175579100847244,1.0
l_curve_5,507,0.048910703510046005,1.0
l_curve_5,508,0.04878244921565056,1.0
l_curve_5,509,0.04873821884393692,1.0
l_curve_5,510,0.048461176455020905,1.0
l_curve_5,511,0.048170968890190125,1.0
l_curve_5,512,0.047993745654821396,1.0
l_curve_5,513,0.04775817692279816,1.0
l_curve_5,514,0.047599535435438156,1.0
l_curve_5,515,0.047520045191049576,1.0
l_curve_5,516,0.047272153198719025,1.0
l_curve_5,517,0.04711110144853592,1.0
l_curve_5,518,0.046861547976732254,1.0
l_curve_5,519,0.04648185893893242,1.0
l_curve_5,520,0.0462089441716671,1.0
l_curve_5,521,0.04596786946058273,1.0
l_curve_5,522,0.04587562754750252,1.0
l_curve_5,523,0.045776285231113434,1.0
l_curve_5,524,0.04563874378800392,1.0
l_curve_5,525,0.045454803854227066,1.0
l_curve_5,526,0.045231398195028305,1.0
l_curve_5,527,0.044944848865270615,1.0
l_curve_5,528,0.04459015652537346,1.0
l_curve_5,529,0.04431174322962761,1.0
l_curve_5,530,0.04416204243898392,1.0
l_curve_5,531,0.043918732553720474,1.0
l_curve_5,532,0.043735988438129425,1.0
l_curve_5,533,0.04353698343038559,1.0
l_curve_5,534,0.04327959194779396,1.0
l_curve_5,535,0.04302404448390007,1.0
l_curve_5,536,0.04288876801729202,1.0
l_curve_5,537,0.0426635667681694,1.0
l_curve_5,538,0.04253155738115311,1.0
l_curve_5,539,0.04229652136564255,1.0
l_curve_5,540,0.04223373532295227,1.0
l_curve_5,541,0.04212995991110802,1.0
l_curve_5,542,0.042051006108522415,1.0
l_curve_5,543,0.041841793805360794,1.0
l_curve_5,544,0.04161405935883522,1.0
l_curve_5,545,0.041462261229753494,1.0
l_curve_5,546,0.041262976825237274,1.0
l_curve_5,547,0.040995534509420395,1.0
l_curve_5,548,0.040843673050403595,1.0
l_curve_5,549,0.04066845402121544,1.0
l_curve_5,550,0.040476974099874496,1.0
l_curve_5,551,0.04034433886408806,1.0
l_curve_5,552,0.04026034474372864,1.0
l_curve_5,553,0.040155451744794846,1.0
l_curve_5,554,0.03996475040912628,1.0
l_curve_5,555,0.03978630527853966,1.0
l_curve_5,556,0.039651088416576385,1.0
l_curve_5,557,0.039415761828422546,1.0
l_curve_5,558,0.03922463208436966,1.0
l_curve_5,559,0.039015572518110275,1.0
l_curve_5,560,0.03879615291953087,1.0
l_curve_5,561,0.03855796903371811,1.0
l_curve_5,562,0.03837627172470093,1.0
l_curve_5,563,0.038296882063150406,1.0
l_curve_5,564,0.038255881518125534,1.0
l_curve_5,565,0.03812318295240402,1.0
l_curve_5,566,0.037923455238342285,1.0
l_curve_5,567,0.03771770000457764,1.0
l_curve_5,568,0.037611186504364014,1.0
l_curve_5,569,0.03751296177506447,1.0
l_curve_5,570,0.03734355792403221,1.0
l_curve_5,571,0.037178635597229004,1.0
l_curve_5,572,0.0370667539536953,1.0
l_curve_5,573,0.036949172616004944,1.0
l_curve_5,574,0.03681419789791107,1.0
l_curve_5,575,0.0365728996694088,1.0
l_curve_5,576,0.036486029624938965,1.0
l_curve_5,577,0.03649277240037918,1.0
l_curve_5,578,0.03633495047688484,1.0
l_curve_5,579,0.03604251518845558,1.0
l_curve_5,580,0.03578507900238037,1.0
l_curve_5,581,0.03562910854816437,1.0
l_curve_5,582,0.03547444939613342,1.0
l_curve_5,583,0.03527618199586868,1.0
l_curve_5,584,0.035044074058532715,1.0
l_curve_5,585,0.03491853177547455,1.0
l_curve_5,586,0.034689098596572876,1.0
l_curve_5,587,0.03444204479455948,1.0
l_curve_5,588,0.03425198048353195,1.0
l_curve_5,589,0.034143853932619095,1.0
l_curve_5,590,0.03403126075863838,1.0
l_curve_5,591,0.03395078703761101,1.0
l_curve_5,592,0.03376240283250809,1.0
l_curve_5,593,0.03356262296438217,1.0
l_curve_5,594,0.033422451466321945,1.0
l_curve_5,595,0.033337004482746124,1.0
l_curve_5,596,0.03320144861936569,1.0
l_curve_5,597,0.03301956132054329,1.0
l_curve_5,598,0.0328005813062191,1.0
l_curve_5,599,0.03268532454967499,1.0
l_curve_5,600,0.0325905978679657,1.0
l_curve_5,601,0.032461412250995636,1.0
l_curve_5,602,0.03230367973446846,1.0
l_curve_5,603,0.03211074322462082,1.0
l_curve_5,604,0.03187788277864456,1.0
l_curve_5,605,0.0317099504172802,1.0
l_curve_5,606,0.03161105513572693,1.0
l_curve_5,607,0.03148788958787918,1.0
l_curve_5,608,0.03134625777602196,1.0
l_curve_5,609,0.031220247969031334,1.0
l_curve_5,610,0.0310443677008152,1.0
l_curve_5,611,0.030916772782802582,1.0
l_curve_5,612,0.03080098330974579,1.0
l_curve_5,613,0.030549589544534683,1.0
l_curve_5,614,0.030383354052901268,1.0
l_curve_5,615,0.030259234830737114,1.0
l_curve_5,616,0.03014374151825905,1.0
l_curve_5,617,0.03001289628446102,1.0
l_curve_5,618,0.02991299144923687,1.0
l_curve_5,619,0.02976110950112343,1.0
l_curve_5,620,0.02968984842300415,1.0
l_curve_5,621,0.029495764523744583,1.0
l_curve_5,622,0.029361682012677193,1.0
l_curve_5,623,0.029254810884594917,1.0
l_curve_5,624,0.02921282686293125,1.0
l_curve_5,625,0.02909162826836109,1.0
l_curve_5,626,0.028921891003847122,1.0
l_curve_5,627,0.028758423402905464,1.0
l_curve_5,628,0.028678996488451958,1.0
l_curve_5,629,0.02860838733613491,1.0
l_curve_5,630,0.0285350251942873,1.0
l_curve_5,631,0.028434529900550842,1.0
l_curve_5,632,0.028248438611626625,1.0
l_curve_5,633,0.028133505955338478,1.0
l_curve_5,634,0.028034156188368797,1.0
l_curve_5,635,0.02790050022304058,1.0
l_curve_5,636,0.02774503082036972,1.0
l_curve_5,637,0.02764938771724701,1.0
l_curve_5,638,0.027557943016290665,1.0
l_curve_5,639,0.027435557916760445,1.0
l_curve_5,640,0.027302222326397896,1.0
l_curve_5,641,0.027132466435432434,1.0
l_curve_5,642,0.02697339467704296,1.0
l_curve_5,643,0.026797305792570114,1.0
l_curve_5,644,0.026705123484134674,1.0
l_curve_5,645,0.026564989238977432,1.0
l_curve_5,646,0.02639736421406269,1.0
l_curve_5,647,0.026276040822267532,1.0
l_curve_5,648,0.0261528380215168,1.0
l_curve_5,649,0.02605472505092621,1.0
l_curve_5,650,0.02597712352871895,1.0
l_curve_5,651,0.025907229632139206,1.0
l_curve_5,652,0.025854788720607758,1.0
l_curve_5,653,0.025788241997361183,1.0
l_curve_5,654,0.02571011707186699,1.0
l_curve_5,655,0.025578411296010017,1.0
l_curve_5,656,0.025455091148614883,1.0
l_curve_5,657,0.02531231939792633,1.0
l_curve_5,658,0.025218453258275986,1.0
l_curve_5,659,0.025103004649281502,1.0
l_curve_5,660,0.025015780702233315,1.0
l_curve_5,661,0.02494564838707447,1.0
l_curve_5,662,0.024889346212148666,1.0
l_curve_5,663,0.024776913225650787,1.0
l_curve_5,664,0.02469354309141636,1.0
l_curve_5,665,0.024561282247304916,1.0
l_curve_5,666,0.024454040452837944,1.0
l_curve_5,667,0.024334486573934555,1.0
l_curve_5,668,0.024145035073161125,1.0
l_curve_5,669,0.024071671068668365,1.0
l_curve_5,670,0.02399950847029686,1.0
l_curve_5,671,0.023879539221525192,1.0
l_curve_5,672,0.023793498054146767,1.0
l_curve_5,673,0.023659324273467064,1.0
l_curve_5,674,0.023586541414260864,1.0
l_curve_5,675,0.023498788475990295,1.0
l_curve_5,676,0.023378944024443626,1.0
l_curve_5,677,0.023279184475541115,1.0
l_curve_5,678,0.023171817883849144,1.0
l_curve_5,679,0.02307221293449402,1.0
l_curve_5,680,0.023001497611403465,1.0
l_curve_5,681,0.022884976118803024,1.0
l_curve_5,682,0.022792311385273933,1.0
l_curve_5,683,0.02270437963306904,1.0
l_curve_5,684,0.02257525734603405,1.0
l_curve_5,685,0.02247922308743,1.0
l_curve_5,686,0.022376930341124535,1.0
l_curve_5,687,0.022247210144996643,1.0
l_curve_5,688,0.02209128998219967,1.0
l_curve_5,689,0.021988343447446823,1.0
l_curve_5,690,0.021940652281045914,1.0
l_curve_5,691,0.021824708208441734,1.0
l_curve_5,692,0.021747039631009102,1.0
l_curve_5,693,0.02167491987347603,1.0
l_curve_5,694,0.021565552800893784,1.0
l_curve_5,695,0.021571217104792595,1.0
l_curve_5,696,0.021487388759851456,1.0
l_curve_5,697,0.021398311480879784,1.0
l_curve_5,698,0.02130187302827835,1.0
l_curve_5,699,0.02122856117784977,1.0
l_curve_5,700,0.021160384640097618,1.0
l_curve_5,701,0.021138545125722885,1.0
l_curve_5,702,0.02104945108294487,1.0
l_curve_5,703,0.020940473303198814,1.0
l_curve_5,704,0.02087169513106346,1.0
l_curve_5,705,0.02076232060790062,1.0
l_curve_5,706,0.020696058869361877,1.0
l_curve_5,707,0.02071128413081169,1.0
l_curve_5,708,0.02073199674487114,1.0
l_curve_5,709,0.02061988227069378,1.0
l_curve_5,710,0.0204402357339859,1.0
l_curve_5,711,0.020294154062867165,1.0
l_curve_5,712,0.020146135240793228,1.0
l_curve_5,713,0.02005108818411827,1.0
l_curve_5,714,0.01997840777039528,1.0
l_curve_5,715,0.01994667388498783,1.0
l_curve_5,716,0.01986563764512539,1.0
l_curve_5,717,0.01979880779981613,1.0
l_curve_5,718,0.019712215289473534,1.0
l_curve_5,719,0.01960282400250435,1.0
l_curve_5,720,0.01952628791332245,1.0
l_curve_5,721,0.019410239532589912,1.0
l_curve_5,722,0.019275233149528503,1.0
l_curve_5,723,0.01916223019361496,1.0
l_curve_5,724,0.019045701250433922,1.0
l_curve_5,725,0.018940934911370277,1.0
l_curve_5,726,0.018879778683185577,1.0
l_curve_5,727,0.018817882984876633,1.0
l_curve_5,728,0.018685318529605865,1.0
l_curve_5,729,0.018567251041531563,1.0
l_curve_5,730,0.018478000536561012,1.0
l_curve_5,731,0.018403975293040276,1.0
l_curve_5,732,0.01829189620912075,1.0
l_curve_5,733,0.01827915944159031,1.0
l_curve_5,734,0.018244551494717598,1.0
l_curve_5,735,0.018197549507021904,1.0
l_curve_5,736,0.01815778948366642,1.0
l_curve_5,737,0.01808507926762104,1.0
l_curve_5,738,0.018061881884932518,1.0
l_curve_5,739,0.017948299646377563,1.0
l_curve_5,740,0.01784597523510456,1.0
l_curve_5,741,0.01777721382677555,1.0
l_curve_5,742,0.017713889479637146,1.0
l_curve_5,743,0.017679603770375252,1.0
l_curve_5,744,0.017608560621738434,1.0
l_curve_5,745,0.01748567633330822,1.0
l_curve_5,746,0.017397010698914528,1.0
l_curve_5,747,0.0173476692289114,1.0
l_curve_5,748,0.01728418469429016,1.0
l_curve_5,749,0.017208829522132874,1.0
l_curve_5,750,0.01713469624519348,1.0
l_curve_5,751,0.017080416902899742,1.0
l_curve_5,752,0.017001619562506676,1.0
l_curve_5,753,0.016935858875513077,1.0
l_curve_5,754,0.016885356977581978,1.0
l_curve_5,755,0.01684083230793476,1.0
l_curve_5,756,0.016760457307100296,1.0
l_curve_5,757,0.016705112531781197,1.0
l_curve_5,758,0.016616592183709145,1.0
l_curve_5,759,0.016552593559026718,1.0
l_curve_5,760,0.016492614522576332,1.0
l_curve_5,761,0.016449403017759323,1.0
l_curve_5,762,0.01636185310781002,1.0
l_curve_5,763,0.016320668160915375,1.0
l_curve_5,764,0.016254523769021034,1.0
l_curve_5,765,0.01618286967277527,1.0
l_curve_5,766,0.016109807416796684,1.0
l_curve_5,767,0.016021549701690674,1.0
l_curve_5,768,0.015925312414765358,1.0
l_curve_5,769,0.015899959951639175,1.0
l_curve_5,770,0.015860656276345253,1.0
l_curve_5,771,0.015818258747458458,1.0
l_curve_5,772,0.01574556529521942,1.0
l_curve_5,773,0.01568349078297615,1.0
l_curve_5,774,0.015596665441989899,1.0
l_curve_5,775,0.015508432872593403,1.0
l_curve_5,776,0.01545086968690157,1.0
l_curve_5,777,0.015442945063114166,1.0
l_curve_5,778,0.01541572343558073,1.0
l_curve_5,779,0.015443408861756325,1.0
l_curve_5,780,0.015391807071864605,1.0
l_curve_5,781,0.01531339529901743,1.0
l_curve_5,782,0.015246652066707611,1.0
l_curve_5,783,0.015180579386651516,1.0
l_curve_5,784,0.015118937939405441,1.0
l_curve_5,785,0.015079611912369728,1.0
l_curve_5,786,0.014975761994719505,1.0
l_curve_5,787,0.014882097952067852,1.0
l_curve_5,788,0.014763322658836842,1.0
l_curve_5,789,0.014697049744427204,1.0
l_curve_5,790,0.014653344638645649,1.0
l_curve_5,791,0.014638924971222878,1.0
l_curve_5,792,0.014592810533940792,1.0
l_curve_5,793,0.014547307044267654,1.0
l_curve_5,794,0.014515469782054424,1.0
l_curve_5,795,0.014454481191933155,1.0
l_curve_5,796,0.014388930052518845,1.0
l_curve_5,797,0.014334985055029392,1.0
l_curve_5,798,0.014259696006774902,1.0
l_curve_5,799,0.014212253503501415,1.0
l_curve_5,800,0.014161808416247368,1.0
l_curve_5,801,0.01408527884632349,1.0
l_curve_5,802,0.01402435451745987,1.0
l_curve_5,803,0.014004851691424847,1.0
l_curve_5,804,0.013920867815613747,1.0
l_curve_5,805,0.013862991705536842,1.0
l_curve_5,806,0.013805021531879902,1.0
l_curve_5,807,0.013755964115262032,1.0
l_curve_5,808,0.013685260899364948,1.0
l_curve_5,809,0.013617254793643951,1.0
l_curve_5,810,0.013565937988460064,1.0
l_curve_5,811,0.01350901648402214,1.0
l_curve_5,812,0.013503866270184517,1.0
l_curve_5,813,0.013443619012832642,1.0
l_curve_5,814,0.013409726321697235,1.0
l_curve_5,815,0.013331499882042408,1.0
l_curve_5,816,0.013242537155747414,1.0
l_curve_5,817,0.013182495720684528,1.0
l_curve_5,818,0.013187926262617111,1.0
l_curve_5,819,0.013163058087229729,1.0
l_curve_5,820,0.013112612999975681,1.0
l_curve_5,821,0.013044138438999653,1.0
l_curve_5,822,0.012988653965294361,1.0
l_curve_5,823,0.012935099191963673,1.0
l_curve_5,824,0.012874297797679901,1.0
l_curve_5,825,0.012761952355504036,1.0
l_curve_5,826,0.01269772183150053,1.0
l_curve_5,827,0.0126209557056427,1.0
l_curve_5,828,0.012555484659969807,1.0
l_curve_5,829,0.012512166984379292,1.0
l_curve_5,830,0.012460965663194656,1.0
l_curve_5,831,0.012451107613742352,1.0
l_curve_5,832,0.012458603829145432,1.0
l_curve_5,833,0.012457366101443768,1.0
l_curve_5,834,0.012418934144079685,1.0
l_curve_5,835,0.012362712994217873,1.0
l_curve_5,836,0.012308691628277302,1.0
l_curve_5,837,0.01226242259144783,1.0
l_curve_5,838,0.012194639071822166,1.0
l_curve_5,839,0.012160299345850945,1.0
l_curve_5,840,0.0121151152998209,1.0
l_curve_5,841,0.012073482386767864,1.0
l_curve_5,842,0.011986615136265755,1.0
l_curve_5,843,0.011920555494725704,1.0
l_curve_5,844,0.011847798712551594,1.0
l_curve_5,845,0.011809492483735085,1.0
l_curve_5,846,0.01179778203368187,1.0
l_curve_5,847,0.011744201183319092,1.0
l_curve_5,848,0.011699391528964043,1.0
l_curve_5,849,0.011640999466180801,1.0
l_curve_5,850,0.011610867455601692,1.0
l_curve_5,851,0.011567222885787487,1.0
l_curve_5,852,0.011518750339746475,1.0
l_curve_5,853,0.011480052955448627,1.0
l_curve_5,854,0.011442244052886963,1.0
l_curve_5,855,0.011442644521594048,1.0
l_curve_5,856,0.011406856589019299,1.0
l_curve_5,857,0.011340122669935226,1.0
l_curve_5,858,0.011287285014986992,1.0
l_curve_5,859,0.011245982721447945,1.0
l_curve_5,860,0.011194462887942791,1.0
l_curve_5,861,0.011161649599671364,1.0
l_curve_5,862,0.011113064363598824,1.0
l_curve_5,863,0.01107692625373602,1.0
l_curve_5,864,0.01102990098297596,1.0
l_curve_5,865,0.010996568948030472,1.0
l_curve_5,866,0.010961984284222126,1.0
l_curve_5,867,0.010887286625802517,1.0
l_curve_5,868,0.01081662904471159,1.0
l_curve_5,869,0.010804773308336735,1.0
l_curve_5,870,0.010769215412437916,1.0
l_curve_5,871,0.010707809589803219,1.0
l_curve_5,872,0.010646372102200985,1.0
l_curve_5,873,0.010608579032123089,1.0
l_curve_5,874,0.010595230385661125,1.0
l_curve_5,875,0.010571600869297981,1.0
l_curve_5,876,0.010543471202254295,1.0
l_curve_5,877,0.01054934412240982,1.0
l_curve_5,878,0.010516245849430561,1.0
l_curve_5,879,0.010478820651769638,1.0
l_curve_5,880,0.01043354719877243,1.0
l_curve_5,881,0.010397959500551224,1.0
l_curve_5,882,0.010377093218266964,1.0
l_curve_5,883,0.010347874835133553,1.0
l_curve_5,884,0.010334336198866367,1.0
l_curve_5,885,0.010336481034755707,1.0
l_curve_5,886,0.010278202593326569,1.0
l_curve_5,887,0.010262739844620228,1.0
l_curve_5,888,0.010200131684541702,1.0
l_curve_5,889,0.010104535147547722,1.0
l_curve_5,890,0.01004322525113821,1.0
l_curve_5,891,0.009965824894607067,1.0
l_curve_5,892,0.00990748219192028,1.0
l_curve_5,893,0.009878723882138729,1.0
l_curve_5,894,0.009857193566858768,1.0
l_curve_5,895,0.00985032506287098,1.0
l_curve_5,896,0.009842760860919952,1.0
l_curve_5,897,0.0098421610891819,1.0
l_curve_5,898,0.009812122210860252,1.0
l_curve_5,899,0.009729588404297829,1.0
l_curve_5,900,0.009671143256127834,1.0
l_curve_5,901,0.009636358357965946,1.0
l_curve_5,902,0.009637946262955666,1.0
l_curve_5,903,0.009621821343898773,1.0
l_curve_5,904,0.009604518301784992,1.0
l_curve_5,905,0.00959595013409853,1.0
l_curve_5,906,0.009569662623107433,1.0
l_curve_5,907,0.0095388013869524,1.0
l_curve_5,908,0.009497221559286118,1.0
l_curve_5,909,0.009430024772882462,1.0
l_curve_5,910,0.009369094856083393,1.0
l_curve_5,911,0.009331374429166317,1.0
l_curve_5,912,0.009317363612353802,1.0
l_curve_5,913,0.009294690564274788,1.0
l_curve_5,914,0.009280241094529629,1.0
l_curve_5,915,0.009250154718756676,1.0
l_curve_5,916,0.009183579124510288,1.0
l_curve_5,917,0.009143759496510029,1.0
l_curve_5,918,0.009121640585362911,1.0
l_curve_5,919,0.009109397418797016,1.0
l_curve_5,920,0.00908726453781128,1.0
l_curve_5,921,0.009042046032845974,1.0
l_curve_5,922,0.008999974466860294,1.0
l_curve_5,923,0.008943148888647556,1.0
l_curve_5,924,0.008921829052269459,1.0
l_curve_5,925,0.008903196081519127,1.0
l_curve_5,926,0.008858822286128998,1.0
l_curve_5,927,0.008812839165329933,1.0
l_curve_5,928,0.00877894926816225,1.0
l_curve_5,929,0.008738775737583637,1.0
l_curve_5,930,0.00873278547078371,1.0
l_curve_5,931,0.008721848949790001,1.0
l_curve_5,932,0.008689910173416138,1.0
l_curve_5,933,0.00864420086145401,1.0
l_curve_5,934,0.008612321689724922,1.0
l_curve_5,935,0.0086006298661232,1.0
l_curve_5,936,0.008579952642321587,1.0
l_curve_5,937,0.008534092456102371,1.0
l_curve_5,938,0.008523221127688885,1.0
l_curve_5,939,0.008465442806482315,1.0
l_curve_5,940,0.008428530767560005,1.0
l_curve_5,941,0.008361436426639557,1.0
l_curve_5,942,0.008333520963788033,1.0
l_curve_5,943,0.008320661261677742,1.0
l_curve_5,944,0.008327333256602287,1.0
l_curve_5,945,0.008281215094029903,1.0
l_curve_5,946,0.008244388736784458,1.0
l_curve_5,947,0.008232837542891502,1.0
l_curve_5,948,0.00817581545561552,1.0
l_curve_5,949,0.008151436224579811,1.0
l_curve_5,950,0.008109075948596,1.0
l_curve_5,951,0.00808960385620594,1.0
l_curve_5,952,0.008071986958384514,1.0
l_curve_5,953,0.008077442646026611,1.0
l_curve_5,954,0.008103796280920506,1.0
l_curve_5,955,0.008113930933177471,1.0
l_curve_5,956,0.008074169047176838,1.0
l_curve_5,957,0.00801444798707962,1.0
l_curve_5,958,0.007946011610329151,1.0
l_curve_5,959,0.007915837690234184,1.0
l_curve_5,960,0.007892136462032795,1.0
l_curve_5,961,0.00786520168185234,1.0
l_curve_5,962,0.007808976341038942,1.0
l_curve_5,963,0.007770112715661526,1.0
l_curve_5,964,0.007728602737188339,1.0
l_curve_5,965,0.00770784355700016,1.0
l_curve_5,966,0.007684333715587854,1.0
l_curve_5,967,0.0076756784692406654,1.0
l_curve_5,968,0.007649291772395372,1.0
l_curve_5,969,0.007614796981215477,1.0
l_curve_5,970,0.007578084710985422,1.0
l_curve_5,971,0.0075343335047364235,1.0
l_curve_5,972,0.00751185929402709,1.0
l_curve_5,973,0.007510381285101175,1.0
l_curve_5,974,0.007505547255277634,1.0
l_curve_5,975,0.0074914502911269665,1.0
l_curve_5,976,0.007462245412170887,1.0
l_curve_5,977,0.007425632327795029,1.0
l_curve_5,978,0.007375250104814768,1.0
l_curve_5,979,0.00735066831111908,1.0
l_curve_5,980,0.007344223093241453,1.0
l_curve_5,981,0.007308695465326309,1.0
l_curve_5,982,0.0072785490192472935,1.0
l_curve_5,983,0.007254342082887888,1.0
l_curve_5,984,0.007223817054182291,1.0
l_curve_5,985,0.007185584865510464,1.0
l_curve_5,986,0.00716886343434453,1.0
l_curve_5,987,0.007138498593121767,1.0
l_curve_5,988,0.007113684434443712,1.0
l_curve_5,989,0.007107533048838377,1.0
l_curve_5,990,0.007098189555108547,1.0
l_curve_5,991,0.0070822411216795444,1.0
l_curve_5,992,0.007060374598950148,1.0
l_curve_5,993,0.007047940511256456,1.0
l_curve_5,994,0.007041954435408115,1.0
l_curve_5,995,0.006999071221798658,1.0
l_curve_5,996,0.006960976868867874,1.0
l_curve_5,997,0.0069350372068583965,1.0
l_curve_5,998,0.0069058118388056755,1.0
l_curve_5,999,0.006885791663080454,1.0
l_curve_5,1000,0.006857804488390684,1.0
l_curve_5,1000,0.006857804488390684,1.0
