client,round,loss,accuracy
l_curve_3,1,0.9928848147392273,0.1764705926179886
l_curve_3,2,0.9772065281867981,0.1764705926179886
l_curve_3,3,0.9623732566833496,0.1764705926179886
l_curve_3,4,0.9485726356506348,0.1764705926179886
l_curve_3,5,0.9347156882286072,0.1764705926179886
l_curve_3,6,0.9210009574890137,0.1764705926179886
l_curve_3,7,0.9078094363212585,0.1764705926179886
l_curve_3,8,0.895340621471405,0.2647058963775635
l_curve_3,9,0.8836356401443481,0.29411765933036804
l_curve_3,10,0.8717752695083618,0.29411765933036804
l_curve_3,11,0.8598505854606628,0.29411765933036804
l_curve_3,12,0.8487452864646912,0.3235294222831726
l_curve_3,13,0.8384841084480286,0.3529411852359772
l_curve_3,14,0.8293666243553162,0.3529411852359772
l_curve_3,15,0.8207982182502747,0.3529411852359772
l_curve_3,16,0.8124625086784363,0.3529411852359772
l_curve_3,17,0.8037524223327637,0.3529411852359772
l_curve_3,18,0.795394241809845,0.38235294818878174
l_curve_3,19,0.7876232266426086,0.38235294818878174
l_curve_3,20,0.780153751373291,0.4117647111415863
l_curve_3,21,0.7724629640579224,0.4117647111415863
l_curve_3,22,0.765023946762085,0.4117647111415863
l_curve_3,23,0.7581639289855957,0.44117647409439087
l_curve_3,24,0.7517735362052917,0.44117647409439087
l_curve_3,25,0.745602548122406,0.44117647409439087
l_curve_3,26,0.7395308017730713,0.44117647409439087
l_curve_3,27,0.7335709929466248,0.5
l_curve_3,28,0.7278830409049988,0.5
l_curve_3,29,0.7219516038894653,0.5
l_curve_3,30,0.7159600257873535,0.5
l_curve_3,31,0.7105948328971863,0.529411792755127
l_curve_3,32,0.7045044898986816,0.5882353186607361
l_curve_3,33,0.6984833478927612,0.6764705777168274
l_curve_3,34,0.6925035715103149,0.6764705777168274
l_curve_3,35,0.6875303387641907,0.7058823704719543
l_curve_3,36,0.682575523853302,0.7352941036224365
l_curve_3,37,0.6778720021247864,0.7352941036224365
l_curve_3,38,0.6733235716819763,0.7647058963775635
l_curve_3,39,0.6688904762268066,0.7941176295280457
l_curve_3,40,0.6641680002212524,0.7941176295280457
l_curve_3,41,0.6595817804336548,0.7941176295280457
l_curve_3,42,0.6549577713012695,0.7941176295280457
l_curve_3,43,0.6508661508560181,0.8235294222831726
l_curve_3,44,0.6463433504104614,0.8235294222831726
l_curve_3,45,0.6419976353645325,0.8235294222831726
l_curve_3,46,0.6379292011260986,0.8235294222831726
l_curve_3,47,0.6337800025939941,0.8235294222831726
l_curve_3,48,0.6293885707855225,0.8529411554336548
l_curve_3,49,0.6250882148742676,0.8529411554336548
l_curve_3,50,0.6209084987640381,0.8529411554336548
l_curve_3,51,0.6168398261070251,0.8529411554336548
l_curve_3,52,0.6124472618103027,0.8529411554336548
l_curve_3,53,0.6080661416053772,0.8529411554336548
l_curve_3,54,0.6038827896118164,0.8235294222831726
l_curve_3,55,0.6001496315002441,0.8235294222831726
l_curve_3,56,0.5962433218955994,0.8529411554336548
l_curve_3,57,0.5927284359931946,0.8529411554336548
l_curve_3,58,0.5892781019210815,0.8529411554336548
l_curve_3,59,0.5856870412826538,0.8529411554336548
l_curve_3,60,0.582072913646698,0.8529411554336548
l_curve_3,61,0.5784276723861694,0.8529411554336548
l_curve_3,62,0.5751863121986389,0.8529411554336548
l_curve_3,63,0.5717470049858093,0.8529411554336548
l_curve_3,64,0.5684163570404053,0.8529411554336548
l_curve_3,65,0.5653818249702454,0.8529411554336548
l_curve_3,66,0.5623831748962402,0.8529411554336548
l_curve_3,67,0.5592769384384155,0.8529411554336548
l_curve_3,68,0.5558465719223022,0.8529411554336548
l_curve_3,69,0.5527113080024719,0.8529411554336548
l_curve_3,70,0.5492271184921265,0.8529411554336548
l_curve_3,71,0.5458090305328369,0.8529411554336548
l_curve_3,72,0.5425644516944885,0.8529411554336548
l_curve_3,73,0.539196789264679,0.8529411554336548
l_curve_3,74,0.5359826683998108,0.8529411554336548
l_curve_3,75,0.532699704170227,0.8529411554336548
l_curve_3,76,0.5293685793876648,0.8529411554336548
l_curve_3,77,0.5257634520530701,0.8529411554336548
l_curve_3,78,0.5225945115089417,0.8529411554336548
l_curve_3,79,0.5194533467292786,0.8529411554336548
l_curve_3,80,0.5161526799201965,0.8529411554336548
l_curve_3,81,0.5130716562271118,0.8529411554336548
l_curve_3,82,0.5101323127746582,0.8529411554336548
l_curve_3,83,0.5070292949676514,0.8823529481887817
l_curve_3,84,0.5039510130882263,0.9117646813392639
l_curve_3,85,0.5005521774291992,0.9117646813392639
l_curve_3,86,0.4971856474876404,0.9117646813392639
l_curve_3,87,0.4937625825405121,0.9117646813392639
l_curve_3,88,0.4906923770904541,0.9117646813392639
l_curve_3,89,0.4879244565963745,0.9117646813392639
l_curve_3,90,0.4853089153766632,0.9117646813392639
l_curve_3,91,0.48224613070487976,0.9411764740943909
l_curve_3,92,0.47927239537239075,0.9411764740943909
l_curve_3,93,0.4761776030063629,0.9411764740943909
l_curve_3,94,0.4732934832572937,0.9411764740943909
l_curve_3,95,0.4706062972545624,0.9411764740943909
l_curve_3,96,0.46793410181999207,0.9411764740943909
l_curve_3,97,0.4650546610355377,0.9411764740943909
l_curve_3,98,0.4622383415699005,0.9411764740943909
l_curve_3,99,0.4595825672149658,0.970588207244873
l_curve_3,100,0.45675724744796753,0.970588207244873
l_curve_3,101,0.4537399411201477,0.970588207244873
l_curve_3,102,0.4503847360610962,0.970588207244873
l_curve_3,103,0.44730210304260254,0.970588207244873
l_curve_3,104,0.4437812864780426,0.970588207244873
l_curve_3,105,0.4406212568283081,0.970588207244873
l_curve_3,106,0.43773338198661804,0.970588207244873
l_curve_3,107,0.434623658657074,0.970588207244873
l_curve_3,108,0.4315110445022583,0.970588207244873
l_curve_3,109,0.42835095524787903,0.970588207244873
l_curve_3,110,0.4252638816833496,0.970588207244873
l_curve_3,111,0.42213523387908936,0.970588207244873
l_curve_3,112,0.41907793283462524,0.970588207244873
l_curve_3,113,0.41627371311187744,0.970588207244873
l_curve_3,114,0.4134361147880554,0.970588207244873
l_curve_3,115,0.410724401473999,0.970588207244873
l_curve_3,116,0.40805384516716003,0.970588207244873
l_curve_3,117,0.4054185450077057,0.970588207244873
l_curve_3,118,0.40288063883781433,0.970588207244873
l_curve_3,119,0.4005313217639923,0.970588207244873
l_curve_3,120,0.3980320394039154,0.970588207244873
l_curve_3,121,0.3954259157180786,0.970588207244873
l_curve_3,122,0.3928358554840088,0.970588207244873
l_curve_3,123,0.3900303542613983,0.970588207244873
l_curve_3,124,0.3872717320919037,0.970588207244873
l_curve_3,125,0.38445785641670227,0.970588207244873
l_curve_3,126,0.38183045387268066,0.970588207244873
l_curve_3,127,0.37918397784233093,0.970588207244873
l_curve_3,128,0.3763101398944855,0.970588207244873
l_curve_3,129,0.37359920144081116,0.970588207244873
l_curve_3,130,0.3710266947746277,0.970588207244873
l_curve_3,131,0.3684532940387726,0.970588207244873
l_curve_3,132,0.3657480478286743,0.970588207244873
l_curve_3,133,0.3627528250217438,0.970588207244873
l_curve_3,134,0.35983705520629883,0.970588207244873
l_curve_3,135,0.35682785511016846,0.970588207244873
l_curve_3,136,0.3541050851345062,0.970588207244873
l_curve_3,137,0.3513669967651367,0.970588207244873
l_curve_3,138,0.3485485911369324,1.0
l_curve_3,139,0.3457280099391937,1.0
l_curve_3,140,0.34301528334617615,1.0
l_curve_3,141,0.3404412865638733,1.0
l_curve_3,142,0.3375941216945648,1.0
l_curve_3,143,0.33477136492729187,1.0
l_curve_3,144,0.3319980800151825,1.0
l_curve_3,145,0.32948535680770874,1.0
l_curve_3,146,0.32678574323654175,1.0
l_curve_3,147,0.32385653257369995,1.0
l_curve_3,148,0.3209534287452698,1.0
l_curve_3,149,0.31810832023620605,1.0
l_curve_3,150,0.3152148127555847,1.0
l_curve_3,151,0.31251758337020874,1.0
l_curve_3,152,0.3100682199001312,1.0
l_curve_3,153,0.3077287971973419,1.0
l_curve_3,154,0.30513995885849,0.970588207244873
l_curve_3,155,0.30281221866607666,0.970588207244873
l_curve_3,156,0.3003217577934265,0.970588207244873
l_curve_3,157,0.2978430390357971,0.970588207244873
l_curve_3,158,0.2954258620738983,0.970588207244873
l_curve_3,159,0.29325857758522034,0.970588207244873
l_curve_3,160,0.2909853458404541,0.970588207244873
l_curve_3,161,0.28863564133644104,0.970588207244873
l_curve_3,162,0.2863210439682007,0.970588207244873
l_curve_3,163,0.2839677929878235,0.970588207244873
l_curve_3,164,0.281655877828598,0.970588207244873
l_curve_3,165,0.27930036187171936,0.970588207244873
l_curve_3,166,0.2770741879940033,0.970588207244873
l_curve_3,167,0.2748357355594635,0.970588207244873
l_curve_3,168,0.2724858820438385,0.970588207244873
l_curve_3,169,0.2702946960926056,0.970588207244873
l_curve_3,170,0.26827073097229004,0.970588207244873
l_curve_3,171,0.26623669266700745,0.970588207244873
l_curve_3,172,0.2640913128852844,0.970588207244873
l_curve_3,173,0.2619800865650177,0.970588207244873
l_curve_3,174,0.2596266269683838,0.970588207244873
l_curve_3,175,0.2575978934764862,0.970588207244873
l_curve_3,176,0.2555569112300873,0.970588207244873
l_curve_3,177,0.2537086606025696,0.970588207244873
l_curve_3,178,0.25187936425209045,0.970588207244873
l_curve_3,179,0.2502141296863556,0.970588207244873
l_curve_3,180,0.24826084077358246,0.970588207244873
l_curve_3,181,0.246491938829422,0.970588207244873
l_curve_3,182,0.24456609785556793,0.970588207244873
l_curve_3,183,0.24276186525821686,0.970588207244873
l_curve_3,184,0.2411459982395172,0.970588207244873
l_curve_3,185,0.2395968735218048,0.970588207244873
l_curve_3,186,0.23803268373012543,0.970588207244873
l_curve_3,187,0.23641681671142578,0.970588207244873
l_curve_3,188,0.23483584821224213,0.970588207244873
l_curve_3,189,0.23303116858005524,0.970588207244873
l_curve_3,190,0.2313583940267563,0.970588207244873
l_curve_3,191,0.22969162464141846,0.970588207244873
l_curve_3,192,0.2282358556985855,0.970588207244873
l_curve_3,193,0.2266470491886139,0.970588207244873
l_curve_3,194,0.22489498555660248,0.970588207244873
l_curve_3,195,0.2231818586587906,0.970588207244873
l_curve_3,196,0.2216682732105255,0.970588207244873
l_curve_3,197,0.22026003897190094,0.970588207244873
l_curve_3,198,0.21879729628562927,0.970588207244873
l_curve_3,199,0.21726571023464203,0.970588207244873
l_curve_3,200,0.2159876674413681,0.970588207244873
l_curve_3,201,0.21471931040287018,0.970588207244873
l_curve_3,202,0.21359294652938843,0.970588207244873
l_curve_3,203,0.21234416961669922,0.970588207244873
l_curve_3,204,0.2109149694442749,0.970588207244873
l_curve_3,205,0.20967774093151093,0.970588207244873
l_curve_3,206,0.20847807824611664,0.970588207244873
l_curve_3,207,0.20738351345062256,0.970588207244873
l_curve_3,208,0.2062528282403946,0.970588207244873
l_curve_3,209,0.20508725941181183,0.970588207244873
l_curve_3,210,0.20387455821037292,0.970588207244873
l_curve_3,211,0.20273227989673615,0.970588207244873
l_curve_3,212,0.2017340511083603,0.970588207244873
l_curve_3,213,0.20074407756328583,0.970588207244873
l_curve_3,214,0.1997736394405365,0.970588207244873
l_curve_3,215,0.19890262186527252,0.970588207244873
l_curve_3,216,0.19808372855186462,0.970588207244873
l_curve_3,217,0.1972407102584839,0.970588207244873
l_curve_3,218,0.19631800055503845,0.970588207244873
l_curve_3,219,0.1951058804988861,0.970588207244873
l_curve_3,220,0.19380417466163635,0.970588207244873
l_curve_3,221,0.19276297092437744,0.970588207244873
l_curve_3,222,0.19189812242984772,0.970588207244873
l_curve_3,223,0.19132789969444275,0.970588207244873
l_curve_3,224,0.1906351000070572,0.970588207244873
l_curve_3,225,0.1898346096277237,0.970588207244873
l_curve_3,226,0.18915820121765137,0.970588207244873
l_curve_3,227,0.1884213089942932,0.970588207244873
l_curve_3,228,0.18757416307926178,0.970588207244873
l_curve_3,229,0.18689937889575958,0.970588207244873
l_curve_3,230,0.18631860613822937,0.970588207244873
l_curve_3,231,0.18552850186824799,0.970588207244873
l_curve_3,232,0.18490304052829742,0.970588207244873
l_curve_3,233,0.18442858755588531,0.970588207244873
l_curve_3,234,0.1838458627462387,0.970588207244873
l_curve_3,235,0.18330207467079163,0.970588207244873
l_curve_3,236,0.1826144903898239,0.970588207244873
l_curve_3,237,0.18204829096794128,0.970588207244873
l_curve_3,238,0.18146438896656036,0.970588207244873
l_curve_3,239,0.18066424131393433,0.970588207244873
l_curve_3,240,0.17987997829914093,0.970588207244873
l_curve_3,241,0.17927150428295135,0.970588207244873
l_curve_3,242,0.17845211923122406,0.970588207244873
l_curve_3,243,0.17768117785453796,0.970588207244873
l_curve_3,244,0.17700053751468658,0.970588207244873
l_curve_3,245,0.17628487944602966,0.970588207244873
l_curve_3,246,0.1757829189300537,0.970588207244873
l_curve_3,247,0.1751800775527954,0.970588207244873
l_curve_3,248,0.17459678649902344,0.970588207244873
l_curve_3,249,0.17392908036708832,0.970588207244873
l_curve_3,250,0.17319782078266144,0.970588207244873
l_curve_3,251,0.1725526601076126,0.970588207244873
l_curve_3,252,0.17209869623184204,0.970588207244873
l_curve_3,253,0.171579509973526,0.970588207244873
l_curve_3,254,0.1711806058883667,0.970588207244873
l_curve_3,255,0.17069880664348602,0.970588207244873
l_curve_3,256,0.17031510174274445,0.970588207244873
l_curve_3,257,0.1700822412967682,0.970588207244873
l_curve_3,258,0.16965512931346893,0.970588207244873
l_curve_3,259,0.1693519949913025,0.970588207244873
l_curve_3,260,0.1689838320016861,0.970588207244873
l_curve_3,261,0.16849197447299957,0.970588207244873
l_curve_3,262,0.16808107495307922,0.970588207244873
l_curve_3,263,0.16769543290138245,0.970588207244873
l_curve_3,264,0.16716620326042175,0.970588207244873
l_curve_3,265,0.1667523980140686,0.970588207244873
l_curve_3,266,0.1662786453962326,0.970588207244873
l_curve_3,267,0.16557440161705017,0.970588207244873
l_curve_3,268,0.16492478549480438,0.970588207244873
l_curve_3,269,0.16404405236244202,0.970588207244873
l_curve_3,270,0.16315752267837524,0.970588207244873
l_curve_3,271,0.16228730976581573,0.970588207244873
l_curve_3,272,0.1616111695766449,0.970588207244873
l_curve_3,273,0.16098663210868835,0.970588207244873
l_curve_3,274,0.1604102998971939,0.970588207244873
l_curve_3,275,0.16008085012435913,0.970588207244873
l_curve_3,276,0.15955786406993866,0.970588207244873
l_curve_3,277,0.15923476219177246,0.970588207244873
l_curve_3,278,0.1589115858078003,0.970588207244873
l_curve_3,279,0.1587304323911667,0.970588207244873
l_curve_3,280,0.15877223014831543,0.970588207244873
l_curve_3,281,0.15867428481578827,0.970588207244873
l_curve_3,282,0.1583181917667389,0.970588207244873
l_curve_3,283,0.15786032378673553,0.970588207244873
l_curve_3,284,0.1574680358171463,0.970588207244873
l_curve_3,285,0.15709297358989716,0.970588207244873
l_curve_3,286,0.15689826011657715,0.970588207244873
l_curve_3,287,0.15671908855438232,0.970588207244873
l_curve_3,288,0.15631063282489777,0.970588207244873
l_curve_3,289,0.15581698715686798,0.970588207244873
l_curve_3,290,0.1552848517894745,0.970588207244873
l_curve_3,291,0.1549946814775467,0.970588207244873
l_curve_3,292,0.1547546684741974,0.970588207244873
l_curve_3,293,0.15440264344215393,0.970588207244873
l_curve_3,294,0.15415947139263153,0.970588207244873
l_curve_3,295,0.1537913680076599,0.970588207244873
l_curve_3,296,0.15377448499202728,0.970588207244873
l_curve_3,297,0.15400364995002747,0.970588207244873
l_curve_3,298,0.15393653512001038,0.970588207244873
l_curve_3,299,0.15367434918880463,0.970588207244873
l_curve_3,300,0.1534273326396942,0.970588207244873
l_curve_3,301,0.15316858887672424,0.970588207244873
l_curve_3,302,0.15291836857795715,0.970588207244873
l_curve_3,303,0.15261614322662354,0.970588207244873
l_curve_3,304,0.15239383280277252,0.970588207244873
l_curve_3,305,0.15236669778823853,0.970588207244873
l_curve_3,306,0.15230143070220947,0.970588207244873
l_curve_3,307,0.1523037701845169,0.970588207244873
l_curve_3,308,0.15219652652740479,0.970588207244873
l_curve_3,309,0.15190985798835754,0.970588207244873
l_curve_3,310,0.1516171246767044,0.970588207244873
l_curve_3,311,0.15165938436985016,0.970588207244873
l_curve_3,312,0.15165026485919952,0.970588207244873
l_curve_3,313,0.151823952794075,0.970588207244873
l_curve_3,314,0.1518566608428955,0.970588207244873
l_curve_3,315,0.1517481505870819,0.970588207244873
l_curve_3,316,0.15137048065662384,0.970588207244873
l_curve_3,317,0.15131878852844238,0.970588207244873
l_curve_3,318,0.15135589241981506,0.970588207244873
l_curve_3,319,0.15135276317596436,0.970588207244873
l_curve_3,320,0.1511494666337967,0.970588207244873
l_curve_3,321,0.15079529583454132,0.970588207244873
l_curve_3,322,0.15046505630016327,0.970588207244873
l_curve_3,323,0.15026222169399261,0.970588207244873
l_curve_3,324,0.1502935141324997,0.970588207244873
l_curve_3,325,0.1504242867231369,0.970588207244873
l_curve_3,326,0.15033306181430817,0.970588207244873
l_curve_3,327,0.14990116655826569,0.970588207244873
l_curve_3,328,0.14990268647670746,0.970588207244873
l_curve_3,329,0.14977292716503143,0.970588207244873
l_curve_3,330,0.1496589481830597,0.970588207244873
l_curve_3,331,0.14921322464942932,0.970588207244873
l_curve_3,332,0.1487327516078949,0.970588207244873
l_curve_3,333,0.14871004223823547,0.970588207244873
l_curve_3,334,0.14830367267131805,0.970588207244873
l_curve_3,335,0.14788661897182465,0.970588207244873
l_curve_3,336,0.14730845391750336,0.970588207244873
l_curve_3,337,0.14669795334339142,0.970588207244873
l_curve_3,338,0.14620007574558258,0.970588207244873
l_curve_3,339,0.14589020609855652,0.970588207244873
l_curve_3,340,0.14562974870204926,0.970588207244873
l_curve_3,341,0.1454285979270935,0.970588207244873
l_curve_3,342,0.1450813114643097,0.970588207244873
l_curve_3,343,0.144867941737175,0.970588207244873
l_curve_3,344,0.144811749458313,0.970588207244873
l_curve_3,345,0.14490067958831787,0.970588207244873
l_curve_3,346,0.144815132021904,0.970588207244873
l_curve_3,347,0.1448071151971817,0.970588207244873
l_curve_3,348,0.14457261562347412,0.970588207244873
l_curve_3,349,0.14429713785648346,0.970588207244873
l_curve_3,350,0.14418335258960724,0.970588207244873
l_curve_3,351,0.1438847780227661,0.970588207244873
l_curve_3,352,0.1437085121870041,0.970588207244873
l_curve_3,353,0.14349129796028137,0.970588207244873
l_curve_3,354,0.14339998364448547,0.970588207244873
l_curve_3,355,0.14334677159786224,0.970588207244873
l_curve_3,356,0.14341917634010315,0.970588207244873
l_curve_3,357,0.14322206377983093,0.970588207244873
l_curve_3,358,0.14302971959114075,0.970588207244873
l_curve_3,359,0.14297176897525787,0.970588207244873
l_curve_3,360,0.14289599657058716,0.970588207244873
l_curve_3,361,0.14271040260791779,0.970588207244873
l_curve_3,362,0.14254184067249298,0.970588207244873
l_curve_3,363,0.14257900416851044,0.970588207244873
l_curve_3,364,0.14272180199623108,0.970588207244873
l_curve_3,365,0.1425313800573349,0.970588207244873
l_curve_3,366,0.14244525134563446,0.970588207244873
l_curve_3,367,0.14209569990634918,0.970588207244873
l_curve_3,368,0.14184722304344177,0.970588207244873
l_curve_3,369,0.14208996295928955,0.970588207244873
l_curve_3,370,0.14218957722187042,0.970588207244873
l_curve_3,371,0.1420343518257141,0.970588207244873
l_curve_3,372,0.14202351868152618,0.970588207244873
l_curve_3,373,0.14195887744426727,0.970588207244873
l_curve_3,374,0.14180971682071686,0.970588207244873
l_curve_3,375,0.14165028929710388,0.970588207244873
l_curve_3,376,0.1413862258195877,0.970588207244873
l_curve_3,377,0.14118801057338715,0.970588207244873
l_curve_3,378,0.1410873979330063,0.970588207244873
l_curve_3,379,0.14073951542377472,0.970588207244873
l_curve_3,380,0.14031603932380676,0.970588207244873
l_curve_3,381,0.1400270164012909,0.970588207244873
l_curve_3,382,0.1398836374282837,0.970588207244873
l_curve_3,383,0.13973741233348846,0.970588207244873
l_curve_3,384,0.13965851068496704,0.970588207244873
l_curve_3,385,0.13968360424041748,0.970588207244873
l_curve_3,386,0.13968268036842346,0.970588207244873
l_curve_3,387,0.14012685418128967,0.970588207244873
l_curve_3,388,0.14055931568145752,0.970588207244873
l_curve_3,389,0.14069612324237823,0.970588207244873
l_curve_3,390,0.14092858135700226,0.970588207244873
l_curve_3,391,0.14081591367721558,0.970588207244873
l_curve_3,392,0.1406610608100891,0.970588207244873
l_curve_3,393,0.14062435925006866,0.970588207244873
l_curve_3,394,0.1406235694885254,0.970588207244873
l_curve_3,395,0.14053623378276825,0.970588207244873
l_curve_3,396,0.14032988250255585,0.970588207244873
l_curve_3,397,0.1401793509721756,0.970588207244873
l_curve_3,398,0.1401335597038269,0.970588207244873
l_curve_3,399,0.13996337354183197,0.970588207244873
l_curve_3,400,0.14010144770145416,0.970588207244873
l_curve_3,401,0.13999952375888824,0.970588207244873
l_curve_3,402,0.14016878604888916,0.970588207244873
l_curve_3,403,0.1403120458126068,0.970588207244873
l_curve_3,404,0.14021223783493042,0.970588207244873
l_curve_3,405,0.14001846313476562,0.970588207244873
l_curve_3,406,0.13975171744823456,0.970588207244873
l_curve_3,407,0.1393965631723404,0.970588207244873
l_curve_3,408,0.13899120688438416,0.970588207244873
l_curve_3,409,0.13832175731658936,0.970588207244873
l_curve_3,410,0.1377769112586975,0.970588207244873
l_curve_3,411,0.13739487528800964,0.970588207244873
l_curve_3,412,0.13700640201568604,0.970588207244873
l_curve_3,413,0.13678108155727386,0.970588207244873
l_curve_3,414,0.13679862022399902,0.970588207244873
l_curve_3,415,0.13662318885326385,0.970588207244873
l_curve_3,416,0.13661782443523407,0.970588207244873
l_curve_3,417,0.13656526803970337,0.970588207244873
l_curve_3,418,0.1365422159433365,0.970588207244873
l_curve_3,419,0.1368408501148224,0.970588207244873
l_curve_3,420,0.1370185762643814,0.970588207244873
l_curve_3,421,0.13709823787212372,0.970588207244873
l_curve_3,422,0.13714373111724854,0.970588207244873
l_curve_3,423,0.1369236707687378,0.970588207244873
l_curve_3,424,0.1366252452135086,0.970588207244873
l_curve_3,425,0.13628287613391876,0.970588207244873
l_curve_3,426,0.1363215297460556,0.970588207244873
l_curve_3,427,0.1366063356399536,0.970588207244873
l_curve_3,428,0.13663017749786377,0.970588207244873
l_curve_3,429,0.13647988438606262,0.970588207244873
l_curve_3,430,0.13617455959320068,0.970588207244873
l_curve_3,431,0.13587288558483124,0.970588207244873
l_curve_3,432,0.1357574164867401,0.970588207244873
l_curve_3,433,0.1356906145811081,0.970588207244873
l_curve_3,434,0.13572624325752258,0.970588207244873
l_curve_3,435,0.1355391889810562,0.970588207244873
l_curve_3,436,0.13562333583831787,0.970588207244873
l_curve_3,437,0.135647714138031,0.970588207244873
l_curve_3,438,0.13578693568706512,0.970588207244873
l_curve_3,439,0.1358276754617691,0.970588207244873
l_curve_3,440,0.1358949989080429,0.970588207244873
l_curve_3,441,0.13555100560188293,0.970588207244873
l_curve_3,442,0.13546901941299438,0.970588207244873
l_curve_3,443,0.1356389969587326,0.970588207244873
l_curve_3,444,0.13540592789649963,0.970588207244873
l_curve_3,445,0.13528898358345032,0.970588207244873
l_curve_3,446,0.13523681461811066,0.970588207244873
l_curve_3,447,0.135316863656044,0.970588207244873
l_curve_3,448,0.13543018698692322,0.970588207244873
l_curve_3,449,0.13545821607112885,0.970588207244873
l_curve_3,450,0.13556712865829468,0.970588207244873
l_curve_3,451,0.13559626042842865,0.970588207244873
l_curve_3,452,0.13544605672359467,0.970588207244873
l_curve_3,453,0.13552485406398773,0.970588207244873
l_curve_3,454,0.13544122874736786,0.970588207244873
l_curve_3,455,0.1353340744972229,0.970588207244873
l_curve_3,456,0.13520926237106323,0.970588207244873
l_curve_3,457,0.13477535545825958,0.970588207244873
l_curve_3,458,0.13438446819782257,0.970588207244873
l_curve_3,459,0.134079709649086,0.970588207244873
l_curve_3,460,0.13393670320510864,0.970588207244873
l_curve_3,461,0.13372614979743958,0.970588207244873
l_curve_3,462,0.1336573213338852,0.970588207244873
l_curve_3,463,0.13351520895957947,0.970588207244873
l_curve_3,464,0.13340269029140472,0.970588207244873
l_curve_3,465,0.13320481777191162,0.970588207244873
l_curve_3,466,0.1331150233745575,0.970588207244873
l_curve_3,467,0.13331522047519684,0.970588207244873
l_curve_3,468,0.13355739414691925,0.970588207244873
l_curve_3,469,0.13355450332164764,0.970588207244873
l_curve_3,470,0.13342350721359253,0.970588207244873
l_curve_3,471,0.13325060904026031,0.970588207244873
l_curve_3,472,0.13294079899787903,0.970588207244873
l_curve_3,473,0.1326831430196762,0.970588207244873
l_curve_3,474,0.1325962096452713,0.970588207244873
l_curve_3,475,0.13247117400169373,0.970588207244873
l_curve_3,476,0.13244843482971191,0.970588207244873
l_curve_3,477,0.13251793384552002,0.970588207244873
l_curve_3,478,0.13247469067573547,0.970588207244873
l_curve_3,479,0.13224661350250244,0.970588207244873
l_curve_3,480,0.13236689567565918,0.970588207244873
l_curve_3,481,0.13238586485385895,0.970588207244873
l_curve_3,482,0.1322460174560547,0.970588207244873
l_curve_3,483,0.13209235668182373,0.970588207244873
l_curve_3,484,0.13205665349960327,0.970588207244873
l_curve_3,485,0.1319054365158081,0.970588207244873
l_curve_3,486,0.13169372081756592,0.970588207244873
l_curve_3,487,0.1317250281572342,0.970588207244873
l_curve_3,488,0.1317247599363327,0.970588207244873
l_curve_3,489,0.131794273853302,0.970588207244873
l_curve_3,490,0.13195593655109406,0.970588207244873
l_curve_3,491,0.13190017640590668,0.970588207244873
l_curve_3,492,0.13175785541534424,0.970588207244873
l_curve_3,493,0.1314065307378769,0.970588207244873
l_curve_3,494,0.1310233175754547,0.970588207244873
l_curve_3,495,0.13046833872795105,0.970588207244873
l_curve_3,496,0.12998230755329132,0.970588207244873
l_curve_3,497,0.12979792058467865,0.970588207244873
l_curve_3,498,0.12998518347740173,0.970588207244873
l_curve_3,499,0.12987752258777618,0.970588207244873
l_curve_3,500,0.12999966740608215,0.970588207244873
l_curve_3,501,0.13007399439811707,0.970588207244873
l_curve_3,502,0.12993675470352173,0.970588207244873
l_curve_3,503,0.12998564541339874,0.970588207244873
l_curve_3,504,0.12986715137958527,0.970588207244873
l_curve_3,505,0.12959901988506317,0.970588207244873
l_curve_3,506,0.1293259561061859,0.970588207244873
l_curve_3,507,0.1290767937898636,0.970588207244873
l_curve_3,508,0.12896770238876343,0.970588207244873
l_curve_3,509,0.12899072468280792,0.970588207244873
l_curve_3,510,0.12902119755744934,0.970588207244873
l_curve_3,511,0.12892837822437286,0.970588207244873
l_curve_3,512,0.128878653049469,0.970588207244873
l_curve_3,513,0.12884199619293213,0.970588207244873
l_curve_3,514,0.12883718311786652,0.970588207244873
l_curve_3,515,0.12880544364452362,0.970588207244873
l_curve_3,516,0.1288900375366211,0.970588207244873
l_curve_3,517,0.12883757054805756,0.970588207244873
l_curve_3,518,0.12871578335762024,0.970588207244873
l_curve_3,519,0.12889963388442993,0.970588207244873
l_curve_3,520,0.1288488358259201,0.970588207244873
l_curve_3,521,0.1284710019826889,0.970588207244873
l_curve_3,522,0.1284492313861847,0.970588207244873
l_curve_3,523,0.1282946914434433,0.970588207244873
l_curve_3,524,0.12856997549533844,0.970588207244873
l_curve_3,525,0.1287238895893097,0.970588207244873
l_curve_3,526,0.1287364512681961,0.970588207244873
l_curve_3,527,0.12852808833122253,0.970588207244873
l_curve_3,528,0.12853771448135376,0.970588207244873
l_curve_3,529,0.12859615683555603,0.970588207244873
l_curve_3,530,0.1287097930908203,0.970588207244873
l_curve_3,531,0.1286366879940033,0.970588207244873
l_curve_3,532,0.12862169742584229,0.970588207244873
l_curve_3,533,0.12864002585411072,0.970588207244873
l_curve_3,534,0.12875902652740479,0.970588207244873
l_curve_3,535,0.12889710068702698,0.970588207244873
l_curve_3,536,0.12878867983818054,0.970588207244873
l_curve_3,537,0.1288694441318512,0.970588207244873
l_curve_3,538,0.12883278727531433,0.970588207244873
l_curve_3,539,0.12896877527236938,0.970588207244873
l_curve_3,540,0.12924331426620483,0.970588207244873
l_curve_3,541,0.12946437299251556,0.970588207244873
l_curve_3,542,0.12991201877593994,0.970588207244873
l_curve_3,543,0.12998716533184052,0.970588207244873
l_curve_3,544,0.13005679845809937,0.970588207244873
l_curve_3,545,0.12989936769008636,0.970588207244873
l_curve_3,546,0.13003996014595032,0.970588207244873
l_curve_3,547,0.1299523562192917,0.970588207244873
l_curve_3,548,0.12995938956737518,0.970588207244873
l_curve_3,549,0.12994085252285004,0.970588207244873
l_curve_3,550,0.12982814013957977,0.970588207244873
l_curve_3,551,0.12968330085277557,0.970588207244873
l_curve_3,552,0.12957127392292023,0.970588207244873
l_curve_3,553,0.12928970158100128,0.970588207244873
l_curve_3,554,0.1290113776922226,0.970588207244873
l_curve_3,555,0.1287449598312378,0.970588207244873
l_curve_3,556,0.12840262055397034,0.970588207244873
l_curve_3,557,0.1284371316432953,0.970588207244873
l_curve_3,558,0.12844786047935486,0.970588207244873
l_curve_3,559,0.12846654653549194,0.970588207244873
l_curve_3,560,0.128432035446167,0.970588207244873
l_curve_3,561,0.12866903841495514,0.970588207244873
l_curve_3,562,0.128920778632164,0.970588207244873
l_curve_3,563,0.1288895606994629,0.970588207244873
l_curve_3,564,0.12881839275360107,0.970588207244873
l_curve_3,565,0.12857969105243683,0.970588207244873
l_curve_3,566,0.1283998042345047,0.970588207244873
l_curve_3,567,0.1279718577861786,0.970588207244873
l_curve_3,568,0.12771941721439362,0.970588207244873
l_curve_3,569,0.12747235596179962,1.0
l_curve_3,570,0.12760427594184875,1.0
l_curve_3,571,0.1274450272321701,1.0
l_curve_3,572,0.12752434611320496,1.0
l_curve_3,573,0.1275203973054886,1.0
l_curve_3,574,0.12737098336219788,1.0
l_curve_3,575,0.12731216847896576,1.0
l_curve_3,576,0.12718605995178223,1.0
l_curve_3,577,0.12748107314109802,1.0
l_curve_3,578,0.12746213376522064,1.0
l_curve_3,579,0.1273358166217804,1.0
l_curve_3,580,0.12715017795562744,1.0
l_curve_3,581,0.12698538601398468,1.0
l_curve_3,582,0.12695515155792236,1.0
l_curve_3,583,0.12668377161026,1.0
l_curve_3,584,0.12632855772972107,1.0
l_curve_3,585,0.12594687938690186,1.0
l_curve_3,586,0.12559016048908234,1.0
l_curve_3,587,0.12525804340839386,1.0
l_curve_3,588,0.12493769079446793,1.0
l_curve_3,589,0.1251862794160843,1.0
l_curve_3,590,0.12556438148021698,1.0
l_curve_3,591,0.1259782612323761,1.0
l_curve_3,592,0.12635545432567596,1.0
l_curve_3,593,0.12659181654453278,1.0
l_curve_3,594,0.12672436237335205,1.0
l_curve_3,595,0.12659627199172974,1.0
l_curve_3,596,0.12627865374088287,1.0
l_curve_3,597,0.12586835026741028,1.0
l_curve_3,598,0.1256786733865738,1.0
l_curve_3,599,0.12564332783222198,1.0
l_curve_3,600,0.12577402591705322,1.0
l_curve_3,601,0.12572704255580902,1.0
l_curve_3,602,0.1255922168493271,1.0
l_curve_3,603,0.12544459104537964,1.0
l_curve_3,604,0.12524887919425964,1.0
l_curve_3,605,0.1252197027206421,1.0
l_curve_3,606,0.12538205087184906,1.0
l_curve_3,607,0.12543964385986328,1.0
l_curve_3,608,0.1254797726869583,1.0
l_curve_3,609,0.12515589594841003,1.0
l_curve_3,610,0.12509047985076904,1.0
l_curve_3,611,0.12481048703193665,1.0
l_curve_3,612,0.1246417686343193,1.0
l_curve_3,613,0.12438632547855377,1.0
l_curve_3,614,0.12422533333301544,1.0
l_curve_3,615,0.12398552894592285,1.0
l_curve_3,616,0.12406229972839355,1.0
l_curve_3,617,0.12390226125717163,1.0
l_curve_3,618,0.12391254305839539,1.0
l_curve_3,619,0.12395327538251877,1.0
l_curve_3,620,0.12378436326980591,1.0
l_curve_3,621,0.12359669804573059,1.0
l_curve_3,622,0.12347615510225296,1.0
l_curve_3,623,0.1231999397277832,1.0
l_curve_3,624,0.12279796600341797,1.0
l_curve_3,625,0.12259098887443542,1.0
l_curve_3,626,0.12239345163106918,1.0
l_curve_3,627,0.12244024127721786,1.0
l_curve_3,628,0.12241601943969727,1.0
l_curve_3,629,0.12256340682506561,1.0
l_curve_3,630,0.12258090823888779,1.0
l_curve_3,631,0.1226818710565567,1.0
l_curve_3,632,0.1228082999587059,1.0
l_curve_3,633,0.12329255789518356,1.0
l_curve_3,634,0.12336189299821854,1.0
l_curve_3,635,0.12327572703361511,1.0
l_curve_3,636,0.12315799295902252,1.0
l_curve_3,637,0.12302815169095993,1.0
l_curve_3,638,0.12277347594499588,1.0
l_curve_3,639,0.12231983989477158,1.0
l_curve_3,640,0.12199380993843079,1.0
l_curve_3,641,0.12176781892776489,1.0
l_curve_3,642,0.12174861878156662,1.0
l_curve_3,643,0.12190866470336914,1.0
l_curve_3,644,0.12197940796613693,1.0
l_curve_3,645,0.12208420038223267,1.0
l_curve_3,646,0.12199211120605469,1.0
l_curve_3,647,0.12197394669055939,1.0
l_curve_3,648,0.12213972210884094,1.0
l_curve_3,649,0.12225516885519028,1.0
l_curve_3,650,0.12225456535816193,1.0
l_curve_3,651,0.122083380818367,1.0
l_curve_3,652,0.12213639914989471,1.0
l_curve_3,653,0.12205047905445099,1.0
l_curve_3,654,0.12214495241641998,1.0
l_curve_3,655,0.12218961864709854,1.0
l_curve_3,656,0.12198755145072937,1.0
l_curve_3,657,0.12161441147327423,1.0
l_curve_3,658,0.12140383571386337,1.0
l_curve_3,659,0.12133090943098068,1.0
l_curve_3,660,0.12141984701156616,1.0
l_curve_3,661,0.12134040147066116,1.0
l_curve_3,662,0.12122764438390732,1.0
l_curve_3,663,0.12110241502523422,1.0
l_curve_3,664,0.121027372777462,1.0
l_curve_3,665,0.12097927927970886,1.0
l_curve_3,666,0.12086227536201477,1.0
l_curve_3,667,0.12076739966869354,1.0
l_curve_3,668,0.12067069858312607,1.0
l_curve_3,669,0.12054266780614853,1.0
l_curve_3,670,0.12057477235794067,1.0
l_curve_3,671,0.12067194283008575,1.0
l_curve_3,672,0.12061493843793869,1.0
l_curve_3,673,0.12036162614822388,1.0
l_curve_3,674,0.12006856501102448,1.0
l_curve_3,675,0.11979694664478302,1.0
l_curve_3,676,0.11937794834375381,1.0
l_curve_3,677,0.11897697299718857,1.0
l_curve_3,678,0.11857234686613083,1.0
l_curve_3,679,0.11854077875614166,1.0
l_curve_3,680,0.11879532784223557,1.0
l_curve_3,681,0.11910457909107208,1.0
l_curve_3,682,0.11965206265449524,1.0
l_curve_3,683,0.11986175924539566,1.0
l_curve_3,684,0.12001106142997742,1.0
l_curve_3,685,0.11990364640951157,1.0
l_curve_3,686,0.1197088360786438,1.0
l_curve_3,687,0.1197657585144043,1.0
l_curve_3,688,0.11983279883861542,1.0
l_curve_3,689,0.11959129571914673,1.0
l_curve_3,690,0.11924711614847183,1.0
l_curve_3,691,0.119025819003582,1.0
l_curve_3,692,0.11884930729866028,1.0
l_curve_3,693,0.11866600066423416,1.0
l_curve_3,694,0.11873294413089752,1.0
l_curve_3,695,0.11898957937955856,1.0
l_curve_3,696,0.1194482296705246,1.0
l_curve_3,697,0.11955582350492477,1.0
l_curve_3,698,0.1200176253914833,1.0
l_curve_3,699,0.12036415934562683,1.0
l_curve_3,700,0.12036557495594025,1.0
l_curve_3,701,0.1200769767165184,1.0
l_curve_3,702,0.1197519302368164,1.0
l_curve_3,703,0.11962676048278809,1.0
l_curve_3,704,0.11955264210700989,1.0
l_curve_3,705,0.11949668079614639,1.0
l_curve_3,706,0.119535893201828,1.0
l_curve_3,707,0.11945274472236633,1.0
l_curve_3,708,0.11944986879825592,1.0
l_curve_3,709,0.11933451890945435,1.0
l_curve_3,710,0.11946390569210052,1.0
l_curve_3,711,0.11962772905826569,1.0
l_curve_3,712,0.11988002806901932,1.0
l_curve_3,713,0.11990521848201752,1.0
l_curve_3,714,0.1198488250374794,1.0
l_curve_3,715,0.11961925774812698,1.0
l_curve_3,716,0.11943376809358597,1.0
l_curve_3,717,0.1191621646285057,1.0
l_curve_3,718,0.1188756451010704,1.0
l_curve_3,719,0.11853306740522385,1.0
l_curve_3,720,0.11836878210306168,1.0
l_curve_3,721,0.11823248863220215,1.0
l_curve_3,722,0.11798067390918732,1.0
l_curve_3,723,0.11767762154340744,1.0
l_curve_3,724,0.11733053624629974,1.0
l_curve_3,725,0.11716388911008835,1.0
l_curve_3,726,0.11706089973449707,1.0
l_curve_3,727,0.11713044345378876,1.0
l_curve_3,728,0.11709800362586975,1.0
l_curve_3,729,0.11692134290933609,1.0
l_curve_3,730,0.11665641516447067,1.0
l_curve_3,731,0.11646665632724762,1.0
l_curve_3,732,0.11623261868953705,1.0
l_curve_3,733,0.1159479171037674,1.0
l_curve_3,734,0.11594301462173462,1.0
l_curve_3,735,0.11588147282600403,1.0
l_curve_3,736,0.11582928895950317,1.0
l_curve_3,737,0.11599964648485184,1.0
l_curve_3,738,0.11626121401786804,1.0
l_curve_3,739,0.11640328168869019,1.0
l_curve_3,740,0.11632680147886276,1.0
l_curve_3,741,0.1162896379828453,1.0
l_curve_3,742,0.11633001267910004,1.0
l_curve_3,743,0.11629414558410645,1.0
l_curve_3,744,0.11620959639549255,1.0
l_curve_3,745,0.11595525592565536,1.0
l_curve_3,746,0.1155906692147255,1.0
l_curve_3,747,0.11549143493175507,1.0
l_curve_3,748,0.1154358834028244,1.0
l_curve_3,749,0.11545688658952713,1.0
l_curve_3,750,0.11562672257423401,1.0
l_curve_3,751,0.11573987454175949,1.0
l_curve_3,752,0.1156967505812645,1.0
l_curve_3,753,0.11574557423591614,1.0
l_curve_3,754,0.11582819372415543,1.0
l_curve_3,755,0.11595835536718369,1.0
l_curve_3,756,0.11590056866407394,1.0
l_curve_3,757,0.11587636917829514,1.0
l_curve_3,758,0.11589869111776352,1.0
l_curve_3,759,0.11595666408538818,1.0
l_curve_3,760,0.11597912013530731,1.0
l_curve_3,761,0.11601287126541138,1.0
l_curve_3,762,0.11590167135000229,1.0
l_curve_3,763,0.11562803387641907,1.0
l_curve_3,764,0.11549418419599533,1.0
l_curve_3,765,0.11508390307426453,1.0
l_curve_3,766,0.11481429636478424,1.0
l_curve_3,767,0.1147824302315712,1.0
l_curve_3,768,0.11460081487894058,1.0
l_curve_3,769,0.11443299055099487,1.0
l_curve_3,770,0.11419831961393356,1.0
l_curve_3,771,0.11409510672092438,1.0
l_curve_3,772,0.11421851068735123,1.0
l_curve_3,773,0.114178866147995,1.0
l_curve_3,774,0.11400754004716873,1.0
l_curve_3,775,0.11421173065900803,1.0
l_curve_3,776,0.11424511671066284,1.0
l_curve_3,777,0.11443673074245453,1.0
l_curve_3,778,0.11438966542482376,1.0
l_curve_3,779,0.11439178884029388,1.0
l_curve_3,780,0.11433705687522888,1.0
l_curve_3,781,0.11394181847572327,1.0
l_curve_3,782,0.11349698901176453,1.0
l_curve_3,783,0.11319806426763535,1.0
l_curve_3,784,0.11311373859643936,1.0
l_curve_3,785,0.11308424174785614,1.0
l_curve_3,786,0.1127588152885437,1.0
l_curve_3,787,0.11252191662788391,1.0
l_curve_3,788,0.1123313382267952,1.0
l_curve_3,789,0.1122874766588211,1.0
l_curve_3,790,0.11235377937555313,1.0
l_curve_3,791,0.11236104369163513,1.0
l_curve_3,792,0.11230134963989258,1.0
l_curve_3,793,0.1123099997639656,1.0
l_curve_3,794,0.11222415417432785,1.0
l_curve_3,795,0.11183992773294449,1.0
l_curve_3,796,0.11161354184150696,1.0
l_curve_3,797,0.11148335784673691,1.0
l_curve_3,798,0.11144808679819107,1.0
l_curve_3,799,0.11140468716621399,1.0
l_curve_3,800,0.11126679927110672,1.0
l_curve_3,801,0.11120429635047913,1.0
l_curve_3,802,0.11085981875658035,1.0
l_curve_3,803,0.11061929911375046,1.0
l_curve_3,804,0.11060158908367157,1.0
l_curve_3,805,0.11032773554325104,1.0
l_curve_3,806,0.11013918370008469,1.0
l_curve_3,807,0.11001867055892944,1.0
l_curve_3,808,0.11028627306222916,1.0
l_curve_3,809,0.11068955063819885,1.0
l_curve_3,810,0.11083685606718063,1.0
l_curve_3,811,0.11082715541124344,1.0
l_curve_3,812,0.11076877266168594,1.0
l_curve_3,813,0.11068172752857208,1.0
l_curve_3,814,0.11066988855600357,1.0
l_curve_3,815,0.11054184287786484,1.0
l_curve_3,816,0.11040239781141281,1.0
l_curve_3,817,0.11039029061794281,1.0
l_curve_3,818,0.11026326566934586,1.0
l_curve_3,819,0.11013202369213104,1.0
l_curve_3,820,0.11007606238126755,1.0
l_curve_3,821,0.10987913608551025,1.0
l_curve_3,822,0.109616219997406,1.0
l_curve_3,823,0.10936882346868515,1.0
l_curve_3,824,0.10918162018060684,1.0
l_curve_3,825,0.10899800062179565,1.0
l_curve_3,826,0.10883194953203201,1.0
l_curve_3,827,0.10879111289978027,1.0
l_curve_3,828,0.10858189314603806,1.0
l_curve_3,829,0.10862638056278229,1.0
l_curve_3,830,0.10849197953939438,1.0
l_curve_3,831,0.10832812637090683,1.0
l_curve_3,832,0.10797034204006195,1.0
l_curve_3,833,0.10764427483081818,1.0
l_curve_3,834,0.10751751810312271,1.0
l_curve_3,835,0.107327900826931,1.0
l_curve_3,836,0.10724367201328278,1.0
l_curve_3,837,0.10730016976594925,1.0
l_curve_3,838,0.1072615459561348,1.0
l_curve_3,839,0.10729630291461945,1.0
l_curve_3,840,0.10717281699180603,1.0
l_curve_3,841,0.1071498692035675,1.0
l_curve_3,842,0.10696440935134888,1.0
l_curve_3,843,0.10672935098409653,1.0
l_curve_3,844,0.10669741779565811,1.0
l_curve_3,845,0.10687854886054993,1.0
l_curve_3,846,0.10674920678138733,1.0
l_curve_3,847,0.10667529702186584,1.0
l_curve_3,848,0.10652706772089005,1.0
l_curve_3,849,0.10632548481225967,1.0
l_curve_3,850,0.10614540427923203,1.0
l_curve_3,851,0.10624774545431137,1.0
l_curve_3,852,0.1061522364616394,1.0
l_curve_3,853,0.10582447797060013,1.0
l_curve_3,854,0.10564222186803818,1.0
l_curve_3,855,0.10563429445028305,1.0
l_curve_3,856,0.10579648613929749,1.0
l_curve_3,857,0.10597675293684006,1.0
l_curve_3,858,0.10591714084148407,1.0
l_curve_3,859,0.10555044561624527,1.0
l_curve_3,860,0.10511595010757446,1.0
l_curve_3,861,0.10493499040603638,1.0
l_curve_3,862,0.10481788963079453,1.0
l_curve_3,863,0.10474815964698792,1.0
l_curve_3,864,0.10469643771648407,1.0
l_curve_3,865,0.10456086695194244,1.0
l_curve_3,866,0.10438914597034454,1.0
l_curve_3,867,0.10427162051200867,1.0
l_curve_3,868,0.10392104834318161,1.0
l_curve_3,869,0.10364019870758057,1.0
l_curve_3,870,0.10355457663536072,1.0
l_curve_3,871,0.10382810235023499,1.0
l_curve_3,872,0.1040378287434578,1.0
l_curve_3,873,0.10429073870182037,1.0
l_curve_3,874,0.10428918898105621,1.0
l_curve_3,875,0.10412900894880295,1.0
l_curve_3,876,0.10373906791210175,1.0
l_curve_3,877,0.10330650210380554,1.0
l_curve_3,878,0.103038489818573,1.0
l_curve_3,879,0.10280164331197739,1.0
l_curve_3,880,0.10275573283433914,1.0
l_curve_3,881,0.10245606303215027,1.0
l_curve_3,882,0.10228333622217178,1.0
l_curve_3,883,0.10195837169885635,1.0
l_curve_3,884,0.10152554512023926,1.0
l_curve_3,885,0.10116055607795715,1.0
l_curve_3,886,0.10113881528377533,1.0
l_curve_3,887,0.101153664290905,1.0
l_curve_3,888,0.10119777172803879,1.0
l_curve_3,889,0.10117819160223007,1.0
l_curve_3,890,0.10114938765764236,1.0
l_curve_3,891,0.10116046667098999,1.0
l_curve_3,892,0.10125555843114853,1.0
l_curve_3,893,0.10134459286928177,1.0
l_curve_3,894,0.10146283358335495,1.0
l_curve_3,895,0.1014096587896347,1.0
l_curve_3,896,0.10144925117492676,1.0
l_curve_3,897,0.10141830891370773,1.0
l_curve_3,898,0.10126888751983643,1.0
l_curve_3,899,0.10112272948026657,1.0
l_curve_3,900,0.10087629407644272,1.0
l_curve_3,901,0.10057119280099869,1.0
l_curve_3,902,0.10043807327747345,1.0
l_curve_3,903,0.10037939250469208,1.0
l_curve_3,904,0.10020942986011505,1.0
l_curve_3,905,0.10003293305635452,1.0
l_curve_3,906,0.09986752271652222,1.0
l_curve_3,907,0.09955256432294846,1.0
l_curve_3,908,0.09919705241918564,1.0
l_curve_3,909,0.09908992052078247,1.0
l_curve_3,910,0.09906851500272751,1.0
l_curve_3,911,0.09905175119638443,1.0
l_curve_3,912,0.09875042736530304,1.0
l_curve_3,913,0.0985618308186531,1.0
l_curve_3,914,0.09842129051685333,1.0
l_curve_3,915,0.09829157590866089,1.0
l_curve_3,916,0.0982685387134552,1.0
l_curve_3,917,0.0981609895825386,1.0
l_curve_3,918,0.09814012050628662,1.0
l_curve_3,919,0.09798870980739594,1.0
l_curve_3,920,0.09798702597618103,1.0
l_curve_3,921,0.09797695279121399,1.0
l_curve_3,922,0.09782502055168152,1.0
l_curve_3,923,0.09766367077827454,1.0
l_curve_3,924,0.09748037904500961,1.0
l_curve_3,925,0.09705343097448349,1.0
l_curve_3,926,0.09652675688266754,1.0
l_curve_3,927,0.09611731767654419,1.0
l_curve_3,928,0.09575731307268143,1.0
l_curve_3,929,0.0955231785774231,1.0
l_curve_3,930,0.0952693447470665,1.0
l_curve_3,931,0.0954248383641243,1.0
l_curve_3,932,0.09508437663316727,1.0
l_curve_3,933,0.09481427073478699,1.0
l_curve_3,934,0.09493845701217651,1.0
l_curve_3,935,0.09505526721477509,1.0
l_curve_3,936,0.0953279435634613,1.0
l_curve_3,937,0.09554640203714371,1.0
l_curve_3,938,0.09553592652082443,1.0
l_curve_3,939,0.09536164253950119,1.0
l_curve_3,940,0.09528937935829163,1.0
l_curve_3,941,0.09524823725223541,1.0
l_curve_3,942,0.09501878917217255,1.0
l_curve_3,943,0.09494048357009888,1.0
l_curve_3,944,0.09470313787460327,1.0
l_curve_3,945,0.09439593553543091,1.0
l_curve_3,946,0.09426796436309814,1.0
l_curve_3,947,0.09450245648622513,1.0
l_curve_3,948,0.09437769651412964,1.0
l_curve_3,949,0.0942188948392868,1.0
l_curve_3,950,0.09379035234451294,1.0
l_curve_3,951,0.09343131631612778,1.0
l_curve_3,952,0.09332362562417984,1.0
l_curve_3,953,0.09329815208911896,1.0
l_curve_3,954,0.09311822801828384,1.0
l_curve_3,955,0.09299147129058838,1.0
l_curve_3,956,0.09287197887897491,1.0
l_curve_3,957,0.09275954961776733,1.0
l_curve_3,958,0.09263332933187485,1.0
l_curve_3,959,0.09256839752197266,1.0
l_curve_3,960,0.092521533370018,1.0
l_curve_3,961,0.09246669709682465,1.0
l_curve_3,962,0.09244382381439209,1.0
l_curve_3,963,0.09256142377853394,1.0
l_curve_3,964,0.09262638539075851,1.0
l_curve_3,965,0.0925472155213356,1.0
l_curve_3,966,0.09256406128406525,1.0
l_curve_3,967,0.09255506098270416,1.0
l_curve_3,968,0.09243303537368774,1.0
l_curve_3,969,0.09240234643220901,1.0
l_curve_3,970,0.09230543673038483,1.0
l_curve_3,971,0.092239148914814,1.0
l_curve_3,972,0.09208476543426514,1.0
l_curve_3,973,0.09203892946243286,1.0
l_curve_3,974,0.09185024350881577,1.0
l_curve_3,975,0.09157354384660721,1.0
l_curve_3,976,0.0914292261004448,1.0
l_curve_3,977,0.09103496372699738,1.0
l_curve_3,978,0.09084633737802505,1.0
l_curve_3,979,0.0907718613743782,1.0
l_curve_3,980,0.0908832922577858,1.0
l_curve_3,981,0.09092212468385696,1.0
l_curve_3,982,0.09095340222120285,1.0
l_curve_3,983,0.09092456102371216,1.0
l_curve_3,984,0.09072369337081909,1.0
l_curve_3,985,0.09035339951515198,1.0
l_curve_3,986,0.08996392041444778,1.0
l_curve_3,987,0.0897565484046936,1.0
l_curve_3,988,0.08935604244470596,1.0
l_curve_3,989,0.08893045037984848,1.0
l_curve_3,990,0.08860999345779419,1.0
l_curve_3,991,0.0883960947394371,1.0
l_curve_3,992,0.08831143379211426,1.0
l_curve_3,993,0.08825375139713287,1.0
l_curve_3,994,0.08832938224077225,1.0
l_curve_3,995,0.08819664269685745,1.0
l_curve_3,996,0.08791900426149368,1.0
l_curve_3,997,0.08762551844120026,1.0
l_curve_3,998,0.08739548921585083,1.0
l_curve_3,999,0.08722816407680511,1.0
l_curve_3,1000,0.08718384802341461,1.0
l_curve_3,1000,0.08718384802341461,1.0
