client,round,loss,accuracy
l_curve_4,1,0.5376832485198975,0.7352941036224365
l_curve_4,2,0.5265384912490845,0.7352941036224365
l_curve_4,3,0.5160830616950989,0.7352941036224365
l_curve_4,4,0.5060092210769653,0.7352941036224365
l_curve_4,5,0.49654972553253174,0.7352941036224365
l_curve_4,6,0.4875425398349762,0.7352941036224365
l_curve_4,7,0.47925129532814026,0.7647058963775635
l_curve_4,8,0.47144004702568054,0.7941176295280457
l_curve_4,9,0.4642196297645569,0.7941176295280457
l_curve_4,10,0.4573805332183838,0.7941176295280457
l_curve_4,11,0.4509179890155792,0.7941176295280457
l_curve_4,12,0.444843053817749,0.7941176295280457
l_curve_4,13,0.4391728639602661,0.7941176295280457
l_curve_4,14,0.43399739265441895,0.8235294222831726
l_curve_4,15,0.42908281087875366,0.8235294222831726
l_curve_4,16,0.4245390295982361,0.8235294222831726
l_curve_4,17,0.42030513286590576,0.8235294222831726
l_curve_4,18,0.41611167788505554,0.8235294222831726
l_curve_4,19,0.412055641412735,0.8235294222831726
l_curve_4,20,0.4081287980079651,0.8235294222831726
l_curve_4,21,0.40448394417762756,0.8235294222831726
l_curve_4,22,0.40116381645202637,0.8235294222831726
l_curve_4,23,0.3980957865715027,0.8235294222831726
l_curve_4,24,0.3951684236526489,0.8235294222831726
l_curve_4,25,0.3924337327480316,0.7941176295280457
l_curve_4,26,0.38982176780700684,0.7941176295280457
l_curve_4,27,0.3874138295650482,0.7941176295280457
l_curve_4,28,0.3850593566894531,0.7941176295280457
l_curve_4,29,0.3827638626098633,0.7941176295280457
l_curve_4,30,0.3806721568107605,0.7941176295280457
l_curve_4,31,0.37861111760139465,0.7941176295280457
l_curve_4,32,0.3766642212867737,0.7941176295280457
l_curve_4,33,0.3748512268066406,0.7941176295280457
l_curve_4,34,0.3730509579181671,0.7941176295280457
l_curve_4,35,0.3713037371635437,0.7941176295280457
l_curve_4,36,0.3696771562099457,0.7941176295280457
l_curve_4,37,0.36811837553977966,0.8235294222831726
l_curve_4,38,0.36667701601982117,0.8235294222831726
l_curve_4,39,0.36521115899086,0.7941176295280457
l_curve_4,40,0.3637228012084961,0.7941176295280457
l_curve_4,41,0.3622792959213257,0.7941176295280457
l_curve_4,42,0.36096933484077454,0.7941176295280457
l_curve_4,43,0.35969001054763794,0.7941176295280457
l_curve_4,44,0.35841864347457886,0.8235294222831726
l_curve_4,45,0.3571074604988098,0.8235294222831726
l_curve_4,46,0.35587871074676514,0.8235294222831726
l_curve_4,47,0.35468897223472595,0.8235294222831726
l_curve_4,48,0.35361218452453613,0.8235294222831726
l_curve_4,49,0.35257330536842346,0.8235294222831726
l_curve_4,50,0.35155320167541504,0.8235294222831726
l_curve_4,51,0.35054558515548706,0.8529411554336548
l_curve_4,52,0.3495767116546631,0.8529411554336548
l_curve_4,53,0.34859246015548706,0.8529411554336548
l_curve_4,54,0.34766191244125366,0.8529411554336548
l_curve_4,55,0.34669896960258484,0.8529411554336548
l_curve_4,56,0.34573858976364136,0.8529411554336548
l_curve_4,57,0.3448661267757416,0.8529411554336548
l_curve_4,58,0.3440331816673279,0.8529411554336548
l_curve_4,59,0.34318608045578003,0.8529411554336548
l_curve_4,60,0.3423764109611511,0.8529411554336548
l_curve_4,61,0.34152165055274963,0.8529411554336548
l_curve_4,62,0.34077760577201843,0.8529411554336548
l_curve_4,63,0.34002622961997986,0.8529411554336548
l_curve_4,64,0.3392844498157501,0.8529411554336548
l_curve_4,65,0.3385171592235565,0.8529411554336548
l_curve_4,66,0.33772510290145874,0.8529411554336548
l_curve_4,67,0.3369172513484955,0.8529411554336548
l_curve_4,68,0.3361479640007019,0.8529411554336548
l_curve_4,69,0.3353717029094696,0.8529411554336548
l_curve_4,70,0.3345775306224823,0.8529411554336548
l_curve_4,71,0.3337871730327606,0.8529411554336548
l_curve_4,72,0.3330187201499939,0.8529411554336548
l_curve_4,73,0.33229777216911316,0.8529411554336548
l_curve_4,74,0.33157098293304443,0.8529411554336548
l_curve_4,75,0.33090031147003174,0.8529411554336548
l_curve_4,76,0.33023685216903687,0.8529411554336548
l_curve_4,77,0.329557329416275,0.8529411554336548
l_curve_4,78,0.3288749158382416,0.8529411554336548
l_curve_4,79,0.32817670702934265,0.8529411554336548
l_curve_4,80,0.3275125026702881,0.8529411554336548
l_curve_4,81,0.3268551230430603,0.8529411554336548
l_curve_4,82,0.3262157440185547,0.8529411554336548
l_curve_4,83,0.32558825612068176,0.8529411554336548
l_curve_4,84,0.3249607980251312,0.8529411554336548
l_curve_4,85,0.3243398070335388,0.8529411554336548
l_curve_4,86,0.3236946761608124,0.8529411554336548
l_curve_4,87,0.323064923286438,0.8823529481887817
l_curve_4,88,0.3224315941333771,0.8823529481887817
l_curve_4,89,0.3218109905719757,0.8823529481887817
l_curve_4,90,0.3212222158908844,0.8823529481887817
l_curve_4,91,0.32065901160240173,0.8823529481887817
l_curve_4,92,0.32008111476898193,0.8823529481887817
l_curve_4,93,0.3195260763168335,0.8823529481887817
l_curve_4,94,0.3189655840396881,0.8823529481887817
l_curve_4,95,0.31838905811309814,0.8823529481887817
l_curve_4,96,0.3178252875804901,0.8823529481887817
l_curve_4,97,0.3172571361064911,0.8823529481887817
l_curve_4,98,0.3166792392730713,0.8823529481887817
l_curve_4,99,0.3160930871963501,0.8823529481887817
l_curve_4,100,0.31550318002700806,0.8823529481887817
l_curve_4,101,0.3149549961090088,0.8823529481887817
l_curve_4,102,0.31440621614456177,0.8823529481887817
l_curve_4,103,0.31388038396835327,0.8823529481887817
l_curve_4,104,0.3133561313152313,0.8823529481887817
l_curve_4,105,0.312871515750885,0.8823529481887817
l_curve_4,106,0.3123759627342224,0.8823529481887817
l_curve_4,107,0.31188297271728516,0.8823529481887817
l_curve_4,108,0.311396986246109,0.8823529481887817
l_curve_4,109,0.31086406111717224,0.8823529481887817
l_curve_4,110,0.31034165620803833,0.8823529481887817
l_curve_4,111,0.3098621964454651,0.8823529481887817
l_curve_4,112,0.3094041347503662,0.8823529481887817
l_curve_4,113,0.3089030385017395,0.8823529481887817
l_curve_4,114,0.3083983361721039,0.8823529481887817
l_curve_4,115,0.30787983536720276,0.8823529481887817
l_curve_4,116,0.3073711395263672,0.8823529481887817
l_curve_4,117,0.3068717420101166,0.8823529481887817
l_curve_4,118,0.30637267231941223,0.8823529481887817
l_curve_4,119,0.30588507652282715,0.8823529481887817
l_curve_4,120,0.3054289221763611,0.8823529481887817
l_curve_4,121,0.30500146746635437,0.8823529481887817
l_curve_4,122,0.3045729398727417,0.8823529481887817
l_curve_4,123,0.3041100800037384,0.8823529481887817
l_curve_4,124,0.3036527931690216,0.8823529481887817
l_curve_4,125,0.30318203568458557,0.8823529481887817
l_curve_4,126,0.3027176856994629,0.8823529481887817
l_curve_4,127,0.30228331685066223,0.8823529481887817
l_curve_4,128,0.3018759787082672,0.8823529481887817
l_curve_4,129,0.3014621138572693,0.8823529481887817
l_curve_4,130,0.3010592460632324,0.8823529481887817
l_curve_4,131,0.3006799817085266,0.8823529481887817
l_curve_4,132,0.3002994656562805,0.8823529481887817
l_curve_4,133,0.29990339279174805,0.8823529481887817
l_curve_4,134,0.2995339334011078,0.8823529481887817
l_curve_4,135,0.29915833473205566,0.8823529481887817
l_curve_4,136,0.2987707555294037,0.8823529481887817
l_curve_4,137,0.29838040471076965,0.8823529481887817
l_curve_4,138,0.29799148440361023,0.8823529481887817
l_curve_4,139,0.2975864112377167,0.8823529481887817
l_curve_4,140,0.2972014546394348,0.8823529481887817
l_curve_4,141,0.2968239188194275,0.8823529481887817
l_curve_4,142,0.29644012451171875,0.8823529481887817
l_curve_4,143,0.29606249928474426,0.8823529481887817
l_curve_4,144,0.29568248987197876,0.8823529481887817
l_curve_4,145,0.2953093647956848,0.8823529481887817
l_curve_4,146,0.2949455976486206,0.8823529481887817
l_curve_4,147,0.29461848735809326,0.8823529481887817
l_curve_4,148,0.2942938804626465,0.8823529481887817
l_curve_4,149,0.29396966099739075,0.8823529481887817
l_curve_4,150,0.2936702072620392,0.8823529481887817
l_curve_4,151,0.2933737635612488,0.8823529481887817
l_curve_4,152,0.2930847406387329,0.8823529481887817
l_curve_4,153,0.2927643656730652,0.8823529481887817
l_curve_4,154,0.2924611568450928,0.8823529481887817
l_curve_4,155,0.29214346408843994,0.8823529481887817
l_curve_4,156,0.29182061553001404,0.8823529481887817
l_curve_4,157,0.29149889945983887,0.8823529481887817
l_curve_4,158,0.29118672013282776,0.8823529481887817
l_curve_4,159,0.29088789224624634,0.8823529481887817
l_curve_4,160,0.29061293601989746,0.8823529481887817
l_curve_4,161,0.2903538644313812,0.8823529481887817
l_curve_4,162,0.29011470079421997,0.8823529481887817
l_curve_4,163,0.2898976802825928,0.8823529481887817
l_curve_4,164,0.28967592120170593,0.8823529481887817
l_curve_4,165,0.28943440318107605,0.8823529481887817
l_curve_4,166,0.289180725812912,0.8823529481887817
l_curve_4,167,0.2889205813407898,0.8823529481887817
l_curve_4,168,0.2886766195297241,0.8823529481887817
l_curve_4,169,0.2884208858013153,0.8823529481887817
l_curve_4,170,0.2881752550601959,0.8823529481887817
l_curve_4,171,0.28794217109680176,0.8823529481887817
l_curve_4,172,0.28770774602890015,0.8823529481887817
l_curve_4,173,0.28749072551727295,0.8823529481887817
l_curve_4,174,0.2872520387172699,0.8823529481887817
l_curve_4,175,0.28700119256973267,0.8823529481887817
l_curve_4,176,0.28677186369895935,0.8823529481887817
l_curve_4,177,0.2865249216556549,0.8823529481887817
l_curve_4,178,0.28625166416168213,0.8823529481887817
l_curve_4,179,0.28601112961769104,0.8823529481887817
l_curve_4,180,0.28575336933135986,0.8823529481887817
l_curve_4,181,0.2855170667171478,0.8823529481887817
l_curve_4,182,0.28528961539268494,0.8823529481887817
l_curve_4,183,0.2850687503814697,0.8823529481887817
l_curve_4,184,0.284850537776947,0.8823529481887817
l_curve_4,185,0.2846255600452423,0.8823529481887817
l_curve_4,186,0.28438955545425415,0.8823529481887817
l_curve_4,187,0.28418421745300293,0.8823529481887817
l_curve_4,188,0.2839859127998352,0.8823529481887817
l_curve_4,189,0.2837955057621002,0.8823529481887817
l_curve_4,190,0.28359541296958923,0.8823529481887817
l_curve_4,191,0.28341013193130493,0.8823529481887817
l_curve_4,192,0.2832280099391937,0.8823529481887817
l_curve_4,193,0.2830774784088135,0.8823529481887817
l_curve_4,194,0.28291428089141846,0.8823529481887817
l_curve_4,195,0.2827712595462799,0.8823529481887817
l_curve_4,196,0.28262779116630554,0.8823529481887817
l_curve_4,197,0.2824576795101166,0.8823529481887817
l_curve_4,198,0.2822694182395935,0.8823529481887817
l_curve_4,199,0.2820848524570465,0.8823529481887817
l_curve_4,200,0.281895250082016,0.8823529481887817
l_curve_4,201,0.2817176878452301,0.8823529481887817
l_curve_4,202,0.28155460953712463,0.8823529481887817
l_curve_4,203,0.2814033031463623,0.8823529481887817
l_curve_4,204,0.2812698483467102,0.8823529481887817
l_curve_4,205,0.2811466455459595,0.8823529481887817
l_curve_4,206,0.2810131311416626,0.8823529481887817
l_curve_4,207,0.28085774183273315,0.8823529481887817
l_curve_4,208,0.2807576656341553,0.8823529481887817
l_curve_4,209,0.28065070509910583,0.8823529481887817
l_curve_4,210,0.28052985668182373,0.8823529481887817
l_curve_4,211,0.28041744232177734,0.8823529481887817
l_curve_4,212,0.2803138792514801,0.8823529481887817
l_curve_4,213,0.28015655279159546,0.8823529481887817
l_curve_4,214,0.28005480766296387,0.8823529481887817
l_curve_4,215,0.27996355295181274,0.8823529481887817
l_curve_4,216,0.2798560857772827,0.8823529481887817
l_curve_4,217,0.2797895669937134,0.8823529481887817
l_curve_4,218,0.2796826660633087,0.8823529481887817
l_curve_4,219,0.27958375215530396,0.8823529481887817
l_curve_4,220,0.2794501781463623,0.8823529481887817
l_curve_4,221,0.2793022692203522,0.8823529481887817
l_curve_4,222,0.27915167808532715,0.8823529481887817
l_curve_4,223,0.2790057361125946,0.8823529481887817
l_curve_4,224,0.27887797355651855,0.8823529481887817
l_curve_4,225,0.27874523401260376,0.8823529481887817
l_curve_4,226,0.27859997749328613,0.8823529481887817
l_curve_4,227,0.27847525477409363,0.8823529481887817
l_curve_4,228,0.2783769369125366,0.8823529481887817
l_curve_4,229,0.2782481610774994,0.8823529481887817
l_curve_4,230,0.2781093716621399,0.8823529481887817
l_curve_4,231,0.27802014350891113,0.8823529481887817
l_curve_4,232,0.27793946862220764,0.8823529481887817
l_curve_4,233,0.27788224816322327,0.8823529481887817
l_curve_4,234,0.27781495451927185,0.8823529481887817
l_curve_4,235,0.27770066261291504,0.8823529481887817
l_curve_4,236,0.27760279178619385,0.8823529481887817
l_curve_4,237,0.27750805020332336,0.8823529481887817
l_curve_4,238,0.2774215042591095,0.8823529481887817
l_curve_4,239,0.2773151993751526,0.8823529481887817
l_curve_4,240,0.277216374874115,0.8823529481887817
l_curve_4,241,0.2771405577659607,0.8823529481887817
l_curve_4,242,0.2770870625972748,0.8823529481887817
l_curve_4,243,0.2770216464996338,0.8823529481887817
l_curve_4,244,0.27697309851646423,0.8823529481887817
l_curve_4,245,0.27692267298698425,0.8823529481887817
l_curve_4,246,0.2768489718437195,0.8823529481887817
l_curve_4,247,0.276759535074234,0.8823529481887817
l_curve_4,248,0.2766793966293335,0.8823529481887817
l_curve_4,249,0.2765740156173706,0.8823529481887817
l_curve_4,250,0.27651333808898926,0.8823529481887817
l_curve_4,251,0.2764382064342499,0.8823529481887817
l_curve_4,252,0.27634957432746887,0.8823529481887817
l_curve_4,253,0.27625975012779236,0.8823529481887817
l_curve_4,254,0.2761710286140442,0.8823529481887817
l_curve_4,255,0.2760642468929291,0.8823529481887817
l_curve_4,256,0.27597305178642273,0.8823529481887817
l_curve_4,257,0.2758907377719879,0.8823529481887817
l_curve_4,258,0.27582505345344543,0.8823529481887817
l_curve_4,259,0.275789350271225,0.8823529481887817
l_curve_4,260,0.2757377624511719,0.8823529481887817
l_curve_4,261,0.2756700813770294,0.8823529481887817
l_curve_4,262,0.2756565809249878,0.8823529481887817
l_curve_4,263,0.2756597101688385,0.8823529481887817
l_curve_4,264,0.27560287714004517,0.8823529481887817
l_curve_4,265,0.2755555510520935,0.8823529481887817
l_curve_4,266,0.27554795145988464,0.8823529481887817
l_curve_4,267,0.27553772926330566,0.8823529481887817
l_curve_4,268,0.2754938304424286,0.8823529481887817
l_curve_4,269,0.2754608690738678,0.8823529481887817
l_curve_4,270,0.27538391947746277,0.8823529481887817
l_curve_4,271,0.2752889096736908,0.8823529481887817
l_curve_4,272,0.2751556932926178,0.8823529481887817
l_curve_4,273,0.2750622630119324,0.8823529481887817
l_curve_4,274,0.27496591210365295,0.8823529481887817
l_curve_4,275,0.27486807107925415,0.8823529481887817
l_curve_4,276,0.2748197913169861,0.8823529481887817
l_curve_4,277,0.27475303411483765,0.8823529481887817
l_curve_4,278,0.27467799186706543,0.8823529481887817
l_curve_4,279,0.27462661266326904,0.8823529481887817
l_curve_4,280,0.2745659053325653,0.8823529481887817
l_curve_4,281,0.27451929450035095,0.8823529481887817
l_curve_4,282,0.2745184004306793,0.8823529481887817
l_curve_4,283,0.27447524666786194,0.8823529481887817
l_curve_4,284,0.2744283676147461,0.8823529481887817
l_curve_4,285,0.2743641138076782,0.8823529481887817
l_curve_4,286,0.2743360996246338,0.8823529481887817
l_curve_4,287,0.2742677628993988,0.8823529481887817
l_curve_4,288,0.2742195427417755,0.8823529481887817
l_curve_4,289,0.27417823672294617,0.8823529481887817
l_curve_4,290,0.274118036031723,0.8823529481887817
l_curve_4,291,0.2741132974624634,0.8823529481887817
l_curve_4,292,0.27407434582710266,0.8823529481887817
l_curve_4,293,0.27401211857795715,0.8823529481887817
l_curve_4,294,0.2739414870738983,0.8823529481887817
l_curve_4,295,0.2739237844944,0.8823529481887817
l_curve_4,296,0.27392956614494324,0.8823529481887817
l_curve_4,297,0.2739313840866089,0.8823529481887817
l_curve_4,298,0.27394744753837585,0.8823529481887817
l_curve_4,299,0.273959219455719,0.8823529481887817
l_curve_4,300,0.27397263050079346,0.8823529481887817
l_curve_4,301,0.27398133277893066,0.8823529481887817
l_curve_4,302,0.2739950716495514,0.8823529481887817
l_curve_4,303,0.27396509051322937,0.8823529481887817
l_curve_4,304,0.2739808261394501,0.8823529481887817
l_curve_4,305,0.27397987246513367,0.8823529481887817
l_curve_4,306,0.2739746570587158,0.8823529481887817
l_curve_4,307,0.2739555239677429,0.8823529481887817
l_curve_4,308,0.2739472985267639,0.8823529481887817
l_curve_4,309,0.2739277482032776,0.8823529481887817
l_curve_4,310,0.27390649914741516,0.8823529481887817
l_curve_4,311,0.2738449275493622,0.8823529481887817
l_curve_4,312,0.27381253242492676,0.8823529481887817
l_curve_4,313,0.27378836274147034,0.8823529481887817
l_curve_4,314,0.2737393081188202,0.8823529481887817
l_curve_4,315,0.2737160921096802,0.8823529481887817
l_curve_4,316,0.2736629247665405,0.8823529481887817
l_curve_4,317,0.27364879846572876,0.8823529481887817
l_curve_4,318,0.27360454201698303,0.8823529481887817
l_curve_4,319,0.2735949456691742,0.8823529481887817
l_curve_4,320,0.27357590198516846,0.8823529481887817
l_curve_4,321,0.27357110381126404,0.8823529481887817
l_curve_4,322,0.2735039293766022,0.8823529481887817
l_curve_4,323,0.2734415829181671,0.8823529481887817
l_curve_4,324,0.27341803908348083,0.8823529481887817
l_curve_4,325,0.2733366787433624,0.8823529481887817
l_curve_4,326,0.273237407207489,0.8823529481887817
l_curve_4,327,0.2731475532054901,0.8823529481887817
l_curve_4,328,0.2731040418148041,0.8823529481887817
l_curve_4,329,0.2730768620967865,0.8823529481887817
l_curve_4,330,0.2730448544025421,0.8823529481887817
l_curve_4,331,0.27302199602127075,0.8823529481887817
l_curve_4,332,0.27302199602127075,0.8823529481887817
l_curve_4,333,0.27299177646636963,0.8823529481887817
l_curve_4,334,0.27302849292755127,0.8823529481887817
l_curve_4,335,0.27304166555404663,0.8823529481887817
l_curve_4,336,0.2730504274368286,0.8823529481887817
l_curve_4,337,0.27306246757507324,0.8823529481887817
l_curve_4,338,0.27300241589546204,0.8823529481887817
l_curve_4,339,0.27290311455726624,0.8823529481887817
l_curve_4,340,0.27283942699432373,0.8823529481887817
l_curve_4,341,0.2728153467178345,0.8823529481887817
l_curve_4,342,0.2728128731250763,0.8823529481887817
l_curve_4,343,0.2727772295475006,0.8823529481887817
l_curve_4,344,0.2727363109588623,0.8823529481887817
l_curve_4,345,0.27265694737434387,0.8823529481887817
l_curve_4,346,0.27259382605552673,0.8823529481887817
l_curve_4,347,0.27261388301849365,0.8823529481887817
l_curve_4,348,0.2726050913333893,0.8823529481887817
l_curve_4,349,0.27257856726646423,0.8823529481887817
l_curve_4,350,0.27254408597946167,0.8823529481887817
l_curve_4,351,0.2724846303462982,0.8823529481887817
l_curve_4,352,0.2724273204803467,0.8823529481887817
l_curve_4,353,0.2723439633846283,0.8823529481887817
l_curve_4,354,0.27228498458862305,0.8823529481887817
l_curve_4,355,0.27222350239753723,0.8823529481887817
l_curve_4,356,0.27219027280807495,0.8823529481887817
l_curve_4,357,0.27214884757995605,0.8823529481887817
l_curve_4,358,0.2721015214920044,0.8823529481887817
l_curve_4,359,0.27204254269599915,0.8823529481887817
l_curve_4,360,0.2720228433609009,0.8823529481887817
l_curve_4,361,0.27199140191078186,0.8823529481887817
l_curve_4,362,0.27192986011505127,0.8823529481887817
l_curve_4,363,0.2718980610370636,0.8823529481887817
l_curve_4,364,0.27183499932289124,0.8823529481887817
l_curve_4,365,0.2718069851398468,0.8823529481887817
l_curve_4,366,0.27169984579086304,0.8823529481887817
l_curve_4,367,0.27168259024620056,0.8823529481887817
l_curve_4,368,0.2716585099697113,0.8823529481887817
l_curve_4,369,0.2716049253940582,0.8823529481887817
l_curve_4,370,0.2715408205986023,0.8823529481887817
l_curve_4,371,0.2715495526790619,0.8823529481887817
l_curve_4,372,0.2715213894844055,0.8823529481887817
l_curve_4,373,0.271469384431839,0.8823529481887817
l_curve_4,374,0.2714117765426636,0.8823529481887817
l_curve_4,375,0.2713787257671356,0.8823529481887817
l_curve_4,376,0.2713559567928314,0.8823529481887817
l_curve_4,377,0.27133727073669434,0.8823529481887817
l_curve_4,378,0.2713436186313629,0.8823529481887817
l_curve_4,379,0.27134937047958374,0.8823529481887817
l_curve_4,380,0.2713003158569336,0.8823529481887817
l_curve_4,381,0.2712455689907074,0.8823529481887817
l_curve_4,382,0.2712234854698181,0.8823529481887817
l_curve_4,383,0.2712472975254059,0.8823529481887817
l_curve_4,384,0.2712705135345459,0.8823529481887817
l_curve_4,385,0.27131369709968567,0.8823529481887817
l_curve_4,386,0.2713158428668976,0.8823529481887817
l_curve_4,387,0.27133092284202576,0.8823529481887817
l_curve_4,388,0.2713134288787842,0.8823529481887817
l_curve_4,389,0.2713076174259186,0.8823529481887817
l_curve_4,390,0.27128997445106506,0.8823529481887817
l_curve_4,391,0.2712712287902832,0.8823529481887817
l_curve_4,392,0.2712499499320984,0.8823529481887817
l_curve_4,393,0.271263986825943,0.8823529481887817
l_curve_4,394,0.2712375819683075,0.8823529481887817
l_curve_4,395,0.2712324857711792,0.8823529481887817
l_curve_4,396,0.27125048637390137,0.8823529481887817
l_curve_4,397,0.2712792158126831,0.8823529481887817
l_curve_4,398,0.2713311016559601,0.8823529481887817
l_curve_4,399,0.27134576439857483,0.8823529481887817
l_curve_4,400,0.27136343717575073,0.8823529481887817
l_curve_4,401,0.2713867425918579,0.8823529481887817
l_curve_4,402,0.2713761031627655,0.8823529481887817
l_curve_4,403,0.2713589370250702,0.8823529481887817
l_curve_4,404,0.2713468670845032,0.8823529481887817
l_curve_4,405,0.2713102400302887,0.8823529481887817
l_curve_4,406,0.2713005244731903,0.8823529481887817
l_curve_4,407,0.2712920904159546,0.8823529481887817
l_curve_4,408,0.27129051089286804,0.8823529481887817
l_curve_4,409,0.27127888798713684,0.8823529481887817
l_curve_4,410,0.27130410075187683,0.8823529481887817
l_curve_4,411,0.27126938104629517,0.8823529481887817
l_curve_4,412,0.27120697498321533,0.8823529481887817
l_curve_4,413,0.2711583077907562,0.8823529481887817
l_curve_4,414,0.2711718678474426,0.8823529481887817
l_curve_4,415,0.27118760347366333,0.8823529481887817
l_curve_4,416,0.271194726228714,0.8823529481887817
l_curve_4,417,0.271244078874588,0.8823529481887817
l_curve_4,418,0.27130377292633057,0.8823529481887817
l_curve_4,419,0.27131420373916626,0.8823529481887817
l_curve_4,420,0.27137401700019836,0.8823529481887817
l_curve_4,421,0.2714426815509796,0.8823529481887817
l_curve_4,422,0.27144309878349304,0.8823529481887817
l_curve_4,423,0.2714579105377197,0.8823529481887817
l_curve_4,424,0.27143922448158264,0.8823529481887817
l_curve_4,425,0.2714207172393799,0.8823529481887817
l_curve_4,426,0.27138152718544006,0.8823529481887817
l_curve_4,427,0.27132806181907654,0.8823529481887817
l_curve_4,428,0.2713311016559601,0.8823529481887817
l_curve_4,429,0.27133554220199585,0.8823529481887817
l_curve_4,430,0.271371990442276,0.8823529481887817
l_curve_4,431,0.2713767886161804,0.8823529481887817
l_curve_4,432,0.27139812707901,0.8823529481887817
l_curve_4,433,0.27140605449676514,0.8823529481887817
l_curve_4,434,0.2714309096336365,0.8823529481887817
l_curve_4,435,0.27142906188964844,0.8823529481887817
l_curve_4,436,0.2714223265647888,0.8823529481887817
l_curve_4,437,0.27139100432395935,0.8823529481887817
l_curve_4,438,0.2714182436466217,0.8823529481887817
l_curve_4,439,0.2714138627052307,0.8823529481887817
l_curve_4,440,0.27141329646110535,0.8823529481887817
l_curve_4,441,0.27144354581832886,0.8823529481887817
l_curve_4,442,0.2714334726333618,0.8823529481887817
l_curve_4,443,0.2713949382305145,0.8823529481887817
l_curve_4,444,0.27135539054870605,0.8823529481887817
l_curve_4,445,0.27129361033439636,0.8823529481887817
l_curve_4,446,0.2712501883506775,0.8823529481887817
l_curve_4,447,0.27124226093292236,0.8823529481887817
l_curve_4,448,0.27121061086654663,0.8823529481887817
l_curve_4,449,0.27116596698760986,0.8823529481887817
l_curve_4,450,0.27112889289855957,0.8823529481887817
l_curve_4,451,0.2711063027381897,0.8823529481887817
l_curve_4,452,0.2710877060890198,0.8823529481887817
l_curve_4,453,0.27104321122169495,0.8823529481887817
l_curve_4,454,0.2710435390472412,0.8823529481887817
l_curve_4,455,0.2710323631763458,0.8823529481887817
l_curve_4,456,0.2710001766681671,0.8823529481887817
l_curve_4,457,0.2709933817386627,0.8823529481887817
l_curve_4,458,0.2709297835826874,0.8823529481887817
l_curve_4,459,0.2709170877933502,0.8823529481887817
l_curve_4,460,0.27091407775878906,0.8823529481887817
l_curve_4,461,0.27089473605155945,0.8823529481887817
l_curve_4,462,0.2708267867565155,0.8823529481887817
l_curve_4,463,0.27077507972717285,0.8823529481887817
l_curve_4,464,0.27071699500083923,0.8823529481887817
l_curve_4,465,0.2707127332687378,0.8823529481887817
l_curve_4,466,0.27068644762039185,0.8823529481887817
l_curve_4,467,0.2706756293773651,0.8823529481887817
l_curve_4,468,0.2706664204597473,0.8823529481887817
l_curve_4,469,0.2706746757030487,0.8823529481887817
l_curve_4,470,0.27065104246139526,0.8823529481887817
l_curve_4,471,0.2706492245197296,0.8823529481887817
l_curve_4,472,0.27061033248901367,0.8823529481887817
l_curve_4,473,0.27058956027030945,0.8823529481887817
l_curve_4,474,0.2705773711204529,0.8823529481887817
l_curve_4,475,0.27057620882987976,0.8823529481887817
l_curve_4,476,0.27061858773231506,0.8823529481887817
l_curve_4,477,0.27062010765075684,0.8823529481887817
l_curve_4,478,0.27064958214759827,0.8823529481887817
l_curve_4,479,0.2706817388534546,0.8823529481887817
l_curve_4,480,0.27073490619659424,0.8823529481887817
l_curve_4,481,0.2707112729549408,0.8823529481887817
l_curve_4,482,0.2707434594631195,0.8823529481887817
l_curve_4,483,0.2707340717315674,0.8823529481887817
l_curve_4,484,0.27074310183525085,0.8823529481887817
l_curve_4,485,0.2707378566265106,0.8823529481887817
l_curve_4,486,0.27077585458755493,0.8823529481887817
l_curve_4,487,0.270763635635376,0.8823529481887817
l_curve_4,488,0.2707562744617462,0.8823529481887817
l_curve_4,489,0.27076417207717896,0.8823529481887817
l_curve_4,490,0.27072301506996155,0.8823529481887817
l_curve_4,491,0.270702600479126,0.8823529481887817
l_curve_4,492,0.27071934938430786,0.8823529481887817
l_curve_4,493,0.27071088552474976,0.8823529481887817
l_curve_4,494,0.270761638879776,0.8823529481887817
l_curve_4,495,0.2707892060279846,0.8823529481887817
l_curve_4,496,0.2707933485507965,0.8823529481887817
l_curve_4,497,0.27071064710617065,0.8823529481887817
l_curve_4,498,0.270671010017395,0.8823529481887817
l_curve_4,499,0.27060580253601074,0.8823529481887817
l_curve_4,500,0.27052193880081177,0.8823529481887817
l_curve_4,501,0.27041658759117126,0.8823529481887817
l_curve_4,502,0.2703680694103241,0.8823529481887817
l_curve_4,503,0.2703334093093872,0.8823529481887817
l_curve_4,504,0.27022719383239746,0.8823529481887817
l_curve_4,505,0.2701624035835266,0.8823529481887817
l_curve_4,506,0.27009108662605286,0.8823529481887817
l_curve_4,507,0.2700907588005066,0.8823529481887817
l_curve_4,508,0.2700645625591278,0.8823529481887817
l_curve_4,509,0.27005213499069214,0.8823529481887817
l_curve_4,510,0.2700559198856354,0.8823529481887817
l_curve_4,511,0.2699872851371765,0.8823529481887817
l_curve_4,512,0.2699039578437805,0.8823529481887817
l_curve_4,513,0.26986178755760193,0.8823529481887817
l_curve_4,514,0.26984813809394836,0.8823529481887817
l_curve_4,515,0.26987195014953613,0.8823529481887817
l_curve_4,516,0.2698982357978821,0.8823529481887817
l_curve_4,517,0.26993608474731445,0.8823529481887817
l_curve_4,518,0.269960880279541,0.8823529481887817
l_curve_4,519,0.27001628279685974,0.8823529481887817
l_curve_4,520,0.27000996470451355,0.8823529481887817
l_curve_4,521,0.27000823616981506,0.8823529481887817
l_curve_4,522,0.27007314562797546,0.8823529481887817
l_curve_4,523,0.2701347768306732,0.8823529481887817
l_curve_4,524,0.27016711235046387,0.8823529481887817
l_curve_4,525,0.27014613151550293,0.8823529481887817
l_curve_4,526,0.27014994621276855,0.8823529481887817
l_curve_4,527,0.270176500082016,0.8823529481887817
l_curve_4,528,0.2702023983001709,0.8823529481887817
l_curve_4,529,0.2702246308326721,0.8823529481887817
l_curve_4,530,0.27028951048851013,0.8823529481887817
l_curve_4,531,0.2703147232532501,0.8823529481887817
l_curve_4,532,0.2703700065612793,0.8823529481887817
l_curve_4,533,0.27038899064064026,0.8823529481887817
l_curve_4,534,0.270404577255249,0.8823529481887817
l_curve_4,535,0.2704452574253082,0.8823529481887817
l_curve_4,536,0.27046751976013184,0.8823529481887817
l_curve_4,537,0.27049538493156433,0.8823529481887817
l_curve_4,538,0.27051281929016113,0.8823529481887817
l_curve_4,539,0.2705521881580353,0.8823529481887817
l_curve_4,540,0.27060186862945557,0.8823529481887817
l_curve_4,541,0.27059242129325867,0.8823529481887817
l_curve_4,542,0.2706134021282196,0.8823529481887817
l_curve_4,543,0.27065980434417725,0.8823529481887817
l_curve_4,544,0.27071312069892883,0.8823529481887817
l_curve_4,545,0.2707003951072693,0.8823529481887817
l_curve_4,546,0.2707138657569885,0.8823529481887817
l_curve_4,547,0.2706790268421173,0.8823529481887817
l_curve_4,548,0.2706257104873657,0.8823529481887817
l_curve_4,549,0.2705962061882019,0.8823529481887817
l_curve_4,550,0.2706131041049957,0.8823529481887817
l_curve_4,551,0.27060866355895996,0.8823529481887817
l_curve_4,552,0.27054306864738464,0.8823529481887817
l_curve_4,553,0.27050456404685974,0.8823529481887817
l_curve_4,554,0.2704671621322632,0.8823529481887817
l_curve_4,555,0.2705298662185669,0.8823529481887817
l_curve_4,556,0.2705563008785248,0.8823529481887817
l_curve_4,557,0.2706089913845062,0.8823529481887817
l_curve_4,558,0.27068838477134705,0.8823529481887817
l_curve_4,559,0.27066633105278015,0.8823529481887817
l_curve_4,560,0.2705989181995392,0.8823529481887817
l_curve_4,561,0.27048155665397644,0.8823529481887817
l_curve_4,562,0.27038249373435974,0.8823529481887817
l_curve_4,563,0.2703409194946289,0.8823529481887817
l_curve_4,564,0.2703130841255188,0.8823529481887817
l_curve_4,565,0.27034100890159607,0.8823529481887817
l_curve_4,566,0.27043023705482483,0.8823529481887817
l_curve_4,567,0.27053067088127136,0.8823529481887817
l_curve_4,568,0.2705867886543274,0.8823529481887817
l_curve_4,569,0.27064239978790283,0.8823529481887817
l_curve_4,570,0.27068668603897095,0.8823529481887817
l_curve_4,571,0.2707439959049225,0.8823529481887817
l_curve_4,572,0.2707540988922119,0.8823529481887817
l_curve_4,573,0.2708006799221039,0.8823529481887817
l_curve_4,574,0.27084651589393616,0.8823529481887817
l_curve_4,575,0.2708631753921509,0.8823529481887817
l_curve_4,576,0.2708664536476135,0.8823529481887817
l_curve_4,577,0.2708328664302826,0.8823529481887817
l_curve_4,578,0.2707308530807495,0.8823529481887817
l_curve_4,579,0.27057912945747375,0.8823529481887817
l_curve_4,580,0.270489901304245,0.8823529481887817
l_curve_4,581,0.2704125940799713,0.8823529481887817
l_curve_4,582,0.2703247666358948,0.8823529481887817
l_curve_4,583,0.27029773592948914,0.8823529481887817
l_curve_4,584,0.2702547609806061,0.8823529481887817
l_curve_4,585,0.2702842950820923,0.8823529481887817
l_curve_4,586,0.2703076899051666,0.8823529481887817
l_curve_4,587,0.2703024446964264,0.8823529481887817
l_curve_4,588,0.27032405138015747,0.8823529481887817
l_curve_4,589,0.2703952193260193,0.8823529481887817
l_curve_4,590,0.27040183544158936,0.8823529481887817
l_curve_4,591,0.2703939378261566,0.8823529481887817
l_curve_4,592,0.27034735679626465,0.8823529481887817
l_curve_4,593,0.270308256149292,0.8823529481887817
l_curve_4,594,0.27026745676994324,0.8823529481887817
l_curve_4,595,0.27018165588378906,0.8823529481887817
l_curve_4,596,0.27016326785087585,0.8823529481887817
l_curve_4,597,0.2701784670352936,0.8823529481887817
l_curve_4,598,0.2701966464519501,0.8823529481887817
l_curve_4,599,0.270242303609848,0.8823529481887817
l_curve_4,600,0.2702566087245941,0.8823529481887817
l_curve_4,601,0.27024325728416443,0.8823529481887817
l_curve_4,602,0.2702466547489166,0.8823529481887817
l_curve_4,603,0.27026742696762085,0.8823529481887817
l_curve_4,604,0.2702684700489044,0.8823529481887817
l_curve_4,605,0.2702481746673584,0.8823529481887817
l_curve_4,606,0.27013492584228516,0.8823529481887817
l_curve_4,607,0.27008432149887085,0.8823529481887817
l_curve_4,608,0.2700192928314209,0.8823529481887817
l_curve_4,609,0.26996174454689026,0.8823529481887817
l_curve_4,610,0.26992619037628174,0.8823529481887817
l_curve_4,611,0.2698979079723358,0.8823529481887817
l_curve_4,612,0.2698352336883545,0.8823529481887817
l_curve_4,613,0.2697611153125763,0.8823529481887817
l_curve_4,614,0.269696980714798,0.8823529481887817
l_curve_4,615,0.26965630054473877,0.8823529481887817
l_curve_4,616,0.2695882320404053,0.8823529481887817
l_curve_4,617,0.26955461502075195,0.8823529481887817
l_curve_4,618,0.269550085067749,0.8823529481887817
l_curve_4,619,0.26959145069122314,0.8823529481887817
l_curve_4,620,0.2695525586605072,0.8823529481887817
l_curve_4,621,0.26955464482307434,0.8823529481887817
l_curve_4,622,0.2695521414279938,0.8823529481887817
l_curve_4,623,0.2695949971675873,0.8823529481887817
l_curve_4,624,0.26960164308547974,0.8823529481887817
l_curve_4,625,0.26963722705841064,0.8823529481887817
l_curve_4,626,0.2696780264377594,0.8823529481887817
l_curve_4,627,0.2696862518787384,0.8823529481887817
l_curve_4,628,0.26970791816711426,0.8823529481887817
l_curve_4,629,0.26972314715385437,0.8823529481887817
l_curve_4,630,0.2697035074234009,0.8823529481887817
l_curve_4,631,0.2696859538555145,0.8823529481887817
l_curve_4,632,0.2697060704231262,0.8823529481887817
l_curve_4,633,0.26967111229896545,0.8823529481887817
l_curve_4,634,0.26966798305511475,0.8823529481887817
l_curve_4,635,0.26967084407806396,0.8823529481887817
l_curve_4,636,0.26965880393981934,0.8823529481887817
l_curve_4,637,0.26962795853614807,0.8823529481887817
l_curve_4,638,0.2696041166782379,0.8823529481887817
l_curve_4,639,0.2695945203304291,0.8823529481887817
l_curve_4,640,0.26962682604789734,0.8823529481887817
l_curve_4,641,0.26962020993232727,0.8823529481887817
l_curve_4,642,0.2696186900138855,0.8823529481887817
l_curve_4,643,0.26958519220352173,0.8823529481887817
l_curve_4,644,0.26954981684684753,0.8823529481887817
l_curve_4,645,0.2695472240447998,0.8823529481887817
l_curve_4,646,0.26959285140037537,0.8823529481887817
l_curve_4,647,0.26960858702659607,0.8823529481887817
l_curve_4,648,0.2695985734462738,0.8823529481887817
l_curve_4,649,0.2695789635181427,0.8823529481887817
l_curve_4,650,0.26951900124549866,0.8823529481887817
l_curve_4,651,0.26944127678871155,0.8823529481887817
l_curve_4,652,0.2694254517555237,0.8823529481887817
l_curve_4,653,0.2694230377674103,0.8823529481887817
l_curve_4,654,0.26945459842681885,0.8823529481887817
l_curve_4,655,0.2694001793861389,0.8823529481887817
l_curve_4,656,0.26939380168914795,0.8823529481887817
l_curve_4,657,0.26940181851387024,0.8823529481887817
l_curve_4,658,0.2694198489189148,0.8823529481887817
l_curve_4,659,0.26944828033447266,0.8823529481887817
l_curve_4,660,0.2694283127784729,0.8823529481887817
l_curve_4,661,0.26941901445388794,0.8823529481887817
l_curve_4,662,0.2694416046142578,0.8823529481887817
l_curve_4,663,0.26939767599105835,0.8823529481887817
l_curve_4,664,0.26938554644584656,0.8823529481887817
l_curve_4,665,0.2693968117237091,0.8823529481887817
l_curve_4,666,0.26935458183288574,0.8823529481887817
l_curve_4,667,0.26932066679000854,0.8823529481887817
l_curve_4,668,0.2692112326622009,0.8823529481887817
l_curve_4,669,0.26912304759025574,0.8823529481887817
l_curve_4,670,0.2690699100494385,0.8823529481887817
l_curve_4,671,0.26904258131980896,0.8823529481887817
l_curve_4,672,0.26901841163635254,0.8823529481887817
l_curve_4,673,0.2689819931983948,0.8823529481887817
l_curve_4,674,0.2689756751060486,0.8823529481887817
l_curve_4,675,0.2689805328845978,0.8823529481887817
l_curve_4,676,0.26897457242012024,0.8823529481887817
l_curve_4,677,0.2689863443374634,0.8823529481887817
l_curve_4,678,0.268978089094162,0.8823529481887817
l_curve_4,679,0.26895201206207275,0.8823529481887817
l_curve_4,680,0.2689262926578522,0.8823529481887817
l_curve_4,681,0.2689206004142761,0.8823529481887817
l_curve_4,682,0.2689528167247772,0.8823529481887817
l_curve_4,683,0.2689880132675171,0.8823529481887817
l_curve_4,684,0.2689971923828125,0.8823529481887817
l_curve_4,685,0.26900380849838257,0.8823529481887817
l_curve_4,686,0.26902443170547485,0.8823529481887817
l_curve_4,687,0.2689935863018036,0.8823529481887817
l_curve_4,688,0.26896190643310547,0.8823529481887817
l_curve_4,689,0.2689446806907654,0.8823529481887817
l_curve_4,690,0.2688877284526825,0.8823529481887817
l_curve_4,691,0.268852174282074,0.8823529481887817
l_curve_4,692,0.26882269978523254,0.8823529481887817
l_curve_4,693,0.2688104808330536,0.8823529481887817
l_curve_4,694,0.2687603235244751,0.8823529481887817
l_curve_4,695,0.2687323987483978,0.8823529481887817
l_curve_4,696,0.26872557401657104,0.8823529481887817
l_curve_4,697,0.26870647072792053,0.8823529481887817
l_curve_4,698,0.2687048614025116,0.8823529481887817
l_curve_4,699,0.2687179148197174,0.8823529481887817
l_curve_4,700,0.26877522468566895,0.8823529481887817
l_curve_4,701,0.2688048183917999,0.8823529481887817
l_curve_4,702,0.2688739001750946,0.8823529481887817
l_curve_4,703,0.2689034044742584,0.8823529481887817
l_curve_4,704,0.26891833543777466,0.8823529481887817
l_curve_4,705,0.26893356442451477,0.8823529481887817
l_curve_4,706,0.2689644992351532,0.8823529481887817
l_curve_4,707,0.2689681351184845,0.8823529481887817
l_curve_4,708,0.26897114515304565,0.8823529481887817
l_curve_4,709,0.26896920800209045,0.8823529481887817
l_curve_4,710,0.2689189612865448,0.8823529481887817
l_curve_4,711,0.26888802647590637,0.8823529481887817
l_curve_4,712,0.2688978314399719,0.8823529481887817
l_curve_4,713,0.2688652575016022,0.8823529481887817
l_curve_4,714,0.2688751816749573,0.8823529481887817
l_curve_4,715,0.2688790261745453,0.8823529481887817
l_curve_4,716,0.26889562606811523,0.8823529481887817
l_curve_4,717,0.26885780692100525,0.8823529481887817
l_curve_4,718,0.2688137888908386,0.8823529481887817
l_curve_4,719,0.26878252625465393,0.8823529481887817
l_curve_4,720,0.268734335899353,0.8823529481887817
l_curve_4,721,0.26862677931785583,0.8823529481887817
l_curve_4,722,0.268563449382782,0.8823529481887817
l_curve_4,723,0.2685682773590088,0.8823529481887817
l_curve_4,724,0.2685692608356476,0.8823529481887817
l_curve_4,725,0.2685740292072296,0.8823529481887817
l_curve_4,726,0.2685549855232239,0.8823529481887817
l_curve_4,727,0.2685435712337494,0.8823529481887817
l_curve_4,728,0.26854100823402405,0.8823529481887817
l_curve_4,729,0.26848000288009644,0.8823529481887817
l_curve_4,730,0.26842665672302246,0.8823529481887817
l_curve_4,731,0.26839587092399597,0.8823529481887817
l_curve_4,732,0.26836705207824707,0.8823529481887817
l_curve_4,733,0.2683201730251312,0.8823529481887817
l_curve_4,734,0.2683168947696686,0.8823529481887817
l_curve_4,735,0.2683197259902954,0.8823529481887817
l_curve_4,736,0.26835349202156067,0.8823529481887817
l_curve_4,737,0.26837632060050964,0.8823529481887817
l_curve_4,738,0.2684120237827301,0.8823529481887817
l_curve_4,739,0.2684227228164673,0.8823529481887817
l_curve_4,740,0.2684430778026581,0.8823529481887817
l_curve_4,741,0.2684875428676605,0.8823529481887817
l_curve_4,742,0.2684779465198517,0.8823529481887817
l_curve_4,743,0.2684186100959778,0.8823529481887817
l_curve_4,744,0.2683323919773102,0.8823529481887817
l_curve_4,745,0.26828810572624207,0.8823529481887817
l_curve_4,746,0.26823690533638,0.8823529481887817
l_curve_4,747,0.2681664824485779,0.8823529481887817
l_curve_4,748,0.2680599093437195,0.8823529481887817
l_curve_4,749,0.268098920583725,0.8823529481887817
l_curve_4,750,0.2681611180305481,0.8823529481887817
l_curve_4,751,0.26822951436042786,0.8823529481887817
l_curve_4,752,0.26822417974472046,0.8823529481887817
l_curve_4,753,0.26825469732284546,0.8823529481887817
l_curve_4,754,0.2682681679725647,0.8823529481887817
l_curve_4,755,0.26830318570137024,0.8823529481887817
l_curve_4,756,0.2684135437011719,0.8823529481887817
l_curve_4,757,0.26847463846206665,0.8823529481887817
l_curve_4,758,0.2685241103172302,0.8823529481887817
l_curve_4,759,0.2685311734676361,0.8823529481887817
l_curve_4,760,0.26846790313720703,0.8823529481887817
l_curve_4,761,0.2682938873767853,0.8823529481887817
l_curve_4,762,0.26820459961891174,0.8823529481887817
l_curve_4,763,0.2681250274181366,0.8823529481887817
l_curve_4,764,0.26815277338027954,0.8823529481887817
l_curve_4,765,0.2681688070297241,0.8823529481887817
l_curve_4,766,0.26817768812179565,0.8823529481887817
l_curve_4,767,0.26820144057273865,0.8823529481887817
l_curve_4,768,0.26823166012763977,0.8823529481887817
l_curve_4,769,0.2682482600212097,0.8823529481887817
l_curve_4,770,0.2682625949382782,0.8823529481887817
l_curve_4,771,0.2682621479034424,0.8823529481887817
l_curve_4,772,0.26830437779426575,0.8823529481887817
l_curve_4,773,0.26833680272102356,0.8823529481887817
l_curve_4,774,0.268369197845459,0.8823529481887817
l_curve_4,775,0.2682960033416748,0.8823529481887817
l_curve_4,776,0.268207848072052,0.8823529481887817
l_curve_4,777,0.26811718940734863,0.8823529481887817
l_curve_4,778,0.26800021529197693,0.8823529481887817
l_curve_4,779,0.2679480016231537,0.8823529481887817
l_curve_4,780,0.2679314613342285,0.8823529481887817
l_curve_4,781,0.26788386702537537,0.8823529481887817
l_curve_4,782,0.2678437829017639,0.8823529481887817
l_curve_4,783,0.26780471205711365,0.8823529481887817
l_curve_4,784,0.267775297164917,0.8823529481887817
l_curve_4,785,0.2677648961544037,0.8823529481887817
l_curve_4,786,0.26781442761421204,0.8823529481887817
l_curve_4,787,0.2678888142108917,0.8823529481887817
l_curve_4,788,0.2679559290409088,0.8823529481887817
l_curve_4,789,0.2679380774497986,0.8823529481887817
l_curve_4,790,0.2678854465484619,0.8823529481887817
l_curve_4,791,0.2678128480911255,0.8823529481887817
l_curve_4,792,0.26778650283813477,0.8823529481887817
l_curve_4,793,0.2678087055683136,0.8823529481887817
l_curve_4,794,0.2678321301937103,0.8823529481887817
l_curve_4,795,0.267880380153656,0.8823529481887817
l_curve_4,796,0.26793742179870605,0.8823529481887817
l_curve_4,797,0.26798176765441895,0.8823529481887817
l_curve_4,798,0.26797646284103394,0.8823529481887817
l_curve_4,799,0.2679716944694519,0.8823529481887817
l_curve_4,800,0.26799437403678894,0.8823529481887817
l_curve_4,801,0.2679920792579651,0.8823529481887817
l_curve_4,802,0.2679460346698761,0.8823529481887817
l_curve_4,803,0.2678377628326416,0.8823529481887817
l_curve_4,804,0.2677870988845825,0.8823529481887817
l_curve_4,805,0.2677614688873291,0.8823529481887817
l_curve_4,806,0.26772311329841614,0.8823529481887817
l_curve_4,807,0.26776668429374695,0.8823529481887817
l_curve_4,808,0.2677617371082306,0.8823529481887817
l_curve_4,809,0.267736554145813,0.8823529481887817
l_curve_4,810,0.26771822571754456,0.8823529481887817
l_curve_4,811,0.26768118143081665,0.8823529481887817
l_curve_4,812,0.26763370633125305,0.8823529481887817
l_curve_4,813,0.2675265669822693,0.8823529481887817
l_curve_4,814,0.2674829065799713,0.8823529481887817
l_curve_4,815,0.2674187123775482,0.8823529481887817
l_curve_4,816,0.2673726975917816,0.8823529481887817
l_curve_4,817,0.26734334230422974,0.8823529481887817
l_curve_4,818,0.2673107087612152,0.8823529481887817
l_curve_4,819,0.2672673165798187,0.8823529481887817
l_curve_4,820,0.26718196272850037,0.8823529481887817
l_curve_4,821,0.2671467065811157,0.8823529481887817
l_curve_4,822,0.2670789062976837,0.8823529481887817
l_curve_4,823,0.26702576875686646,0.8823529481887817
l_curve_4,824,0.26700282096862793,0.8823529481887817
l_curve_4,825,0.2669548988342285,0.8823529481887817
l_curve_4,826,0.2669336199760437,0.8823529481887817
l_curve_4,827,0.2669338583946228,0.8823529481887817
l_curve_4,828,0.2669238746166229,0.8823529481887817
l_curve_4,829,0.26695534586906433,0.8823529481887817
l_curve_4,830,0.26700732111930847,0.8823529481887817
l_curve_4,831,0.2670463025569916,0.8823529481887817
l_curve_4,832,0.26709118485450745,0.8823529481887817
l_curve_4,833,0.2671193778514862,0.8823529481887817
l_curve_4,834,0.26716721057891846,0.8823529481887817
l_curve_4,835,0.26719802618026733,0.8823529481887817
l_curve_4,836,0.26720303297042847,0.8823529481887817
l_curve_4,837,0.2671912610530853,0.8823529481887817
l_curve_4,838,0.26716190576553345,0.8823529481887817
l_curve_4,839,0.2671733498573303,0.8823529481887817
l_curve_4,840,0.2671806812286377,0.8823529481887817
l_curve_4,841,0.2671377956867218,0.8823529481887817
l_curve_4,842,0.267109215259552,0.8823529481887817
l_curve_4,843,0.2670818567276001,0.8823529481887817
l_curve_4,844,0.26705238223075867,0.8823529481887817
l_curve_4,845,0.2670489549636841,0.8823529481887817
l_curve_4,846,0.26710695028305054,0.8823529481887817
l_curve_4,847,0.2671511173248291,0.8823529481887817
l_curve_4,848,0.2671642601490021,0.8823529481887817
l_curve_4,849,0.26712948083877563,0.8823529481887817
l_curve_4,850,0.26715078949928284,0.8823529481887817
l_curve_4,851,0.2671765089035034,0.8823529481887817
l_curve_4,852,0.2671882212162018,0.8823529481887817
l_curve_4,853,0.2672230005264282,0.8823529481887817
l_curve_4,854,0.26730042695999146,0.8823529481887817
l_curve_4,855,0.26735326647758484,0.8823529481887817
l_curve_4,856,0.26734495162963867,0.8823529481887817
l_curve_4,857,0.26723209023475647,0.8823529481887817
l_curve_4,858,0.26713982224464417,0.8823529481887817
l_curve_4,859,0.26710063219070435,0.8823529481887817
l_curve_4,860,0.26715633273124695,0.8823529481887817
l_curve_4,861,0.26715540885925293,0.8823529481887817
l_curve_4,862,0.26714539527893066,0.8823529481887817
l_curve_4,863,0.26712802052497864,0.8823529481887817
l_curve_4,864,0.2671438753604889,0.8823529481887817
l_curve_4,865,0.2671062648296356,0.8823529481887817
l_curve_4,866,0.26706477999687195,0.8823529481887817
l_curve_4,867,0.2670310139656067,0.8823529481887817
l_curve_4,868,0.2670581638813019,0.8823529481887817
l_curve_4,869,0.26704731583595276,0.8823529481887817
l_curve_4,870,0.267052561044693,0.8823529481887817
l_curve_4,871,0.2669958174228668,0.8823529481887817
l_curve_4,872,0.26687419414520264,0.8823529481887817
l_curve_4,873,0.26678523421287537,0.8823529481887817
l_curve_4,874,0.26664912700653076,0.8823529481887817
l_curve_4,875,0.2666090130805969,0.8823529481887817
l_curve_4,876,0.26657184958457947,0.8823529481887817
l_curve_4,877,0.2665291726589203,0.8823529481887817
l_curve_4,878,0.2665278911590576,0.8823529481887817
l_curve_4,879,0.2665311396121979,0.8823529481887817
l_curve_4,880,0.2665001153945923,0.8823529481887817
l_curve_4,881,0.26646286249160767,0.8823529481887817
l_curve_4,882,0.26644083857536316,0.8823529481887817
l_curve_4,883,0.26643210649490356,0.8823529481887817
l_curve_4,884,0.26648157835006714,0.8823529481887817
l_curve_4,885,0.2665729224681854,0.8823529481887817
l_curve_4,886,0.26664918661117554,0.8823529481887817
l_curve_4,887,0.2666853666305542,0.8823529481887817
l_curve_4,888,0.2666730284690857,0.8823529481887817
l_curve_4,889,0.2666475474834442,0.8823529481887817
l_curve_4,890,0.2666073739528656,0.8823529481887817
l_curve_4,891,0.2664872109889984,0.8823529481887817
l_curve_4,892,0.26640573143959045,0.8823529481887817
l_curve_4,893,0.26636242866516113,0.8823529481887817
l_curve_4,894,0.26634329557418823,0.8823529481887817
l_curve_4,895,0.2663169801235199,0.8823529481887817
l_curve_4,896,0.2662867605686188,0.8823529481887817
l_curve_4,897,0.2663116455078125,0.8823529481887817
l_curve_4,898,0.266384482383728,0.8823529481887817
l_curve_4,899,0.2664431929588318,0.8823529481887817
l_curve_4,900,0.26645785570144653,0.8823529481887817
l_curve_4,901,0.2664645314216614,0.8823529481887817
l_curve_4,902,0.26650676131248474,0.8823529481887817
l_curve_4,903,0.2665446400642395,0.8823529481887817
l_curve_4,904,0.26648956537246704,0.8823529481887817
l_curve_4,905,0.2664072513580322,0.8823529481887817
l_curve_4,906,0.26637130975723267,0.8823529481887817
l_curve_4,907,0.2663972079753876,0.8823529481887817
l_curve_4,908,0.26639774441719055,0.8823529481887817
l_curve_4,909,0.26635605096817017,0.8823529481887817
l_curve_4,910,0.2663358747959137,0.8823529481887817
l_curve_4,911,0.2663479745388031,0.8823529481887817
l_curve_4,912,0.26633867621421814,0.8823529481887817
l_curve_4,913,0.26634112000465393,0.8823529481887817
l_curve_4,914,0.2663971483707428,0.8823529481887817
l_curve_4,915,0.26641806960105896,0.8823529481887817
l_curve_4,916,0.2663896381855011,0.8823529481887817
l_curve_4,917,0.26634278893470764,0.8823529481887817
l_curve_4,918,0.2663284242153168,0.8823529481887817
l_curve_4,919,0.26634979248046875,0.8823529481887817
l_curve_4,920,0.266387015581131,0.8823529481887817
l_curve_4,921,0.2664202153682709,0.8823529481887817
l_curve_4,922,0.2664507329463959,0.8823529481887817
l_curve_4,923,0.2664766311645508,0.8823529481887817
l_curve_4,924,0.26652729511260986,0.8823529481887817
l_curve_4,925,0.2665998339653015,0.8823529481887817
l_curve_4,926,0.2666729688644409,0.8823529481887817
l_curve_4,927,0.2667748034000397,0.8823529481887817
l_curve_4,928,0.26684248447418213,0.8823529481887817
l_curve_4,929,0.2668820321559906,0.8823529481887817
l_curve_4,930,0.26692116260528564,0.8823529481887817
l_curve_4,931,0.26692208647727966,0.8823529481887817
l_curve_4,932,0.26687100529670715,0.8823529481887817
l_curve_4,933,0.2668059468269348,0.8823529481887817
l_curve_4,934,0.26670947670936584,0.8823529481887817
l_curve_4,935,0.2666119635105133,0.8823529481887817
l_curve_4,936,0.2666063606739044,0.8823529481887817
l_curve_4,937,0.26662036776542664,0.8823529481887817
l_curve_4,938,0.2665490508079529,0.8823529481887817
l_curve_4,939,0.2665233016014099,0.8823529481887817
l_curve_4,940,0.2665233612060547,0.8823529481887817
l_curve_4,941,0.26649847626686096,0.8823529481887817
l_curve_4,942,0.26654571294784546,0.8823529481887817
l_curve_4,943,0.26660531759262085,0.8823529481887817
l_curve_4,944,0.2666137218475342,0.8823529481887817
l_curve_4,945,0.2666132152080536,0.8823529481887817
l_curve_4,946,0.2666183114051819,0.8823529481887817
l_curve_4,947,0.26664283871650696,0.8823529481887817
l_curve_4,948,0.266659140586853,0.8823529481887817
l_curve_4,949,0.2666078209877014,0.8823529481887817
l_curve_4,950,0.26656752824783325,0.8823529481887817
l_curve_4,951,0.2665422260761261,0.8823529481887817
l_curve_4,952,0.26652422547340393,0.8823529481887817
l_curve_4,953,0.2665661871433258,0.8823529481887817
l_curve_4,954,0.2665994167327881,0.8823529481887817
l_curve_4,955,0.2665582001209259,0.8823529481887817
l_curve_4,956,0.2664930820465088,0.8823529481887817
l_curve_4,957,0.26645299792289734,0.8823529481887817
l_curve_4,958,0.2664646506309509,0.8823529481887817
l_curve_4,959,0.26652464270591736,0.8823529481887817
l_curve_4,960,0.26658302545547485,0.8823529481887817
l_curve_4,961,0.26659369468688965,0.8823529481887817
l_curve_4,962,0.26659831404685974,0.8823529481887817
l_curve_4,963,0.2665553390979767,0.8823529481887817
l_curve_4,964,0.2665059566497803,0.8823529481887817
l_curve_4,965,0.2664797306060791,0.8823529481887817
l_curve_4,966,0.2664586305618286,0.8823529481887817
l_curve_4,967,0.2664015591144562,0.8823529481887817
l_curve_4,968,0.2662840783596039,0.8823529481887817
l_curve_4,969,0.26625895500183105,0.8823529481887817
l_curve_4,970,0.26622796058654785,0.8823529481887817
l_curve_4,971,0.2662055790424347,0.8823529481887817
l_curve_4,972,0.26621392369270325,0.8823529481887817
l_curve_4,973,0.26617011427879333,0.8823529481887817
l_curve_4,974,0.26613667607307434,0.8823529481887817
l_curve_4,975,0.26611393690109253,0.8823529481887817
l_curve_4,976,0.2660282254219055,0.8823529481887817
l_curve_4,977,0.26598232984542847,0.8823529481887817
l_curve_4,978,0.26599809527397156,0.8823529481887817
l_curve_4,979,0.2660265266895294,0.8823529481887817
l_curve_4,980,0.2660256624221802,0.8823529481887817
l_curve_4,981,0.2660551071166992,0.8823529481887817
l_curve_4,982,0.2660640776157379,0.8823529481887817
l_curve_4,983,0.2660449743270874,0.8823529481887817
l_curve_4,984,0.26607030630111694,0.8823529481887817
l_curve_4,985,0.2660631537437439,0.8823529481887817
l_curve_4,986,0.26603612303733826,0.8823529481887817
l_curve_4,987,0.2660181224346161,0.8823529481887817
l_curve_4,988,0.2659655809402466,0.8823529481887817
l_curve_4,989,0.26597529649734497,0.8823529481887817
l_curve_4,990,0.26598116755485535,0.8823529481887817
l_curve_4,991,0.2660057246685028,0.8823529481887817
l_curve_4,992,0.26598578691482544,0.8823529481887817
l_curve_4,993,0.26592832803726196,0.8823529481887817
l_curve_4,994,0.26588699221611023,0.8823529481887817
l_curve_4,995,0.26589906215667725,0.8823529481887817
l_curve_4,996,0.2659037113189697,0.8823529481887817
l_curve_4,997,0.26591411232948303,0.8823529481887817
l_curve_4,998,0.26589372754096985,0.8823529481887817
l_curve_4,999,0.26584625244140625,0.8823529481887817
l_curve_4,1000,0.2658393383026123,0.8823529481887817
l_curve_4,1000,0.2658393383026123,0.8823529481887817
