client,round,loss,accuracy
l_curve_7,1,0.8684579133987427,0.5714285969734192
l_curve_7,2,0.8370885252952576,0.5714285969734192
l_curve_7,3,0.808198094367981,0.5714285969734192
l_curve_7,4,0.7816623449325562,0.5714285969734192
l_curve_7,5,0.757610023021698,0.5714285969734192
l_curve_7,6,0.7359482049942017,0.5714285969734192
l_curve_7,7,0.7161778211593628,0.5714285969734192
l_curve_7,8,0.6982205510139465,0.5714285969734192
l_curve_7,9,0.6819590330123901,0.5714285969734192
l_curve_7,10,0.6673080325126648,0.5714285969734192
l_curve_7,11,0.6540594100952148,0.5714285969734192
l_curve_7,12,0.6419216394424438,0.5714285969734192
l_curve_7,13,0.6305127143859863,0.5714285969734192
l_curve_7,14,0.6198219656944275,0.5714285969734192
l_curve_7,15,0.6097298860549927,0.5714285969734192
l_curve_7,16,0.6000924706459045,0.6666666865348816
l_curve_7,17,0.59087073802948,0.7142857313156128
l_curve_7,18,0.581835925579071,0.7142857313156128
l_curve_7,19,0.5730226635932922,0.7142857313156128
l_curve_7,20,0.564358651638031,0.7142857313156128
l_curve_7,21,0.555788516998291,0.7142857313156128
l_curve_7,22,0.5473672747612,0.761904776096344
l_curve_7,23,0.5390578508377075,0.761904776096344
l_curve_7,24,0.530841588973999,0.761904776096344
l_curve_7,25,0.5227500200271606,0.761904776096344
l_curve_7,26,0.5147610902786255,0.8571428656578064
l_curve_7,27,0.5069611668586731,0.8571428656578064
l_curve_7,28,0.49936267733573914,0.8571428656578064
l_curve_7,29,0.4919193685054779,0.8571428656578064
l_curve_7,30,0.484649658203125,0.8571428656578064
l_curve_7,31,0.4775962829589844,0.8571428656578064
l_curve_7,32,0.4708363711833954,0.9047619104385376
l_curve_7,33,0.46440768241882324,0.9047619104385376
l_curve_7,34,0.4582688510417938,0.9047619104385376
l_curve_7,35,0.45237603783607483,0.9047619104385376
l_curve_7,36,0.44681039452552795,0.9047619104385376
l_curve_7,37,0.44150644540786743,0.8571428656578064
l_curve_7,38,0.4365919232368469,0.8571428656578064
l_curve_7,39,0.4319848418235779,0.8571428656578064
l_curve_7,40,0.4276539087295532,0.8571428656578064
l_curve_7,41,0.4235619604587555,0.8571428656578064
l_curve_7,42,0.4197806417942047,0.8571428656578064
l_curve_7,43,0.41628196835517883,0.8571428656578064
l_curve_7,44,0.4130136966705322,0.8571428656578064
l_curve_7,45,0.40994584560394287,0.8571428656578064
l_curve_7,46,0.4071115255355835,0.8095238208770752
l_curve_7,47,0.40447843074798584,0.8095238208770752
l_curve_7,48,0.40202486515045166,0.8095238208770752
l_curve_7,49,0.3997770845890045,0.8095238208770752
l_curve_7,50,0.3976776897907257,0.8095238208770752
l_curve_7,51,0.39572739601135254,0.8095238208770752
l_curve_7,52,0.39377647638320923,0.8095238208770752
l_curve_7,53,0.3919987380504608,0.8095238208770752
l_curve_7,54,0.39039453864097595,0.8095238208770752
l_curve_7,55,0.38886380195617676,0.8095238208770752
l_curve_7,56,0.3874393105506897,0.8095238208770752
l_curve_7,57,0.3860451877117157,0.8095238208770752
l_curve_7,58,0.3846242129802704,0.8095238208770752
l_curve_7,59,0.38341227173805237,0.8095238208770752
l_curve_7,60,0.38227957487106323,0.8095238208770752
l_curve_7,61,0.3811463713645935,0.8095238208770752
l_curve_7,62,0.38022878766059875,0.8095238208770752
l_curve_7,63,0.3793363571166992,0.8095238208770752
l_curve_7,64,0.3783913254737854,0.8095238208770752
l_curve_7,65,0.37751784920692444,0.8095238208770752
l_curve_7,66,0.37663760781288147,0.8095238208770752
l_curve_7,67,0.3758808970451355,0.8095238208770752
l_curve_7,68,0.37511658668518066,0.8095238208770752
l_curve_7,69,0.3743686079978943,0.8095238208770752
l_curve_7,70,0.37366336584091187,0.8095238208770752
l_curve_7,71,0.3730456233024597,0.8095238208770752
l_curve_7,72,0.37243446707725525,0.8095238208770752
l_curve_7,73,0.37181150913238525,0.8095238208770752
l_curve_7,74,0.37098684906959534,0.8095238208770752
l_curve_7,75,0.3702365458011627,0.8095238208770752
l_curve_7,76,0.3695755898952484,0.8095238208770752
l_curve_7,77,0.36904820799827576,0.8095238208770752
l_curve_7,78,0.36858201026916504,0.8095238208770752
l_curve_7,79,0.3680647909641266,0.8095238208770752
l_curve_7,80,0.3674428462982178,0.8095238208770752
l_curve_7,81,0.36695608496665955,0.8095238208770752
l_curve_7,82,0.36640384793281555,0.8095238208770752
l_curve_7,83,0.36594846844673157,0.8095238208770752
l_curve_7,84,0.3654554784297943,0.8095238208770752
l_curve_7,85,0.36485984921455383,0.8095238208770752
l_curve_7,86,0.36427798867225647,0.8095238208770752
l_curve_7,87,0.36381134390830994,0.8095238208770752
l_curve_7,88,0.36334413290023804,0.8095238208770752
l_curve_7,89,0.3627661466598511,0.8095238208770752
l_curve_7,90,0.3623587191104889,0.8095238208770752
l_curve_7,91,0.3620379567146301,0.8095238208770752
l_curve_7,92,0.36169904470443726,0.8095238208770752
l_curve_7,93,0.3612402081489563,0.8095238208770752
l_curve_7,94,0.36074039340019226,0.8095238208770752
l_curve_7,95,0.3603617250919342,0.8095238208770752
l_curve_7,96,0.35979506373405457,0.8095238208770752
l_curve_7,97,0.3592435121536255,0.8095238208770752
l_curve_7,98,0.35882341861724854,0.8095238208770752
l_curve_7,99,0.35836315155029297,0.8095238208770752
l_curve_7,100,0.35809019207954407,0.8095238208770752
l_curve_7,101,0.3577585816383362,0.8095238208770752
l_curve_7,102,0.357597678899765,0.8095238208770752
l_curve_7,103,0.3572588860988617,0.8095238208770752
l_curve_7,104,0.35676828026771545,0.8095238208770752
l_curve_7,105,0.35640984773635864,0.8095238208770752
l_curve_7,106,0.3560934364795685,0.8095238208770752
l_curve_7,107,0.3557989001274109,0.8095238208770752
l_curve_7,108,0.35544928908348083,0.8095238208770752
l_curve_7,109,0.3551024794578552,0.8095238208770752
l_curve_7,110,0.35469838976860046,0.8095238208770752
l_curve_7,111,0.3543532192707062,0.8095238208770752
l_curve_7,112,0.35420385003089905,0.8095238208770752
l_curve_7,113,0.3539487421512604,0.8095238208770752
l_curve_7,114,0.3533247411251068,0.8095238208770752
l_curve_7,115,0.3527820110321045,0.8095238208770752
l_curve_7,116,0.35226187109947205,0.8095238208770752
l_curve_7,117,0.3518740236759186,0.8095238208770752
l_curve_7,118,0.35153815150260925,0.8095238208770752
l_curve_7,119,0.3513972759246826,0.8095238208770752
l_curve_7,120,0.3510647416114807,0.8095238208770752
l_curve_7,121,0.35083404183387756,0.8095238208770752
l_curve_7,122,0.35041123628616333,0.8095238208770752
l_curve_7,123,0.3502022325992584,0.8095238208770752
l_curve_7,124,0.35007917881011963,0.8095238208770752
l_curve_7,125,0.3499954640865326,0.8095238208770752
l_curve_7,126,0.3497665226459503,0.8095238208770752
l_curve_7,127,0.34939512610435486,0.8095238208770752
l_curve_7,128,0.3489411175251007,0.8095238208770752
l_curve_7,129,0.3487645089626312,0.8095238208770752
l_curve_7,130,0.3485168516635895,0.8095238208770752
l_curve_7,131,0.3481253981590271,0.8095238208770752
l_curve_7,132,0.34793728590011597,0.8095238208770752
l_curve_7,133,0.3477932810783386,0.8095238208770752
l_curve_7,134,0.3476848602294922,0.8095238208770752
l_curve_7,135,0.34741172194480896,0.8095238208770752
l_curve_7,136,0.3471003770828247,0.8095238208770752
l_curve_7,137,0.3469366729259491,0.8095238208770752
l_curve_7,138,0.3466189205646515,0.8095238208770752
l_curve_7,139,0.346179336309433,0.8095238208770752
l_curve_7,140,0.3457602858543396,0.8095238208770752
l_curve_7,141,0.3454511761665344,0.8095238208770752
l_curve_7,142,0.34518590569496155,0.8095238208770752
l_curve_7,143,0.3449667990207672,0.8095238208770752
l_curve_7,144,0.3447180986404419,0.8095238208770752
l_curve_7,145,0.3444274663925171,0.8095238208770752
l_curve_7,146,0.34394708275794983,0.8095238208770752
l_curve_7,147,0.3436041474342346,0.8095238208770752
l_curve_7,148,0.34333956241607666,0.8095238208770752
l_curve_7,149,0.34319037199020386,0.8095238208770752
l_curve_7,150,0.3432694971561432,0.8095238208770752
l_curve_7,151,0.3430804908275604,0.8095238208770752
l_curve_7,152,0.34303778409957886,0.8095238208770752
l_curve_7,153,0.34300512075424194,0.8095238208770752
l_curve_7,154,0.34285926818847656,0.8095238208770752
l_curve_7,155,0.3428250551223755,0.8095238208770752
l_curve_7,156,0.34267598390579224,0.8095238208770752
l_curve_7,157,0.3423106074333191,0.8095238208770752
l_curve_7,158,0.3420644700527191,0.8095238208770752
l_curve_7,159,0.34202253818511963,0.8095238208770752
l_curve_7,160,0.34186801314353943,0.8095238208770752
l_curve_7,161,0.341722697019577,0.8095238208770752
l_curve_7,162,0.3414076268672943,0.8095238208770752
l_curve_7,163,0.3410765826702118,0.8095238208770752
l_curve_7,164,0.3407703936100006,0.8095238208770752
l_curve_7,165,0.34049463272094727,0.8095238208770752
l_curve_7,166,0.3402528762817383,0.8095238208770752
l_curve_7,167,0.3402521312236786,0.8095238208770752
l_curve_7,168,0.34001341462135315,0.8095238208770752
l_curve_7,169,0.3396623134613037,0.8095238208770752
l_curve_7,170,0.3396255373954773,0.8095238208770752
l_curve_7,171,0.339675635099411,0.8095238208770752
l_curve_7,172,0.3396562337875366,0.8095238208770752
l_curve_7,173,0.3393547534942627,0.8095238208770752
l_curve_7,174,0.33889567852020264,0.8095238208770752
l_curve_7,175,0.3387164771556854,0.8095238208770752
l_curve_7,176,0.33873409032821655,0.8095238208770752
l_curve_7,177,0.3385830819606781,0.8095238208770752
l_curve_7,178,0.33820319175720215,0.8095238208770752
l_curve_7,179,0.33805161714553833,0.8095238208770752
l_curve_7,180,0.337630033493042,0.8095238208770752
l_curve_7,181,0.33737149834632874,0.8095238208770752
l_curve_7,182,0.33729100227355957,0.8095238208770752
l_curve_7,183,0.3371288776397705,0.8095238208770752
l_curve_7,184,0.3368786573410034,0.8095238208770752
l_curve_7,185,0.3367938995361328,0.8095238208770752
l_curve_7,186,0.33652082085609436,0.8095238208770752
l_curve_7,187,0.33616703748703003,0.8095238208770752
l_curve_7,188,0.33578017354011536,0.8095238208770752
l_curve_7,189,0.33580467104911804,0.8095238208770752
l_curve_7,190,0.3358142375946045,0.8095238208770752
l_curve_7,191,0.33563032746315,0.8095238208770752
l_curve_7,192,0.3351639211177826,0.8095238208770752
l_curve_7,193,0.3349037766456604,0.8095238208770752
l_curve_7,194,0.3349147140979767,0.8095238208770752
l_curve_7,195,0.334850937128067,0.8095238208770752
l_curve_7,196,0.3347304165363312,0.8095238208770752
l_curve_7,197,0.33470258116722107,0.8095238208770752
l_curve_7,198,0.33444908261299133,0.8095238208770752
l_curve_7,199,0.3342629671096802,0.8095238208770752
l_curve_7,200,0.33424851298332214,0.8095238208770752
l_curve_7,201,0.33398157358169556,0.8095238208770752
l_curve_7,202,0.33374351263046265,0.8095238208770752
l_curve_7,203,0.33349597454071045,0.8095238208770752
l_curve_7,204,0.3333078920841217,0.8095238208770752
l_curve_7,205,0.3331696391105652,0.8095238208770752
l_curve_7,206,0.332868754863739,0.8095238208770752
l_curve_7,207,0.3325592279434204,0.8095238208770752
l_curve_7,208,0.33250024914741516,0.8095238208770752
l_curve_7,209,0.3324398696422577,0.8095238208770752
l_curve_7,210,0.33238470554351807,0.8095238208770752
l_curve_7,211,0.33250120282173157,0.8095238208770752
l_curve_7,212,0.3323436975479126,0.8095238208770752
l_curve_7,213,0.33213868737220764,0.8095238208770752
l_curve_7,214,0.3318016529083252,0.8095238208770752
l_curve_7,215,0.33165672421455383,0.8095238208770752
l_curve_7,216,0.3313964903354645,0.8095238208770752
l_curve_7,217,0.33131343126296997,0.8095238208770752
l_curve_7,218,0.33103904128074646,0.8095238208770752
l_curve_7,219,0.3308987319469452,0.8095238208770752
l_curve_7,220,0.33068934082984924,0.8095238208770752
l_curve_7,221,0.3305376172065735,0.8095238208770752
l_curve_7,222,0.3304501175880432,0.8095238208770752
l_curve_7,223,0.33032742142677307,0.8095238208770752
l_curve_7,224,0.32983148097991943,0.8095238208770752
l_curve_7,225,0.3296220898628235,0.8095238208770752
l_curve_7,226,0.32958775758743286,0.8095238208770752
l_curve_7,227,0.32948243618011475,0.8095238208770752
l_curve_7,228,0.3293575644493103,0.8095238208770752
l_curve_7,229,0.32920512557029724,0.8095238208770752
l_curve_7,230,0.3289206922054291,0.8095238208770752
l_curve_7,231,0.3286503553390503,0.8095238208770752
l_curve_7,232,0.3281792402267456,0.8095238208770752
l_curve_7,233,0.32793065905570984,0.8095238208770752
l_curve_7,234,0.3275512754917145,0.8095238208770752
l_curve_7,235,0.32686927914619446,0.8095238208770752
l_curve_7,236,0.3264795243740082,0.8095238208770752
l_curve_7,237,0.32606935501098633,0.8095238208770752
l_curve_7,238,0.32603535056114197,0.8095238208770752
l_curve_7,239,0.32586729526519775,0.8095238208770752
l_curve_7,240,0.32556653022766113,0.8095238208770752
l_curve_7,241,0.3251410126686096,0.8095238208770752
l_curve_7,242,0.32494455575942993,0.8095238208770752
l_curve_7,243,0.3247767984867096,0.8095238208770752
l_curve_7,244,0.3246517777442932,0.8095238208770752
l_curve_7,245,0.32444217801094055,0.8095238208770752
l_curve_7,246,0.3242654502391815,0.8095238208770752
l_curve_7,247,0.3240683376789093,0.8095238208770752
l_curve_7,248,0.3240681290626526,0.8095238208770752
l_curve_7,249,0.3238961696624756,0.8095238208770752
l_curve_7,250,0.323635995388031,0.8095238208770752
l_curve_7,251,0.32322320342063904,0.8095238208770752
l_curve_7,252,0.3230679929256439,0.8095238208770752
l_curve_7,253,0.322952002286911,0.8095238208770752
l_curve_7,254,0.3225971460342407,0.8095238208770752
l_curve_7,255,0.3223869800567627,0.8095238208770752
l_curve_7,256,0.322207510471344,0.8095238208770752
l_curve_7,257,0.32193639874458313,0.8095238208770752
l_curve_7,258,0.3214532434940338,0.8095238208770752
l_curve_7,259,0.3208685517311096,0.8095238208770752
l_curve_7,260,0.3204680383205414,0.8095238208770752
l_curve_7,261,0.3202175498008728,0.8095238208770752
l_curve_7,262,0.3197876513004303,0.8095238208770752
l_curve_7,263,0.31963345408439636,0.8095238208770752
l_curve_7,264,0.3193822503089905,0.8095238208770752
l_curve_7,265,0.3192732334136963,0.8095238208770752
l_curve_7,266,0.3189963698387146,0.8095238208770752
l_curve_7,267,0.31885403394699097,0.8095238208770752
l_curve_7,268,0.31869104504585266,0.8095238208770752
l_curve_7,269,0.3183153569698334,0.8095238208770752
l_curve_7,270,0.31785714626312256,0.8095238208770752
l_curve_7,271,0.31770819425582886,0.8095238208770752
l_curve_7,272,0.3174338936805725,0.8095238208770752
l_curve_7,273,0.3171791732311249,0.8095238208770752
l_curve_7,274,0.3169126808643341,0.8095238208770752
l_curve_7,275,0.316690593957901,0.8095238208770752
l_curve_7,276,0.316507488489151,0.8095238208770752
l_curve_7,277,0.3160267472267151,0.8095238208770752
l_curve_7,278,0.315430223941803,0.8095238208770752
l_curve_7,279,0.3147733211517334,0.8095238208770752
l_curve_7,280,0.3145027756690979,0.8095238208770752
l_curve_7,281,0.3142273724079132,0.8095238208770752
l_curve_7,282,0.3138701021671295,0.8095238208770752
l_curve_7,283,0.3137313723564148,0.8095238208770752
l_curve_7,284,0.3134496808052063,0.8095238208770752
l_curve_7,285,0.31321993470191956,0.8095238208770752
l_curve_7,286,0.3130089044570923,0.8095238208770752
l_curve_7,287,0.3127059042453766,0.8095238208770752
l_curve_7,288,0.31245654821395874,0.8095238208770752
l_curve_7,289,0.31214073300361633,0.8095238208770752
l_curve_7,290,0.3118912875652313,0.8095238208770752
l_curve_7,291,0.3113764226436615,0.8095238208770752
l_curve_7,292,0.31114354729652405,0.8095238208770752
l_curve_7,293,0.3110262155532837,0.8095238208770752
l_curve_7,294,0.310921847820282,0.8095238208770752
l_curve_7,295,0.3106635808944702,0.8095238208770752
l_curve_7,296,0.3104204833507538,0.8095238208770752
l_curve_7,297,0.31027647852897644,0.8095238208770752
l_curve_7,298,0.30994540452957153,0.8095238208770752
l_curve_7,299,0.3095894753932953,0.8095238208770752
l_curve_7,300,0.3094908893108368,0.8095238208770752
l_curve_7,301,0.30911657214164734,0.8095238208770752
l_curve_7,302,0.30911964178085327,0.8095238208770752
l_curve_7,303,0.3089914917945862,0.8095238208770752
l_curve_7,304,0.3088849186897278,0.8095238208770752
l_curve_7,305,0.30854901671409607,0.8095238208770752
l_curve_7,306,0.30812278389930725,0.8095238208770752
l_curve_7,307,0.30768370628356934,0.8095238208770752
l_curve_7,308,0.3073922097682953,0.8095238208770752
l_curve_7,309,0.30685746669769287,0.8095238208770752
l_curve_7,310,0.3064642548561096,0.8095238208770752
l_curve_7,311,0.30620187520980835,0.8095238208770752
l_curve_7,312,0.30609574913978577,0.8095238208770752
l_curve_7,313,0.305911123752594,0.8095238208770752
l_curve_7,314,0.3060019910335541,0.8095238208770752
l_curve_7,315,0.3056833744049072,0.8095238208770752
l_curve_7,316,0.3055633306503296,0.8095238208770752
l_curve_7,317,0.30540838837623596,0.8095238208770752
l_curve_7,318,0.3052459955215454,0.8095238208770752
l_curve_7,319,0.3049256503582001,0.8095238208770752
l_curve_7,320,0.30472591519355774,0.8095238208770752
l_curve_7,321,0.3045371472835541,0.8095238208770752
l_curve_7,322,0.3041819632053375,0.8095238208770752
l_curve_7,323,0.30396315455436707,0.8095238208770752
l_curve_7,324,0.3036276400089264,0.8095238208770752
l_curve_7,325,0.30356669425964355,0.8095238208770752
l_curve_7,326,0.3032624423503876,0.8095238208770752
l_curve_7,327,0.30306756496429443,0.8095238208770752
l_curve_7,328,0.3027016222476959,0.8095238208770752
l_curve_7,329,0.30229464173316956,0.8095238208770752
l_curve_7,330,0.30229535698890686,0.8095238208770752
l_curve_7,331,0.30179235339164734,0.8095238208770752
l_curve_7,332,0.3013586699962616,0.8095238208770752
l_curve_7,333,0.3010852336883545,0.8095238208770752
l_curve_7,334,0.30066394805908203,0.8571428656578064
l_curve_7,335,0.3004879057407379,0.8571428656578064
l_curve_7,336,0.3004104793071747,0.8571428656578064
l_curve_7,337,0.3002529740333557,0.8571428656578064
l_curve_7,338,0.29986655712127686,0.8571428656578064
l_curve_7,339,0.2995918393135071,0.8571428656578064
l_curve_7,340,0.299264132976532,0.8571428656578064
l_curve_7,341,0.2991796135902405,0.8571428656578064
l_curve_7,342,0.2991689145565033,0.8571428656578064
l_curve_7,343,0.29895710945129395,0.8571428656578064
l_curve_7,344,0.29869958758354187,0.8571428656578064
l_curve_7,345,0.2984747290611267,0.8571428656578064
l_curve_7,346,0.29828110337257385,0.8571428656578064
l_curve_7,347,0.29805687069892883,0.8571428656578064
l_curve_7,348,0.2976672649383545,0.8571428656578064
l_curve_7,349,0.29729610681533813,0.8571428656578064
l_curve_7,350,0.2970646321773529,0.8571428656578064
l_curve_7,351,0.29674842953681946,0.8571428656578064
l_curve_7,352,0.29666867852211,0.8571428656578064
l_curve_7,353,0.296474814414978,0.8571428656578064
l_curve_7,354,0.29625383019447327,0.8571428656578064
l_curve_7,355,0.29600223898887634,0.8571428656578064
l_curve_7,356,0.29587164521217346,0.8571428656578064
l_curve_7,357,0.2957349419593811,0.8571428656578064
l_curve_7,358,0.2955195903778076,0.8571428656578064
l_curve_7,359,0.29495787620544434,0.8571428656578064
l_curve_7,360,0.2947888970375061,0.8571428656578064
l_curve_7,361,0.29456987977027893,0.8571428656578064
l_curve_7,362,0.29448992013931274,0.8571428656578064
l_curve_7,363,0.29432931542396545,0.8571428656578064
l_curve_7,364,0.29416242241859436,0.8571428656578064
l_curve_7,365,0.29403653740882874,0.8571428656578064
l_curve_7,366,0.29380714893341064,0.8571428656578064
l_curve_7,367,0.29348501563072205,0.8571428656578064
l_curve_7,368,0.29326170682907104,0.8571428656578064
l_curve_7,369,0.293037086725235,0.8571428656578064
l_curve_7,370,0.2927772104740143,0.8571428656578064
l_curve_7,371,0.2923588454723358,0.8571428656578064
l_curve_7,372,0.2920818626880646,0.8571428656578064
l_curve_7,373,0.2919044494628906,0.8571428656578064
l_curve_7,374,0.2920699417591095,0.8571428656578064
l_curve_7,375,0.2918199896812439,0.8571428656578064
l_curve_7,376,0.29166626930236816,0.8571428656578064
l_curve_7,377,0.29173484444618225,0.8571428656578064
l_curve_7,378,0.29145848751068115,0.8571428656578064
l_curve_7,379,0.29120519757270813,0.8571428656578064
l_curve_7,380,0.291134774684906,0.8571428656578064
l_curve_7,381,0.29072606563568115,0.8571428656578064
l_curve_7,382,0.29032278060913086,0.8571428656578064
l_curve_7,383,0.2901515066623688,0.8571428656578064
l_curve_7,384,0.2901584804058075,0.8571428656578064
l_curve_7,385,0.29001641273498535,0.8571428656578064
l_curve_7,386,0.2895229756832123,0.8571428656578064
l_curve_7,387,0.2891530394554138,0.8571428656578064
l_curve_7,388,0.2890372574329376,0.8571428656578064
l_curve_7,389,0.28885960578918457,0.8571428656578064
l_curve_7,390,0.28866124153137207,0.8571428656578064
l_curve_7,391,0.2886179983615875,0.8571428656578064
l_curve_7,392,0.28853338956832886,0.8571428656578064
l_curve_7,393,0.28855541348457336,0.8571428656578064
l_curve_7,394,0.2883265018463135,0.8571428656578064
l_curve_7,395,0.28777527809143066,0.8571428656578064
l_curve_7,396,0.2877308130264282,0.8571428656578064
l_curve_7,397,0.28765079379081726,0.8571428656578064
l_curve_7,398,0.287477970123291,0.8571428656578064
l_curve_7,399,0.2872873842716217,0.8571428656578064
l_curve_7,400,0.2869919538497925,0.8571428656578064
l_curve_7,401,0.28675758838653564,0.8571428656578064
l_curve_7,402,0.2865915298461914,0.8571428656578064
l_curve_7,403,0.28655678033828735,0.8571428656578064
l_curve_7,404,0.28636935353279114,0.8571428656578064
l_curve_7,405,0.2859697937965393,0.8571428656578064
l_curve_7,406,0.2858783006668091,0.8571428656578064
l_curve_7,407,0.28544071316719055,0.8571428656578064
l_curve_7,408,0.2852797508239746,0.8571428656578064
l_curve_7,409,0.2851812243461609,0.8571428656578064
l_curve_7,410,0.2849988043308258,0.8571428656578064
l_curve_7,411,0.2846226990222931,0.8571428656578064
l_curve_7,412,0.2842966616153717,0.8571428656578064
l_curve_7,413,0.28402650356292725,0.8571428656578064
l_curve_7,414,0.28371867537498474,0.8571428656578064
l_curve_7,415,0.2835535407066345,0.8571428656578064
l_curve_7,416,0.2832612097263336,0.8571428656578064
l_curve_7,417,0.28316184878349304,0.8571428656578064
l_curve_7,418,0.28318285942077637,0.8571428656578064
l_curve_7,419,0.28306546807289124,0.8571428656578064
l_curve_7,420,0.28287991881370544,0.8571428656578064
l_curve_7,421,0.28270936012268066,0.8571428656578064
l_curve_7,422,0.2825919985771179,0.8571428656578064
l_curve_7,423,0.2825464606285095,0.8571428656578064
l_curve_7,424,0.2824689745903015,0.8571428656578064
l_curve_7,425,0.2822820544242859,0.8571428656578064
l_curve_7,426,0.28213319182395935,0.8571428656578064
l_curve_7,427,0.282087117433548,0.8571428656578064
l_curve_7,428,0.28207793831825256,0.8571428656578064
l_curve_7,429,0.2818114161491394,0.8571428656578064
l_curve_7,430,0.28185439109802246,0.8571428656578064
l_curve_7,431,0.281541109085083,0.8571428656578064
l_curve_7,432,0.2812056839466095,0.8571428656578064
l_curve_7,433,0.2810571789741516,0.8571428656578064
l_curve_7,434,0.28081226348876953,0.8571428656578064
l_curve_7,435,0.2805357575416565,0.8571428656578064
l_curve_7,436,0.28035968542099,0.8571428656578064
l_curve_7,437,0.2803041934967041,0.8571428656578064
l_curve_7,438,0.2800937294960022,0.8571428656578064
l_curve_7,439,0.28008878231048584,0.8571428656578064
l_curve_7,440,0.279967725276947,0.8571428656578064
l_curve_7,441,0.27976223826408386,0.8571428656578064
l_curve_7,442,0.2794807255268097,0.8571428656578064
l_curve_7,443,0.27941346168518066,0.8571428656578064
l_curve_7,444,0.27925679087638855,0.8571428656578064
l_curve_7,445,0.27911099791526794,0.8571428656578064
l_curve_7,446,0.2790253460407257,0.8571428656578064
l_curve_7,447,0.27886709570884705,0.8571428656578064
l_curve_7,448,0.2785717248916626,0.8571428656578064
l_curve_7,449,0.27833783626556396,0.8571428656578064
l_curve_7,450,0.278192937374115,0.8571428656578064
l_curve_7,451,0.2779369056224823,0.8571428656578064
l_curve_7,452,0.27758145332336426,0.8571428656578064
l_curve_7,453,0.2772110402584076,0.8571428656578064
l_curve_7,454,0.27705684304237366,0.8571428656578064
l_curve_7,455,0.2769030034542084,0.8571428656578064
l_curve_7,456,0.2768899202346802,0.8571428656578064
l_curve_7,457,0.27679938077926636,0.8571428656578064
l_curve_7,458,0.2767717242240906,0.8571428656578064
l_curve_7,459,0.2765107750892639,0.8571428656578064
l_curve_7,460,0.2764914929866791,0.8571428656578064
l_curve_7,461,0.2762000858783722,0.8571428656578064
l_curve_7,462,0.2758072018623352,0.8571428656578064
l_curve_7,463,0.27565261721611023,0.8571428656578064
l_curve_7,464,0.27535778284072876,0.8571428656578064
l_curve_7,465,0.2751496732234955,0.8571428656578064
l_curve_7,466,0.27472636103630066,0.8571428656578064
l_curve_7,467,0.27456778287887573,0.8571428656578064
l_curve_7,468,0.274464875459671,0.8571428656578064
l_curve_7,469,0.2743754982948303,0.8571428656578064
l_curve_7,470,0.2744064927101135,0.8571428656578064
l_curve_7,471,0.27428069710731506,0.8571428656578064
l_curve_7,472,0.27415040135383606,0.8571428656578064
l_curve_7,473,0.2741173505783081,0.8571428656578064
l_curve_7,474,0.27391740679740906,0.8571428656578064
l_curve_7,475,0.27366629242897034,0.8571428656578064
l_curve_7,476,0.273478627204895,0.8571428656578064
l_curve_7,477,0.27337467670440674,0.8571428656578064
l_curve_7,478,0.2732890248298645,0.8571428656578064
l_curve_7,479,0.27287769317626953,0.8571428656578064
l_curve_7,480,0.27272552251815796,0.8571428656578064
l_curve_7,481,0.2725391387939453,0.8571428656578064
l_curve_7,482,0.272348552942276,0.8571428656578064
l_curve_7,483,0.27224308252334595,0.8571428656578064
l_curve_7,484,0.272024542093277,0.8571428656578064
l_curve_7,485,0.2719932794570923,0.8571428656578064
l_curve_7,486,0.27190861105918884,0.8571428656578064
l_curve_7,487,0.27158764004707336,0.8571428656578064
l_curve_7,488,0.2713056206703186,0.8571428656578064
l_curve_7,489,0.2710784375667572,0.8571428656578064
l_curve_7,490,0.27076730132102966,0.8571428656578064
l_curve_7,491,0.27063143253326416,0.8571428656578064
l_curve_7,492,0.2705828845500946,0.8571428656578064
l_curve_7,493,0.27058008313179016,0.8571428656578064
l_curve_7,494,0.27057501673698425,0.8571428656578064
l_curve_7,495,0.2704290449619293,0.8571428656578064
l_curve_7,496,0.2702256739139557,0.8571428656578064
l_curve_7,497,0.26996126770973206,0.8571428656578064
l_curve_7,498,0.2696232497692108,0.8571428656578064
l_curve_7,499,0.26950258016586304,0.8571428656578064
l_curve_7,500,0.2692696750164032,0.8571428656578064
l_curve_7,501,0.26906275749206543,0.8571428656578064
l_curve_7,502,0.26897773146629333,0.8571428656578064
l_curve_7,503,0.26877671480178833,0.8571428656578064
l_curve_7,504,0.268555223941803,0.8571428656578064
l_curve_7,505,0.26841920614242554,0.8571428656578064
l_curve_7,506,0.26796668767929077,0.8571428656578064
l_curve_7,507,0.2676667273044586,0.8571428656578064
l_curve_7,508,0.2673727571964264,0.8571428656578064
l_curve_7,509,0.26703181862831116,0.8571428656578064
l_curve_7,510,0.2669423520565033,0.8571428656578064
l_curve_7,511,0.2667716443538666,0.8571428656578064
l_curve_7,512,0.26651132106781006,0.8571428656578064
l_curve_7,513,0.2664968967437744,0.8571428656578064
l_curve_7,514,0.2665645480155945,0.8571428656578064
l_curve_7,515,0.2664523720741272,0.8571428656578064
l_curve_7,516,0.2662214934825897,0.8571428656578064
l_curve_7,517,0.2660912871360779,0.8571428656578064
l_curve_7,518,0.26582664251327515,0.8571428656578064
l_curve_7,519,0.26552635431289673,0.8571428656578064
l_curve_7,520,0.26498106122016907,0.8571428656578064
l_curve_7,521,0.2645927369594574,0.8571428656578064
l_curve_7,522,0.2642410397529602,0.8571428656578064
l_curve_7,523,0.26402735710144043,0.8571428656578064
l_curve_7,524,0.2639079689979553,0.8571428656578064
l_curve_7,525,0.26358723640441895,0.8571428656578064
l_curve_7,526,0.2633155286312103,0.8571428656578064
l_curve_7,527,0.26297372579574585,0.8571428656578064
l_curve_7,528,0.2627277970314026,0.8571428656578064
l_curve_7,529,0.26240989565849304,0.8571428656578064
l_curve_7,530,0.26210618019104004,0.8571428656578064
l_curve_7,531,0.261764794588089,0.8571428656578064
l_curve_7,532,0.26144784688949585,0.8571428656578064
l_curve_7,533,0.2613711953163147,0.8571428656578064
l_curve_7,534,0.2610994279384613,0.8571428656578064
l_curve_7,535,0.2608867287635803,0.8571428656578064
l_curve_7,536,0.2605731785297394,0.8571428656578064
l_curve_7,537,0.26017624139785767,0.8571428656578064
l_curve_7,538,0.25983643531799316,0.8571428656578064
l_curve_7,539,0.2595515549182892,0.8571428656578064
l_curve_7,540,0.25938260555267334,0.8571428656578064
l_curve_7,541,0.2589789032936096,0.8571428656578064
l_curve_7,542,0.2587093710899353,0.8571428656578064
l_curve_7,543,0.25833144783973694,0.8571428656578064
l_curve_7,544,0.25774380564689636,0.8571428656578064
l_curve_7,545,0.2572430670261383,0.8571428656578064
l_curve_7,546,0.2568753659725189,0.8571428656578064
l_curve_7,547,0.25644174218177795,0.8571428656578064
l_curve_7,548,0.2558552920818329,0.8571428656578064
l_curve_7,549,0.2551898956298828,0.8571428656578064
l_curve_7,550,0.25472667813301086,0.8571428656578064
l_curve_7,551,0.2541525959968567,0.8571428656578064
l_curve_7,552,0.25350651144981384,0.8571428656578064
l_curve_7,553,0.253046452999115,0.8571428656578064
l_curve_7,554,0.2527037560939789,0.8571428656578064
l_curve_7,555,0.2522609829902649,0.8571428656578064
l_curve_7,556,0.25196152925491333,0.8571428656578064
l_curve_7,557,0.25154903531074524,0.8571428656578064
l_curve_7,558,0.2510286569595337,0.8571428656578064
l_curve_7,559,0.2503221929073334,0.8571428656578064
l_curve_7,560,0.24969391524791718,0.8571428656578064
l_curve_7,561,0.24925751984119415,0.8571428656578064
l_curve_7,562,0.24854621291160583,0.8571428656578064
l_curve_7,563,0.2479260265827179,0.8571428656578064
l_curve_7,564,0.24737617373466492,0.8571428656578064
l_curve_7,565,0.24688538908958435,0.8571428656578064
l_curve_7,566,0.24630796909332275,0.8571428656578064
l_curve_7,567,0.24568788707256317,0.8571428656578064
l_curve_7,568,0.2451549917459488,0.8571428656578064
l_curve_7,569,0.2444416731595993,0.8571428656578064
l_curve_7,570,0.24364298582077026,0.8571428656578064
l_curve_7,571,0.242942675948143,0.8571428656578064
l_curve_7,572,0.24223431944847107,0.8571428656578064
l_curve_7,573,0.2414039820432663,0.8571428656578064
l_curve_7,574,0.2405829131603241,0.8571428656578064
l_curve_7,575,0.23985671997070312,0.8571428656578064
l_curve_7,576,0.23904259502887726,0.8571428656578064
l_curve_7,577,0.2383366972208023,0.8571428656578064
l_curve_7,578,0.2375783622264862,0.8571428656578064
l_curve_7,579,0.2369256466627121,0.8571428656578064
l_curve_7,580,0.2361995130777359,0.8571428656578064
l_curve_7,581,0.23539820313453674,0.9047619104385376
l_curve_7,582,0.2343759536743164,0.9047619104385376
l_curve_7,583,0.23353494703769684,0.9047619104385376
l_curve_7,584,0.2326083928346634,0.9047619104385376
l_curve_7,585,0.23171234130859375,0.9047619104385376
l_curve_7,586,0.23076651990413666,0.9047619104385376
l_curve_7,587,0.22993986308574677,0.9047619104385376
l_curve_7,588,0.22916871309280396,0.9047619104385376
l_curve_7,589,0.22863410413265228,0.9047619104385376
l_curve_7,590,0.22783206403255463,0.9047619104385376
l_curve_7,591,0.22690509259700775,0.9047619104385376
l_curve_7,592,0.2258514165878296,0.9047619104385376
l_curve_7,593,0.2248794436454773,0.9047619104385376
l_curve_7,594,0.22389745712280273,0.9047619104385376
l_curve_7,595,0.22291816771030426,0.9047619104385376
l_curve_7,596,0.22220949828624725,0.9047619104385376
l_curve_7,597,0.22131693363189697,0.9047619104385376
l_curve_7,598,0.22043225169181824,0.9047619104385376
l_curve_7,599,0.2196018099784851,0.9047619104385376
l_curve_7,600,0.21878960728645325,0.9047619104385376
l_curve_7,601,0.21788336336612701,0.9047619104385376
l_curve_7,602,0.21688660979270935,0.9047619104385376
l_curve_7,603,0.21592634916305542,0.9047619104385376
l_curve_7,604,0.21493765711784363,0.9047619104385376
l_curve_7,605,0.21396926045417786,0.9047619104385376
l_curve_7,606,0.21297459304332733,0.9047619104385376
l_curve_7,607,0.2120298147201538,0.9047619104385376
l_curve_7,608,0.21101510524749756,0.9047619104385376
l_curve_7,609,0.21010872721672058,0.9047619104385376
l_curve_7,610,0.209125354886055,0.9047619104385376
l_curve_7,611,0.20819023251533508,0.9047619104385376
l_curve_7,612,0.20729462802410126,0.9047619104385376
l_curve_7,613,0.20631082355976105,0.9047619104385376
l_curve_7,614,0.20527194440364838,0.9047619104385376
l_curve_7,615,0.20436161756515503,0.9047619104385376
l_curve_7,616,0.20334841310977936,0.9047619104385376
l_curve_7,617,0.202346533536911,0.9047619104385376
l_curve_7,618,0.2012942135334015,0.9047619104385376
l_curve_7,619,0.2003161609172821,0.9047619104385376
l_curve_7,620,0.19921429455280304,0.9047619104385376
l_curve_7,621,0.1981065422296524,0.9047619104385376
l_curve_7,622,0.19711008667945862,0.9047619104385376
l_curve_7,623,0.19606426358222961,0.9047619104385376
l_curve_7,624,0.19501061737537384,0.9047619104385376
l_curve_7,625,0.19401784241199493,0.9047619104385376
l_curve_7,626,0.19326373934745789,0.9047619104385376
l_curve_7,627,0.19253839552402496,0.9047619104385376
l_curve_7,628,0.19170492887496948,0.9047619104385376
l_curve_7,629,0.19070348143577576,0.9047619104385376
l_curve_7,630,0.18971283733844757,0.9047619104385376
l_curve_7,631,0.18881762027740479,0.9047619104385376
l_curve_7,632,0.18785424530506134,0.9047619104385376
l_curve_7,633,0.18670281767845154,0.9047619104385376
l_curve_7,634,0.18565835058689117,0.9047619104385376
l_curve_7,635,0.1847730427980423,0.9047619104385376
l_curve_7,636,0.18376724421977997,0.9047619104385376
l_curve_7,637,0.18275687098503113,0.9047619104385376
l_curve_7,638,0.18184377253055573,0.9047619104385376
l_curve_7,639,0.18100868165493011,0.9047619104385376
l_curve_7,640,0.1801118552684784,0.9047619104385376
l_curve_7,641,0.179173082113266,0.9047619104385376
l_curve_7,642,0.17821462452411652,0.9047619104385376
l_curve_7,643,0.17711618542671204,0.9047619104385376
l_curve_7,644,0.1760663092136383,0.9047619104385376
l_curve_7,645,0.17516565322875977,0.9047619104385376
l_curve_7,646,0.1741674244403839,0.9047619104385376
l_curve_7,647,0.17329254746437073,0.9047619104385376
l_curve_7,648,0.17231667041778564,0.9047619104385376
l_curve_7,649,0.1713775098323822,0.9047619104385376
l_curve_7,650,0.17038923501968384,0.9047619104385376
l_curve_7,651,0.16952240467071533,0.9047619104385376
l_curve_7,652,0.16865174472332,0.9047619104385376
l_curve_7,653,0.16767451167106628,0.9047619104385376
l_curve_7,654,0.16668537259101868,0.9047619104385376
l_curve_7,655,0.16571371257305145,0.9047619104385376
l_curve_7,656,0.16471126675605774,0.9047619104385376
l_curve_7,657,0.16368481516838074,0.9047619104385376
l_curve_7,658,0.16271141171455383,0.9047619104385376
l_curve_7,659,0.16177751123905182,0.9047619104385376
l_curve_7,660,0.16098932921886444,0.9047619104385376
l_curve_7,661,0.1601262092590332,0.9047619104385376
l_curve_7,662,0.15912282466888428,0.9047619104385376
l_curve_7,663,0.1581244021654129,0.9047619104385376
l_curve_7,664,0.15713092684745789,0.9047619104385376
l_curve_7,665,0.15615026652812958,0.9047619104385376
l_curve_7,666,0.15527072548866272,0.9047619104385376
l_curve_7,667,0.15445192158222198,0.9047619104385376
l_curve_7,668,0.15344595909118652,0.9047619104385376
l_curve_7,669,0.15255849063396454,0.9047619104385376
l_curve_7,670,0.1518568992614746,0.9047619104385376
l_curve_7,671,0.15099282562732697,0.9047619104385376
l_curve_7,672,0.15011045336723328,0.9047619104385376
l_curve_7,673,0.1492561250925064,0.9047619104385376
l_curve_7,674,0.14835423231124878,0.9047619104385376
l_curve_7,675,0.14737148582935333,0.9047619104385376
l_curve_7,676,0.14641082286834717,0.9047619104385376
l_curve_7,677,0.14547224342823029,0.9047619104385376
l_curve_7,678,0.14446395635604858,0.9047619104385376
l_curve_7,679,0.14355109632015228,0.9047619104385376
l_curve_7,680,0.14271771907806396,0.9047619104385376
l_curve_7,681,0.1418420970439911,0.9047619104385376
l_curve_7,682,0.1409609466791153,0.9047619104385376
l_curve_7,683,0.14005011320114136,0.9047619104385376
l_curve_7,684,0.13916704058647156,0.9047619104385376
l_curve_7,685,0.13838322460651398,0.9047619104385376
l_curve_7,686,0.13750866055488586,0.9047619104385376
l_curve_7,687,0.13666756451129913,0.9047619104385376
l_curve_7,688,0.1359044909477234,0.9047619104385376
l_curve_7,689,0.13508152961730957,0.9047619104385376
l_curve_7,690,0.13430428504943848,0.9047619104385376
l_curve_7,691,0.1334935873746872,0.9047619104385376
l_curve_7,692,0.13267351686954498,0.9047619104385376
l_curve_7,693,0.13195860385894775,0.9047619104385376
l_curve_7,694,0.13120655715465546,0.9047619104385376
l_curve_7,695,0.1303737908601761,0.9047619104385376
l_curve_7,696,0.1295359879732132,0.9047619104385376
l_curve_7,697,0.1286773681640625,0.9047619104385376
l_curve_7,698,0.12780386209487915,0.9047619104385376
l_curve_7,699,0.12690813839435577,0.9523809552192688
l_curve_7,700,0.12610110640525818,0.9523809552192688
l_curve_7,701,0.12541259825229645,0.9523809552192688
l_curve_7,702,0.12464714050292969,0.9523809552192688
l_curve_7,703,0.12388654053211212,0.9523809552192688
l_curve_7,704,0.12305857241153717,0.9523809552192688
l_curve_7,705,0.12232550978660583,0.9523809552192688
l_curve_7,706,0.12163341790437698,0.9523809552192688
l_curve_7,707,0.12080197036266327,0.9523809552192688
l_curve_7,708,0.12005124986171722,0.9523809552192688
l_curve_7,709,0.11931391805410385,0.9523809552192688
l_curve_7,710,0.11858884245157242,0.9523809552192688
l_curve_7,711,0.1179124265909195,0.9523809552192688
l_curve_7,712,0.1171327754855156,0.9523809552192688
l_curve_7,713,0.11634211242198944,0.9523809552192688
l_curve_7,714,0.11569847166538239,0.9523809552192688
l_curve_7,715,0.11495570093393326,0.9523809552192688
l_curve_7,716,0.11428264528512955,1.0
l_curve_7,717,0.11363978683948517,1.0
l_curve_7,718,0.11303351819515228,1.0
l_curve_7,719,0.11237043142318726,1.0
l_curve_7,720,0.11172129213809967,1.0
l_curve_7,721,0.11105326563119888,1.0
l_curve_7,722,0.11050523817539215,1.0
l_curve_7,723,0.10978566855192184,1.0
l_curve_7,724,0.10905396193265915,1.0
l_curve_7,725,0.10832895338535309,1.0
l_curve_7,726,0.10765065252780914,1.0
l_curve_7,727,0.10695309937000275,1.0
l_curve_7,728,0.10630113631486893,1.0
l_curve_7,729,0.1056501716375351,1.0
l_curve_7,730,0.10487774759531021,1.0
l_curve_7,731,0.10412036627531052,1.0
l_curve_7,732,0.10343283414840698,1.0
l_curve_7,733,0.10276824235916138,1.0
l_curve_7,734,0.1022321805357933,1.0
l_curve_7,735,0.10162437707185745,1.0
l_curve_7,736,0.10099105536937714,1.0
l_curve_7,737,0.10029933601617813,1.0
l_curve_7,738,0.09974538534879684,1.0
l_curve_7,739,0.09912536293268204,1.0
l_curve_7,740,0.09850089997053146,1.0
l_curve_7,741,0.09787200391292572,1.0
l_curve_7,742,0.09724448621273041,1.0
l_curve_7,743,0.09660835564136505,1.0
l_curve_7,744,0.09610312432050705,1.0
l_curve_7,745,0.095536008477211,1.0
l_curve_7,746,0.09490936994552612,1.0
l_curve_7,747,0.09434757381677628,1.0
l_curve_7,748,0.09375753253698349,1.0
l_curve_7,749,0.09322236478328705,1.0
l_curve_7,750,0.09268263727426529,1.0
l_curve_7,751,0.09210541844367981,1.0
l_curve_7,752,0.09154292196035385,1.0
l_curve_7,753,0.09098092466592789,1.0
l_curve_7,754,0.09038146585226059,1.0
l_curve_7,755,0.08977118879556656,1.0
l_curve_7,756,0.08920001983642578,1.0
l_curve_7,757,0.08872798085212708,1.0
l_curve_7,758,0.08828028291463852,1.0
l_curve_7,759,0.0876828283071518,1.0
l_curve_7,760,0.08719006180763245,1.0
l_curve_7,761,0.08665557205677032,1.0
l_curve_7,762,0.08610272407531738,1.0
l_curve_7,763,0.0855322927236557,1.0
l_curve_7,764,0.08496397733688354,1.0
l_curve_7,765,0.08447553962469101,1.0
l_curve_7,766,0.0839567556977272,1.0
l_curve_7,767,0.0835287794470787,1.0
l_curve_7,768,0.08303187042474747,1.0
l_curve_7,769,0.08253151923418045,1.0
l_curve_7,770,0.08203183114528656,1.0
l_curve_7,771,0.08158638328313828,1.0
l_curve_7,772,0.0810442566871643,1.0
l_curve_7,773,0.08058781921863556,1.0
l_curve_7,774,0.08010999858379364,1.0
l_curve_7,775,0.07960662245750427,1.0
l_curve_7,776,0.07910683006048203,1.0
l_curve_7,777,0.07867037504911423,1.0
l_curve_7,778,0.07828020304441452,1.0
l_curve_7,779,0.07783593982458115,1.0
l_curve_7,780,0.0773024931550026,1.0
l_curve_7,781,0.07686606049537659,1.0
l_curve_7,782,0.07643325626850128,1.0
l_curve_7,783,0.07591485977172852,1.0
l_curve_7,784,0.07539666444063187,1.0
l_curve_7,785,0.0748685821890831,1.0
l_curve_7,786,0.07445964217185974,1.0
l_curve_7,787,0.07413126528263092,1.0
l_curve_7,788,0.07370569556951523,1.0
l_curve_7,789,0.07333441078662872,1.0
l_curve_7,790,0.0728786289691925,1.0
l_curve_7,791,0.07242146879434586,1.0
l_curve_7,792,0.07200213521718979,1.0
l_curve_7,793,0.07161537557840347,1.0
l_curve_7,794,0.0712902843952179,1.0
l_curve_7,795,0.0708945244550705,1.0
l_curve_7,796,0.07046815007925034,1.0
l_curve_7,797,0.06999039649963379,1.0
l_curve_7,798,0.0695565789937973,1.0
l_curve_7,799,0.06917250901460648,1.0
l_curve_7,800,0.06881541013717651,1.0
l_curve_7,801,0.06842575967311859,1.0
l_curve_7,802,0.06804845482110977,1.0
l_curve_7,803,0.06759752333164215,1.0
l_curve_7,804,0.06717979162931442,1.0
l_curve_7,805,0.06674434244632721,1.0
l_curve_7,806,0.06636803597211838,1.0
l_curve_7,807,0.06594891846179962,1.0
l_curve_7,808,0.06552337855100632,1.0
l_curve_7,809,0.06521990150213242,1.0
l_curve_7,810,0.06484705209732056,1.0
l_curve_7,811,0.06446126848459244,1.0
l_curve_7,812,0.064117930829525,1.0
l_curve_7,813,0.0637616515159607,1.0
l_curve_7,814,0.06340926885604858,1.0
l_curve_7,815,0.0630577877163887,1.0
l_curve_7,816,0.0626969113945961,1.0
l_curve_7,817,0.062281399965286255,1.0
l_curve_7,818,0.06191670149564743,1.0
l_curve_7,819,0.06156434491276741,1.0
l_curve_7,820,0.06127483397722244,1.0
l_curve_7,821,0.06093747168779373,1.0
l_curve_7,822,0.060587722808122635,1.0
l_curve_7,823,0.06025766208767891,1.0
l_curve_7,824,0.059898488223552704,1.0
l_curve_7,825,0.05957750976085663,1.0
l_curve_7,826,0.059245359152555466,1.0
l_curve_7,827,0.05893103778362274,1.0
l_curve_7,828,0.05866258963942528,1.0
l_curve_7,829,0.058399301022291183,1.0
l_curve_7,830,0.058090612292289734,1.0
l_curve_7,831,0.05779367312788963,1.0
l_curve_7,832,0.057444799691438675,1.0
l_curve_7,833,0.05709761753678322,1.0
l_curve_7,834,0.05675108730792999,1.0
l_curve_7,835,0.056432802230119705,1.0
l_curve_7,836,0.05607305094599724,1.0
l_curve_7,837,0.05573931336402893,1.0
l_curve_7,838,0.05539853870868683,1.0
l_curve_7,839,0.05511094257235527,1.0
l_curve_7,840,0.054787278175354004,1.0
l_curve_7,841,0.05446816608309746,1.0
l_curve_7,842,0.05421736091375351,1.0
l_curve_7,843,0.053887803107500076,1.0
l_curve_7,844,0.053583044558763504,1.0
l_curve_7,845,0.053276628255844116,1.0
l_curve_7,846,0.05295439064502716,1.0
l_curve_7,847,0.0526946596801281,1.0
l_curve_7,848,0.05239231884479523,1.0
l_curve_7,849,0.05207798629999161,1.0
l_curve_7,850,0.05178665369749069,1.0
l_curve_7,851,0.051523856818675995,1.0
l_curve_7,852,0.0512903593480587,1.0
l_curve_7,853,0.0510188527405262,1.0
l_curve_7,854,0.050748053938150406,1.0
l_curve_7,855,0.050466518849134445,1.0
l_curve_7,856,0.05019987374544144,1.0
l_curve_7,857,0.049912191927433014,1.0
l_curve_7,858,0.04961751773953438,1.0
l_curve_7,859,0.04938611388206482,1.0
l_curve_7,860,0.04915991425514221,1.0
l_curve_7,861,0.0489359125494957,1.0
l_curve_7,862,0.04866597801446915,1.0
l_curve_7,863,0.048417557030916214,1.0
l_curve_7,864,0.048135869204998016,1.0
l_curve_7,865,0.04786248877644539,1.0
l_curve_7,866,0.04762180522084236,1.0
l_curve_7,867,0.047391604632139206,1.0
l_curve_7,868,0.04718683287501335,1.0
l_curve_7,869,0.04697401076555252,1.0
l_curve_7,870,0.046755943447351456,1.0
l_curve_7,871,0.04652564227581024,1.0
l_curve_7,872,0.046248942613601685,1.0
l_curve_7,873,0.04596497491002083,1.0
l_curve_7,874,0.04567679390311241,1.0
l_curve_7,875,0.04541312903165817,1.0
l_curve_7,876,0.04516265541315079,1.0
l_curve_7,877,0.044910978525877,1.0
l_curve_7,878,0.044662997126579285,1.0
l_curve_7,879,0.04443499445915222,1.0
l_curve_7,880,0.0441928394138813,1.0
l_curve_7,881,0.04395474120974541,1.0
l_curve_7,882,0.04374350234866142,1.0
l_curve_7,883,0.0435393862426281,1.0
l_curve_7,884,0.04332546144723892,1.0
l_curve_7,885,0.04311477392911911,1.0
l_curve_7,886,0.042912617325782776,1.0
l_curve_7,887,0.0426831990480423,1.0
l_curve_7,888,0.04243865981698036,1.0
l_curve_7,889,0.04221042990684509,1.0
l_curve_7,890,0.04198823496699333,1.0
l_curve_7,891,0.04179386422038078,1.0
l_curve_7,892,0.04160740599036217,1.0
l_curve_7,893,0.041387852281332016,1.0
l_curve_7,894,0.04117768630385399,1.0
l_curve_7,895,0.04096504673361778,1.0
l_curve_7,896,0.04073416069149971,1.0
l_curve_7,897,0.04051640257239342,1.0
l_curve_7,898,0.04029519483447075,1.0
l_curve_7,899,0.04008195549249649,1.0
l_curve_7,900,0.03988456726074219,1.0
l_curve_7,901,0.03967784717679024,1.0
l_curve_7,902,0.039471909403800964,1.0
l_curve_7,903,0.03927675634622574,1.0
l_curve_7,904,0.03911687061190605,1.0
l_curve_7,905,0.03892366215586662,1.0
l_curve_7,906,0.03868459165096283,1.0
l_curve_7,907,0.03847648203372955,1.0
l_curve_7,908,0.03830382972955704,1.0
l_curve_7,909,0.03815324977040291,1.0
l_curve_7,910,0.03795710578560829,1.0
l_curve_7,911,0.037800971418619156,1.0
l_curve_7,912,0.03763094171881676,1.0
l_curve_7,913,0.03741857782006264,1.0
l_curve_7,914,0.0372348390519619,1.0
l_curve_7,915,0.03704085946083069,1.0
l_curve_7,916,0.03681458905339241,1.0
l_curve_7,917,0.03656543418765068,1.0
l_curve_7,918,0.03634318709373474,1.0
l_curve_7,919,0.036170873790979385,1.0
l_curve_7,920,0.03602101653814316,1.0
l_curve_7,921,0.035857751965522766,1.0
l_curve_7,922,0.03570006042718887,1.0
l_curve_7,923,0.03552640601992607,1.0
l_curve_7,924,0.03532155230641365,1.0
l_curve_7,925,0.03514308109879494,1.0
l_curve_7,926,0.034937985241413116,1.0
l_curve_7,927,0.034728460013866425,1.0
l_curve_7,928,0.034549206495285034,1.0
l_curve_7,929,0.03437470272183418,1.0
l_curve_7,930,0.034220315515995026,1.0
l_curve_7,931,0.03405357152223587,1.0
l_curve_7,932,0.03385637328028679,1.0
l_curve_7,933,0.03366833180189133,1.0
l_curve_7,934,0.03348647803068161,1.0
l_curve_7,935,0.03333452343940735,1.0
l_curve_7,936,0.033181700855493546,1.0
l_curve_7,937,0.03303569555282593,1.0
l_curve_7,938,0.03285685181617737,1.0
l_curve_7,939,0.032701145857572556,1.0
l_curve_7,940,0.03255951404571533,1.0
l_curve_7,941,0.03241552785038948,1.0
l_curve_7,942,0.032268695533275604,1.0
l_curve_7,943,0.032121043652296066,1.0
l_curve_7,944,0.03197741135954857,1.0
l_curve_7,945,0.03182194009423256,1.0
l_curve_7,946,0.03166280686855316,1.0
l_curve_7,947,0.031467143446207047,1.0
l_curve_7,948,0.03128620609641075,1.0
l_curve_7,949,0.031133197247982025,1.0
l_curve_7,950,0.030976245179772377,1.0
l_curve_7,951,0.03080771118402481,1.0
l_curve_7,952,0.03065207414329052,1.0
l_curve_7,953,0.030492044985294342,1.0
l_curve_7,954,0.030302146449685097,1.0
l_curve_7,955,0.030177172273397446,1.0
l_curve_7,956,0.03005681373178959,1.0
l_curve_7,957,0.02991602011024952,1.0
l_curve_7,958,0.02976764738559723,1.0
l_curve_7,959,0.02963424101471901,1.0
l_curve_7,960,0.02951454557478428,1.0
l_curve_7,961,0.029373861849308014,1.0
l_curve_7,962,0.029255270957946777,1.0
l_curve_7,963,0.029093731194734573,1.0
l_curve_7,964,0.02895025908946991,1.0
l_curve_7,965,0.028810886666178703,1.0
l_curve_7,966,0.0286758653819561,1.0
l_curve_7,967,0.028544392436742783,1.0
l_curve_7,968,0.02837473154067993,1.0
l_curve_7,969,0.0282432921230793,1.0
l_curve_7,970,0.028100142255425453,1.0
l_curve_7,971,0.027964595705270767,1.0
l_curve_7,972,0.027817249298095703,1.0
l_curve_7,973,0.02770153060555458,1.0
l_curve_7,974,0.02759675681591034,1.0
l_curve_7,975,0.02747824415564537,1.0
l_curve_7,976,0.027336839586496353,1.0
l_curve_7,977,0.027223195880651474,1.0
l_curve_7,978,0.027096183970570564,1.0
l_curve_7,979,0.026974434033036232,1.0
l_curve_7,980,0.02687789686024189,1.0
l_curve_7,981,0.02673931047320366,1.0
l_curve_7,982,0.02659531496465206,1.0
l_curve_7,983,0.02643304131925106,1.0
l_curve_7,984,0.026289083063602448,1.0
l_curve_7,985,0.026137303560972214,1.0
l_curve_7,986,0.026020970195531845,1.0
l_curve_7,987,0.025892501696944237,1.0
l_curve_7,988,0.025773486122488976,1.0
l_curve_7,989,0.02562747709453106,1.0
l_curve_7,990,0.02549239620566368,1.0
l_curve_7,991,0.025357786566019058,1.0
l_curve_7,992,0.025234779343008995,1.0
l_curve_7,993,0.02512621507048607,1.0
l_curve_7,994,0.025045281276106834,1.0
l_curve_7,995,0.024947643280029297,1.0
l_curve_7,996,0.024826781824231148,1.0
l_curve_7,997,0.02470986358821392,1.0
l_curve_7,998,0.02457663230597973,1.0
l_curve_7,999,0.0244640801101923,1.0
l_curve_7,1000,0.024322494864463806,1.0
l_curve_7,1000,0.024322494864463806,1.0
