client,round,loss,accuracy
l_curve_6,1,0.7194470167160034,0.523809552192688
l_curve_6,2,0.6973243355751038,0.523809552192688
l_curve_6,3,0.6779873371124268,0.523809552192688
l_curve_6,4,0.6613486409187317,0.523809552192688
l_curve_6,5,0.6467070579528809,0.5714285969734192
l_curve_6,6,0.634157121181488,0.5714285969734192
l_curve_6,7,0.6232304573059082,0.5714285969734192
l_curve_6,8,0.6134482622146606,0.6666666865348816
l_curve_6,9,0.6045073866844177,0.7142857313156128
l_curve_6,10,0.5963343381881714,0.7142857313156128
l_curve_6,11,0.5887758135795593,0.6666666865348816
l_curve_6,12,0.5817903876304626,0.7142857313156128
l_curve_6,13,0.5750023126602173,0.761904776096344
l_curve_6,14,0.5684595704078674,0.761904776096344
l_curve_6,15,0.5622047185897827,0.761904776096344
l_curve_6,16,0.5563187003135681,0.761904776096344
l_curve_6,17,0.5506731867790222,0.761904776096344
l_curve_6,18,0.5451002717018127,0.761904776096344
l_curve_6,19,0.5395850539207458,0.761904776096344
l_curve_6,20,0.5341194868087769,0.761904776096344
l_curve_6,21,0.5286990404129028,0.761904776096344
l_curve_6,22,0.5233783721923828,0.761904776096344
l_curve_6,23,0.5182763338088989,0.761904776096344
l_curve_6,24,0.5132945775985718,0.761904776096344
l_curve_6,25,0.5085877180099487,0.761904776096344
l_curve_6,26,0.5040392279624939,0.761904776096344
l_curve_6,27,0.4997589886188507,0.761904776096344
l_curve_6,28,0.495584636926651,0.761904776096344
l_curve_6,29,0.4913955330848694,0.761904776096344
l_curve_6,30,0.48736053705215454,0.761904776096344
l_curve_6,31,0.48369625210762024,0.761904776096344
l_curve_6,32,0.4800378382205963,0.761904776096344
l_curve_6,33,0.4767414331436157,0.761904776096344
l_curve_6,34,0.4736199975013733,0.761904776096344
l_curve_6,35,0.470599889755249,0.761904776096344
l_curve_6,36,0.46776285767555237,0.761904776096344
l_curve_6,37,0.46520015597343445,0.761904776096344
l_curve_6,38,0.46273645758628845,0.761904776096344
l_curve_6,39,0.4603756368160248,0.761904776096344
l_curve_6,40,0.45829495787620544,0.761904776096344
l_curve_6,41,0.4562802016735077,0.761904776096344
l_curve_6,42,0.454450786113739,0.761904776096344
l_curve_6,43,0.4527888000011444,0.761904776096344
l_curve_6,44,0.45146188139915466,0.8095238208770752
l_curve_6,45,0.4501008987426758,0.8095238208770752
l_curve_6,46,0.448812335729599,0.8095238208770752
l_curve_6,47,0.4475887417793274,0.8095238208770752
l_curve_6,48,0.44633665680885315,0.8095238208770752
l_curve_6,49,0.4449828863143921,0.8095238208770752
l_curve_6,50,0.44391337037086487,0.8095238208770752
l_curve_6,51,0.4431261420249939,0.8095238208770752
l_curve_6,52,0.44234299659729004,0.8095238208770752
l_curve_6,53,0.4414459764957428,0.8095238208770752
l_curve_6,54,0.44087573885917664,0.8095238208770752
l_curve_6,55,0.44049784541130066,0.8095238208770752
l_curve_6,56,0.43979981541633606,0.8095238208770752
l_curve_6,57,0.4392029941082001,0.8095238208770752
l_curve_6,58,0.4388660788536072,0.8095238208770752
l_curve_6,59,0.43868690729141235,0.8095238208770752
l_curve_6,60,0.43844103813171387,0.8095238208770752
l_curve_6,61,0.4379729628562927,0.8095238208770752
l_curve_6,62,0.4378982186317444,0.8095238208770752
l_curve_6,63,0.4379003643989563,0.8095238208770752
l_curve_6,64,0.43779149651527405,0.8095238208770752
l_curve_6,65,0.4377811551094055,0.8095238208770752
l_curve_6,66,0.4376574158668518,0.8095238208770752
l_curve_6,67,0.43710681796073914,0.8095238208770752
l_curve_6,68,0.43654364347457886,0.8095238208770752
l_curve_6,69,0.4366007447242737,0.8095238208770752
l_curve_6,70,0.4368501305580139,0.8095238208770752
l_curve_6,71,0.4372600018978119,0.8095238208770752
l_curve_6,72,0.43743032217025757,0.8095238208770752
l_curve_6,73,0.43740352988243103,0.8095238208770752
l_curve_6,74,0.43735271692276,0.8095238208770752
l_curve_6,75,0.4375130236148834,0.8095238208770752
l_curve_6,76,0.43753400444984436,0.8095238208770752
l_curve_6,77,0.43755945563316345,0.8095238208770752
l_curve_6,78,0.4375636577606201,0.8095238208770752
l_curve_6,79,0.4376705288887024,0.8095238208770752
l_curve_6,80,0.4379066824913025,0.8095238208770752
l_curve_6,81,0.43818187713623047,0.8095238208770752
l_curve_6,82,0.4384133815765381,0.8095238208770752
l_curve_6,83,0.4386020004749298,0.8095238208770752
l_curve_6,84,0.43839672207832336,0.8095238208770752
l_curve_6,85,0.43857771158218384,0.8095238208770752
l_curve_6,86,0.4386366009712219,0.8095238208770752
l_curve_6,87,0.4389491379261017,0.8095238208770752
l_curve_6,88,0.43949493765830994,0.8095238208770752
l_curve_6,89,0.4398062527179718,0.8095238208770752
l_curve_6,90,0.44025447964668274,0.8095238208770752
l_curve_6,91,0.4409980773925781,0.8095238208770752
l_curve_6,92,0.4412625730037689,0.8095238208770752
l_curve_6,93,0.44163843989372253,0.8095238208770752
l_curve_6,94,0.4418726861476898,0.8095238208770752
l_curve_6,95,0.44205039739608765,0.8095238208770752
l_curve_6,96,0.4423365294933319,0.8095238208770752
l_curve_6,97,0.44286414980888367,0.8095238208770752
l_curve_6,98,0.4436042308807373,0.8095238208770752
l_curve_6,99,0.4440336227416992,0.8095238208770752
l_curve_6,100,0.4439751207828522,0.8095238208770752
l_curve_6,101,0.44401195645332336,0.8095238208770752
l_curve_6,102,0.44462865591049194,0.8095238208770752
l_curve_6,103,0.4458997845649719,0.8095238208770752
l_curve_6,104,0.4461876451969147,0.8095238208770752
l_curve_6,105,0.4466400146484375,0.8095238208770752
l_curve_6,106,0.4469781219959259,0.8095238208770752
l_curve_6,107,0.4473114609718323,0.8095238208770752
l_curve_6,108,0.4471784830093384,0.8095238208770752
l_curve_6,109,0.4474572241306305,0.8095238208770752
l_curve_6,110,0.4480147659778595,0.8095238208770752
l_curve_6,111,0.4484472870826721,0.8095238208770752
l_curve_6,112,0.4483584761619568,0.8095238208770752
l_curve_6,113,0.44876629114151,0.8095238208770752
l_curve_6,114,0.44934287667274475,0.8095238208770752
l_curve_6,115,0.4496326446533203,0.8095238208770752
l_curve_6,116,0.4502161145210266,0.8095238208770752
l_curve_6,117,0.4506637156009674,0.8095238208770752
l_curve_6,118,0.45127373933792114,0.8095238208770752
l_curve_6,119,0.4517883062362671,0.8095238208770752
l_curve_6,120,0.452012836933136,0.8095238208770752
l_curve_6,121,0.45251205563545227,0.8095238208770752
l_curve_6,122,0.4529353678226471,0.8095238208770752
l_curve_6,123,0.45367857813835144,0.8095238208770752
l_curve_6,124,0.4545561373233795,0.8095238208770752
l_curve_6,125,0.4550212621688843,0.8095238208770752
l_curve_6,126,0.4548967778682709,0.8095238208770752
l_curve_6,127,0.45472007989883423,0.8095238208770752
l_curve_6,128,0.454897940158844,0.8095238208770752
l_curve_6,129,0.4552997946739197,0.8095238208770752
l_curve_6,130,0.45576587319374084,0.8095238208770752
l_curve_6,131,0.45628541707992554,0.8095238208770752
l_curve_6,132,0.45644229650497437,0.8095238208770752
l_curve_6,133,0.456561416387558,0.8095238208770752
l_curve_6,134,0.456410676240921,0.8095238208770752
l_curve_6,135,0.4566795825958252,0.8095238208770752
l_curve_6,136,0.45721766352653503,0.8095238208770752
l_curve_6,137,0.45766910910606384,0.8095238208770752
l_curve_6,138,0.45833736658096313,0.8095238208770752
l_curve_6,139,0.45943695306777954,0.8095238208770752
l_curve_6,140,0.46004050970077515,0.8095238208770752
l_curve_6,141,0.4613834619522095,0.8095238208770752
l_curve_6,142,0.46188780665397644,0.8095238208770752
l_curve_6,143,0.46202120184898376,0.8095238208770752
l_curve_6,144,0.46168404817581177,0.8095238208770752
l_curve_6,145,0.46149659156799316,0.8571428656578064
l_curve_6,146,0.4616989493370056,0.8571428656578064
l_curve_6,147,0.46239930391311646,0.8571428656578064
l_curve_6,148,0.46280398964881897,0.8571428656578064
l_curve_6,149,0.4634619653224945,0.8571428656578064
l_curve_6,150,0.4643935263156891,0.8571428656578064
l_curve_6,151,0.4648571014404297,0.8571428656578064
l_curve_6,152,0.46509355306625366,0.8571428656578064
l_curve_6,153,0.46579498052597046,0.8571428656578064
l_curve_6,154,0.46588611602783203,0.8571428656578064
l_curve_6,155,0.46595636010169983,0.8571428656578064
l_curve_6,156,0.4663480222225189,0.8571428656578064
l_curve_6,157,0.46653762459754944,0.8571428656578064
l_curve_6,158,0.46677371859550476,0.8571428656578064
l_curve_6,159,0.46712616086006165,0.8571428656578064
l_curve_6,160,0.4678443372249603,0.8571428656578064
l_curve_6,161,0.4681510031223297,0.8571428656578064
l_curve_6,162,0.468170702457428,0.8571428656578064
l_curve_6,163,0.468565434217453,0.8571428656578064
l_curve_6,164,0.46868976950645447,0.8571428656578064
l_curve_6,165,0.46919235587120056,0.8571428656578064
l_curve_6,166,0.4697853624820709,0.8571428656578064
l_curve_6,167,0.47072654962539673,0.8571428656578064
l_curve_6,168,0.4712343215942383,0.8571428656578064
l_curve_6,169,0.47101789712905884,0.8571428656578064
l_curve_6,170,0.47072654962539673,0.8571428656578064
l_curve_6,171,0.47105294466018677,0.8571428656578064
l_curve_6,172,0.47195687890052795,0.8571428656578064
l_curve_6,173,0.4719807207584381,0.8571428656578064
l_curve_6,174,0.47202855348587036,0.8571428656578064
l_curve_6,175,0.4720912277698517,0.8571428656578064
l_curve_6,176,0.4726051092147827,0.8571428656578064
l_curve_6,177,0.4733293652534485,0.8571428656578064
l_curve_6,178,0.4738731384277344,0.8571428656578064
l_curve_6,179,0.4742449223995209,0.8571428656578064
l_curve_6,180,0.4747241735458374,0.8571428656578064
l_curve_6,181,0.4749930202960968,0.8571428656578064
l_curve_6,182,0.47552046179771423,0.8571428656578064
l_curve_6,183,0.4759891629219055,0.8571428656578064
l_curve_6,184,0.4759625494480133,0.8571428656578064
l_curve_6,185,0.47584986686706543,0.8571428656578064
l_curve_6,186,0.47562891244888306,0.8571428656578064
l_curve_6,187,0.475922167301178,0.8571428656578064
l_curve_6,188,0.47663071751594543,0.8571428656578064
l_curve_6,189,0.47619855403900146,0.8571428656578064
l_curve_6,190,0.476428747177124,0.8571428656578064
l_curve_6,191,0.47607770562171936,0.8571428656578064
l_curve_6,192,0.4762353301048279,0.8571428656578064
l_curve_6,193,0.4767719507217407,0.8571428656578064
l_curve_6,194,0.4770338535308838,0.8571428656578064
l_curve_6,195,0.47743329405784607,0.8571428656578064
l_curve_6,196,0.4782583713531494,0.8571428656578064
l_curve_6,197,0.478424072265625,0.8571428656578064
l_curve_6,198,0.478746235370636,0.8571428656578064
l_curve_6,199,0.4790586233139038,0.8571428656578064
l_curve_6,200,0.4784511923789978,0.8571428656578064
l_curve_6,201,0.4778771996498108,0.8571428656578064
l_curve_6,202,0.47777608036994934,0.8571428656578064
l_curve_6,203,0.47795605659484863,0.8571428656578064
l_curve_6,204,0.4781544506549835,0.8571428656578064
l_curve_6,205,0.4786681532859802,0.8571428656578064
l_curve_6,206,0.4794965386390686,0.8571428656578064
l_curve_6,207,0.479751318693161,0.8571428656578064
l_curve_6,208,0.47947725653648376,0.8571428656578064
l_curve_6,209,0.4794735610485077,0.8571428656578064
l_curve_6,210,0.4799647033214569,0.8571428656578064
l_curve_6,211,0.4801577627658844,0.8571428656578064
l_curve_6,212,0.4797031879425049,0.8571428656578064
l_curve_6,213,0.4791712462902069,0.8571428656578064
l_curve_6,214,0.47979044914245605,0.8571428656578064
l_curve_6,215,0.4800620377063751,0.8571428656578064
l_curve_6,216,0.4802876114845276,0.8571428656578064
l_curve_6,217,0.4803704619407654,0.8571428656578064
l_curve_6,218,0.4797273278236389,0.8571428656578064
l_curve_6,219,0.47987139225006104,0.8571428656578064
l_curve_6,220,0.48035281896591187,0.8571428656578064
l_curve_6,221,0.47988468408584595,0.8571428656578064
l_curve_6,222,0.4785744845867157,0.8571428656578064
l_curve_6,223,0.4785443842411041,0.8571428656578064
l_curve_6,224,0.478861540555954,0.8571428656578064
l_curve_6,225,0.4790906012058258,0.8571428656578064
l_curve_6,226,0.4788459539413452,0.8571428656578064
l_curve_6,227,0.4787517786026001,0.8571428656578064
l_curve_6,228,0.4793187081813812,0.8571428656578064
l_curve_6,229,0.4797682464122772,0.8571428656578064
l_curve_6,230,0.4795045256614685,0.8571428656578064
l_curve_6,231,0.47897666692733765,0.8571428656578064
l_curve_6,232,0.4785044193267822,0.8571428656578064
l_curve_6,233,0.4790254235267639,0.8571428656578064
l_curve_6,234,0.47904065251350403,0.8571428656578064
l_curve_6,235,0.47894781827926636,0.8571428656578064
l_curve_6,236,0.4783569872379303,0.8571428656578064
l_curve_6,237,0.4786524176597595,0.8571428656578064
l_curve_6,238,0.47943437099456787,0.8571428656578064
l_curve_6,239,0.4791991412639618,0.8571428656578064
l_curve_6,240,0.4787673354148865,0.8571428656578064
l_curve_6,241,0.478603720664978,0.8571428656578064
l_curve_6,242,0.4778640866279602,0.8571428656578064
l_curve_6,243,0.47718489170074463,0.8571428656578064
l_curve_6,244,0.4769785702228546,0.8571428656578064
l_curve_6,245,0.4766859710216522,0.8571428656578064
l_curve_6,246,0.47709301114082336,0.8571428656578064
l_curve_6,247,0.4777362048625946,0.8571428656578064
l_curve_6,248,0.4779490530490875,0.8571428656578064
l_curve_6,249,0.477284699678421,0.8571428656578064
l_curve_6,250,0.4772171378135681,0.8571428656578064
l_curve_6,251,0.4774527847766876,0.8571428656578064
l_curve_6,252,0.477495014667511,0.8571428656578064
l_curve_6,253,0.4773333966732025,0.8571428656578064
l_curve_6,254,0.47666582465171814,0.8571428656578064
l_curve_6,255,0.4764142334461212,0.8571428656578064
l_curve_6,256,0.47588247060775757,0.8571428656578064
l_curve_6,257,0.4759959280490875,0.8571428656578064
l_curve_6,258,0.47611868381500244,0.8571428656578064
l_curve_6,259,0.47619497776031494,0.8571428656578064
l_curve_6,260,0.476469486951828,0.8571428656578064
l_curve_6,261,0.47605958580970764,0.8571428656578064
l_curve_6,262,0.4753536880016327,0.8571428656578064
l_curve_6,263,0.47557148337364197,0.8571428656578064
l_curve_6,264,0.47567903995513916,0.8571428656578064
l_curve_6,265,0.4755614697933197,0.8571428656578064
l_curve_6,266,0.4749607443809509,0.8571428656578064
l_curve_6,267,0.4746762216091156,0.8571428656578064
l_curve_6,268,0.4740755558013916,0.8571428656578064
l_curve_6,269,0.47344231605529785,0.8571428656578064
l_curve_6,270,0.4732455313205719,0.8571428656578064
l_curve_6,271,0.4728679060935974,0.8571428656578064
l_curve_6,272,0.47211578488349915,0.8571428656578064
l_curve_6,273,0.47190460562705994,0.8571428656578064
l_curve_6,274,0.4722667336463928,0.8571428656578064
l_curve_6,275,0.4721715450286865,0.8571428656578064
l_curve_6,276,0.4716064929962158,0.8571428656578064
l_curve_6,277,0.47136837244033813,0.8571428656578064
l_curve_6,278,0.47128546237945557,0.8571428656578064
l_curve_6,279,0.4709819257259369,0.8571428656578064
l_curve_6,280,0.47089871764183044,0.8571428656578064
l_curve_6,281,0.4698612689971924,0.8571428656578064
l_curve_6,282,0.4693067669868469,0.8571428656578064
l_curve_6,283,0.4688543677330017,0.8571428656578064
l_curve_6,284,0.46839359402656555,0.8571428656578064
l_curve_6,285,0.4683045446872711,0.8571428656578064
l_curve_6,286,0.4677843749523163,0.8571428656578064
l_curve_6,287,0.46755990386009216,0.8571428656578064
l_curve_6,288,0.4669863283634186,0.8571428656578064
l_curve_6,289,0.46687784790992737,0.8571428656578064
l_curve_6,290,0.4668585956096649,0.8571428656578064
l_curve_6,291,0.4663340151309967,0.8571428656578064
l_curve_6,292,0.4652821719646454,0.8571428656578064
l_curve_6,293,0.4645644724369049,0.8571428656578064
l_curve_6,294,0.4641725420951843,0.8571428656578064
l_curve_6,295,0.4640566110610962,0.8571428656578064
l_curve_6,296,0.4633046090602875,0.8571428656578064
l_curve_6,297,0.46356719732284546,0.8571428656578064
l_curve_6,298,0.46308714151382446,0.8571428656578064
l_curve_6,299,0.46200698614120483,0.8571428656578064
l_curve_6,300,0.46072545647621155,0.8571428656578064
l_curve_6,301,0.4600224792957306,0.8571428656578064
l_curve_6,302,0.46002787351608276,0.8571428656578064
l_curve_6,303,0.4598793387413025,0.8571428656578064
l_curve_6,304,0.45939573645591736,0.8571428656578064
l_curve_6,305,0.4595107436180115,0.8571428656578064
l_curve_6,306,0.45853856205940247,0.8571428656578064
l_curve_6,307,0.45863524079322815,0.8571428656578064
l_curve_6,308,0.4580276608467102,0.8571428656578064
l_curve_6,309,0.4581950008869171,0.8571428656578064
l_curve_6,310,0.4575677216053009,0.8571428656578064
l_curve_6,311,0.4566099941730499,0.8571428656578064
l_curve_6,312,0.4565901458263397,0.8571428656578064
l_curve_6,313,0.4565468430519104,0.8571428656578064
l_curve_6,314,0.4562954306602478,0.8571428656578064
l_curve_6,315,0.45553112030029297,0.8571428656578064
l_curve_6,316,0.45495933294296265,0.8571428656578064
l_curve_6,317,0.4544857442378998,0.8571428656578064
l_curve_6,318,0.45354869961738586,0.8571428656578064
l_curve_6,319,0.45306169986724854,0.8571428656578064
l_curve_6,320,0.4519456624984741,0.8571428656578064
l_curve_6,321,0.4506431221961975,0.8571428656578064
l_curve_6,322,0.45074325799942017,0.8571428656578064
l_curve_6,323,0.4504878520965576,0.8571428656578064
l_curve_6,324,0.4500112533569336,0.8571428656578064
l_curve_6,325,0.449679434299469,0.8571428656578064
l_curve_6,326,0.4495478570461273,0.8571428656578064
l_curve_6,327,0.4491955041885376,0.8571428656578064
l_curve_6,328,0.4490082561969757,0.8571428656578064
l_curve_6,329,0.44908231496810913,0.8571428656578064
l_curve_6,330,0.448731005191803,0.8571428656578064
l_curve_6,331,0.4481256604194641,0.8571428656578064
l_curve_6,332,0.4476381540298462,0.8571428656578064
l_curve_6,333,0.447106271982193,0.8571428656578064
l_curve_6,334,0.4462648928165436,0.8571428656578064
l_curve_6,335,0.4455323815345764,0.8571428656578064
l_curve_6,336,0.4447906017303467,0.8571428656578064
l_curve_6,337,0.44439005851745605,0.8571428656578064
l_curve_6,338,0.44405168294906616,0.8571428656578064
l_curve_6,339,0.4433705806732178,0.8571428656578064
l_curve_6,340,0.44259998202323914,0.8571428656578064
l_curve_6,341,0.44228413701057434,0.8571428656578064
l_curve_6,342,0.44160619378089905,0.8571428656578064
l_curve_6,343,0.44117310643196106,0.8571428656578064
l_curve_6,344,0.440583735704422,0.8571428656578064
l_curve_6,345,0.4397202432155609,0.8571428656578064
l_curve_6,346,0.4392894506454468,0.8571428656578064
l_curve_6,347,0.4385594427585602,0.8571428656578064
l_curve_6,348,0.43771281838417053,0.8571428656578064
l_curve_6,349,0.4372654855251312,0.8571428656578064
l_curve_6,350,0.43689286708831787,0.8571428656578064
l_curve_6,351,0.43617281317710876,0.8571428656578064
l_curve_6,352,0.43519872426986694,0.8571428656578064
l_curve_6,353,0.43485623598098755,0.8571428656578064
l_curve_6,354,0.434475302696228,0.8571428656578064
l_curve_6,355,0.43350473046302795,0.8571428656578064
l_curve_6,356,0.4331929683685303,0.8571428656578064
l_curve_6,357,0.4325908124446869,0.8571428656578064
l_curve_6,358,0.43214964866638184,0.8571428656578064
l_curve_6,359,0.4321557581424713,0.8571428656578064
l_curve_6,360,0.4322183132171631,0.8571428656578064
l_curve_6,361,0.4315270483493805,0.8571428656578064
l_curve_6,362,0.43039870262145996,0.8571428656578064
l_curve_6,363,0.4296693801879883,0.8571428656578064
l_curve_6,364,0.4287930130958557,0.8571428656578064
l_curve_6,365,0.42801231145858765,0.8571428656578064
l_curve_6,366,0.4268501400947571,0.8571428656578064
l_curve_6,367,0.42634207010269165,0.8571428656578064
l_curve_6,368,0.4261946380138397,0.8571428656578064
l_curve_6,369,0.4259882867336273,0.8571428656578064
l_curve_6,370,0.42535364627838135,0.8571428656578064
l_curve_6,371,0.4241882562637329,0.8571428656578064
l_curve_6,372,0.42358726263046265,0.8571428656578064
l_curve_6,373,0.42275795340538025,0.8571428656578064
l_curve_6,374,0.4225940704345703,0.8571428656578064
l_curve_6,375,0.42216336727142334,0.8571428656578064
l_curve_6,376,0.42126744985580444,0.8571428656578064
l_curve_6,377,0.4204598367214203,0.8571428656578064
l_curve_6,378,0.4187731444835663,0.8571428656578064
l_curve_6,379,0.41764846444129944,0.8571428656578064
l_curve_6,380,0.4169459044933319,0.8571428656578064
l_curve_6,381,0.4159172475337982,0.8571428656578064
l_curve_6,382,0.41509556770324707,0.8571428656578064
l_curve_6,383,0.41420578956604004,0.8571428656578064
l_curve_6,384,0.41416090726852417,0.8571428656578064
l_curve_6,385,0.4135664999485016,0.8571428656578064
l_curve_6,386,0.4129633605480194,0.8571428656578064
l_curve_6,387,0.4131815731525421,0.8571428656578064
l_curve_6,388,0.4125876724720001,0.8571428656578064
l_curve_6,389,0.41214585304260254,0.8571428656578064
l_curve_6,390,0.4115077555179596,0.8571428656578064
l_curve_6,391,0.41090279817581177,0.8571428656578064
l_curve_6,392,0.410574734210968,0.8571428656578064
l_curve_6,393,0.40999162197113037,0.8571428656578064
l_curve_6,394,0.4097895920276642,0.8571428656578064
l_curve_6,395,0.4080633521080017,0.8571428656578064
l_curve_6,396,0.4066632091999054,0.8571428656578064
l_curve_6,397,0.40587761998176575,0.8571428656578064
l_curve_6,398,0.40515074133872986,0.8571428656578064
l_curve_6,399,0.4044386148452759,0.8571428656578064
l_curve_6,400,0.40446802973747253,0.8571428656578064
l_curve_6,401,0.4041141867637634,0.8571428656578064
l_curve_6,402,0.4036419689655304,0.8571428656578064
l_curve_6,403,0.40285736322402954,0.8571428656578064
l_curve_6,404,0.40241891145706177,0.8571428656578064
l_curve_6,405,0.40148767828941345,0.8571428656578064
l_curve_6,406,0.4005191922187805,0.8571428656578064
l_curve_6,407,0.39973971247673035,0.8571428656578064
l_curve_6,408,0.39840465784072876,0.8571428656578064
l_curve_6,409,0.39744672179222107,0.8571428656578064
l_curve_6,410,0.3964029550552368,0.8571428656578064
l_curve_6,411,0.39600396156311035,0.8571428656578064
l_curve_6,412,0.39565902948379517,0.8571428656578064
l_curve_6,413,0.39472857117652893,0.8571428656578064
l_curve_6,414,0.3942475914955139,0.8571428656578064
l_curve_6,415,0.394302099943161,0.8571428656578064
l_curve_6,416,0.39397117495536804,0.8571428656578064
l_curve_6,417,0.39296290278434753,0.8571428656578064
l_curve_6,418,0.39235496520996094,0.8571428656578064
l_curve_6,419,0.3915429413318634,0.8571428656578064
l_curve_6,420,0.3907608687877655,0.8571428656578064
l_curve_6,421,0.38947686553001404,0.8571428656578064
l_curve_6,422,0.3881104290485382,0.8571428656578064
l_curve_6,423,0.3866721987724304,0.8571428656578064
l_curve_6,424,0.38635754585266113,0.8571428656578064
l_curve_6,425,0.3865585923194885,0.8571428656578064
l_curve_6,426,0.3861159682273865,0.8571428656578064
l_curve_6,427,0.3858463168144226,0.8571428656578064
l_curve_6,428,0.3849363327026367,0.8571428656578064
l_curve_6,429,0.384389191865921,0.8571428656578064
l_curve_6,430,0.3840717673301697,0.8571428656578064
l_curve_6,431,0.3832605481147766,0.8571428656578064
l_curve_6,432,0.3823062479496002,0.8571428656578064
l_curve_6,433,0.38127589225769043,0.8571428656578064
l_curve_6,434,0.3807278871536255,0.8571428656578064
l_curve_6,435,0.379277765750885,0.8571428656578064
l_curve_6,436,0.3786146342754364,0.8571428656578064
l_curve_6,437,0.3780205249786377,0.8571428656578064
l_curve_6,438,0.3772619664669037,0.8571428656578064
l_curve_6,439,0.3765695095062256,0.8571428656578064
l_curve_6,440,0.37572187185287476,0.8571428656578064
l_curve_6,441,0.3748800754547119,0.8571428656578064
l_curve_6,442,0.3742969036102295,0.8571428656578064
l_curve_6,443,0.3739585876464844,0.8571428656578064
l_curve_6,444,0.37370985746383667,0.8571428656578064
l_curve_6,445,0.372812420129776,0.8571428656578064
l_curve_6,446,0.37238043546676636,0.8571428656578064
l_curve_6,447,0.37177518010139465,0.8571428656578064
l_curve_6,448,0.37131989002227783,0.8571428656578064
l_curve_6,449,0.37090516090393066,0.8571428656578064
l_curve_6,450,0.3702051639556885,0.8571428656578064
l_curve_6,451,0.3689916133880615,0.8571428656578064
l_curve_6,452,0.3682665228843689,0.8571428656578064
l_curve_6,453,0.36855846643447876,0.8571428656578064
l_curve_6,454,0.36865562200546265,0.8571428656578064
l_curve_6,455,0.3675900101661682,0.8571428656578064
l_curve_6,456,0.36640113592147827,0.8571428656578064
l_curve_6,457,0.3657645285129547,0.8571428656578064
l_curve_6,458,0.36477914452552795,0.8571428656578064
l_curve_6,459,0.36346176266670227,0.8571428656578064
l_curve_6,460,0.362102746963501,0.8571428656578064
l_curve_6,461,0.3618887662887573,0.8571428656578064
l_curve_6,462,0.3615613281726837,0.8571428656578064
l_curve_6,463,0.3614034056663513,0.8571428656578064
l_curve_6,464,0.360818088054657,0.8571428656578064
l_curve_6,465,0.3601906895637512,0.8571428656578064
l_curve_6,466,0.3596762418746948,0.8571428656578064
l_curve_6,467,0.3592537045478821,0.8571428656578064
l_curve_6,468,0.35790514945983887,0.8571428656578064
l_curve_6,469,0.3564532697200775,0.8571428656578064
l_curve_6,470,0.3560900092124939,0.8571428656578064
l_curve_6,471,0.35582661628723145,0.8571428656578064
l_curve_6,472,0.3553672730922699,0.8571428656578064
l_curve_6,473,0.35514408349990845,0.8571428656578064
l_curve_6,474,0.3545082211494446,0.8571428656578064
l_curve_6,475,0.35308095812797546,0.8571428656578064
l_curve_6,476,0.3515526354312897,0.8571428656578064
l_curve_6,477,0.3507370054721832,0.8571428656578064
l_curve_6,478,0.35034289956092834,0.8571428656578064
l_curve_6,479,0.3498174846172333,0.8571428656578064
l_curve_6,480,0.34948545694351196,0.8571428656578064
l_curve_6,481,0.34869691729545593,0.8571428656578064
l_curve_6,482,0.34766802191734314,0.8571428656578064
l_curve_6,483,0.34681469202041626,0.8571428656578064
l_curve_6,484,0.3465880751609802,0.8571428656578064
l_curve_6,485,0.3459492325782776,0.8571428656578064
l_curve_6,486,0.34506529569625854,0.8571428656578064
l_curve_6,487,0.34368211030960083,0.8571428656578064
l_curve_6,488,0.343440979719162,0.8571428656578064
l_curve_6,489,0.3433978259563446,0.8571428656578064
l_curve_6,490,0.34313151240348816,0.8571428656578064
l_curve_6,491,0.34287795424461365,0.8571428656578064
l_curve_6,492,0.34185758233070374,0.8571428656578064
l_curve_6,493,0.34080857038497925,0.8571428656578064
l_curve_6,494,0.3400474786758423,0.8571428656578064
l_curve_6,495,0.33955758810043335,0.8571428656578064
l_curve_6,496,0.3385264277458191,0.8571428656578064
l_curve_6,497,0.3377247452735901,0.8571428656578064
l_curve_6,498,0.33655548095703125,0.8571428656578064
l_curve_6,499,0.33522769808769226,0.8571428656578064
l_curve_6,500,0.335000604391098,0.8571428656578064
l_curve_6,501,0.3343822956085205,0.8571428656578064
l_curve_6,502,0.33491891622543335,0.8571428656578064
l_curve_6,503,0.3352775573730469,0.8571428656578064
l_curve_6,504,0.33474820852279663,0.8571428656578064
l_curve_6,505,0.33377671241760254,0.9047619104385376
l_curve_6,506,0.3331203758716583,0.9047619104385376
l_curve_6,507,0.3327536880970001,0.9047619104385376
l_curve_6,508,0.3324790298938751,0.9047619104385376
l_curve_6,509,0.3314961791038513,0.9047619104385376
l_curve_6,510,0.32994771003723145,0.9047619104385376
l_curve_6,511,0.32922786474227905,0.9047619104385376
l_curve_6,512,0.32853448390960693,0.9047619104385376
l_curve_6,513,0.3272787928581238,0.9047619104385376
l_curve_6,514,0.3269399106502533,0.9047619104385376
l_curve_6,515,0.3265567421913147,0.9047619104385376
l_curve_6,516,0.32629358768463135,0.9047619104385376
l_curve_6,517,0.32571592926979065,0.9047619104385376
l_curve_6,518,0.3246203362941742,0.9047619104385376
l_curve_6,519,0.3234156668186188,0.9047619104385376
l_curve_6,520,0.3227604031562805,0.9047619104385376
l_curve_6,521,0.32221972942352295,0.9047619104385376
l_curve_6,522,0.3210498094558716,0.9047619104385376
l_curve_6,523,0.3205296993255615,0.9047619104385376
l_curve_6,524,0.32084301114082336,0.9047619104385376
l_curve_6,525,0.32077479362487793,0.9047619104385376
l_curve_6,526,0.3206883668899536,0.9047619104385376
l_curve_6,527,0.3203981816768646,0.9047619104385376
l_curve_6,528,0.3197769224643707,0.9047619104385376
l_curve_6,529,0.31930306553840637,0.9047619104385376
l_curve_6,530,0.31872907280921936,0.9047619104385376
l_curve_6,531,0.3182232081890106,0.9047619104385376
l_curve_6,532,0.31773483753204346,0.9047619104385376
l_curve_6,533,0.31710973381996155,0.9047619104385376
l_curve_6,534,0.3168579638004303,0.9047619104385376
l_curve_6,535,0.3169388175010681,0.9047619104385376
l_curve_6,536,0.3160432279109955,0.9047619104385376
l_curve_6,537,0.3152496814727783,0.9047619104385376
l_curve_6,538,0.3142924904823303,0.9047619104385376
l_curve_6,539,0.3133748769760132,0.9047619104385376
l_curve_6,540,0.31318044662475586,0.9047619104385376
l_curve_6,541,0.31212663650512695,0.9047619104385376
l_curve_6,542,0.3112764358520508,0.9047619104385376
l_curve_6,543,0.31050190329551697,0.9047619104385376
l_curve_6,544,0.31030088663101196,0.9047619104385376
l_curve_6,545,0.3096129894256592,0.9047619104385376
l_curve_6,546,0.30903518199920654,0.9047619104385376
l_curve_6,547,0.3085438013076782,0.9047619104385376
l_curve_6,548,0.3082459568977356,0.9047619104385376
l_curve_6,549,0.3082137703895569,0.9047619104385376
l_curve_6,550,0.3073207437992096,0.9047619104385376
l_curve_6,551,0.30611497163772583,0.9047619104385376
l_curve_6,552,0.3055652976036072,0.9047619104385376
l_curve_6,553,0.3054400086402893,0.9047619104385376
l_curve_6,554,0.30552464723587036,0.9047619104385376
l_curve_6,555,0.3049839437007904,0.9047619104385376
l_curve_6,556,0.3040766417980194,0.9047619104385376
l_curve_6,557,0.3031046390533447,0.9047619104385376
l_curve_6,558,0.302696168422699,0.9047619104385376
l_curve_6,559,0.3015642762184143,0.9047619104385376
l_curve_6,560,0.30134713649749756,0.9047619104385376
l_curve_6,561,0.3012503683567047,0.9047619104385376
l_curve_6,562,0.3015201985836029,0.9047619104385376
l_curve_6,563,0.30203795433044434,0.9047619104385376
l_curve_6,564,0.3014662265777588,0.9047619104385376
l_curve_6,565,0.30099043250083923,0.9047619104385376
l_curve_6,566,0.30025243759155273,0.9047619104385376
l_curve_6,567,0.29895395040512085,0.9047619104385376
l_curve_6,568,0.2984780967235565,0.9047619104385376
l_curve_6,569,0.29838937520980835,0.9047619104385376
l_curve_6,570,0.2980509400367737,0.9047619104385376
l_curve_6,571,0.2974349558353424,0.9047619104385376
l_curve_6,572,0.29639944434165955,0.9047619104385376
l_curve_6,573,0.29612699151039124,0.9047619104385376
l_curve_6,574,0.29606255888938904,0.9047619104385376
l_curve_6,575,0.2956787943840027,0.9047619104385376
l_curve_6,576,0.2955816090106964,0.9047619104385376
l_curve_6,577,0.2957243323326111,0.9047619104385376
l_curve_6,578,0.29504266381263733,0.9047619104385376
l_curve_6,579,0.2941160500049591,0.9047619104385376
l_curve_6,580,0.293994277715683,0.9047619104385376
l_curve_6,581,0.29339489340782166,0.9047619104385376
l_curve_6,582,0.2928031086921692,0.9047619104385376
l_curve_6,583,0.29231807589530945,0.9047619104385376
l_curve_6,584,0.29074183106422424,0.9047619104385376
l_curve_6,585,0.28932511806488037,0.9047619104385376
l_curve_6,586,0.28921857476234436,0.9047619104385376
l_curve_6,587,0.28925541043281555,0.9047619104385376
l_curve_6,588,0.2886703312397003,0.9047619104385376
l_curve_6,589,0.28810569643974304,0.9047619104385376
l_curve_6,590,0.28796783089637756,0.9047619104385376
l_curve_6,591,0.28837379813194275,0.9047619104385376
l_curve_6,592,0.2876221835613251,0.9047619104385376
l_curve_6,593,0.2869303822517395,0.9047619104385376
l_curve_6,594,0.2860216498374939,0.9047619104385376
l_curve_6,595,0.2852492332458496,0.9047619104385376
l_curve_6,596,0.28555577993392944,0.9047619104385376
l_curve_6,597,0.28542980551719666,0.9047619104385376
l_curve_6,598,0.2851245403289795,0.9047619104385376
l_curve_6,599,0.28480908274650574,0.9047619104385376
l_curve_6,600,0.2847900390625,0.9047619104385376
l_curve_6,601,0.28496551513671875,0.9047619104385376
l_curve_6,602,0.28419554233551025,0.9047619104385376
l_curve_6,603,0.2832321524620056,0.9047619104385376
l_curve_6,604,0.2829452157020569,0.9047619104385376
l_curve_6,605,0.28266510367393494,0.9047619104385376
l_curve_6,606,0.2824934124946594,0.9047619104385376
l_curve_6,607,0.28240594267845154,0.9047619104385376
l_curve_6,608,0.2823372483253479,0.9047619104385376
l_curve_6,609,0.28266245126724243,0.9047619104385376
l_curve_6,610,0.28239214420318604,0.9047619104385376
l_curve_6,611,0.28116849064826965,0.9047619104385376
l_curve_6,612,0.2801820933818817,0.9047619104385376
l_curve_6,613,0.28032737970352173,0.9047619104385376
l_curve_6,614,0.27947285771369934,0.9047619104385376
l_curve_6,615,0.2791793644428253,0.9047619104385376
l_curve_6,616,0.2789541780948639,0.9047619104385376
l_curve_6,617,0.279060959815979,0.9047619104385376
l_curve_6,618,0.2796061933040619,0.9047619104385376
l_curve_6,619,0.27962201833724976,0.9047619104385376
l_curve_6,620,0.2784726917743683,0.9047619104385376
l_curve_6,621,0.27817147970199585,0.9047619104385376
l_curve_6,622,0.2779020667076111,0.9047619104385376
l_curve_6,623,0.27770793437957764,0.9047619104385376
l_curve_6,624,0.2783301770687103,0.9047619104385376
l_curve_6,625,0.2783562242984772,0.9047619104385376
l_curve_6,626,0.2769467234611511,0.9047619104385376
l_curve_6,627,0.27586856484413147,0.9047619104385376
l_curve_6,628,0.2750517725944519,0.9047619104385376
l_curve_6,629,0.2743982672691345,0.9047619104385376
l_curve_6,630,0.273842990398407,0.9047619104385376
l_curve_6,631,0.2732316553592682,0.9047619104385376
l_curve_6,632,0.27329033613204956,0.9047619104385376
l_curve_6,633,0.2726230025291443,0.9047619104385376
l_curve_6,634,0.2715431749820709,0.9047619104385376
l_curve_6,635,0.27106526494026184,0.9047619104385376
l_curve_6,636,0.27084261178970337,0.9047619104385376
l_curve_6,637,0.27119600772857666,0.9047619104385376
l_curve_6,638,0.2708617150783539,0.9047619104385376
l_curve_6,639,0.27081748843193054,0.9047619104385376
l_curve_6,640,0.2711084187030792,0.9047619104385376
l_curve_6,641,0.2713950276374817,0.9047619104385376
l_curve_6,642,0.2711942195892334,0.9047619104385376
l_curve_6,643,0.2706265449523926,0.9047619104385376
l_curve_6,644,0.2696291208267212,0.9047619104385376
l_curve_6,645,0.26883402466773987,0.9047619104385376
l_curve_6,646,0.2685432434082031,0.9047619104385376
l_curve_6,647,0.26824548840522766,0.9047619104385376
l_curve_6,648,0.26794371008872986,0.9047619104385376
l_curve_6,649,0.2677289843559265,0.9047619104385376
l_curve_6,650,0.26765578985214233,0.9047619104385376
l_curve_6,651,0.26772749423980713,0.9047619104385376
l_curve_6,652,0.26683753728866577,0.9047619104385376
l_curve_6,653,0.26618653535842896,0.9047619104385376
l_curve_6,654,0.26632753014564514,0.9047619104385376
l_curve_6,655,0.26582252979278564,0.9047619104385376
l_curve_6,656,0.26597079634666443,0.9047619104385376
l_curve_6,657,0.265643835067749,0.9047619104385376
l_curve_6,658,0.26531901955604553,0.9047619104385376
l_curve_6,659,0.2647302448749542,0.9047619104385376
l_curve_6,660,0.2640858292579651,0.9047619104385376
l_curve_6,661,0.26385730504989624,0.9047619104385376
l_curve_6,662,0.2632333040237427,0.9047619104385376
l_curve_6,663,0.2629605829715729,0.9047619104385376
l_curve_6,664,0.2628411650657654,0.9047619104385376
l_curve_6,665,0.262644499540329,0.9047619104385376
l_curve_6,666,0.2622508704662323,0.9047619104385376
l_curve_6,667,0.2628312408924103,0.9047619104385376
l_curve_6,668,0.2631644606590271,0.9047619104385376
l_curve_6,669,0.26282942295074463,0.9047619104385376
l_curve_6,670,0.2623535394668579,0.9047619104385376
l_curve_6,671,0.2619248926639557,0.9047619104385376
l_curve_6,672,0.26208314299583435,0.9047619104385376
l_curve_6,673,0.2616369426250458,0.9047619104385376
l_curve_6,674,0.26141467690467834,0.9047619104385376
l_curve_6,675,0.2611914277076721,0.9047619104385376
l_curve_6,676,0.2611234784126282,0.9047619104385376
l_curve_6,677,0.2610926032066345,0.9047619104385376
l_curve_6,678,0.26070138812065125,0.9047619104385376
l_curve_6,679,0.2600570321083069,0.9047619104385376
l_curve_6,680,0.25885534286499023,0.9047619104385376
l_curve_6,681,0.2583903670310974,0.9047619104385376
l_curve_6,682,0.2585451602935791,0.9047619104385376
l_curve_6,683,0.2580851912498474,0.9047619104385376
l_curve_6,684,0.25727394223213196,0.9047619104385376
l_curve_6,685,0.25758153200149536,0.9047619104385376
l_curve_6,686,0.25762611627578735,0.9047619104385376
l_curve_6,687,0.2576439380645752,0.9047619104385376
l_curve_6,688,0.2576850354671478,0.9047619104385376
l_curve_6,689,0.2575925290584564,0.9047619104385376
l_curve_6,690,0.2578902840614319,0.9047619104385376
l_curve_6,691,0.25826653838157654,0.9047619104385376
l_curve_6,692,0.2579655051231384,0.9047619104385376
l_curve_6,693,0.25771909952163696,0.9047619104385376
l_curve_6,694,0.25707370042800903,0.9047619104385376
l_curve_6,695,0.2559506893157959,0.9047619104385376
l_curve_6,696,0.25557607412338257,0.9047619104385376
l_curve_6,697,0.25577494502067566,0.9047619104385376
l_curve_6,698,0.25593921542167664,0.9047619104385376
l_curve_6,699,0.25656360387802124,0.9047619104385376
l_curve_6,700,0.25610703229904175,0.9047619104385376
l_curve_6,701,0.25569695234298706,0.9047619104385376
l_curve_6,702,0.2558926045894623,0.9047619104385376
l_curve_6,703,0.2560933232307434,0.9047619104385376
l_curve_6,704,0.25600695610046387,0.9047619104385376
l_curve_6,705,0.2554793655872345,0.9047619104385376
l_curve_6,706,0.2540813088417053,0.9047619104385376
l_curve_6,707,0.2534138560295105,0.9047619104385376
l_curve_6,708,0.2535725235939026,0.9047619104385376
l_curve_6,709,0.25355252623558044,0.9047619104385376
l_curve_6,710,0.25349369645118713,0.9047619104385376
l_curve_6,711,0.25323811173439026,0.9047619104385376
l_curve_6,712,0.25261473655700684,0.9047619104385376
l_curve_6,713,0.252248615026474,0.9047619104385376
l_curve_6,714,0.252046138048172,0.9047619104385376
l_curve_6,715,0.2523993253707886,0.9047619104385376
l_curve_6,716,0.2520405054092407,0.9047619104385376
l_curve_6,717,0.2511792480945587,0.9047619104385376
l_curve_6,718,0.25143226981163025,0.9047619104385376
l_curve_6,719,0.2518921494483948,0.9047619104385376
l_curve_6,720,0.2521108090877533,0.9047619104385376
l_curve_6,721,0.25267940759658813,0.9047619104385376
l_curve_6,722,0.2526552975177765,0.9047619104385376
l_curve_6,723,0.2524298131465912,0.9047619104385376
l_curve_6,724,0.2519730031490326,0.9047619104385376
l_curve_6,725,0.251390665769577,0.9047619104385376
l_curve_6,726,0.2510877251625061,0.9047619104385376
l_curve_6,727,0.2511692941188812,0.9047619104385376
l_curve_6,728,0.2507169544696808,0.9047619104385376
l_curve_6,729,0.25086846947669983,0.9047619104385376
l_curve_6,730,0.2503257393836975,0.9047619104385376
l_curve_6,731,0.24942952394485474,0.9047619104385376
l_curve_6,732,0.2490777224302292,0.9047619104385376
l_curve_6,733,0.24917790293693542,0.9047619104385376
l_curve_6,734,0.24955371022224426,0.9047619104385376
l_curve_6,735,0.2489718496799469,0.9047619104385376
l_curve_6,736,0.24922262132167816,0.9047619104385376
l_curve_6,737,0.2492930144071579,0.9047619104385376
l_curve_6,738,0.2492614984512329,0.9047619104385376
l_curve_6,739,0.24876394867897034,0.9047619104385376
l_curve_6,740,0.24821433424949646,0.9047619104385376
l_curve_6,741,0.248416930437088,0.9047619104385376
l_curve_6,742,0.24813120067119598,0.9047619104385376
l_curve_6,743,0.2481808215379715,0.9047619104385376
l_curve_6,744,0.24779333174228668,0.9047619104385376
l_curve_6,745,0.24822811782360077,0.9047619104385376
l_curve_6,746,0.24766233563423157,0.9047619104385376
l_curve_6,747,0.24804170429706573,0.9047619104385376
l_curve_6,748,0.2484590709209442,0.9047619104385376
l_curve_6,749,0.2486640214920044,0.9047619104385376
l_curve_6,750,0.2487085461616516,0.9047619104385376
l_curve_6,751,0.2483765333890915,0.9047619104385376
l_curve_6,752,0.24774087965488434,0.9047619104385376
l_curve_6,753,0.24787184596061707,0.9047619104385376
l_curve_6,754,0.24781924486160278,0.9047619104385376
l_curve_6,755,0.24782241880893707,0.9047619104385376
l_curve_6,756,0.2473277598619461,0.9047619104385376
l_curve_6,757,0.24688807129859924,0.9047619104385376
l_curve_6,758,0.2466396540403366,0.9047619104385376
l_curve_6,759,0.24739283323287964,0.9047619104385376
l_curve_6,760,0.2477613240480423,0.9047619104385376
l_curve_6,761,0.24729447066783905,0.9047619104385376
l_curve_6,762,0.24603869020938873,0.9047619104385376
l_curve_6,763,0.2462323009967804,0.9047619104385376
l_curve_6,764,0.2468300610780716,0.9047619104385376
l_curve_6,765,0.2460775375366211,0.9047619104385376
l_curve_6,766,0.2456105798482895,0.9047619104385376
l_curve_6,767,0.24542132019996643,0.9047619104385376
l_curve_6,768,0.2452910989522934,0.9047619104385376
l_curve_6,769,0.24499094486236572,0.9047619104385376
l_curve_6,770,0.24503348767757416,0.9047619104385376
l_curve_6,771,0.24566395580768585,0.9047619104385376
l_curve_6,772,0.2456328123807907,0.9047619104385376
l_curve_6,773,0.2460663914680481,0.9047619104385376
l_curve_6,774,0.24584849178791046,0.9047619104385376
l_curve_6,775,0.24608421325683594,0.9047619104385376
l_curve_6,776,0.24557079374790192,0.9047619104385376
l_curve_6,777,0.2446439564228058,0.9047619104385376
l_curve_6,778,0.24458612501621246,0.9047619104385376
l_curve_6,779,0.24451766908168793,0.9047619104385376
l_curve_6,780,0.24473385512828827,0.9047619104385376
l_curve_6,781,0.24466301500797272,0.9047619104385376
l_curve_6,782,0.24483954906463623,0.9047619104385376
l_curve_6,783,0.24483954906463623,0.9047619104385376
l_curve_6,784,0.24444349110126495,0.9047619104385376
l_curve_6,785,0.24455036222934723,0.9047619104385376
l_curve_6,786,0.24465759098529816,0.9047619104385376
l_curve_6,787,0.24419094622135162,0.9047619104385376
l_curve_6,788,0.24466241896152496,0.9047619104385376
l_curve_6,789,0.2446383237838745,0.9047619104385376
l_curve_6,790,0.24421775341033936,0.9047619104385376
l_curve_6,791,0.24348245561122894,0.9047619104385376
l_curve_6,792,0.24330247938632965,0.9047619104385376
l_curve_6,793,0.2432076781988144,0.9047619104385376
l_curve_6,794,0.242721825838089,0.9047619104385376
l_curve_6,795,0.24304801225662231,0.9047619104385376
l_curve_6,796,0.2426951676607132,0.9047619104385376
l_curve_6,797,0.2429783195257187,0.9047619104385376
l_curve_6,798,0.24316318333148956,0.9047619104385376
l_curve_6,799,0.243140310049057,0.9047619104385376
l_curve_6,800,0.2428314983844757,0.9047619104385376
l_curve_6,801,0.24292528629302979,0.9047619104385376
l_curve_6,802,0.24311205744743347,0.9047619104385376
l_curve_6,803,0.24272477626800537,0.9047619104385376
l_curve_6,804,0.24296481907367706,0.9047619104385376
l_curve_6,805,0.24268309772014618,0.9047619104385376
l_curve_6,806,0.242485910654068,0.9047619104385376
l_curve_6,807,0.2423270344734192,0.9047619104385376
l_curve_6,808,0.2421896755695343,0.9047619104385376
l_curve_6,809,0.24208104610443115,0.9047619104385376
l_curve_6,810,0.2419920414686203,0.9047619104385376
l_curve_6,811,0.24248960614204407,0.9047619104385376
l_curve_6,812,0.24233266711235046,0.9047619104385376
l_curve_6,813,0.24224822223186493,0.9047619104385376
l_curve_6,814,0.2423839271068573,0.9047619104385376
l_curve_6,815,0.24225954711437225,0.9047619104385376
l_curve_6,816,0.24222546815872192,0.9047619104385376
l_curve_6,817,0.24268566071987152,0.9047619104385376
l_curve_6,818,0.24277903139591217,0.9047619104385376
l_curve_6,819,0.24247506260871887,0.9047619104385376
l_curve_6,820,0.24252693355083466,0.9047619104385376
l_curve_6,821,0.24225972592830658,0.9047619104385376
l_curve_6,822,0.24256445467472076,0.9047619104385376
l_curve_6,823,0.2419160157442093,0.9047619104385376
l_curve_6,824,0.24181851744651794,0.9047619104385376
l_curve_6,825,0.24157078564167023,0.9047619104385376
l_curve_6,826,0.24197699129581451,0.9047619104385376
l_curve_6,827,0.24163813889026642,0.9047619104385376
l_curve_6,828,0.24198143184185028,0.9047619104385376
l_curve_6,829,0.24160797894001007,0.9047619104385376
l_curve_6,830,0.24101150035858154,0.9047619104385376
l_curve_6,831,0.2408902943134308,0.9047619104385376
l_curve_6,832,0.24122321605682373,0.9047619104385376
l_curve_6,833,0.241676926612854,0.9047619104385376
l_curve_6,834,0.24193075299263,0.9047619104385376
l_curve_6,835,0.2413860261440277,0.9047619104385376
l_curve_6,836,0.24188722670078278,0.9047619104385376
l_curve_6,837,0.24165335297584534,0.9047619104385376
l_curve_6,838,0.2405608743429184,0.9047619104385376
l_curve_6,839,0.24018782377243042,0.9047619104385376
l_curve_6,840,0.23983782529830933,0.9047619104385376
l_curve_6,841,0.24017810821533203,0.9047619104385376
l_curve_6,842,0.24044764041900635,0.9047619104385376
l_curve_6,843,0.24101859331130981,0.9047619104385376
l_curve_6,844,0.24106329679489136,0.9047619104385376
l_curve_6,845,0.24090535938739777,0.9047619104385376
l_curve_6,846,0.24114391207695007,0.9047619104385376
l_curve_6,847,0.2413121461868286,0.9047619104385376
l_curve_6,848,0.24120058119297028,0.9047619104385376
l_curve_6,849,0.24028673768043518,0.9047619104385376
l_curve_6,850,0.2401386946439743,0.9047619104385376
l_curve_6,851,0.24041593074798584,0.9047619104385376
l_curve_6,852,0.24083223938941956,0.9047619104385376
l_curve_6,853,0.24115900695323944,0.9047619104385376
l_curve_6,854,0.24212732911109924,0.9047619104385376
l_curve_6,855,0.24192337691783905,0.9047619104385376
l_curve_6,856,0.241069495677948,0.9047619104385376
l_curve_6,857,0.24159084260463715,0.9047619104385376
l_curve_6,858,0.24150796234607697,0.9047619104385376
l_curve_6,859,0.24106857180595398,0.9047619104385376
l_curve_6,860,0.24117785692214966,0.9047619104385376
l_curve_6,861,0.2414596676826477,0.9047619104385376
l_curve_6,862,0.24213534593582153,0.9047619104385376
l_curve_6,863,0.24278506636619568,0.9047619104385376
l_curve_6,864,0.24323402345180511,0.9047619104385376
l_curve_6,865,0.24307475984096527,0.9047619104385376
l_curve_6,866,0.24295490980148315,0.9047619104385376
l_curve_6,867,0.24234017729759216,0.9047619104385376
l_curve_6,868,0.24245139956474304,0.9047619104385376
l_curve_6,869,0.24322053790092468,0.9047619104385376
l_curve_6,870,0.2433103322982788,0.9047619104385376
l_curve_6,871,0.24208225309848785,0.9047619104385376
l_curve_6,872,0.24155482649803162,0.9047619104385376
l_curve_6,873,0.24194738268852234,0.9047619104385376
l_curve_6,874,0.24166257679462433,0.9047619104385376
l_curve_6,875,0.2407262921333313,0.9047619104385376
l_curve_6,876,0.2399398684501648,0.9047619104385376
l_curve_6,877,0.24043868482112885,0.9047619104385376
l_curve_6,878,0.24114863574504852,0.9047619104385376
l_curve_6,879,0.2419312298297882,0.9047619104385376
l_curve_6,880,0.24190203845500946,0.9047619104385376
l_curve_6,881,0.2417089194059372,0.9047619104385376
l_curve_6,882,0.24083587527275085,0.9047619104385376
l_curve_6,883,0.24042899906635284,0.9047619104385376
l_curve_6,884,0.24037694931030273,0.9047619104385376
l_curve_6,885,0.2404506951570511,0.9047619104385376
l_curve_6,886,0.2404773086309433,0.9047619104385376
l_curve_6,887,0.24093230068683624,0.9047619104385376
l_curve_6,888,0.24124057590961456,0.9047619104385376
l_curve_6,889,0.24166926741600037,0.9047619104385376
l_curve_6,890,0.2418573945760727,0.9047619104385376
l_curve_6,891,0.24170589447021484,0.9047619104385376
l_curve_6,892,0.24173495173454285,0.9047619104385376
l_curve_6,893,0.24164238572120667,0.9047619104385376
l_curve_6,894,0.2419329434633255,0.9047619104385376
l_curve_6,895,0.24226105213165283,0.9047619104385376
l_curve_6,896,0.24200907349586487,0.9047619104385376
l_curve_6,897,0.24098266661167145,0.9047619104385376
l_curve_6,898,0.24014198780059814,0.9047619104385376
l_curve_6,899,0.24005244672298431,0.9047619104385376
l_curve_6,900,0.24062758684158325,0.9047619104385376
l_curve_6,901,0.24093401432037354,0.9047619104385376
l_curve_6,902,0.24101349711418152,0.9047619104385376
l_curve_6,903,0.24158355593681335,0.9047619104385376
l_curve_6,904,0.2420300543308258,0.9047619104385376
l_curve_6,905,0.24218924343585968,0.9047619104385376
l_curve_6,906,0.24294067919254303,0.9047619104385376
l_curve_6,907,0.24322766065597534,0.9047619104385376
l_curve_6,908,0.2425268441438675,0.9047619104385376
l_curve_6,909,0.24243266880512238,0.9047619104385376
l_curve_6,910,0.24201154708862305,0.9047619104385376
l_curve_6,911,0.2416161149740219,0.9047619104385376
l_curve_6,912,0.24213284254074097,0.9047619104385376
l_curve_6,913,0.24199073016643524,0.9047619104385376
l_curve_6,914,0.242305725812912,0.9047619104385376
l_curve_6,915,0.2431529313325882,0.9047619104385376
l_curve_6,916,0.24387186765670776,0.9047619104385376
l_curve_6,917,0.2447090595960617,0.9047619104385376
l_curve_6,918,0.24412786960601807,0.9047619104385376
l_curve_6,919,0.24365641176700592,0.9047619104385376
l_curve_6,920,0.24315786361694336,0.9047619104385376
l_curve_6,921,0.24373558163642883,0.9047619104385376
l_curve_6,922,0.2434878796339035,0.9047619104385376
l_curve_6,923,0.2431505024433136,0.9047619104385376
l_curve_6,924,0.24276793003082275,0.9047619104385376
l_curve_6,925,0.2430236041545868,0.9047619104385376
l_curve_6,926,0.2427048683166504,0.9047619104385376
l_curve_6,927,0.2429826855659485,0.9047619104385376
l_curve_6,928,0.24327312409877777,0.9047619104385376
l_curve_6,929,0.24311897158622742,0.9047619104385376
l_curve_6,930,0.24323879182338715,0.9047619104385376
l_curve_6,931,0.24393466114997864,0.9047619104385376
l_curve_6,932,0.24376903474330902,0.9047619104385376
l_curve_6,933,0.24372299015522003,0.9047619104385376
l_curve_6,934,0.24342598021030426,0.9047619104385376
l_curve_6,935,0.24374715983867645,0.9047619104385376
l_curve_6,936,0.24419577419757843,0.9047619104385376
l_curve_6,937,0.24393422901630402,0.9047619104385376
l_curve_6,938,0.2442108541727066,0.9047619104385376
l_curve_6,939,0.24428513646125793,0.9047619104385376
l_curve_6,940,0.24429434537887573,0.9047619104385376
l_curve_6,941,0.24443480372428894,0.9047619104385376
l_curve_6,942,0.24464137852191925,0.9047619104385376
l_curve_6,943,0.24424530565738678,0.9047619104385376
l_curve_6,944,0.24354369938373566,0.9047619104385376
l_curve_6,945,0.24270512163639069,0.9047619104385376
l_curve_6,946,0.243305042386055,0.9047619104385376
l_curve_6,947,0.24389895796775818,0.9047619104385376
l_curve_6,948,0.24484288692474365,0.9047619104385376
l_curve_6,949,0.24403150379657745,0.9047619104385376
l_curve_6,950,0.2434445321559906,0.9047619104385376
l_curve_6,951,0.24353079497814178,0.9047619104385376
l_curve_6,952,0.24388478696346283,0.9047619104385376
l_curve_6,953,0.24393701553344727,0.9047619104385376
l_curve_6,954,0.2442486584186554,0.9047619104385376
l_curve_6,955,0.24439089000225067,0.9047619104385376
l_curve_6,956,0.24444015324115753,0.9047619104385376
l_curve_6,957,0.24534204602241516,0.9047619104385376
l_curve_6,958,0.24562156200408936,0.9047619104385376
l_curve_6,959,0.24572184681892395,0.9047619104385376
l_curve_6,960,0.2452530413866043,0.9047619104385376
l_curve_6,961,0.24555718898773193,0.9047619104385376
l_curve_6,962,0.24594171345233917,0.9047619104385376
l_curve_6,963,0.24664506316184998,0.9047619104385376
l_curve_6,964,0.24723802506923676,0.9047619104385376
l_curve_6,965,0.24812543392181396,0.9047619104385376
l_curve_6,966,0.2480112910270691,0.9047619104385376
l_curve_6,967,0.24808280169963837,0.9047619104385376
l_curve_6,968,0.24758465588092804,0.9047619104385376
l_curve_6,969,0.2475452721118927,0.9047619104385376
l_curve_6,970,0.24805624783039093,0.9047619104385376
l_curve_6,971,0.24904944002628326,0.9047619104385376
l_curve_6,972,0.24866802990436554,0.9047619104385376
l_curve_6,973,0.2472415268421173,0.9047619104385376
l_curve_6,974,0.2470632791519165,0.9047619104385376
l_curve_6,975,0.24686311185359955,0.9047619104385376
l_curve_6,976,0.24637794494628906,0.9047619104385376
l_curve_6,977,0.24603071808815002,0.9047619104385376
l_curve_6,978,0.2476159930229187,0.9047619104385376
l_curve_6,979,0.2475721687078476,0.9047619104385376
l_curve_6,980,0.24664762616157532,0.9047619104385376
l_curve_6,981,0.24541616439819336,0.9047619104385376
l_curve_6,982,0.24575355648994446,0.9047619104385376
l_curve_6,983,0.245804101228714,0.9047619104385376
l_curve_6,984,0.24679218232631683,0.9047619104385376
l_curve_6,985,0.24753960967063904,0.9047619104385376
l_curve_6,986,0.24792282283306122,0.9047619104385376
l_curve_6,987,0.24729317426681519,0.9047619104385376
l_curve_6,988,0.24666915833950043,0.9047619104385376
l_curve_6,989,0.24687394499778748,0.9047619104385376
l_curve_6,990,0.24800097942352295,0.9047619104385376
l_curve_6,991,0.24851468205451965,0.9047619104385376
l_curve_6,992,0.2495042085647583,0.9047619104385376
l_curve_6,993,0.24926891922950745,0.9047619104385376
l_curve_6,994,0.24906674027442932,0.9047619104385376
l_curve_6,995,0.24870708584785461,0.9047619104385376
l_curve_6,996,0.24829266965389252,0.9047619104385376
l_curve_6,997,0.24851392209529877,0.9047619104385376
l_curve_6,998,0.24953621625900269,0.9047619104385376
l_curve_6,999,0.2497171014547348,0.9047619104385376
l_curve_6,1000,0.2494410276412964,0.9047619104385376
l_curve_6,1000,0.2494410276412964,0.9047619104385376
