client,round,loss,accuracy
l_curve_0,1,0.8353885412216187,0.523809552192688
l_curve_0,2,0.8293954133987427,0.523809552192688
l_curve_0,3,0.8235068321228027,0.523809552192688
l_curve_0,4,0.8177437782287598,0.523809552192688
l_curve_0,5,0.8121094703674316,0.523809552192688
l_curve_0,6,0.8066050410270691,0.523809552192688
l_curve_0,7,0.8012466430664062,0.523809552192688
l_curve_0,8,0.7960028648376465,0.523809552192688
l_curve_0,9,0.7908965349197388,0.523809552192688
l_curve_0,10,0.7859479784965515,0.523809552192688
l_curve_0,11,0.7811239957809448,0.523809552192688
l_curve_0,12,0.7764937877655029,0.523809552192688
l_curve_0,13,0.7719812989234924,0.523809552192688
l_curve_0,14,0.7676133513450623,0.523809552192688
l_curve_0,15,0.7633845210075378,0.523809552192688
l_curve_0,16,0.7592443823814392,0.523809552192688
l_curve_0,17,0.7552714347839355,0.523809552192688
l_curve_0,18,0.7514273524284363,0.523809552192688
l_curve_0,19,0.7477793097496033,0.523809552192688
l_curve_0,20,0.744215190410614,0.523809552192688
l_curve_0,21,0.7407736778259277,0.523809552192688
l_curve_0,22,0.7374878525733948,0.523809552192688
l_curve_0,23,0.7343237400054932,0.523809552192688
l_curve_0,24,0.7313308715820312,0.523809552192688
l_curve_0,25,0.728470504283905,0.523809552192688
l_curve_0,26,0.7256972193717957,0.523809552192688
l_curve_0,27,0.7230427861213684,0.523809552192688
l_curve_0,28,0.720487654209137,0.523809552192688
l_curve_0,29,0.7180224061012268,0.5714285969734192
l_curve_0,30,0.7156944274902344,0.5714285969734192
l_curve_0,31,0.713441789150238,0.5714285969734192
l_curve_0,32,0.7112956643104553,0.5714285969734192
l_curve_0,33,0.7092016935348511,0.5714285969734192
l_curve_0,34,0.7072291374206543,0.5714285969734192
l_curve_0,35,0.705353319644928,0.5714285969734192
l_curve_0,36,0.7035498023033142,0.5714285969734192
l_curve_0,37,0.7018293738365173,0.5714285969734192
l_curve_0,38,0.7002074718475342,0.6190476417541504
l_curve_0,39,0.6986334323883057,0.6190476417541504
l_curve_0,40,0.6971339583396912,0.6190476417541504
l_curve_0,41,0.695685863494873,0.6190476417541504
l_curve_0,42,0.6942929625511169,0.6190476417541504
l_curve_0,43,0.6929617524147034,0.6190476417541504
l_curve_0,44,0.691685676574707,0.6190476417541504
l_curve_0,45,0.6904670000076294,0.6190476417541504
l_curve_0,46,0.6892679333686829,0.6190476417541504
l_curve_0,47,0.6881301403045654,0.6190476417541504
l_curve_0,48,0.6870187520980835,0.6190476417541504
l_curve_0,49,0.6859472393989563,0.6190476417541504
l_curve_0,50,0.6849287748336792,0.6190476417541504
l_curve_0,51,0.6839556694030762,0.6190476417541504
l_curve_0,52,0.6829923987388611,0.6190476417541504
l_curve_0,53,0.6820603013038635,0.6190476417541504
l_curve_0,54,0.6811438798904419,0.6190476417541504
l_curve_0,55,0.6802642941474915,0.6190476417541504
l_curve_0,56,0.6794031858444214,0.6190476417541504
l_curve_0,57,0.6785672903060913,0.6190476417541504
l_curve_0,58,0.6777583956718445,0.6190476417541504
l_curve_0,59,0.6769596934318542,0.6190476417541504
l_curve_0,60,0.6761817932128906,0.6190476417541504
l_curve_0,61,0.6754146814346313,0.6190476417541504
l_curve_0,62,0.6746590733528137,0.6190476417541504
l_curve_0,63,0.6739085912704468,0.6190476417541504
l_curve_0,64,0.6731652021408081,0.6190476417541504
l_curve_0,65,0.6724265217781067,0.6190476417541504
l_curve_0,66,0.6716882586479187,0.6190476417541504
l_curve_0,67,0.6709517240524292,0.6190476417541504
l_curve_0,68,0.6702197194099426,0.6190476417541504
l_curve_0,69,0.6694835424423218,0.5714285969734192
l_curve_0,70,0.6687489748001099,0.5714285969734192
l_curve_0,71,0.6680187582969666,0.5714285969734192
l_curve_0,72,0.6672843098640442,0.5714285969734192
l_curve_0,73,0.6665486097335815,0.5714285969734192
l_curve_0,74,0.6658102869987488,0.5714285969734192
l_curve_0,75,0.6650663018226624,0.5714285969734192
l_curve_0,76,0.6643223762512207,0.5714285969734192
l_curve_0,77,0.6635704040527344,0.5714285969734192
l_curve_0,78,0.6628149747848511,0.5714285969734192
l_curve_0,79,0.6620514392852783,0.5714285969734192
l_curve_0,80,0.6612786650657654,0.5714285969734192
l_curve_0,81,0.6604955196380615,0.5714285969734192
l_curve_0,82,0.6597034931182861,0.5714285969734192
l_curve_0,83,0.6589034795761108,0.6190476417541504
l_curve_0,84,0.658098578453064,0.6190476417541504
l_curve_0,85,0.6572815775871277,0.6190476417541504
l_curve_0,86,0.656458854675293,0.6190476417541504
l_curve_0,87,0.6556181907653809,0.6666666865348816
l_curve_0,88,0.6547785997390747,0.6666666865348816
l_curve_0,89,0.6539159417152405,0.6666666865348816
l_curve_0,90,0.6530469059944153,0.6666666865348816
l_curve_0,91,0.6521660685539246,0.6666666865348816
l_curve_0,92,0.6512731909751892,0.5714285969734192
l_curve_0,93,0.6503642201423645,0.5714285969734192
l_curve_0,94,0.6494496464729309,0.5714285969734192
l_curve_0,95,0.6485241651535034,0.5714285969734192
l_curve_0,96,0.6475974321365356,0.6190476417541504
l_curve_0,97,0.646645724773407,0.6190476417541504
l_curve_0,98,0.6456769108772278,0.6190476417541504
l_curve_0,99,0.6446889042854309,0.6190476417541504
l_curve_0,100,0.6436865925788879,0.6190476417541504
l_curve_0,101,0.6426762342453003,0.6190476417541504
l_curve_0,102,0.6416634917259216,0.6190476417541504
l_curve_0,103,0.6406383514404297,0.6190476417541504
l_curve_0,104,0.6395978331565857,0.6190476417541504
l_curve_0,105,0.63853919506073,0.6190476417541504
l_curve_0,106,0.6374654173851013,0.6190476417541504
l_curve_0,107,0.6363710761070251,0.6190476417541504
l_curve_0,108,0.6352667808532715,0.6190476417541504
l_curve_0,109,0.6341509222984314,0.6190476417541504
l_curve_0,110,0.6330147981643677,0.6190476417541504
l_curve_0,111,0.6318747401237488,0.6190476417541504
l_curve_0,112,0.6307156682014465,0.6190476417541504
l_curve_0,113,0.629549503326416,0.6190476417541504
l_curve_0,114,0.6283642053604126,0.6190476417541504
l_curve_0,115,0.6271700859069824,0.6190476417541504
l_curve_0,116,0.6259642243385315,0.6190476417541504
l_curve_0,117,0.6247429847717285,0.6190476417541504
l_curve_0,118,0.6235121488571167,0.6190476417541504
l_curve_0,119,0.6222676038742065,0.6190476417541504
l_curve_0,120,0.621009111404419,0.6190476417541504
l_curve_0,121,0.6197504997253418,0.6190476417541504
l_curve_0,122,0.6184662580490112,0.6190476417541504
l_curve_0,123,0.6171773672103882,0.6190476417541504
l_curve_0,124,0.615888774394989,0.6190476417541504
l_curve_0,125,0.614578902721405,0.6190476417541504
l_curve_0,126,0.6132560968399048,0.6190476417541504
l_curve_0,127,0.6119348406791687,0.6190476417541504
l_curve_0,128,0.6105990409851074,0.6190476417541504
l_curve_0,129,0.6092528104782104,0.6190476417541504
l_curve_0,130,0.6078961491584778,0.6190476417541504
l_curve_0,131,0.6065194010734558,0.6190476417541504
l_curve_0,132,0.605135440826416,0.6190476417541504
l_curve_0,133,0.6037440896034241,0.6190476417541504
l_curve_0,134,0.6023543477058411,0.6190476417541504
l_curve_0,135,0.6009584665298462,0.6190476417541504
l_curve_0,136,0.5995551347732544,0.6190476417541504
l_curve_0,137,0.5981423854827881,0.6190476417541504
l_curve_0,138,0.596723198890686,0.6190476417541504
l_curve_0,139,0.5952923893928528,0.6190476417541504
l_curve_0,140,0.5938466191291809,0.6190476417541504
l_curve_0,141,0.5923976898193359,0.6190476417541504
l_curve_0,142,0.5909370183944702,0.6190476417541504
l_curve_0,143,0.5894901156425476,0.6190476417541504
l_curve_0,144,0.588027834892273,0.6190476417541504
l_curve_0,145,0.5865450501441956,0.6190476417541504
l_curve_0,146,0.5850592851638794,0.6190476417541504
l_curve_0,147,0.5835692882537842,0.6190476417541504
l_curve_0,148,0.5820708274841309,0.6190476417541504
l_curve_0,149,0.5805610418319702,0.6190476417541504
l_curve_0,150,0.5790558457374573,0.6190476417541504
l_curve_0,151,0.577529788017273,0.6190476417541504
l_curve_0,152,0.575999915599823,0.6190476417541504
l_curve_0,153,0.5744606256484985,0.6190476417541504
l_curve_0,154,0.5729154944419861,0.6190476417541504
l_curve_0,155,0.5713674426078796,0.6190476417541504
l_curve_0,156,0.5698037147521973,0.6190476417541504
l_curve_0,157,0.5682346820831299,0.6190476417541504
l_curve_0,158,0.5666758418083191,0.6190476417541504
l_curve_0,159,0.5651066899299622,0.6190476417541504
l_curve_0,160,0.5635421872138977,0.6190476417541504
l_curve_0,161,0.561966598033905,0.6190476417541504
l_curve_0,162,0.5603804588317871,0.6190476417541504
l_curve_0,163,0.5587959289550781,0.6190476417541504
l_curve_0,164,0.5572004914283752,0.6190476417541504
l_curve_0,165,0.5555996894836426,0.6190476417541504
l_curve_0,166,0.5539906620979309,0.6190476417541504
l_curve_0,167,0.5523756146430969,0.6190476417541504
l_curve_0,168,0.5507456660270691,0.6190476417541504
l_curve_0,169,0.5491164326667786,0.6190476417541504
l_curve_0,170,0.5474845170974731,0.6190476417541504
l_curve_0,171,0.545839786529541,0.6190476417541504
l_curve_0,172,0.5441984534263611,0.6666666865348816
l_curve_0,173,0.5425349473953247,0.6666666865348816
l_curve_0,174,0.5408759117126465,0.6666666865348816
l_curve_0,175,0.5392343401908875,0.6666666865348816
l_curve_0,176,0.5375742316246033,0.6666666865348816
l_curve_0,177,0.535901665687561,0.6666666865348816
l_curve_0,178,0.5342251658439636,0.6666666865348816
l_curve_0,179,0.5325388312339783,0.6666666865348816
l_curve_0,180,0.5308487415313721,0.6666666865348816
l_curve_0,181,0.5291607975959778,0.6666666865348816
l_curve_0,182,0.5274588465690613,0.6666666865348816
l_curve_0,183,0.5257518887519836,0.6666666865348816
l_curve_0,184,0.5240424275398254,0.6666666865348816
l_curve_0,185,0.5223178267478943,0.6666666865348816
l_curve_0,186,0.5205942988395691,0.6666666865348816
l_curve_0,187,0.5188679695129395,0.6666666865348816
l_curve_0,188,0.5171480774879456,0.6666666865348816
l_curve_0,189,0.5154193043708801,0.6666666865348816
l_curve_0,190,0.5136767029762268,0.6666666865348816
l_curve_0,191,0.5119286775588989,0.6666666865348816
l_curve_0,192,0.5101963877677917,0.6666666865348816
l_curve_0,193,0.508461058139801,0.6666666865348816
l_curve_0,194,0.5067182779312134,0.6666666865348816
l_curve_0,195,0.5049853920936584,0.6666666865348816
l_curve_0,196,0.5032404065132141,0.6666666865348816
l_curve_0,197,0.5014952421188354,0.6666666865348816
l_curve_0,198,0.49973469972610474,0.6666666865348816
l_curve_0,199,0.4979647696018219,0.6666666865348816
l_curve_0,200,0.4962114691734314,0.6666666865348816
l_curve_0,201,0.4944641590118408,0.6666666865348816
l_curve_0,202,0.4927155673503876,0.6666666865348816
l_curve_0,203,0.49096760153770447,0.6666666865348816
l_curve_0,204,0.48920631408691406,0.6666666865348816
l_curve_0,205,0.4874601364135742,0.6666666865348816
l_curve_0,206,0.4857110381126404,0.6666666865348816
l_curve_0,207,0.48397454619407654,0.6666666865348816
l_curve_0,208,0.48224005103111267,0.6666666865348816
l_curve_0,209,0.4805011749267578,0.6666666865348816
l_curve_0,210,0.4787667691707611,0.6666666865348816
l_curve_0,211,0.47704678773880005,0.6666666865348816
l_curve_0,212,0.475341260433197,0.7142857313156128
l_curve_0,213,0.4736422598361969,0.7142857313156128
l_curve_0,214,0.4719393253326416,0.7142857313156128
l_curve_0,215,0.47023677825927734,0.7142857313156128
l_curve_0,216,0.46855196356773376,0.7142857313156128
l_curve_0,217,0.466860830783844,0.7142857313156128
l_curve_0,218,0.46518316864967346,0.7142857313156128
l_curve_0,219,0.46350693702697754,0.7142857313156128
l_curve_0,220,0.4618445038795471,0.7142857313156128
l_curve_0,221,0.4601849615573883,0.7142857313156128
l_curve_0,222,0.45854058861732483,0.7142857313156128
l_curve_0,223,0.45691731572151184,0.7142857313156128
l_curve_0,224,0.45530134439468384,0.7142857313156128
l_curve_0,225,0.453701376914978,0.7142857313156128
l_curve_0,226,0.4521176815032959,0.7142857313156128
l_curve_0,227,0.45053496956825256,0.7142857313156128
l_curve_0,228,0.44896775484085083,0.761904776096344
l_curve_0,229,0.44741883873939514,0.761904776096344
l_curve_0,230,0.4458696246147156,0.761904776096344
l_curve_0,231,0.4443436563014984,0.761904776096344
l_curve_0,232,0.44282442331314087,0.761904776096344
l_curve_0,233,0.44131407141685486,0.761904776096344
l_curve_0,234,0.4398021101951599,0.761904776096344
l_curve_0,235,0.4383092224597931,0.761904776096344
l_curve_0,236,0.4368383288383484,0.761904776096344
l_curve_0,237,0.4353904724121094,0.761904776096344
l_curve_0,238,0.43394359946250916,0.761904776096344
l_curve_0,239,0.43251627683639526,0.761904776096344
l_curve_0,240,0.4310964345932007,0.761904776096344
l_curve_0,241,0.4297091066837311,0.761904776096344
l_curve_0,242,0.42832261323928833,0.761904776096344
l_curve_0,243,0.4269474446773529,0.761904776096344
l_curve_0,244,0.4255800247192383,0.761904776096344
l_curve_0,245,0.4242255389690399,0.761904776096344
l_curve_0,246,0.4228830337524414,0.761904776096344
l_curve_0,247,0.42154422402381897,0.761904776096344
l_curve_0,248,0.42020925879478455,0.761904776096344
l_curve_0,249,0.4188918173313141,0.761904776096344
l_curve_0,250,0.4175826907157898,0.761904776096344
l_curve_0,251,0.416287362575531,0.761904776096344
l_curve_0,252,0.41500869393348694,0.761904776096344
l_curve_0,253,0.4137590825557709,0.761904776096344
l_curve_0,254,0.4125017821788788,0.8095238208770752
l_curve_0,255,0.4112575054168701,0.8095238208770752
l_curve_0,256,0.4100341796875,0.8095238208770752
l_curve_0,257,0.4088197350502014,0.8095238208770752
l_curve_0,258,0.40762075781822205,0.8095238208770752
l_curve_0,259,0.40643075108528137,0.8095238208770752
l_curve_0,260,0.4052318334579468,0.8095238208770752
l_curve_0,261,0.40406763553619385,0.8095238208770752
l_curve_0,262,0.40291258692741394,0.8095238208770752
l_curve_0,263,0.4017679989337921,0.8095238208770752
l_curve_0,264,0.4006260335445404,0.8095238208770752
l_curve_0,265,0.3995044231414795,0.8095238208770752
l_curve_0,266,0.3984004855155945,0.8095238208770752
l_curve_0,267,0.39729323983192444,0.8095238208770752
l_curve_0,268,0.39620527625083923,0.8095238208770752
l_curve_0,269,0.39511972665786743,0.8095238208770752
l_curve_0,270,0.3940514624118805,0.8095238208770752
l_curve_0,271,0.39299333095550537,0.8095238208770752
l_curve_0,272,0.39194515347480774,0.8095238208770752
l_curve_0,273,0.39089956879615784,0.8095238208770752
l_curve_0,274,0.38985341787338257,0.8095238208770752
l_curve_0,275,0.38881605863571167,0.8095238208770752
l_curve_0,276,0.38777869939804077,0.8095238208770752
l_curve_0,277,0.38676002621650696,0.8095238208770752
l_curve_0,278,0.38575345277786255,0.8095238208770752
l_curve_0,279,0.38475537300109863,0.8095238208770752
l_curve_0,280,0.38377058506011963,0.8095238208770752
l_curve_0,281,0.38278520107269287,0.8095238208770752
l_curve_0,282,0.3818262219429016,0.8095238208770752
l_curve_0,283,0.38086995482444763,0.8095238208770752
l_curve_0,284,0.3799186050891876,0.8571428656578064
l_curve_0,285,0.378972589969635,0.8571428656578064
l_curve_0,286,0.3780333995819092,0.8571428656578064
l_curve_0,287,0.3771016597747803,0.8571428656578064
l_curve_0,288,0.37616682052612305,0.8571428656578064
l_curve_0,289,0.37524694204330444,0.8571428656578064
l_curve_0,290,0.3743244707584381,0.8571428656578064
l_curve_0,291,0.3734161853790283,0.8571428656578064
l_curve_0,292,0.3725016415119171,0.8571428656578064
l_curve_0,293,0.3715983033180237,0.8571428656578064
l_curve_0,294,0.37070193886756897,0.8571428656578064
l_curve_0,295,0.36980339884757996,0.8571428656578064
l_curve_0,296,0.3689078688621521,0.8571428656578064
l_curve_0,297,0.36802589893341064,0.8571428656578064
l_curve_0,298,0.36715513467788696,0.8571428656578064
l_curve_0,299,0.3662944734096527,0.8571428656578064
l_curve_0,300,0.365439236164093,0.8571428656578064
l_curve_0,301,0.3645939528942108,0.8571428656578064
l_curve_0,302,0.3637354373931885,0.8571428656578064
l_curve_0,303,0.3629055619239807,0.8571428656578064
l_curve_0,304,0.36207473278045654,0.8571428656578064
l_curve_0,305,0.36126044392585754,0.8571428656578064
l_curve_0,306,0.3604315221309662,0.8571428656578064
l_curve_0,307,0.35962826013565063,0.8571428656578064
l_curve_0,308,0.35883432626724243,0.8571428656578064
l_curve_0,309,0.35804101824760437,0.8571428656578064
l_curve_0,310,0.3572565019130707,0.8571428656578064
l_curve_0,311,0.35646942257881165,0.8571428656578064
l_curve_0,312,0.35567814111709595,0.8571428656578064
l_curve_0,313,0.3548945486545563,0.8571428656578064
l_curve_0,314,0.35411688685417175,0.8571428656578064
l_curve_0,315,0.3533349633216858,0.8571428656578064
l_curve_0,316,0.3525697588920593,0.8571428656578064
l_curve_0,317,0.35181596875190735,0.8571428656578064
l_curve_0,318,0.3510496914386749,0.8571428656578064
l_curve_0,319,0.350290447473526,0.8571428656578064
l_curve_0,320,0.34955504536628723,0.8571428656578064
l_curve_0,321,0.3488102853298187,0.8571428656578064
l_curve_0,322,0.34806379675865173,0.8571428656578064
l_curve_0,323,0.3473287522792816,0.8571428656578064
l_curve_0,324,0.34658941626548767,0.8571428656578064
l_curve_0,325,0.3458617925643921,0.8571428656578064
l_curve_0,326,0.3451450765132904,0.8571428656578064
l_curve_0,327,0.3444247245788574,0.8571428656578064
l_curve_0,328,0.3437137305736542,0.8571428656578064
l_curve_0,329,0.3430038094520569,0.8571428656578064
l_curve_0,330,0.3422970473766327,0.8571428656578064
l_curve_0,331,0.3415950536727905,0.8571428656578064
l_curve_0,332,0.34090906381607056,0.8571428656578064
l_curve_0,333,0.34020960330963135,0.8571428656578064
l_curve_0,334,0.33951619267463684,0.8571428656578064
l_curve_0,335,0.3388175368309021,0.8571428656578064
l_curve_0,336,0.33812737464904785,0.8571428656578064
l_curve_0,337,0.33744582533836365,0.8571428656578064
l_curve_0,338,0.33676356077194214,0.8571428656578064
l_curve_0,339,0.3360852599143982,0.8571428656578064
l_curve_0,340,0.33540570735931396,0.8571428656578064
l_curve_0,341,0.33472302556037903,0.8571428656578064
l_curve_0,342,0.3340451419353485,0.8571428656578064
l_curve_0,343,0.33337756991386414,0.8571428656578064
l_curve_0,344,0.33271995186805725,0.8571428656578064
l_curve_0,345,0.33206576108932495,0.8571428656578064
l_curve_0,346,0.33141082525253296,0.8571428656578064
l_curve_0,347,0.33076244592666626,0.8571428656578064
l_curve_0,348,0.33011123538017273,0.8571428656578064
l_curve_0,349,0.3294759690761566,0.8571428656578064
l_curve_0,350,0.32883915305137634,0.8571428656578064
l_curve_0,351,0.32821109890937805,0.8571428656578064
l_curve_0,352,0.32758548855781555,0.8571428656578064
l_curve_0,353,0.32696276903152466,0.8571428656578064
l_curve_0,354,0.32634875178337097,0.8571428656578064
l_curve_0,355,0.32572877407073975,0.8571428656578064
l_curve_0,356,0.32510343194007874,0.8571428656578064
l_curve_0,357,0.32448020577430725,0.8571428656578064
l_curve_0,358,0.32386961579322815,0.8571428656578064
l_curve_0,359,0.3232547640800476,0.8571428656578064
l_curve_0,360,0.3226466774940491,0.8571428656578064
l_curve_0,361,0.3220450282096863,0.8571428656578064
l_curve_0,362,0.3214370310306549,0.8571428656578064
l_curve_0,363,0.32083481550216675,0.8571428656578064
l_curve_0,364,0.3202446699142456,0.8571428656578064
l_curve_0,365,0.31965672969818115,0.8571428656578064
l_curve_0,366,0.3190714418888092,0.8571428656578064
l_curve_0,367,0.31849926710128784,0.8571428656578064
l_curve_0,368,0.31793200969696045,0.8571428656578064
l_curve_0,369,0.317354291677475,0.8571428656578064
l_curve_0,370,0.31678518652915955,0.8571428656578064
l_curve_0,371,0.3162257969379425,0.8571428656578064
l_curve_0,372,0.3156622052192688,0.8571428656578064
l_curve_0,373,0.315110445022583,0.8571428656578064
l_curve_0,374,0.31455811858177185,0.8571428656578064
l_curve_0,375,0.31401506066322327,0.8571428656578064
l_curve_0,376,0.3134709894657135,0.8571428656578064
l_curve_0,377,0.31292587518692017,0.8571428656578064
l_curve_0,378,0.3123921751976013,0.8571428656578064
l_curve_0,379,0.31184715032577515,0.8571428656578064
l_curve_0,380,0.3113073706626892,0.8571428656578064
l_curve_0,381,0.3107667863368988,0.8571428656578064
l_curve_0,382,0.31023284792900085,0.8571428656578064
l_curve_0,383,0.30970317125320435,0.8571428656578064
l_curve_0,384,0.30916351079940796,0.8571428656578064
l_curve_0,385,0.3086296617984772,0.8571428656578064
l_curve_0,386,0.30809417366981506,0.8571428656578064
l_curve_0,387,0.30756404995918274,0.8571428656578064
l_curve_0,388,0.3070470690727234,0.8571428656578064
l_curve_0,389,0.3065250813961029,0.8571428656578064
l_curve_0,390,0.30601221323013306,0.8571428656578064
l_curve_0,391,0.30550551414489746,0.8571428656578064
l_curve_0,392,0.3049904406070709,0.8571428656578064
l_curve_0,393,0.30448824167251587,0.8571428656578064
l_curve_0,394,0.3039803206920624,0.8571428656578064
l_curve_0,395,0.3034738302230835,0.8571428656578064
l_curve_0,396,0.30296292901039124,0.8571428656578064
l_curve_0,397,0.3024579584598541,0.8571428656578064
l_curve_0,398,0.30195990204811096,0.8571428656578064
l_curve_0,399,0.3014602065086365,0.8571428656578064
l_curve_0,400,0.3009586036205292,0.8571428656578064
l_curve_0,401,0.30046725273132324,0.8571428656578064
l_curve_0,402,0.2999841272830963,0.8571428656578064
l_curve_0,403,0.2995033860206604,0.8571428656578064
l_curve_0,404,0.29902100563049316,0.8571428656578064
l_curve_0,405,0.2985495328903198,0.8571428656578064
l_curve_0,406,0.2980734407901764,0.8571428656578064
l_curve_0,407,0.2976089119911194,0.8571428656578064
l_curve_0,408,0.2971484363079071,0.8571428656578064
l_curve_0,409,0.2966959476470947,0.8571428656578064
l_curve_0,410,0.2962486743927002,0.8571428656578064
l_curve_0,411,0.2957927882671356,0.8571428656578064
l_curve_0,412,0.29533690214157104,0.8571428656578064
l_curve_0,413,0.29487794637680054,0.8571428656578064
l_curve_0,414,0.29441842436790466,0.8571428656578064
l_curve_0,415,0.293953537940979,0.8571428656578064
l_curve_0,416,0.29349932074546814,0.8571428656578064
l_curve_0,417,0.2930530905723572,0.8571428656578064
l_curve_0,418,0.292604923248291,0.8571428656578064
l_curve_0,419,0.292154461145401,0.8571428656578064
l_curve_0,420,0.2917085289955139,0.8571428656578064
l_curve_0,421,0.29127320647239685,0.8571428656578064
l_curve_0,422,0.2908307909965515,0.8571428656578064
l_curve_0,423,0.29040226340293884,0.8571428656578064
l_curve_0,424,0.2899754047393799,0.8571428656578064
l_curve_0,425,0.28954657912254333,0.8571428656578064
l_curve_0,426,0.2891257703304291,0.8571428656578064
l_curve_0,427,0.2887078523635864,0.8571428656578064
l_curve_0,428,0.2882908284664154,0.8571428656578064
l_curve_0,429,0.287868469953537,0.8571428656578064
l_curve_0,430,0.2874468266963959,0.8571428656578064
l_curve_0,431,0.28702443838119507,0.8571428656578064
l_curve_0,432,0.2865995168685913,0.8571428656578064
l_curve_0,433,0.2861744463443756,0.8571428656578064
l_curve_0,434,0.2857501208782196,0.8571428656578064
l_curve_0,435,0.28533464670181274,0.8571428656578064
l_curve_0,436,0.28492820262908936,0.8571428656578064
l_curve_0,437,0.2845216393470764,0.8571428656578064
l_curve_0,438,0.2841176986694336,0.8571428656578064
l_curve_0,439,0.2837160527706146,0.8571428656578064
l_curve_0,440,0.2833116948604584,0.8571428656578064
l_curve_0,441,0.28291210532188416,0.8571428656578064
l_curve_0,442,0.28250789642333984,0.8571428656578064
l_curve_0,443,0.28211960196495056,0.8571428656578064
l_curve_0,444,0.2817235589027405,0.8571428656578064
l_curve_0,445,0.2813383638858795,0.8571428656578064
l_curve_0,446,0.2809586822986603,0.8571428656578064
l_curve_0,447,0.2805807590484619,0.8571428656578064
l_curve_0,448,0.28020545840263367,0.8571428656578064
l_curve_0,449,0.2798309326171875,0.8571428656578064
l_curve_0,450,0.2794526517391205,0.8571428656578064
l_curve_0,451,0.2790783643722534,0.8571428656578064
l_curve_0,452,0.2786991596221924,0.8571428656578064
l_curve_0,453,0.27833133935928345,0.8571428656578064
l_curve_0,454,0.2779529094696045,0.8571428656578064
l_curve_0,455,0.2775883078575134,0.8571428656578064
l_curve_0,456,0.2772252559661865,0.8571428656578064
l_curve_0,457,0.27686959505081177,0.8571428656578064
l_curve_0,458,0.27650973200798035,0.8571428656578064
l_curve_0,459,0.276146799325943,0.8571428656578064
l_curve_0,460,0.2757905423641205,0.8571428656578064
l_curve_0,461,0.27543187141418457,0.8571428656578064
l_curve_0,462,0.2750702202320099,0.8571428656578064
l_curve_0,463,0.2747158408164978,0.8571428656578064
l_curve_0,464,0.27436915040016174,0.8571428656578064
l_curve_0,465,0.27401623129844666,0.8571428656578064
l_curve_0,466,0.2736744284629822,0.8571428656578064
l_curve_0,467,0.27333226799964905,0.8571428656578064
l_curve_0,468,0.272995263338089,0.8571428656578064
l_curve_0,469,0.27266520261764526,0.8571428656578064
l_curve_0,470,0.2723303437232971,0.8571428656578064
l_curve_0,471,0.2719884216785431,0.8571428656578064
l_curve_0,472,0.2716562747955322,0.8571428656578064
l_curve_0,473,0.2713269591331482,0.8571428656578064
l_curve_0,474,0.27099600434303284,0.8571428656578064
l_curve_0,475,0.270663321018219,0.8571428656578064
l_curve_0,476,0.27033743262290955,0.8571428656578064
l_curve_0,477,0.2700132727622986,0.8571428656578064
l_curve_0,478,0.2696870267391205,0.8571428656578064
l_curve_0,479,0.2693658173084259,0.8571428656578064
l_curve_0,480,0.26904159784317017,0.8571428656578064
l_curve_0,481,0.26872000098228455,0.8571428656578064
l_curve_0,482,0.2683957815170288,0.8571428656578064
l_curve_0,483,0.2680785357952118,0.8571428656578064
l_curve_0,484,0.2677497863769531,0.8571428656578064
l_curve_0,485,0.26742929220199585,0.8571428656578064
l_curve_0,486,0.26712512969970703,0.8571428656578064
l_curve_0,487,0.26681599020957947,0.8571428656578064
l_curve_0,488,0.2665177881717682,0.8571428656578064
l_curve_0,489,0.2662269175052643,0.8571428656578064
l_curve_0,490,0.2659262716770172,0.8571428656578064
l_curve_0,491,0.2656162679195404,0.8571428656578064
l_curve_0,492,0.2653028070926666,0.8571428656578064
l_curve_0,493,0.26499584317207336,0.8571428656578064
l_curve_0,494,0.2646797299385071,0.8571428656578064
l_curve_0,495,0.2643803060054779,0.8571428656578064
l_curve_0,496,0.26408621668815613,0.8571428656578064
l_curve_0,497,0.2637847065925598,0.8571428656578064
l_curve_0,498,0.26349201798439026,0.8571428656578064
l_curve_0,499,0.2631932199001312,0.8571428656578064
l_curve_0,500,0.2629021108150482,0.8571428656578064
l_curve_0,501,0.2626187205314636,0.8571428656578064
l_curve_0,502,0.26232168078422546,0.8571428656578064
l_curve_0,503,0.26203295588493347,0.8571428656578064
l_curve_0,504,0.26174625754356384,0.8571428656578064
l_curve_0,505,0.26146599650382996,0.8571428656578064
l_curve_0,506,0.2611974775791168,0.8571428656578064
l_curve_0,507,0.26091790199279785,0.8571428656578064
l_curve_0,508,0.26063260436058044,0.8571428656578064
l_curve_0,509,0.2603510320186615,0.8571428656578064
l_curve_0,510,0.26007744669914246,0.8571428656578064
l_curve_0,511,0.2597983479499817,0.8571428656578064
l_curve_0,512,0.25952160358428955,0.8571428656578064
l_curve_0,513,0.2592470347881317,0.8571428656578064
l_curve_0,514,0.25897812843322754,0.8571428656578064
l_curve_0,515,0.25871893763542175,0.8571428656578064
l_curve_0,516,0.2584587633609772,0.8571428656578064
l_curve_0,517,0.2581922113895416,0.8571428656578064
l_curve_0,518,0.2579180896282196,0.8571428656578064
l_curve_0,519,0.2576489746570587,0.8571428656578064
l_curve_0,520,0.25737643241882324,0.8571428656578064
l_curve_0,521,0.2571137845516205,0.8571428656578064
l_curve_0,522,0.25684159994125366,0.8571428656578064
l_curve_0,523,0.2565736472606659,0.8571428656578064
l_curve_0,524,0.25632238388061523,0.8571428656578064
l_curve_0,525,0.2560570240020752,0.8571428656578064
l_curve_0,526,0.2558162808418274,0.8571428656578064
l_curve_0,527,0.25557127594947815,0.8571428656578064
l_curve_0,528,0.25532180070877075,0.8571428656578064
l_curve_0,529,0.25507062673568726,0.8571428656578064
l_curve_0,530,0.2548217177391052,0.8571428656578064
l_curve_0,531,0.2545739710330963,0.8571428656578064
l_curve_0,532,0.2543143928050995,0.8571428656578064
l_curve_0,533,0.2540813684463501,0.8571428656578064
l_curve_0,534,0.2538411021232605,0.8571428656578064
l_curve_0,535,0.253596693277359,0.8571428656578064
l_curve_0,536,0.2533552646636963,0.8571428656578064
l_curve_0,537,0.2531176209449768,0.8571428656578064
l_curve_0,538,0.2528844475746155,0.8571428656578064
l_curve_0,539,0.2526513636112213,0.8571428656578064
l_curve_0,540,0.2524104714393616,0.8571428656578064
l_curve_0,541,0.25217533111572266,0.8571428656578064
l_curve_0,542,0.25193408131599426,0.8571428656578064
l_curve_0,543,0.2517029345035553,0.8571428656578064
l_curve_0,544,0.2514752447605133,0.8571428656578064
l_curve_0,545,0.25124117732048035,0.8571428656578064
l_curve_0,546,0.25100842118263245,0.8571428656578064
l_curve_0,547,0.25078558921813965,0.8571428656578064
l_curve_0,548,0.25056853890419006,0.8571428656578064
l_curve_0,549,0.25034114718437195,0.8571428656578064
l_curve_0,550,0.2501178979873657,0.8571428656578064
l_curve_0,551,0.24988923966884613,0.8571428656578064
l_curve_0,552,0.2496621459722519,0.8571428656578064
l_curve_0,553,0.24943315982818604,0.8571428656578064
l_curve_0,554,0.24920424818992615,0.8571428656578064
l_curve_0,555,0.24898234009742737,0.8571428656578064
l_curve_0,556,0.24876061081886292,0.8571428656578064
l_curve_0,557,0.24853193759918213,0.8571428656578064
l_curve_0,558,0.24830973148345947,0.8571428656578064
l_curve_0,559,0.24808774888515472,0.8571428656578064
l_curve_0,560,0.24786420166492462,0.8571428656578064
l_curve_0,561,0.2476530522108078,0.8571428656578064
l_curve_0,562,0.2474488914012909,0.8571428656578064
l_curve_0,563,0.24725139141082764,0.8571428656578064
l_curve_0,564,0.24704504013061523,0.8571428656578064
l_curve_0,565,0.24683907628059387,0.8571428656578064
l_curve_0,566,0.24662122130393982,0.8571428656578064
l_curve_0,567,0.24641747772693634,0.8571428656578064
l_curve_0,568,0.24621140956878662,0.8571428656578064
l_curve_0,569,0.24600359797477722,0.8571428656578064
l_curve_0,570,0.24580733478069305,0.8571428656578064
l_curve_0,571,0.24559566378593445,0.8571428656578064
l_curve_0,572,0.24538594484329224,0.8571428656578064
l_curve_0,573,0.24518078565597534,0.8571428656578064
l_curve_0,574,0.24497054517269135,0.8571428656578064
l_curve_0,575,0.24475730955600739,0.8571428656578064
l_curve_0,576,0.2445598989725113,0.8571428656578064
l_curve_0,577,0.24437177181243896,0.8571428656578064
l_curve_0,578,0.24417230486869812,0.8571428656578064
l_curve_0,579,0.24397754669189453,0.8571428656578064
l_curve_0,580,0.24378247559070587,0.8571428656578064
l_curve_0,581,0.24359062314033508,0.8571428656578064
l_curve_0,582,0.2433972805738449,0.8571428656578064
l_curve_0,583,0.2432008534669876,0.8571428656578064
l_curve_0,584,0.2430170774459839,0.8571428656578064
l_curve_0,585,0.24282462894916534,0.8571428656578064
l_curve_0,586,0.242632657289505,0.8571428656578064
l_curve_0,587,0.24244260787963867,0.8571428656578064
l_curve_0,588,0.24225790798664093,0.8571428656578064
l_curve_0,589,0.242073655128479,0.8571428656578064
l_curve_0,590,0.2418949007987976,0.8571428656578064
l_curve_0,591,0.24170735478401184,0.8571428656578064
l_curve_0,592,0.24152491986751556,0.8571428656578064
l_curve_0,593,0.24134904146194458,0.8571428656578064
l_curve_0,594,0.24116718769073486,0.8571428656578064
l_curve_0,595,0.24098335206508636,0.8571428656578064
l_curve_0,596,0.2408071905374527,0.8571428656578064
l_curve_0,597,0.2406356930732727,0.8571428656578064
l_curve_0,598,0.24046261608600616,0.8571428656578064
l_curve_0,599,0.2402953803539276,0.8571428656578064
l_curve_0,600,0.24012674391269684,0.8571428656578064
l_curve_0,601,0.23995177447795868,0.8571428656578064
l_curve_0,602,0.2397819459438324,0.8571428656578064
l_curve_0,603,0.23961126804351807,0.8571428656578064
l_curve_0,604,0.2394440919160843,0.8571428656578064
l_curve_0,605,0.23928269743919373,0.8571428656578064
l_curve_0,606,0.2391105443239212,0.8571428656578064
l_curve_0,607,0.23894786834716797,0.8571428656578064
l_curve_0,608,0.23877988755702972,0.8571428656578064
l_curve_0,609,0.23861563205718994,0.8571428656578064
l_curve_0,610,0.23844997584819794,0.8571428656578064
l_curve_0,611,0.23828744888305664,0.8571428656578064
l_curve_0,612,0.2381279319524765,0.8571428656578064
l_curve_0,613,0.23796862363815308,0.8571428656578064
l_curve_0,614,0.23781763017177582,0.8571428656578064
l_curve_0,615,0.2376500517129898,0.8571428656578064
l_curve_0,616,0.23748797178268433,0.8571428656578064
l_curve_0,617,0.23732788860797882,0.8571428656578064
l_curve_0,618,0.23717239499092102,0.8571428656578064
l_curve_0,619,0.23700779676437378,0.8571428656578064
l_curve_0,620,0.2368396818637848,0.8571428656578064
l_curve_0,621,0.2366688996553421,0.8571428656578064
l_curve_0,622,0.2365024834871292,0.8571428656578064
l_curve_0,623,0.23633620142936707,0.8571428656578064
l_curve_0,624,0.23617975413799286,0.8571428656578064
l_curve_0,625,0.23602421581745148,0.8571428656578064
l_curve_0,626,0.23586441576480865,0.8571428656578064
l_curve_0,627,0.23570190370082855,0.8571428656578064
l_curve_0,628,0.23553353548049927,0.8571428656578064
l_curve_0,629,0.23537974059581757,0.8571428656578064
l_curve_0,630,0.23522202670574188,0.8571428656578064
l_curve_0,631,0.2350635826587677,0.8571428656578064
l_curve_0,632,0.23490788042545319,0.8571428656578064
l_curve_0,633,0.23474934697151184,0.8571428656578064
l_curve_0,634,0.23460029065608978,0.8571428656578064
l_curve_0,635,0.2344505488872528,0.8571428656578064
l_curve_0,636,0.2343153953552246,0.8571428656578064
l_curve_0,637,0.2341756522655487,0.8571428656578064
l_curve_0,638,0.23403337597846985,0.8571428656578064
l_curve_0,639,0.23390129208564758,0.8571428656578064
l_curve_0,640,0.23376287519931793,0.8571428656578064
l_curve_0,641,0.23362119495868683,0.8571428656578064
l_curve_0,642,0.23347963392734528,0.8571428656578064
l_curve_0,643,0.23333565890789032,0.8571428656578064
l_curve_0,644,0.23319655656814575,0.8571428656578064
l_curve_0,645,0.23305204510688782,0.8571428656578064
l_curve_0,646,0.23290637135505676,0.8571428656578064
l_curve_0,647,0.23276905715465546,0.8571428656578064
l_curve_0,648,0.2326200306415558,0.8571428656578064
l_curve_0,649,0.23248209059238434,0.8571428656578064
l_curve_0,650,0.23234406113624573,0.8571428656578064
l_curve_0,651,0.23220527172088623,0.8571428656578064
l_curve_0,652,0.23207460343837738,0.8571428656578064
l_curve_0,653,0.23193861544132233,0.8571428656578064
l_curve_0,654,0.23179669678211212,0.8571428656578064
l_curve_0,655,0.23165959119796753,0.8571428656578064
l_curve_0,656,0.23153425753116608,0.8571428656578064
l_curve_0,657,0.2314104586839676,0.8571428656578064
l_curve_0,658,0.2312924563884735,0.9047619104385376
l_curve_0,659,0.23116342723369598,0.9047619104385376
l_curve_0,660,0.23104038834571838,0.9047619104385376
l_curve_0,661,0.2309074103832245,0.9047619104385376
l_curve_0,662,0.2307736724615097,0.9047619104385376
l_curve_0,663,0.23063667118549347,0.9047619104385376
l_curve_0,664,0.23051543533802032,0.9047619104385376
l_curve_0,665,0.23039452731609344,0.9047619104385376
l_curve_0,666,0.2302650511264801,0.9047619104385376
l_curve_0,667,0.23013682663440704,0.9047619104385376
l_curve_0,668,0.2300053983926773,0.9047619104385376
l_curve_0,669,0.22988609969615936,0.9047619104385376
l_curve_0,670,0.2297528088092804,0.9047619104385376
l_curve_0,671,0.22961807250976562,0.9047619104385376
l_curve_0,672,0.22948719561100006,0.9047619104385376
l_curve_0,673,0.22935599088668823,0.9047619104385376
l_curve_0,674,0.22922703623771667,0.9047619104385376
l_curve_0,675,0.2290942370891571,0.9047619104385376
l_curve_0,676,0.22895857691764832,0.9047619104385376
l_curve_0,677,0.22882063686847687,0.9047619104385376
l_curve_0,678,0.22869232296943665,0.9047619104385376
l_curve_0,679,0.22856773436069489,0.9047619104385376
l_curve_0,680,0.22843369841575623,0.9047619104385376
l_curve_0,681,0.22830526530742645,0.9047619104385376
l_curve_0,682,0.22817584872245789,0.9047619104385376
l_curve_0,683,0.2280472368001938,0.9047619104385376
l_curve_0,684,0.22792109847068787,0.9047619104385376
l_curve_0,685,0.22779905796051025,0.9047619104385376
l_curve_0,686,0.22768020629882812,0.9047619104385376
l_curve_0,687,0.22755427658557892,0.9047619104385376
l_curve_0,688,0.227435901761055,0.9047619104385376
l_curve_0,689,0.2273283749818802,0.9047619104385376
l_curve_0,690,0.22721640765666962,0.9047619104385376
l_curve_0,691,0.2271076887845993,0.9047619104385376
l_curve_0,692,0.22700969874858856,0.9047619104385376
l_curve_0,693,0.22691583633422852,0.9047619104385376
l_curve_0,694,0.22681699693202972,0.9523809552192688
l_curve_0,695,0.22672049701213837,0.9523809552192688
l_curve_0,696,0.22661647200584412,0.9523809552192688
l_curve_0,697,0.2265157252550125,0.9523809552192688
l_curve_0,698,0.22641555964946747,0.9523809552192688
l_curve_0,699,0.22630375623703003,0.9523809552192688
l_curve_0,700,0.2261931598186493,0.9523809552192688
l_curve_0,701,0.22607281804084778,0.9523809552192688
l_curve_0,702,0.22596290707588196,0.9523809552192688
l_curve_0,703,0.22585418820381165,0.9523809552192688
l_curve_0,704,0.22573718428611755,0.9523809552192688
l_curve_0,705,0.22562932968139648,0.9523809552192688
l_curve_0,706,0.22551454603672028,0.9523809552192688
l_curve_0,707,0.2254076451063156,0.9523809552192688
l_curve_0,708,0.22529540956020355,0.9523809552192688
l_curve_0,709,0.2251899391412735,0.9523809552192688
l_curve_0,710,0.22507765889167786,0.9523809552192688
l_curve_0,711,0.2249763309955597,0.9523809552192688
l_curve_0,712,0.22486889362335205,0.9523809552192688
l_curve_0,713,0.22475875914096832,0.9523809552192688
l_curve_0,714,0.22464367747306824,0.9523809552192688
l_curve_0,715,0.2245364636182785,0.9523809552192688
l_curve_0,716,0.2244269996881485,0.9523809552192688
l_curve_0,717,0.22432462871074677,0.9523809552192688
l_curve_0,718,0.2242189645767212,0.9523809552192688
l_curve_0,719,0.224104106426239,0.9523809552192688
l_curve_0,720,0.22400543093681335,0.9523809552192688
l_curve_0,721,0.22390076518058777,0.9523809552192688
l_curve_0,722,0.22381292283535004,0.9523809552192688
l_curve_0,723,0.22371621429920197,0.9523809552192688
l_curve_0,724,0.22361616790294647,0.9523809552192688
l_curve_0,725,0.22353345155715942,0.9523809552192688
l_curve_0,726,0.22344988584518433,0.9523809552192688
l_curve_0,727,0.22335198521614075,0.9523809552192688
l_curve_0,728,0.22325852513313293,0.9523809552192688
l_curve_0,729,0.22315549850463867,0.9523809552192688
l_curve_0,730,0.22304470837116241,0.9523809552192688
l_curve_0,731,0.2229442298412323,0.9523809552192688
l_curve_0,732,0.2228488177061081,0.9523809552192688
l_curve_0,733,0.2227483093738556,0.9523809552192688
l_curve_0,734,0.22264616191387177,0.9523809552192688
l_curve_0,735,0.2225494086742401,0.9523809552192688
l_curve_0,736,0.22245007753372192,0.9523809552192688
l_curve_0,737,0.2223644256591797,0.9523809552192688
l_curve_0,738,0.22227023541927338,0.9523809552192688
l_curve_0,739,0.22218386828899384,0.9523809552192688
l_curve_0,740,0.2221008539199829,0.9523809552192688
l_curve_0,741,0.22200874984264374,0.9523809552192688
l_curve_0,742,0.22191235423088074,0.9523809552192688
l_curve_0,743,0.22181905806064606,0.9523809552192688
l_curve_0,744,0.22172410786151886,0.9523809552192688
l_curve_0,745,0.2216283529996872,0.9523809552192688
l_curve_0,746,0.22153881192207336,0.9523809552192688
l_curve_0,747,0.22146107256412506,0.9523809552192688
l_curve_0,748,0.22137099504470825,0.9523809552192688
l_curve_0,749,0.22127394378185272,0.9523809552192688
l_curve_0,750,0.22118686139583588,0.9523809552192688
l_curve_0,751,0.22110669314861298,0.9523809552192688
l_curve_0,752,0.22102880477905273,0.9523809552192688
l_curve_0,753,0.22094427049160004,0.9523809552192688
l_curve_0,754,0.22086411714553833,0.9523809552192688
l_curve_0,755,0.22077369689941406,0.9523809552192688
l_curve_0,756,0.22068141400814056,0.9523809552192688
l_curve_0,757,0.22058989107608795,0.9523809552192688
l_curve_0,758,0.2204892337322235,0.9523809552192688
l_curve_0,759,0.2204054445028305,0.9523809552192688
l_curve_0,760,0.22032301127910614,0.9523809552192688
l_curve_0,761,0.22022828459739685,0.9523809552192688
l_curve_0,762,0.22013255953788757,0.9523809552192688
l_curve_0,763,0.22003750503063202,0.9523809552192688
l_curve_0,764,0.21994556486606598,0.9523809552192688
l_curve_0,765,0.2198522388935089,0.9523809552192688
l_curve_0,766,0.21976172924041748,0.9523809552192688
l_curve_0,767,0.21966829895973206,0.9523809552192688
l_curve_0,768,0.2195746749639511,0.9523809552192688
l_curve_0,769,0.21948273479938507,0.9523809552192688
l_curve_0,770,0.21939989924430847,0.9523809552192688
l_curve_0,771,0.21931226551532745,0.9523809552192688
l_curve_0,772,0.2192312479019165,0.9523809552192688
l_curve_0,773,0.21914547681808472,0.9523809552192688
l_curve_0,774,0.21905747056007385,0.9523809552192688
l_curve_0,775,0.21897390484809875,0.9523809552192688
l_curve_0,776,0.21888360381126404,0.9523809552192688
l_curve_0,777,0.21880322694778442,0.9523809552192688
l_curve_0,778,0.21873140335083008,0.9523809552192688
l_curve_0,779,0.21867084503173828,0.9523809552192688
l_curve_0,780,0.2185976207256317,0.9523809552192688
l_curve_0,781,0.21853134036064148,0.9523809552192688
l_curve_0,782,0.21846826374530792,0.9523809552192688
l_curve_0,783,0.21840178966522217,0.9523809552192688
l_curve_0,784,0.21832938492298126,0.9523809552192688
l_curve_0,785,0.2182621955871582,0.9523809552192688
l_curve_0,786,0.2181873321533203,0.9523809552192688
l_curve_0,787,0.21811148524284363,0.9523809552192688
l_curve_0,788,0.21802832186222076,0.9523809552192688
l_curve_0,789,0.2179526388645172,0.9523809552192688
l_curve_0,790,0.21787427365779877,0.9523809552192688
l_curve_0,791,0.21780526638031006,0.9523809552192688
l_curve_0,792,0.21773113310337067,0.9523809552192688
l_curve_0,793,0.2176540195941925,0.9523809552192688
l_curve_0,794,0.21757471561431885,0.9523809552192688
l_curve_0,795,0.2174968719482422,0.9523809552192688
l_curve_0,796,0.2174326628446579,0.9523809552192688
l_curve_0,797,0.21736404299736023,0.9523809552192688
l_curve_0,798,0.21729053556919098,0.9523809552192688
l_curve_0,799,0.2172156125307083,0.9523809552192688
l_curve_0,800,0.2171381115913391,0.9523809552192688
l_curve_0,801,0.21705563366413116,0.9523809552192688
l_curve_0,802,0.21697837114334106,0.9523809552192688
l_curve_0,803,0.2169068455696106,0.9523809552192688
l_curve_0,804,0.21682852506637573,0.9523809552192688
l_curve_0,805,0.21674731373786926,0.9523809552192688
l_curve_0,806,0.21667416393756866,0.9523809552192688
l_curve_0,807,0.21660132706165314,0.9523809552192688
l_curve_0,808,0.2165265530347824,0.9523809552192688
l_curve_0,809,0.2164531946182251,0.9523809552192688
l_curve_0,810,0.2163856327533722,0.9523809552192688
l_curve_0,811,0.21631765365600586,0.9523809552192688
l_curve_0,812,0.21625344455242157,0.9523809552192688
l_curve_0,813,0.2161903828382492,0.9523809552192688
l_curve_0,814,0.21612024307250977,0.9523809552192688
l_curve_0,815,0.21605345606803894,0.9523809552192688
l_curve_0,816,0.21596917510032654,0.9523809552192688
l_curve_0,817,0.21589763462543488,0.9523809552192688
l_curve_0,818,0.21582503616809845,0.9523809552192688
l_curve_0,819,0.2157486528158188,0.9523809552192688
l_curve_0,820,0.2156720608472824,0.9523809552192688
l_curve_0,821,0.21559874713420868,0.9523809552192688
l_curve_0,822,0.21553516387939453,0.9523809552192688
l_curve_0,823,0.21546663343906403,0.9523809552192688
l_curve_0,824,0.2153950184583664,0.9523809552192688
l_curve_0,825,0.2153179794549942,0.9523809552192688
l_curve_0,826,0.21526101231575012,0.9523809552192688
l_curve_0,827,0.21519649028778076,0.9523809552192688
l_curve_0,828,0.21513766050338745,0.9523809552192688
l_curve_0,829,0.21508507430553436,0.9523809552192688
l_curve_0,830,0.21502859890460968,0.9523809552192688
l_curve_0,831,0.21496854722499847,0.9523809552192688
l_curve_0,832,0.21490687131881714,0.9523809552192688
l_curve_0,833,0.21484924852848053,0.9523809552192688
l_curve_0,834,0.2147737741470337,0.9523809552192688
l_curve_0,835,0.214713916182518,0.9523809552192688
l_curve_0,836,0.21464838087558746,0.9523809552192688
l_curve_0,837,0.21457810699939728,0.9523809552192688
l_curve_0,838,0.2145136445760727,0.9523809552192688
l_curve_0,839,0.21444489061832428,0.9523809552192688
l_curve_0,840,0.21437498927116394,0.9523809552192688
l_curve_0,841,0.2142987996339798,0.9523809552192688
l_curve_0,842,0.21423682570457458,0.9523809552192688
l_curve_0,843,0.2141663283109665,0.9523809552192688
l_curve_0,844,0.2140914350748062,0.9523809552192688
l_curve_0,845,0.21402940154075623,0.9523809552192688
l_curve_0,846,0.21395574510097504,0.9523809552192688
l_curve_0,847,0.21389484405517578,0.9523809552192688
l_curve_0,848,0.21382127702236176,0.9523809552192688
l_curve_0,849,0.21374645829200745,0.9523809552192688
l_curve_0,850,0.21367797255516052,0.9523809552192688
l_curve_0,851,0.21360833942890167,0.9523809552192688
l_curve_0,852,0.21352945268154144,0.9523809552192688
l_curve_0,853,0.21346184611320496,0.9523809552192688
l_curve_0,854,0.21339841187000275,0.9523809552192688
l_curve_0,855,0.21332727372646332,0.9523809552192688
l_curve_0,856,0.21326451003551483,0.9523809552192688
l_curve_0,857,0.21319910883903503,0.9523809552192688
l_curve_0,858,0.2131371796131134,0.9523809552192688
l_curve_0,859,0.21307066082954407,0.9523809552192688
l_curve_0,860,0.21299748122692108,0.9523809552192688
l_curve_0,861,0.21292048692703247,0.9523809552192688
l_curve_0,862,0.2128543108701706,0.9523809552192688
l_curve_0,863,0.21278612315654755,0.9523809552192688
l_curve_0,864,0.21271757781505585,0.9523809552192688
l_curve_0,865,0.2126595824956894,0.9523809552192688
l_curve_0,866,0.21258589625358582,0.9523809552192688
l_curve_0,867,0.21252693235874176,0.9523809552192688
l_curve_0,868,0.21246680617332458,0.9523809552192688
l_curve_0,869,0.21239857375621796,0.9523809552192688
l_curve_0,870,0.21232739090919495,0.9523809552192688
l_curve_0,871,0.21225816011428833,0.9523809552192688
l_curve_0,872,0.2121933251619339,0.9523809552192688
l_curve_0,873,0.21212607622146606,0.9523809552192688
l_curve_0,874,0.21205854415893555,0.9523809552192688
l_curve_0,875,0.21199430525302887,0.9523809552192688
l_curve_0,876,0.21192403137683868,0.9523809552192688
l_curve_0,877,0.21184132993221283,0.9523809552192688
l_curve_0,878,0.21178197860717773,0.9523809552192688
l_curve_0,879,0.21172574162483215,0.9523809552192688
l_curve_0,880,0.21166455745697021,0.9523809552192688
l_curve_0,881,0.21160393953323364,0.9523809552192688
l_curve_0,882,0.2115384042263031,0.9523809552192688
l_curve_0,883,0.21146900951862335,0.9523809552192688
l_curve_0,884,0.21140244603157043,0.9523809552192688
l_curve_0,885,0.21134290099143982,0.9523809552192688
l_curve_0,886,0.21126505732536316,0.9523809552192688
l_curve_0,887,0.2112094759941101,0.9523809552192688
l_curve_0,888,0.21115562319755554,0.9523809552192688
l_curve_0,889,0.21108844876289368,0.9523809552192688
l_curve_0,890,0.21102139353752136,0.9523809552192688
l_curve_0,891,0.21095913648605347,0.9523809552192688
l_curve_0,892,0.21088513731956482,0.9523809552192688
l_curve_0,893,0.21081238985061646,0.9523809552192688
l_curve_0,894,0.21075557172298431,0.9523809552192688
l_curve_0,895,0.21070125699043274,0.9523809552192688
l_curve_0,896,0.2106439769268036,0.9523809552192688
l_curve_0,897,0.21058064699172974,0.9523809552192688
l_curve_0,898,0.21052147448062897,0.9523809552192688
l_curve_0,899,0.2104613035917282,0.9523809552192688
l_curve_0,900,0.2104092538356781,0.9523809552192688
l_curve_0,901,0.2103542536497116,0.9523809552192688
l_curve_0,902,0.21030040085315704,0.9523809552192688
l_curve_0,903,0.2102455347776413,0.9523809552192688
l_curve_0,904,0.21018709242343903,0.9523809552192688
l_curve_0,905,0.21012020111083984,0.9523809552192688
l_curve_0,906,0.21004585921764374,0.9523809552192688
l_curve_0,907,0.20997034013271332,0.9523809552192688
l_curve_0,908,0.20990024507045746,0.9523809552192688
l_curve_0,909,0.2098439335823059,0.9523809552192688
l_curve_0,910,0.20979417860507965,0.9523809552192688
l_curve_0,911,0.20973069965839386,0.9523809552192688
l_curve_0,912,0.2096633017063141,0.9523809552192688
l_curve_0,913,0.20959354937076569,0.9523809552192688
l_curve_0,914,0.20954649150371552,0.9523809552192688
l_curve_0,915,0.20949018001556396,0.9523809552192688
l_curve_0,916,0.20943203568458557,0.9523809552192688
l_curve_0,917,0.2093605101108551,0.9523809552192688
l_curve_0,918,0.2092868536710739,0.9523809552192688
l_curve_0,919,0.20922839641571045,0.9523809552192688
l_curve_0,920,0.20916800200939178,0.9523809552192688
l_curve_0,921,0.20910367369651794,0.9523809552192688
l_curve_0,922,0.20903638005256653,0.9523809552192688
l_curve_0,923,0.20898482203483582,0.9523809552192688
l_curve_0,924,0.20892450213432312,0.9523809552192688
l_curve_0,925,0.2088797241449356,0.9523809552192688
l_curve_0,926,0.20883417129516602,0.9523809552192688
l_curve_0,927,0.20878666639328003,0.9523809552192688
l_curve_0,928,0.20873494446277618,0.9523809552192688
l_curve_0,929,0.20868609845638275,0.9523809552192688
l_curve_0,930,0.20862098038196564,0.9523809552192688
l_curve_0,931,0.2085842341184616,0.9523809552192688
l_curve_0,932,0.20853978395462036,0.9523809552192688
l_curve_0,933,0.20849257707595825,0.9523809552192688
l_curve_0,934,0.2084454596042633,0.9523809552192688
l_curve_0,935,0.2084040343761444,0.9523809552192688
l_curve_0,936,0.20835919678211212,0.9523809552192688
l_curve_0,937,0.20831285417079926,0.9523809552192688
l_curve_0,938,0.2082524299621582,0.9523809552192688
l_curve_0,939,0.20819257199764252,0.9523809552192688
l_curve_0,940,0.20812824368476868,0.9523809552192688
l_curve_0,941,0.20806780457496643,0.9523809552192688
l_curve_0,942,0.20799648761749268,0.9523809552192688
l_curve_0,943,0.20792865753173828,0.9523809552192688
l_curve_0,944,0.20787416398525238,0.9523809552192688
l_curve_0,945,0.20780429244041443,0.9523809552192688
l_curve_0,946,0.20774126052856445,0.9523809552192688
l_curve_0,947,0.20769280195236206,0.9523809552192688
l_curve_0,948,0.20765043795108795,0.9523809552192688
l_curve_0,949,0.20760397613048553,0.9523809552192688
l_curve_0,950,0.2075507938861847,0.9523809552192688
l_curve_0,951,0.20748670399188995,0.9523809552192688
l_curve_0,952,0.2074376940727234,0.9523809552192688
l_curve_0,953,0.2073800265789032,0.9523809552192688
l_curve_0,954,0.2073085606098175,0.9523809552192688
l_curve_0,955,0.20725136995315552,0.9523809552192688
l_curve_0,956,0.207189679145813,0.9523809552192688
l_curve_0,957,0.20713286101818085,0.9523809552192688
l_curve_0,958,0.20707018673419952,0.9523809552192688
l_curve_0,959,0.20701563358306885,0.9523809552192688
l_curve_0,960,0.206977978348732,0.9523809552192688
l_curve_0,961,0.20691697299480438,0.9523809552192688
l_curve_0,962,0.20686118304729462,0.9523809552192688
l_curve_0,963,0.20680591464042664,0.9523809552192688
l_curve_0,964,0.20674575865268707,0.9523809552192688
l_curve_0,965,0.20669573545455933,0.9523809552192688
l_curve_0,966,0.20664961636066437,0.9523809552192688
l_curve_0,967,0.20661258697509766,0.9523809552192688
l_curve_0,968,0.2065705806016922,0.9523809552192688
l_curve_0,969,0.20652514696121216,0.9523809552192688
l_curve_0,970,0.206461563706398,0.9523809552192688
l_curve_0,971,0.20639584958553314,0.9523809552192688
l_curve_0,972,0.20632539689540863,0.9523809552192688
l_curve_0,973,0.20625582337379456,0.9523809552192688
l_curve_0,974,0.2061866968870163,0.9523809552192688
l_curve_0,975,0.20613063871860504,0.9523809552192688
l_curve_0,976,0.2060716301202774,0.9523809552192688
l_curve_0,977,0.20601624250411987,0.9523809552192688
l_curve_0,978,0.2059609293937683,0.9523809552192688
l_curve_0,979,0.20591016113758087,0.9523809552192688
l_curve_0,980,0.20585277676582336,0.9523809552192688
l_curve_0,981,0.20580056309700012,0.9523809552192688
l_curve_0,982,0.20573952794075012,0.9523809552192688
l_curve_0,983,0.20566965639591217,0.9523809552192688
l_curve_0,984,0.20560312271118164,0.9523809552192688
l_curve_0,985,0.20554287731647491,0.9523809552192688
l_curve_0,986,0.20549063384532928,0.9523809552192688
l_curve_0,987,0.2054293006658554,0.9523809552192688
l_curve_0,988,0.20536114275455475,0.9523809552192688
l_curve_0,989,0.20530173182487488,0.9523809552192688
l_curve_0,990,0.2052520364522934,0.9523809552192688
l_curve_0,991,0.205192431807518,0.9523809552192688
l_curve_0,992,0.20514237880706787,0.9523809552192688
l_curve_0,993,0.2050873041152954,0.9523809552192688
l_curve_0,994,0.20503005385398865,0.9523809552192688
l_curve_0,995,0.20497798919677734,0.9523809552192688
l_curve_0,996,0.20492127537727356,0.9523809552192688
l_curve_0,997,0.20485860109329224,0.9523809552192688
l_curve_0,998,0.20481102168560028,0.9523809552192688
l_curve_0,999,0.20475226640701294,0.9523809552192688
l_curve_0,1000,0.204705148935318,0.9523809552192688
l_curve_0,1000,0.204705148935318,0.9523809552192688
