client,round,loss,accuracy
l_curve_0,1,0.7199802398681641,0.375
l_curve_0,2,0.7179722189903259,0.375
l_curve_0,3,0.7159783244132996,0.375
l_curve_0,4,0.7140600085258484,0.375
l_curve_0,5,0.7121769785881042,0.4166666567325592
l_curve_0,6,0.7103262543678284,0.4166666567325592
l_curve_0,7,0.7085154056549072,0.4166666567325592
l_curve_0,8,0.706718921661377,0.4166666567325592
l_curve_0,9,0.7049633860588074,0.4166666567325592
l_curve_0,10,0.7032208442687988,0.4166666567325592
l_curve_0,11,0.7015106678009033,0.4583333432674408
l_curve_0,12,0.6998159885406494,0.4583333432674408
l_curve_0,13,0.6981222033500671,0.4583333432674408
l_curve_0,14,0.6964616179466248,0.4583333432674408
l_curve_0,15,0.6947975158691406,0.5
l_curve_0,16,0.693160355091095,0.5
l_curve_0,17,0.6915672421455383,0.5
l_curve_0,18,0.6899765133857727,0.5
l_curve_0,19,0.6883936524391174,0.5
l_curve_0,20,0.6868026852607727,0.5
l_curve_0,21,0.6852124333381653,0.5
l_curve_0,22,0.6836410164833069,0.5
l_curve_0,23,0.6820695996284485,0.5
l_curve_0,24,0.6805078387260437,0.5
l_curve_0,25,0.6789396405220032,0.5416666865348816
l_curve_0,26,0.6773633360862732,0.5833333134651184
l_curve_0,27,0.675757884979248,0.625
l_curve_0,28,0.6741481423377991,0.625
l_curve_0,29,0.6725385785102844,0.6666666865348816
l_curve_0,30,0.6709182858467102,0.7083333134651184
l_curve_0,31,0.6692807674407959,0.7083333134651184
l_curve_0,32,0.667621374130249,0.7083333134651184
l_curve_0,33,0.6659543514251709,0.7083333134651184
l_curve_0,34,0.6642689108848572,0.7083333134651184
l_curve_0,35,0.662551999092102,0.75
l_curve_0,36,0.6608085036277771,0.75
l_curve_0,37,0.6590355038642883,0.75
l_curve_0,38,0.6572492718696594,0.75
l_curve_0,39,0.6554316878318787,0.7083333134651184
l_curve_0,40,0.6535897254943848,0.7083333134651184
l_curve_0,41,0.6517036557197571,0.7083333134651184
l_curve_0,42,0.6498111486434937,0.6666666865348816
l_curve_0,43,0.6478769183158875,0.7083333134651184
l_curve_0,44,0.6459259390830994,0.7083333134651184
l_curve_0,45,0.6439369320869446,0.7083333134651184
l_curve_0,46,0.64192134141922,0.7083333134651184
l_curve_0,47,0.6398649215698242,0.7083333134651184
l_curve_0,48,0.6377683877944946,0.75
l_curve_0,49,0.6356608271598816,0.75
l_curve_0,50,0.6335258483886719,0.75
l_curve_0,51,0.6313566565513611,0.75
l_curve_0,52,0.6291627287864685,0.75
l_curve_0,53,0.6269543766975403,0.75
l_curve_0,54,0.6246967911720276,0.75
l_curve_0,55,0.622433602809906,0.75
l_curve_0,56,0.6201375722885132,0.75
l_curve_0,57,0.6178072094917297,0.75
l_curve_0,58,0.6154555678367615,0.75
l_curve_0,59,0.6130831241607666,0.75
l_curve_0,60,0.6106905937194824,0.75
l_curve_0,61,0.6082759499549866,0.75
l_curve_0,62,0.6058428883552551,0.75
l_curve_0,63,0.6033844947814941,0.75
l_curve_0,64,0.6008837223052979,0.75
l_curve_0,65,0.5983874201774597,0.7916666865348816
l_curve_0,66,0.5958681702613831,0.7916666865348816
l_curve_0,67,0.5933290123939514,0.7916666865348816
l_curve_0,68,0.5907800793647766,0.7916666865348816
l_curve_0,69,0.5882422924041748,0.7916666865348816
l_curve_0,70,0.5856661200523376,0.7916666865348816
l_curve_0,71,0.5831044316291809,0.7916666865348816
l_curve_0,72,0.580509603023529,0.7916666865348816
l_curve_0,73,0.5779122710227966,0.7916666865348816
l_curve_0,74,0.5753087401390076,0.7916666865348816
l_curve_0,75,0.5727088451385498,0.7916666865348816
l_curve_0,76,0.5701014399528503,0.7916666865348816
l_curve_0,77,0.5674719214439392,0.7916666865348816
l_curve_0,78,0.5648353695869446,0.7916666865348816
l_curve_0,79,0.5622126460075378,0.7916666865348816
l_curve_0,80,0.5595837235450745,0.7916666865348816
l_curve_0,81,0.5569929480552673,0.7916666865348816
l_curve_0,82,0.5543698668479919,0.7916666865348816
l_curve_0,83,0.5517528653144836,0.7916666865348816
l_curve_0,84,0.5491675734519958,0.7916666865348816
l_curve_0,85,0.5465395450592041,0.7916666865348816
l_curve_0,86,0.5439566969871521,0.7916666865348816
l_curve_0,87,0.5413643717765808,0.7916666865348816
l_curve_0,88,0.5388047695159912,0.7916666865348816
l_curve_0,89,0.5362445712089539,0.7916666865348816
l_curve_0,90,0.5336857438087463,0.7916666865348816
l_curve_0,91,0.5311402678489685,0.7916666865348816
l_curve_0,92,0.5286087393760681,0.7916666865348816
l_curve_0,93,0.526108980178833,0.7916666865348816
l_curve_0,94,0.5236021876335144,0.7916666865348816
l_curve_0,95,0.5210885405540466,0.7916666865348816
l_curve_0,96,0.5186010003089905,0.7916666865348816
l_curve_0,97,0.5161309242248535,0.7916666865348816
l_curve_0,98,0.513695240020752,0.7916666865348816
l_curve_0,99,0.511265754699707,0.7916666865348816
l_curve_0,100,0.5088402628898621,0.7916666865348816
l_curve_0,101,0.5064318776130676,0.7916666865348816
l_curve_0,102,0.5040392875671387,0.7916666865348816
l_curve_0,103,0.5016723275184631,0.7916666865348816
l_curve_0,104,0.4993192255496979,0.7916666865348816
l_curve_0,105,0.49700212478637695,0.7916666865348816
l_curve_0,106,0.49471211433410645,0.7916666865348816
l_curve_0,107,0.49245116114616394,0.7916666865348816
l_curve_0,108,0.4901958405971527,0.7916666865348816
l_curve_0,109,0.4879446029663086,0.7916666865348816
l_curve_0,110,0.4857102930545807,0.7916666865348816
l_curve_0,111,0.4835143983364105,0.7916666865348816
l_curve_0,112,0.4813413619995117,0.7916666865348816
l_curve_0,113,0.47916802763938904,0.7916666865348816
l_curve_0,114,0.4770519733428955,0.7916666865348816
l_curve_0,115,0.47491970658302307,0.7916666865348816
l_curve_0,116,0.47282764315605164,0.7916666865348816
l_curve_0,117,0.4707605838775635,0.7916666865348816
l_curve_0,118,0.4687168598175049,0.7916666865348816
l_curve_0,119,0.46668872237205505,0.7916666865348816
l_curve_0,120,0.4646799564361572,0.7916666865348816
l_curve_0,121,0.46270933747291565,0.8333333134651184
l_curve_0,122,0.4607452154159546,0.8333333134651184
l_curve_0,123,0.4588107168674469,0.8333333134651184
l_curve_0,124,0.4569154977798462,0.8333333134651184
l_curve_0,125,0.45501193404197693,0.8333333134651184
l_curve_0,126,0.4531265199184418,0.8333333134651184
l_curve_0,127,0.4513061046600342,0.8333333134651184
l_curve_0,128,0.4494805335998535,0.8333333134651184
l_curve_0,129,0.44766703248023987,0.8333333134651184
l_curve_0,130,0.44590798020362854,0.8333333134651184
l_curve_0,131,0.44414231181144714,0.8333333134651184
l_curve_0,132,0.44241437315940857,0.8333333134651184
l_curve_0,133,0.44069990515708923,0.8333333134651184
l_curve_0,134,0.4389990270137787,0.8333333134651184
l_curve_0,135,0.43732866644859314,0.8333333134651184
l_curve_0,136,0.4356691837310791,0.8333333134651184
l_curve_0,137,0.43405964970588684,0.8333333134651184
l_curve_0,138,0.4324451982975006,0.8333333134651184
l_curve_0,139,0.4308532178401947,0.8333333134651184
l_curve_0,140,0.42927315831184387,0.8333333134651184
l_curve_0,141,0.42769432067871094,0.8333333134651184
l_curve_0,142,0.42619040608406067,0.8333333134651184
l_curve_0,143,0.4246373474597931,0.8333333134651184
l_curve_0,144,0.42316532135009766,0.8333333134651184
l_curve_0,145,0.4216887056827545,0.8333333134651184
l_curve_0,146,0.42025211453437805,0.8333333134651184
l_curve_0,147,0.41881656646728516,0.8333333134651184
l_curve_0,148,0.4173678457736969,0.8333333134651184
l_curve_0,149,0.41599586606025696,0.8333333134651184
l_curve_0,150,0.41463980078697205,0.8333333134651184
l_curve_0,151,0.4132709205150604,0.8333333134651184
l_curve_0,152,0.4119287431240082,0.8333333134651184
l_curve_0,153,0.41057243943214417,0.8333333134651184
l_curve_0,154,0.4092964231967926,0.8333333134651184
l_curve_0,155,0.40800783038139343,0.8333333134651184
l_curve_0,156,0.4067464768886566,0.8333333134651184
l_curve_0,157,0.4054790735244751,0.8333333134651184
l_curve_0,158,0.4042397737503052,0.8333333134651184
l_curve_0,159,0.4030068814754486,0.8333333134651184
l_curve_0,160,0.4017937183380127,0.8333333134651184
l_curve_0,161,0.400632381439209,0.8333333134651184
l_curve_0,162,0.3994722068309784,0.8333333134651184
l_curve_0,163,0.3983214795589447,0.8333333134651184
l_curve_0,164,0.3972008526325226,0.8333333134651184
l_curve_0,165,0.39605823159217834,0.8333333134651184
l_curve_0,166,0.3949848711490631,0.8333333134651184
l_curve_0,167,0.3938935101032257,0.8333333134651184
l_curve_0,168,0.39282217621803284,0.8333333134651184
l_curve_0,169,0.39175963401794434,0.8333333134651184
l_curve_0,170,0.3907290995121002,0.8333333134651184
l_curve_0,171,0.38970401883125305,0.8333333134651184
l_curve_0,172,0.38867607712745667,0.8333333134651184
l_curve_0,173,0.3876800537109375,0.8333333134651184
l_curve_0,174,0.38667604327201843,0.8333333134651184
l_curve_0,175,0.38569673895835876,0.8333333134651184
l_curve_0,176,0.3847251832485199,0.8333333134651184
l_curve_0,177,0.3837531805038452,0.8333333134651184
l_curve_0,178,0.38280704617500305,0.8333333134651184
l_curve_0,179,0.3818610608577728,0.8333333134651184
l_curve_0,180,0.3809497654438019,0.8333333134651184
l_curve_0,181,0.3800448477268219,0.8333333134651184
l_curve_0,182,0.37918415665626526,0.8333333134651184
l_curve_0,183,0.37832018733024597,0.8333333134651184
l_curve_0,184,0.377450555562973,0.8333333134651184
l_curve_0,185,0.3765917718410492,0.8333333134651184
l_curve_0,186,0.3757483661174774,0.8333333134651184
l_curve_0,187,0.37488436698913574,0.8333333134651184
l_curve_0,188,0.37407246232032776,0.8333333134651184
l_curve_0,189,0.3732658326625824,0.8333333134651184
l_curve_0,190,0.37249383330345154,0.8333333134651184
l_curve_0,191,0.3716510832309723,0.8333333134651184
l_curve_0,192,0.3708897829055786,0.8333333134651184
l_curve_0,193,0.370127409696579,0.8333333134651184
l_curve_0,194,0.3693867623806,0.8333333134651184
l_curve_0,195,0.3686509132385254,0.8333333134651184
l_curve_0,196,0.36790135502815247,0.8333333134651184
l_curve_0,197,0.36713239550590515,0.8333333134651184
l_curve_0,198,0.36643967032432556,0.8333333134651184
l_curve_0,199,0.365755558013916,0.8333333134651184
l_curve_0,200,0.3650853633880615,0.8333333134651184
l_curve_0,201,0.36441731452941895,0.8333333134651184
l_curve_0,202,0.363672137260437,0.8333333134651184
l_curve_0,203,0.3630158007144928,0.8333333134651184
l_curve_0,204,0.3623640537261963,0.8333333134651184
l_curve_0,205,0.36173519492149353,0.8333333134651184
l_curve_0,206,0.3610875904560089,0.8333333134651184
l_curve_0,207,0.36045312881469727,0.8333333134651184
l_curve_0,208,0.3598097264766693,0.8333333134651184
l_curve_0,209,0.3592008054256439,0.8333333134651184
l_curve_0,210,0.3585818111896515,0.8333333134651184
l_curve_0,211,0.35796645283699036,0.8333333134651184
l_curve_0,212,0.35736656188964844,0.8333333134651184
l_curve_0,213,0.35681089758872986,0.8333333134651184
l_curve_0,214,0.3562127351760864,0.8333333134651184
l_curve_0,215,0.35564151406288147,0.8333333134651184
l_curve_0,216,0.35508036613464355,0.8333333134651184
l_curve_0,217,0.354496031999588,0.8333333134651184
l_curve_0,218,0.3539581298828125,0.8333333134651184
l_curve_0,219,0.353426456451416,0.8333333134651184
l_curve_0,220,0.35290589928627014,0.8333333134651184
l_curve_0,221,0.3523317277431488,0.8333333134651184
l_curve_0,222,0.35178446769714355,0.8333333134651184
l_curve_0,223,0.35125717520713806,0.8333333134651184
l_curve_0,224,0.3507366478443146,0.8333333134651184
l_curve_0,225,0.35022154450416565,0.8333333134651184
l_curve_0,226,0.34975942969322205,0.8333333134651184
l_curve_0,227,0.3492799997329712,0.8333333134651184
l_curve_0,228,0.3487805128097534,0.8333333134651184
l_curve_0,229,0.348313570022583,0.8333333134651184
l_curve_0,230,0.34787240624427795,0.8333333134651184
l_curve_0,231,0.3473992645740509,0.8333333134651184
l_curve_0,232,0.34694230556488037,0.8333333134651184
l_curve_0,233,0.3464594781398773,0.8333333134651184
l_curve_0,234,0.345996230840683,0.8333333134651184
l_curve_0,235,0.345560222864151,0.8333333134651184
l_curve_0,236,0.3451009690761566,0.8333333134651184
l_curve_0,237,0.34468793869018555,0.8333333134651184
l_curve_0,238,0.3443045914173126,0.8333333134651184
l_curve_0,239,0.343909353017807,0.8333333134651184
l_curve_0,240,0.3434688150882721,0.8333333134651184
l_curve_0,241,0.3431004285812378,0.8333333134651184
l_curve_0,242,0.3427034616470337,0.8333333134651184
l_curve_0,243,0.3422910273075104,0.8333333134651184
l_curve_0,244,0.3418710231781006,0.8333333134651184
l_curve_0,245,0.3414839506149292,0.8333333134651184
l_curve_0,246,0.34109625220298767,0.8333333134651184
l_curve_0,247,0.34077271819114685,0.8333333134651184
l_curve_0,248,0.3404247760772705,0.8333333134651184
l_curve_0,249,0.3400516211986542,0.8333333134651184
l_curve_0,250,0.3397009074687958,0.8333333134651184
l_curve_0,251,0.33933138847351074,0.8333333134651184
l_curve_0,252,0.33898451924324036,0.8333333134651184
l_curve_0,253,0.3386060893535614,0.8333333134651184
l_curve_0,254,0.3383122682571411,0.8333333134651184
l_curve_0,255,0.3379814624786377,0.8333333134651184
l_curve_0,256,0.33767566084861755,0.8333333134651184
l_curve_0,257,0.33731961250305176,0.8333333134651184
l_curve_0,258,0.3369496762752533,0.8333333134651184
l_curve_0,259,0.3366105556488037,0.8333333134651184
l_curve_0,260,0.3362915515899658,0.8333333134651184
l_curve_0,261,0.3359791338443756,0.8333333134651184
l_curve_0,262,0.3357223570346832,0.8333333134651184
l_curve_0,263,0.33548370003700256,0.8333333134651184
l_curve_0,264,0.3350865840911865,0.8333333134651184
l_curve_0,265,0.3348378837108612,0.8333333134651184
l_curve_0,266,0.3345251977443695,0.8333333134651184
l_curve_0,267,0.3342674970626831,0.8333333134651184
l_curve_0,268,0.33394089341163635,0.8333333134651184
l_curve_0,269,0.3336362838745117,0.8333333134651184
l_curve_0,270,0.3333686888217926,0.8333333134651184
l_curve_0,271,0.3331584334373474,0.8333333134651184
l_curve_0,272,0.3328370153903961,0.8333333134651184
l_curve_0,273,0.33250728249549866,0.8333333134651184
l_curve_0,274,0.3322756886482239,0.8333333134651184
l_curve_0,275,0.33197450637817383,0.8333333134651184
l_curve_0,276,0.33175134658813477,0.8333333134651184
l_curve_0,277,0.3315650522708893,0.8333333134651184
l_curve_0,278,0.33131930232048035,0.8333333134651184
l_curve_0,279,0.3310985267162323,0.8333333134651184
l_curve_0,280,0.33083489537239075,0.8333333134651184
l_curve_0,281,0.33058738708496094,0.8333333134651184
l_curve_0,282,0.33036378026008606,0.8333333134651184
l_curve_0,283,0.33007508516311646,0.8333333134651184
l_curve_0,284,0.32987847924232483,0.8333333134651184
l_curve_0,285,0.32965558767318726,0.8333333134651184
l_curve_0,286,0.32946088910102844,0.8333333134651184
l_curve_0,287,0.32918450236320496,0.8333333134651184
l_curve_0,288,0.32900509238243103,0.8333333134651184
l_curve_0,289,0.32877930998802185,0.8333333134651184
l_curve_0,290,0.3285596966743469,0.8333333134651184
l_curve_0,291,0.32835808396339417,0.8333333134651184
l_curve_0,292,0.3281140625476837,0.8333333134651184
l_curve_0,293,0.3278671205043793,0.8333333134651184
l_curve_0,294,0.32770225405693054,0.8333333134651184
l_curve_0,295,0.32749947905540466,0.8333333134651184
l_curve_0,296,0.3273071348667145,0.8333333134651184
l_curve_0,297,0.3271118104457855,0.8333333134651184
l_curve_0,298,0.3269236981868744,0.8333333134651184
l_curve_0,299,0.3267466127872467,0.8333333134651184
l_curve_0,300,0.326541006565094,0.8333333134651184
l_curve_0,301,0.3263683617115021,0.8333333134651184
l_curve_0,302,0.3261531889438629,0.8333333134651184
l_curve_0,303,0.3259620666503906,0.8333333134651184
l_curve_0,304,0.3257799446582794,0.8333333134651184
l_curve_0,305,0.3256397545337677,0.8333333134651184
l_curve_0,306,0.32548999786376953,0.8333333134651184
l_curve_0,307,0.3252938985824585,0.8333333134651184
l_curve_0,308,0.3251437544822693,0.8333333134651184
l_curve_0,309,0.32500767707824707,0.8333333134651184
l_curve_0,310,0.32482945919036865,0.8333333134651184
l_curve_0,311,0.3246246874332428,0.8333333134651184
l_curve_0,312,0.3244754374027252,0.8333333134651184
l_curve_0,313,0.32432645559310913,0.8333333134651184
l_curve_0,314,0.32419323921203613,0.8333333134651184
l_curve_0,315,0.3240382969379425,0.8333333134651184
l_curve_0,316,0.3238937556743622,0.8333333134651184
l_curve_0,317,0.3237414062023163,0.8333333134651184
l_curve_0,318,0.3235834836959839,0.8333333134651184
l_curve_0,319,0.32344546914100647,0.8333333134651184
l_curve_0,320,0.32329121232032776,0.8333333134651184
l_curve_0,321,0.3231566846370697,0.8333333134651184
l_curve_0,322,0.3229995667934418,0.8333333134651184
l_curve_0,323,0.32285818457603455,0.8333333134651184
l_curve_0,324,0.32274335622787476,0.8333333134651184
l_curve_0,325,0.32261785864830017,0.8333333134651184
l_curve_0,326,0.3224921226501465,0.8333333134651184
l_curve_0,327,0.32238107919692993,0.8333333134651184
l_curve_0,328,0.32225993275642395,0.8333333134651184
l_curve_0,329,0.32214677333831787,0.8333333134651184
l_curve_0,330,0.32201677560806274,0.875
l_curve_0,331,0.32185694575309753,0.875
l_curve_0,332,0.32171717286109924,0.875
l_curve_0,333,0.32157838344573975,0.875
l_curve_0,334,0.32149067521095276,0.875
l_curve_0,335,0.32138189673423767,0.875
l_curve_0,336,0.32125401496887207,0.875
l_curve_0,337,0.3211231529712677,0.875
l_curve_0,338,0.32096952199935913,0.875
l_curve_0,339,0.32085463404655457,0.875
l_curve_0,340,0.3207620084285736,0.875
l_curve_0,341,0.320643812417984,0.875
l_curve_0,342,0.32052820920944214,0.875
l_curve_0,343,0.32044851779937744,0.875
l_curve_0,344,0.3203294575214386,0.875
l_curve_0,345,0.3202202022075653,0.875
l_curve_0,346,0.32008495926856995,0.875
l_curve_0,347,0.3200130760669708,0.875
l_curve_0,348,0.3199034035205841,0.875
l_curve_0,349,0.3197791278362274,0.875
l_curve_0,350,0.31969931721687317,0.875
l_curve_0,351,0.31959888339042664,0.875
l_curve_0,352,0.3195522725582123,0.875
l_curve_0,353,0.31951379776000977,0.875
l_curve_0,354,0.31939080357551575,0.875
l_curve_0,355,0.3192543089389801,0.875
l_curve_0,356,0.31918764114379883,0.875
l_curve_0,357,0.3190641403198242,0.875
l_curve_0,358,0.3190106451511383,0.875
l_curve_0,359,0.3189646303653717,0.875
l_curve_0,360,0.31884467601776123,0.875
l_curve_0,361,0.31874799728393555,0.875
l_curve_0,362,0.31870320439338684,0.875
l_curve_0,363,0.3186109960079193,0.875
l_curve_0,364,0.3185317814350128,0.875
l_curve_0,365,0.3184526860713959,0.875
l_curve_0,366,0.31835711002349854,0.875
l_curve_0,367,0.31826987862586975,0.875
l_curve_0,368,0.31821730732917786,0.875
l_curve_0,369,0.31819915771484375,0.875
l_curve_0,370,0.31808772683143616,0.875
l_curve_0,371,0.3180682957172394,0.875
l_curve_0,372,0.31792518496513367,0.875
l_curve_0,373,0.3178078234195709,0.875
l_curve_0,374,0.31773921847343445,0.875
l_curve_0,375,0.31769537925720215,0.875
l_curve_0,376,0.31763264536857605,0.875
l_curve_0,377,0.31759709119796753,0.875
l_curve_0,378,0.31753090023994446,0.875
l_curve_0,379,0.3174811899662018,0.875
l_curve_0,380,0.31736844778060913,0.875
l_curve_0,381,0.31734147667884827,0.875
l_curve_0,382,0.3172954022884369,0.875
l_curve_0,383,0.3172483742237091,0.875
l_curve_0,384,0.3172397315502167,0.875
l_curve_0,385,0.31715574860572815,0.875
l_curve_0,386,0.31707170605659485,0.875
l_curve_0,387,0.31699323654174805,0.875
l_curve_0,388,0.31687667965888977,0.875
l_curve_0,389,0.31686756014823914,0.875
l_curve_0,390,0.3167755901813507,0.875
l_curve_0,391,0.31668153405189514,0.875
l_curve_0,392,0.3165912330150604,0.875
l_curve_0,393,0.3165736496448517,0.875
l_curve_0,394,0.3165687620639801,0.875
l_curve_0,395,0.3165150284767151,0.875
l_curve_0,396,0.316409707069397,0.875
l_curve_0,397,0.31635355949401855,0.875
l_curve_0,398,0.31635919213294983,0.875
l_curve_0,399,0.3163645267486572,0.9166666865348816
l_curve_0,400,0.31636843085289,0.9166666865348816
l_curve_0,401,0.3163427412509918,0.9166666865348816
l_curve_0,402,0.31632620096206665,0.9166666865348816
l_curve_0,403,0.31624171137809753,0.9166666865348816
l_curve_0,404,0.31621232628822327,0.9166666865348816
l_curve_0,405,0.3160999119281769,0.9166666865348816
l_curve_0,406,0.3160395324230194,0.9166666865348816
l_curve_0,407,0.3159230053424835,0.9166666865348816
l_curve_0,408,0.3158644139766693,0.9166666865348816
l_curve_0,409,0.3157961666584015,0.9166666865348816
l_curve_0,410,0.31573668122291565,0.9166666865348816
l_curve_0,411,0.315731018781662,0.9166666865348816
l_curve_0,412,0.31569409370422363,0.9166666865348816
l_curve_0,413,0.31566527485847473,0.9166666865348816
l_curve_0,414,0.3156265318393707,0.9166666865348816
l_curve_0,415,0.31556370854377747,0.9166666865348816
l_curve_0,416,0.3155113756656647,0.9166666865348816
l_curve_0,417,0.31554725766181946,0.9166666865348816
l_curve_0,418,0.3154948949813843,0.9166666865348816
l_curve_0,419,0.3154560923576355,0.9166666865348816
l_curve_0,420,0.31543660163879395,0.9166666865348816
l_curve_0,421,0.3153717815876007,0.9166666865348816
l_curve_0,422,0.3152824938297272,0.9166666865348816
l_curve_0,423,0.3152506649494171,0.9166666865348816
l_curve_0,424,0.315250426530838,0.9166666865348816
l_curve_0,425,0.3152284622192383,0.9166666865348816
l_curve_0,426,0.3151897192001343,0.9166666865348816
l_curve_0,427,0.315166711807251,0.9166666865348816
l_curve_0,428,0.31518664956092834,0.9166666865348816
l_curve_0,429,0.3151029050350189,0.9166666865348816
l_curve_0,430,0.3151189684867859,0.9166666865348816
l_curve_0,431,0.31512144207954407,0.9166666865348816
l_curve_0,432,0.3151034712791443,0.9166666865348816
l_curve_0,433,0.315039724111557,0.9166666865348816
l_curve_0,434,0.31497588753700256,0.9166666865348816
l_curve_0,435,0.3149254322052002,0.9166666865348816
l_curve_0,436,0.3149019181728363,0.9166666865348816
l_curve_0,437,0.31492218375205994,0.9166666865348816
l_curve_0,438,0.3148670196533203,0.9166666865348816
l_curve_0,439,0.31486400961875916,0.9166666865348816
l_curve_0,440,0.31488141417503357,0.9166666865348816
l_curve_0,441,0.31483155488967896,0.9166666865348816
l_curve_0,442,0.3148193657398224,0.9166666865348816
l_curve_0,443,0.3147598206996918,0.9166666865348816
l_curve_0,444,0.3147040009498596,0.9166666865348816
l_curve_0,445,0.3146931231021881,0.9166666865348816
l_curve_0,446,0.31466901302337646,0.9166666865348816
l_curve_0,447,0.3145652413368225,0.9166666865348816
l_curve_0,448,0.31454646587371826,0.9166666865348816
l_curve_0,449,0.314534455537796,0.9166666865348816
l_curve_0,450,0.3145088851451874,0.9166666865348816
l_curve_0,451,0.3144991397857666,0.9166666865348816
l_curve_0,452,0.3144390881061554,0.9166666865348816
l_curve_0,453,0.3144187033176422,0.9166666865348816
l_curve_0,454,0.3144444227218628,0.9166666865348816
l_curve_0,455,0.31442779302597046,0.9166666865348816
l_curve_0,456,0.314402312040329,0.9166666865348816
l_curve_0,457,0.31439924240112305,0.9166666865348816
l_curve_0,458,0.3143395185470581,0.9166666865348816
l_curve_0,459,0.3143041431903839,0.9166666865348816
l_curve_0,460,0.31430864334106445,0.9166666865348816
l_curve_0,461,0.31426477432250977,0.9166666865348816
l_curve_0,462,0.31421247124671936,0.9166666865348816
l_curve_0,463,0.3141730725765228,0.9166666865348816
l_curve_0,464,0.3141854703426361,0.9166666865348816
l_curve_0,465,0.31417015194892883,0.9166666865348816
l_curve_0,466,0.31416937708854675,0.9166666865348816
l_curve_0,467,0.3140980899333954,0.9166666865348816
l_curve_0,468,0.31413623690605164,0.9166666865348816
l_curve_0,469,0.31407782435417175,0.9166666865348816
l_curve_0,470,0.31407567858695984,0.9166666865348816
l_curve_0,471,0.31404462456703186,0.9166666865348816
l_curve_0,472,0.31404945254325867,0.9166666865348816
l_curve_0,473,0.31403300166130066,0.9166666865348816
l_curve_0,474,0.3139960467815399,0.9166666865348816
l_curve_0,475,0.31393131613731384,0.9166666865348816
l_curve_0,476,0.3139060437679291,0.9166666865348816
l_curve_0,477,0.31394603848457336,0.9166666865348816
l_curve_0,478,0.31390640139579773,0.9166666865348816
l_curve_0,479,0.31389668583869934,0.9166666865348816
l_curve_0,480,0.31386855244636536,0.9166666865348816
l_curve_0,481,0.31382572650909424,0.9166666865348816
l_curve_0,482,0.31385937333106995,0.9166666865348816
l_curve_0,483,0.3138742744922638,0.9166666865348816
l_curve_0,484,0.31386598944664,0.9166666865348816
l_curve_0,485,0.31385520100593567,0.9166666865348816
l_curve_0,486,0.3138270676136017,0.9166666865348816
l_curve_0,487,0.3137802183628082,0.9166666865348816
l_curve_0,488,0.31377601623535156,0.9166666865348816
l_curve_0,489,0.3137829601764679,0.9166666865348816
l_curve_0,490,0.313766747713089,0.9166666865348816
l_curve_0,491,0.3137754797935486,0.9166666865348816
l_curve_0,492,0.31377705931663513,0.9166666865348816
l_curve_0,493,0.3136996328830719,0.9166666865348816
l_curve_0,494,0.3137155771255493,0.9166666865348816
l_curve_0,495,0.31372806429862976,0.9166666865348816
l_curve_0,496,0.3137335479259491,0.9166666865348816
l_curve_0,497,0.3136986494064331,0.9166666865348816
l_curve_0,498,0.31369614601135254,0.9166666865348816
l_curve_0,499,0.31364405155181885,0.9166666865348816
l_curve_0,500,0.3136439323425293,0.9166666865348816
l_curve_0,501,0.31360292434692383,0.9166666865348816
l_curve_0,502,0.3136187791824341,0.9166666865348816
l_curve_0,503,0.31363052129745483,0.9166666865348816
l_curve_0,504,0.31366369128227234,0.9166666865348816
l_curve_0,505,0.31365981698036194,0.9166666865348816
l_curve_0,506,0.31366798281669617,0.9166666865348816
l_curve_0,507,0.3135850131511688,0.9166666865348816
l_curve_0,508,0.3135702908039093,0.9166666865348816
l_curve_0,509,0.313508540391922,0.9166666865348816
l_curve_0,510,0.3134706914424896,0.9166666865348816
l_curve_0,511,0.3135261833667755,0.9166666865348816
l_curve_0,512,0.31355854868888855,0.9166666865348816
l_curve_0,513,0.3136047422885895,0.9166666865348816
l_curve_0,514,0.3136325776576996,0.9166666865348816
l_curve_0,515,0.3135990798473358,0.9166666865348816
l_curve_0,516,0.3135436475276947,0.9166666865348816
l_curve_0,517,0.31351402401924133,0.9166666865348816
l_curve_0,518,0.31341803073883057,0.9166666865348816
l_curve_0,519,0.31345969438552856,0.9166666865348816
l_curve_0,520,0.31342995166778564,0.9166666865348816
l_curve_0,521,0.31342819333076477,0.9166666865348816
l_curve_0,522,0.3134671449661255,0.9166666865348816
l_curve_0,523,0.31345894932746887,0.9166666865348816
l_curve_0,524,0.31349319219589233,0.9166666865348816
l_curve_0,525,0.313491553068161,0.9166666865348816
l_curve_0,526,0.31348416209220886,0.9166666865348816
l_curve_0,527,0.3133932650089264,0.9166666865348816
l_curve_0,528,0.31335434317588806,0.9166666865348816
l_curve_0,529,0.31333255767822266,0.9166666865348816
l_curve_0,530,0.31331419944763184,0.9166666865348816
l_curve_0,531,0.3133097290992737,0.9166666865348816
l_curve_0,532,0.31335175037384033,0.9166666865348816
l_curve_0,533,0.31337425112724304,0.9166666865348816
l_curve_0,534,0.31342414021492004,0.9166666865348816
l_curve_0,535,0.31339845061302185,0.9166666865348816
l_curve_0,536,0.3134094178676605,0.9166666865348816
l_curve_0,537,0.3133872449398041,0.9166666865348816
l_curve_0,538,0.3133193552494049,0.9166666865348816
l_curve_0,539,0.3132579028606415,0.9166666865348816
l_curve_0,540,0.3132829964160919,0.9166666865348816
l_curve_0,541,0.31328263878822327,0.9166666865348816
l_curve_0,542,0.3133070766925812,0.9166666865348816
l_curve_0,543,0.31328171491622925,0.9166666865348816
l_curve_0,544,0.3132493495941162,0.9166666865348816
l_curve_0,545,0.31329259276390076,0.9166666865348816
l_curve_0,546,0.31329968571662903,0.9166666865348816
l_curve_0,547,0.31328317523002625,0.9166666865348816
l_curve_0,548,0.31332162022590637,0.9166666865348816
l_curve_0,549,0.31333306431770325,0.9166666865348816
l_curve_0,550,0.31333619356155396,0.9166666865348816
l_curve_0,551,0.31326165795326233,0.9166666865348816
l_curve_0,552,0.3133653402328491,0.9166666865348816
l_curve_0,553,0.313340425491333,0.9166666865348816
l_curve_0,554,0.3133426904678345,0.9166666865348816
l_curve_0,555,0.3133741319179535,0.9166666865348816
l_curve_0,556,0.3133420944213867,0.9166666865348816
l_curve_0,557,0.31332504749298096,0.9166666865348816
l_curve_0,558,0.31331685185432434,0.9166666865348816
l_curve_0,559,0.3133019208908081,0.9166666865348816
l_curve_0,560,0.3133154809474945,0.9166666865348816
l_curve_0,561,0.3132201135158539,0.9166666865348816
l_curve_0,562,0.3132292926311493,0.9166666865348816
l_curve_0,563,0.31321945786476135,0.9166666865348816
l_curve_0,564,0.3132105767726898,0.9166666865348816
l_curve_0,565,0.3132545053958893,0.9166666865348816
l_curve_0,566,0.313181608915329,0.9166666865348816
l_curve_0,567,0.31321948766708374,0.9166666865348816
l_curve_0,568,0.3131996691226959,0.9166666865348816
l_curve_0,569,0.31315770745277405,0.9166666865348816
l_curve_0,570,0.3132229149341583,0.9166666865348816
l_curve_0,571,0.3132108449935913,0.9166666865348816
l_curve_0,572,0.31322726607322693,0.9166666865348816
l_curve_0,573,0.31315624713897705,0.9166666865348816
l_curve_0,574,0.3131195306777954,0.9166666865348816
l_curve_0,575,0.31309762597084045,0.9166666865348816
l_curve_0,576,0.3130964934825897,0.9166666865348816
l_curve_0,577,0.31309202313423157,0.9166666865348816
l_curve_0,578,0.31316033005714417,0.9166666865348816
l_curve_0,579,0.3131193518638611,0.9166666865348816
l_curve_0,580,0.3131139278411865,0.9166666865348816
l_curve_0,581,0.3130969703197479,0.9166666865348816
l_curve_0,582,0.31312882900238037,0.9166666865348816
l_curve_0,583,0.31313356757164,0.9166666865348816
l_curve_0,584,0.31310251355171204,0.9166666865348816
l_curve_0,585,0.3131220042705536,0.9166666865348816
l_curve_0,586,0.3131474256515503,0.9166666865348816
l_curve_0,587,0.3131994605064392,0.9166666865348816
l_curve_0,588,0.313250333070755,0.9166666865348816
l_curve_0,589,0.31321606040000916,0.9166666865348816
l_curve_0,590,0.3131943643093109,0.9166666865348816
l_curve_0,591,0.31320422887802124,0.9166666865348816
l_curve_0,592,0.3131755292415619,0.9166666865348816
l_curve_0,593,0.31314817070961,0.9166666865348816
l_curve_0,594,0.3131274878978729,0.9166666865348816
l_curve_0,595,0.3131442368030548,0.9166666865348816
l_curve_0,596,0.31317609548568726,0.9166666865348816
l_curve_0,597,0.3131325840950012,0.9166666865348816
l_curve_0,598,0.31304672360420227,0.9166666865348816
l_curve_0,599,0.3131295144557953,0.9166666865348816
l_curve_0,600,0.3131572902202606,0.9166666865348816
l_curve_0,601,0.31314516067504883,0.9166666865348816
l_curve_0,602,0.3131633996963501,0.9166666865348816
l_curve_0,603,0.3131990134716034,0.9166666865348816
l_curve_0,604,0.313205361366272,0.9166666865348816
l_curve_0,605,0.3131829500198364,0.9166666865348816
l_curve_0,606,0.31318292021751404,0.9166666865348816
l_curve_0,607,0.3131338059902191,0.9166666865348816
l_curve_0,608,0.3131505250930786,0.9166666865348816
l_curve_0,609,0.31315863132476807,0.9166666865348816
l_curve_0,610,0.3131836950778961,0.9166666865348816
l_curve_0,611,0.31317564845085144,0.9166666865348816
l_curve_0,612,0.3132173717021942,0.9166666865348816
l_curve_0,613,0.3131905198097229,0.9166666865348816
l_curve_0,614,0.3131881356239319,0.9166666865348816
l_curve_0,615,0.3131907880306244,0.9166666865348816
l_curve_0,616,0.313200443983078,0.9166666865348816
l_curve_0,617,0.31318819522857666,0.9166666865348816
l_curve_0,618,0.31315216422080994,0.9166666865348816
l_curve_0,619,0.3131236732006073,0.9166666865348816
l_curve_0,620,0.3131059408187866,0.9166666865348816
l_curve_0,621,0.31306377053260803,0.9166666865348816
l_curve_0,622,0.31304940581321716,0.9166666865348816
l_curve_0,623,0.31308332085609436,0.9166666865348816
l_curve_0,624,0.31304654479026794,0.9166666865348816
l_curve_0,625,0.3130744397640228,0.9166666865348816
l_curve_0,626,0.3130374848842621,0.9166666865348816
l_curve_0,627,0.3130982518196106,0.9166666865348816
l_curve_0,628,0.31306660175323486,0.9166666865348816
l_curve_0,629,0.3130931556224823,0.9166666865348816
l_curve_0,630,0.3131369948387146,0.9166666865348816
l_curve_0,631,0.3131808340549469,0.9166666865348816
l_curve_0,632,0.31321224570274353,0.9166666865348816
l_curve_0,633,0.31315919756889343,0.9166666865348816
l_curve_0,634,0.31315329670906067,0.9166666865348816
l_curve_0,635,0.31321802735328674,0.9166666865348816
l_curve_0,636,0.31321701407432556,0.9166666865348816
l_curve_0,637,0.3132238984107971,0.9166666865348816
l_curve_0,638,0.31324461102485657,0.9166666865348816
l_curve_0,639,0.3131338059902191,0.9166666865348816
l_curve_0,640,0.31312018632888794,0.9166666865348816
l_curve_0,641,0.31307265162467957,0.9166666865348816
l_curve_0,642,0.3130597174167633,0.9166666865348816
l_curve_0,643,0.31311213970184326,0.9166666865348816
l_curve_0,644,0.31310510635375977,0.9166666865348816
l_curve_0,645,0.31313371658325195,0.9166666865348816
l_curve_0,646,0.31320223212242126,0.9166666865348816
l_curve_0,647,0.31319931149482727,0.9166666865348816
l_curve_0,648,0.3131103813648224,0.9166666865348816
l_curve_0,649,0.3131429851055145,0.9166666865348816
l_curve_0,650,0.31315216422080994,0.9166666865348816
l_curve_0,651,0.31313735246658325,0.9166666865348816
l_curve_0,652,0.3131444752216339,0.9166666865348816
l_curve_0,653,0.31319093704223633,0.9166666865348816
l_curve_0,654,0.3131449520587921,0.9166666865348816
l_curve_0,655,0.3130987882614136,0.9166666865348816
l_curve_0,656,0.31304383277893066,0.9166666865348816
l_curve_0,657,0.31304576992988586,0.9166666865348816
l_curve_0,658,0.31308868527412415,0.9166666865348816
l_curve_0,659,0.31315886974334717,0.9166666865348816
l_curve_0,660,0.31320783495903015,0.9166666865348816
l_curve_0,661,0.3131919801235199,0.9166666865348816
l_curve_0,662,0.313233882188797,0.9166666865348816
l_curve_0,663,0.31327447295188904,0.9166666865348816
l_curve_0,664,0.3132533133029938,0.9166666865348816
l_curve_0,665,0.3132186830043793,0.9166666865348816
l_curve_0,666,0.313200980424881,0.9166666865348816
l_curve_0,667,0.3131767213344574,0.9166666865348816
l_curve_0,668,0.3132227659225464,0.9166666865348816
l_curve_0,669,0.31324487924575806,0.9166666865348816
l_curve_0,670,0.3132617175579071,0.9166666865348816
l_curve_0,671,0.313224196434021,0.9166666865348816
l_curve_0,672,0.3131903409957886,0.9166666865348816
l_curve_0,673,0.3131832778453827,0.9166666865348816
l_curve_0,674,0.3131782114505768,0.9166666865348816
l_curve_0,675,0.313192218542099,0.9166666865348816
l_curve_0,676,0.313165545463562,0.9166666865348816
l_curve_0,677,0.3131594955921173,0.9166666865348816
l_curve_0,678,0.31314924359321594,0.9166666865348816
l_curve_0,679,0.31316283345222473,0.9166666865348816
l_curve_0,680,0.3131774961948395,0.9166666865348816
l_curve_0,681,0.3132236897945404,0.9166666865348816
l_curve_0,682,0.3132239580154419,0.9166666865348816
l_curve_0,683,0.31327012181282043,0.9166666865348816
l_curve_0,684,0.3133174479007721,0.9166666865348816
l_curve_0,685,0.3133062720298767,0.9166666865348816
l_curve_0,686,0.3133073151111603,0.9166666865348816
l_curve_0,687,0.31330397725105286,0.9166666865348816
l_curve_0,688,0.31327757239341736,0.9166666865348816
l_curve_0,689,0.3132440745830536,0.9166666865348816
l_curve_0,690,0.31320634484291077,0.9166666865348816
l_curve_0,691,0.31322360038757324,0.9166666865348816
l_curve_0,692,0.31332382559776306,0.9166666865348816
l_curve_0,693,0.3133641183376312,0.9166666865348816
l_curve_0,694,0.3132849633693695,0.9166666865348816
l_curve_0,695,0.31325432658195496,0.9166666865348816
l_curve_0,696,0.3132692277431488,0.9166666865348816
l_curve_0,697,0.31327852606773376,0.9166666865348816
l_curve_0,698,0.3132578432559967,0.9166666865348816
l_curve_0,699,0.3132621645927429,0.9166666865348816
l_curve_0,700,0.3132762014865875,0.9166666865348816
l_curve_0,701,0.31329476833343506,0.9166666865348816
l_curve_0,702,0.3133171796798706,0.9166666865348816
l_curve_0,703,0.3133297264575958,0.9166666865348816
l_curve_0,704,0.3133458197116852,0.9166666865348816
l_curve_0,705,0.3133561909198761,0.9166666865348816
l_curve_0,706,0.31327322125434875,0.9166666865348816
l_curve_0,707,0.3133094310760498,0.9166666865348816
l_curve_0,708,0.3133000135421753,0.9166666865348816
l_curve_0,709,0.31334400177001953,0.9166666865348816
l_curve_0,710,0.3133985102176666,0.9166666865348816
l_curve_0,711,0.31339722871780396,0.9166666865348816
l_curve_0,712,0.31337952613830566,0.9166666865348816
l_curve_0,713,0.31340667605400085,0.9166666865348816
l_curve_0,714,0.31334054470062256,0.9166666865348816
l_curve_0,715,0.3133626878261566,0.9166666865348816
l_curve_0,716,0.3133343458175659,0.9166666865348816
l_curve_0,717,0.3133995831012726,0.9166666865348816
l_curve_0,718,0.313385933637619,0.9166666865348816
l_curve_0,719,0.3133634030818939,0.9166666865348816
l_curve_0,720,0.31335926055908203,0.9166666865348816
l_curve_0,721,0.313387006521225,0.9166666865348816
l_curve_0,722,0.3133809268474579,0.9166666865348816
l_curve_0,723,0.3133096992969513,0.9166666865348816
l_curve_0,724,0.31342601776123047,0.9166666865348816
l_curve_0,725,0.3134632408618927,0.9166666865348816
l_curve_0,726,0.3134494423866272,0.9166666865348816
l_curve_0,727,0.31344074010849,0.9166666865348816
l_curve_0,728,0.31346261501312256,0.9166666865348816
l_curve_0,729,0.3134209215641022,0.9166666865348816
l_curve_0,730,0.3133944571018219,0.9166666865348816
l_curve_0,731,0.3134232759475708,0.9166666865348816
l_curve_0,732,0.31341391801834106,0.9166666865348816
l_curve_0,733,0.3134695589542389,0.9166666865348816
l_curve_0,734,0.3134503662586212,0.9166666865348816
l_curve_0,735,0.3134280741214752,0.9166666865348816
l_curve_0,736,0.31348344683647156,0.9166666865348816
l_curve_0,737,0.31344568729400635,0.9166666865348816
l_curve_0,738,0.31344935297966003,0.9166666865348816
l_curve_0,739,0.3134271204471588,0.9166666865348816
l_curve_0,740,0.31341204047203064,0.9166666865348816
l_curve_0,741,0.31338226795196533,0.9166666865348816
l_curve_0,742,0.31337201595306396,0.9166666865348816
l_curve_0,743,0.3134239912033081,0.9166666865348816
l_curve_0,744,0.313463419675827,0.9166666865348816
l_curve_0,745,0.31344544887542725,0.9166666865348816
l_curve_0,746,0.31348034739494324,0.9166666865348816
l_curve_0,747,0.3134393095970154,0.9166666865348816
l_curve_0,748,0.3134651184082031,0.9166666865348816
l_curve_0,749,0.31347784399986267,0.9166666865348816
l_curve_0,750,0.31348153948783875,0.9166666865348816
l_curve_0,751,0.3135043680667877,0.9166666865348816
l_curve_0,752,0.31355538964271545,0.9166666865348816
l_curve_0,753,0.3136053681373596,0.9166666865348816
l_curve_0,754,0.3135404586791992,0.9166666865348816
l_curve_0,755,0.3134863078594208,0.9166666865348816
l_curve_0,756,0.31348422169685364,0.9166666865348816
l_curve_0,757,0.3135140836238861,0.9166666865348816
l_curve_0,758,0.3135318458080292,0.9166666865348816
l_curve_0,759,0.31349846720695496,0.9166666865348816
l_curve_0,760,0.3135151267051697,0.9166666865348816
l_curve_0,761,0.3134397566318512,0.9166666865348816
l_curve_0,762,0.31343874335289,0.9166666865348816
l_curve_0,763,0.3134835660457611,0.9166666865348816
l_curve_0,764,0.3135799467563629,0.9166666865348816
l_curve_0,765,0.31359222531318665,0.9166666865348816
l_curve_0,766,0.3135993182659149,0.9166666865348816
l_curve_0,767,0.31362470984458923,0.9166666865348816
l_curve_0,768,0.3135906159877777,0.9166666865348816
l_curve_0,769,0.313585489988327,0.9166666865348816
l_curve_0,770,0.31358855962753296,0.9166666865348816
l_curve_0,771,0.31358304619789124,0.9166666865348816
l_curve_0,772,0.3136396110057831,0.9166666865348816
l_curve_0,773,0.31365707516670227,0.9166666865348816
l_curve_0,774,0.31367242336273193,0.9166666865348816
l_curve_0,775,0.31360068917274475,0.9166666865348816
l_curve_0,776,0.3136293888092041,0.9166666865348816
l_curve_0,777,0.3135819435119629,0.9166666865348816
l_curve_0,778,0.31364205479621887,0.9166666865348816
l_curve_0,779,0.31372150778770447,0.9166666865348816
l_curve_0,780,0.3136920630931854,0.9166666865348816
l_curve_0,781,0.31375959515571594,0.9166666865348816
l_curve_0,782,0.3137216866016388,0.9166666865348816
l_curve_0,783,0.3137100636959076,0.9166666865348816
l_curve_0,784,0.3136496841907501,0.9166666865348816
l_curve_0,785,0.31365469098091125,0.9166666865348816
l_curve_0,786,0.3136822283267975,0.9166666865348816
l_curve_0,787,0.3136879503726959,0.9166666865348816
l_curve_0,788,0.3136225640773773,0.9166666865348816
l_curve_0,789,0.3136542737483978,0.9166666865348816
l_curve_0,790,0.31363362073898315,0.9166666865348816
l_curve_0,791,0.3136509954929352,0.9166666865348816
l_curve_0,792,0.3136552572250366,0.9166666865348816
l_curve_0,793,0.31375864148139954,0.9166666865348816
l_curve_0,794,0.31371834874153137,0.9166666865348816
l_curve_0,795,0.31367745995521545,0.9166666865348816
l_curve_0,796,0.3137025535106659,0.9166666865348816
l_curve_0,797,0.3137541115283966,0.9166666865348816
l_curve_0,798,0.3137401044368744,0.9166666865348816
l_curve_0,799,0.31369343400001526,0.9166666865348816
l_curve_0,800,0.31363728642463684,0.9166666865348816
l_curve_0,801,0.3137427866458893,0.9166666865348816
l_curve_0,802,0.31377294659614563,0.9166666865348816
l_curve_0,803,0.31374722719192505,0.9166666865348816
l_curve_0,804,0.31368717551231384,0.9166666865348816
l_curve_0,805,0.31372424960136414,0.9166666865348816
l_curve_0,806,0.31372538208961487,0.9166666865348816
l_curve_0,807,0.31378456950187683,0.9166666865348816
l_curve_0,808,0.3138359785079956,0.9166666865348816
l_curve_0,809,0.31376898288726807,0.9166666865348816
l_curve_0,810,0.31374576687812805,0.9166666865348816
l_curve_0,811,0.31371983885765076,0.9166666865348816
l_curve_0,812,0.3137769401073456,0.9166666865348816
l_curve_0,813,0.3137846887111664,0.9166666865348816
l_curve_0,814,0.3138261139392853,0.9166666865348816
l_curve_0,815,0.3138633072376251,0.9166666865348816
l_curve_0,816,0.31391382217407227,0.9166666865348816
l_curve_0,817,0.3139214515686035,0.9166666865348816
l_curve_0,818,0.31392577290534973,0.9166666865348816
l_curve_0,819,0.3139117956161499,0.9166666865348816
l_curve_0,820,0.31392741203308105,0.9166666865348816
l_curve_0,821,0.3139410614967346,0.9166666865348816
l_curve_0,822,0.3139130771160126,0.9166666865348816
l_curve_0,823,0.3138982951641083,0.9166666865348816
l_curve_0,824,0.3139573037624359,0.9166666865348816
l_curve_0,825,0.314029723405838,0.9166666865348816
l_curve_0,826,0.3140227198600769,0.9166666865348816
l_curve_0,827,0.3139171302318573,0.9166666865348816
l_curve_0,828,0.3139221668243408,0.9166666865348816
l_curve_0,829,0.3139019012451172,0.9166666865348816
l_curve_0,830,0.31384095549583435,0.9166666865348816
l_curve_0,831,0.31389084458351135,0.9166666865348816
l_curve_0,832,0.313804030418396,0.9166666865348816
l_curve_0,833,0.313793420791626,0.9166666865348816
l_curve_0,834,0.31385019421577454,0.9166666865348816
l_curve_0,835,0.31381455063819885,0.9166666865348816
l_curve_0,836,0.313874214887619,0.9166666865348816
l_curve_0,837,0.31392472982406616,0.9166666865348816
l_curve_0,838,0.31394460797309875,0.9166666865348816
l_curve_0,839,0.3139786422252655,0.9166666865348816
l_curve_0,840,0.3139684498310089,0.9166666865348816
l_curve_0,841,0.3139522075653076,0.9166666865348816
l_curve_0,842,0.31390175223350525,0.9166666865348816
l_curve_0,843,0.3139513432979584,0.9166666865348816
l_curve_0,844,0.31396639347076416,0.9166666865348816
l_curve_0,845,0.3139513432979584,0.9166666865348816
l_curve_0,846,0.31400611996650696,0.9166666865348816
l_curve_0,847,0.31397977471351624,0.9166666865348816
l_curve_0,848,0.31404200196266174,0.9166666865348816
l_curve_0,849,0.3140200674533844,0.9166666865348816
l_curve_0,850,0.3140486478805542,0.9166666865348816
l_curve_0,851,0.31408414244651794,0.9166666865348816
l_curve_0,852,0.3140597641468048,0.9166666865348816
l_curve_0,853,0.31413033604621887,0.9166666865348816
l_curve_0,854,0.31414470076560974,0.9166666865348816
l_curve_0,855,0.3140910267829895,0.9166666865348816
l_curve_0,856,0.3140677213668823,0.9166666865348816
l_curve_0,857,0.3140449821949005,0.9166666865348816
l_curve_0,858,0.3140643537044525,0.9166666865348816
l_curve_0,859,0.3140660226345062,0.9166666865348816
l_curve_0,860,0.31412091851234436,0.9166666865348816
l_curve_0,861,0.31403014063835144,0.9166666865348816
l_curve_0,862,0.3140539824962616,0.9166666865348816
l_curve_0,863,0.3140498697757721,0.9166666865348816
l_curve_0,864,0.3140579164028168,0.9166666865348816
l_curve_0,865,0.31415095925331116,0.9166666865348816
l_curve_0,866,0.31406673789024353,0.9166666865348816
l_curve_0,867,0.31413376331329346,0.9166666865348816
l_curve_0,868,0.3141288459300995,0.9166666865348816
l_curve_0,869,0.31420621275901794,0.9166666865348816
l_curve_0,870,0.3141733407974243,0.9166666865348816
l_curve_0,871,0.314169317483902,0.9166666865348816
l_curve_0,872,0.3141463100910187,0.9166666865348816
l_curve_0,873,0.3140736222267151,0.9166666865348816
l_curve_0,874,0.31410905718803406,0.9166666865348816
l_curve_0,875,0.3140740692615509,0.9166666865348816
l_curve_0,876,0.3141016960144043,0.9166666865348816
l_curve_0,877,0.3141883909702301,0.9166666865348816
l_curve_0,878,0.31423887610435486,0.9166666865348816
l_curve_0,879,0.31427499651908875,0.9166666865348816
l_curve_0,880,0.3142631947994232,0.9166666865348816
l_curve_0,881,0.31425508856773376,0.9166666865348816
l_curve_0,882,0.3142533004283905,0.9166666865348816
l_curve_0,883,0.3142716884613037,0.9166666865348816
l_curve_0,884,0.31429752707481384,0.9166666865348816
l_curve_0,885,0.3143385052680969,0.9166666865348816
l_curve_0,886,0.3142909109592438,0.9166666865348816
l_curve_0,887,0.3143019676208496,0.9166666865348816
l_curve_0,888,0.31424930691719055,0.9166666865348816
l_curve_0,889,0.31421342492103577,0.9166666865348816
l_curve_0,890,0.31422117352485657,0.9166666865348816
l_curve_0,891,0.3142373263835907,0.9166666865348816
l_curve_0,892,0.31420794129371643,0.9166666865348816
l_curve_0,893,0.314238578081131,0.9166666865348816
l_curve_0,894,0.3142705261707306,0.9166666865348816
l_curve_0,895,0.31428515911102295,0.9166666865348816
l_curve_0,896,0.314191609621048,0.9166666865348816
l_curve_0,897,0.3142562806606293,0.9166666865348816
l_curve_0,898,0.314247190952301,0.9166666865348816
l_curve_0,899,0.3142845332622528,0.9166666865348816
l_curve_0,900,0.31427302956581116,0.9166666865348816
l_curve_0,901,0.3142581284046173,0.9166666865348816
l_curve_0,902,0.31428489089012146,0.9166666865348816
l_curve_0,903,0.314263254404068,0.9166666865348816
l_curve_0,904,0.31429725885391235,0.9166666865348816
l_curve_0,905,0.3143098056316376,0.9166666865348816
l_curve_0,906,0.3142845034599304,0.9166666865348816
l_curve_0,907,0.31430044770240784,0.9166666865348816
l_curve_0,908,0.31437158584594727,0.9166666865348816
l_curve_0,909,0.3143850266933441,0.9166666865348816
l_curve_0,910,0.3143457770347595,0.9166666865348816
l_curve_0,911,0.3143550157546997,0.9166666865348816
l_curve_0,912,0.31438860297203064,0.9166666865348816
l_curve_0,913,0.31449270248413086,0.9166666865348816
l_curve_0,914,0.31447261571884155,0.9166666865348816
l_curve_0,915,0.314445823431015,0.9166666865348816
l_curve_0,916,0.31446564197540283,0.9166666865348816
l_curve_0,917,0.3144608438014984,0.9166666865348816
l_curve_0,918,0.3144585192203522,0.9166666865348816
l_curve_0,919,0.31447145342826843,0.9166666865348816
l_curve_0,920,0.3145310878753662,0.9166666865348816
l_curve_0,921,0.3145533800125122,0.9166666865348816
l_curve_0,922,0.3145918846130371,0.9166666865348816
l_curve_0,923,0.3144904673099518,0.9166666865348816
l_curve_0,924,0.3145112693309784,0.9166666865348816
l_curve_0,925,0.3144615590572357,0.9166666865348816
l_curve_0,926,0.3144735097885132,0.9166666865348816
l_curve_0,927,0.3144625723361969,0.9166666865348816
l_curve_0,928,0.31448113918304443,0.9166666865348816
l_curve_0,929,0.31449541449546814,0.9166666865348816
l_curve_0,930,0.31446632742881775,0.9166666865348816
l_curve_0,931,0.31447091698646545,0.9166666865348816
l_curve_0,932,0.3144008219242096,0.9166666865348816
l_curve_0,933,0.314426064491272,0.9166666865348816
l_curve_0,934,0.3144162595272064,0.9166666865348816
l_curve_0,935,0.31444236636161804,0.9166666865348816
l_curve_0,936,0.3144506514072418,0.9166666865348816
l_curve_0,937,0.3144882619380951,0.9166666865348816
l_curve_0,938,0.3144693672657013,0.9166666865348816
l_curve_0,939,0.31450578570365906,0.9166666865348816
l_curve_0,940,0.3145385682582855,0.9166666865348816
l_curve_0,941,0.3145640790462494,0.9166666865348816
l_curve_0,942,0.3145637810230255,0.9166666865348816
l_curve_0,943,0.31453922390937805,0.9166666865348816
l_curve_0,944,0.31454989314079285,0.9166666865348816
l_curve_0,945,0.3145543336868286,0.9166666865348816
l_curve_0,946,0.31454113125801086,0.9166666865348816
l_curve_0,947,0.3145815432071686,0.9166666865348816
l_curve_0,948,0.314581960439682,0.9166666865348816
l_curve_0,949,0.3146096169948578,0.9166666865348816
l_curve_0,950,0.3146142065525055,0.9166666865348816
l_curve_0,951,0.3146422803401947,0.9166666865348816
l_curve_0,952,0.3145860731601715,0.9166666865348816
l_curve_0,953,0.314607173204422,0.9166666865348816
l_curve_0,954,0.3145720660686493,0.9166666865348816
l_curve_0,955,0.3145677149295807,0.9166666865348816
l_curve_0,956,0.3145798146724701,0.9166666865348816
l_curve_0,957,0.31466975808143616,0.9166666865348816
l_curve_0,958,0.3147346079349518,0.9166666865348816
l_curve_0,959,0.31476500630378723,0.9166666865348816
l_curve_0,960,0.31471124291419983,0.9166666865348816
l_curve_0,961,0.31474098563194275,0.9166666865348816
l_curve_0,962,0.3147089183330536,0.9166666865348816
l_curve_0,963,0.3146592378616333,0.9166666865348816
l_curve_0,964,0.314624160528183,0.9166666865348816
l_curve_0,965,0.31465980410575867,0.9166666865348816
l_curve_0,966,0.3146413266658783,0.9166666865348816
l_curve_0,967,0.3146742880344391,0.9166666865348816
l_curve_0,968,0.3147162199020386,0.9166666865348816
l_curve_0,969,0.3146669864654541,0.9166666865348816
l_curve_0,970,0.31465938687324524,0.9166666865348816
l_curve_0,971,0.31465384364128113,0.9166666865348816
l_curve_0,972,0.31467053294181824,0.9166666865348816
l_curve_0,973,0.3147274851799011,0.9166666865348816
l_curve_0,974,0.3147374093532562,0.9166666865348816
l_curve_0,975,0.31473100185394287,0.9166666865348816
l_curve_0,976,0.31477195024490356,0.9166666865348816
l_curve_0,977,0.3147326707839966,0.9166666865348816
l_curve_0,978,0.3147107660770416,0.9166666865348816
l_curve_0,979,0.31470486521720886,0.9166666865348816
l_curve_0,980,0.3146723508834839,0.9166666865348816
l_curve_0,981,0.31470736861228943,0.9166666865348816
l_curve_0,982,0.31475722789764404,0.9166666865348816
l_curve_0,983,0.3146519660949707,0.9166666865348816
l_curve_0,984,0.3146601915359497,0.9166666865348816
l_curve_0,985,0.3146633803844452,0.9166666865348816
l_curve_0,986,0.31470945477485657,0.9166666865348816
l_curve_0,987,0.3147678077220917,0.9166666865348816
l_curve_0,988,0.31482288241386414,0.9166666865348816
l_curve_0,989,0.31490558385849,0.9166666865348816
l_curve_0,990,0.314890056848526,0.9166666865348816
l_curve_0,991,0.3149007260799408,0.9166666865348816
l_curve_0,992,0.3148413598537445,0.9166666865348816
l_curve_0,993,0.31480950117111206,0.9166666865348816
l_curve_0,994,0.3148059546947479,0.9166666865348816
l_curve_0,995,0.3148440718650818,0.9166666865348816
l_curve_0,996,0.3148694336414337,0.9166666865348816
l_curve_0,997,0.3148406445980072,0.9166666865348816
l_curve_0,998,0.3148419260978699,0.9166666865348816
l_curve_0,999,0.3148573935031891,0.9166666865348816
l_curve_0,1000,0.3148011267185211,0.9166666865348816
l_curve_0,1000,0.3148011267185211,0.9166666865348816
