client,round,loss,accuracy
l_curve_4,1,0.9622915983200073,0.095238097012043
l_curve_4,2,0.9306978583335876,0.095238097012043
l_curve_4,3,0.9015728831291199,0.095238097012043
l_curve_4,4,0.8744170069694519,0.095238097012043
l_curve_4,5,0.8487436175346375,0.095238097012043
l_curve_4,6,0.8247092962265015,0.1428571492433548
l_curve_4,7,0.8022265434265137,0.3333333432674408
l_curve_4,8,0.7806602716445923,0.3333333432674408
l_curve_4,9,0.7602785229682922,0.3333333432674408
l_curve_4,10,0.7410815358161926,0.3333333432674408
l_curve_4,11,0.7224564552307129,0.3333333432674408
l_curve_4,12,0.7049859166145325,0.3333333432674408
l_curve_4,13,0.6880767345428467,0.3333333432674408
l_curve_4,14,0.6717486381530762,0.4285714328289032
l_curve_4,15,0.6564379930496216,0.6190476417541504
l_curve_4,16,0.6418262720108032,0.6666666865348816
l_curve_4,17,0.6275375485420227,0.7142857313156128
l_curve_4,18,0.6137645840644836,0.761904776096344
l_curve_4,19,0.6005252599716187,0.761904776096344
l_curve_4,20,0.5883854031562805,0.761904776096344
l_curve_4,21,0.5765913128852844,0.761904776096344
l_curve_4,22,0.5655849575996399,0.761904776096344
l_curve_4,23,0.5548174977302551,0.761904776096344
l_curve_4,24,0.5445599555969238,0.761904776096344
l_curve_4,25,0.5351302027702332,0.761904776096344
l_curve_4,26,0.5262293219566345,0.761904776096344
l_curve_4,27,0.5175517201423645,0.761904776096344
l_curve_4,28,0.5093691945075989,0.761904776096344
l_curve_4,29,0.5012452006340027,0.761904776096344
l_curve_4,30,0.49359703063964844,0.761904776096344
l_curve_4,31,0.48645472526550293,0.761904776096344
l_curve_4,32,0.47994717955589294,0.761904776096344
l_curve_4,33,0.4738296866416931,0.761904776096344
l_curve_4,34,0.46765854954719543,0.761904776096344
l_curve_4,35,0.46219363808631897,0.761904776096344
l_curve_4,36,0.456815630197525,0.761904776096344
l_curve_4,37,0.4515626132488251,0.8095238208770752
l_curve_4,38,0.4467012286186218,0.8095238208770752
l_curve_4,39,0.4422890245914459,0.8095238208770752
l_curve_4,40,0.43833470344543457,0.8095238208770752
l_curve_4,41,0.4345320761203766,0.8095238208770752
l_curve_4,42,0.43071433901786804,0.8095238208770752
l_curve_4,43,0.42690786719322205,0.8095238208770752
l_curve_4,44,0.4232208728790283,0.8095238208770752
l_curve_4,45,0.4195467531681061,0.8095238208770752
l_curve_4,46,0.41613683104515076,0.8095238208770752
l_curve_4,47,0.41280946135520935,0.8095238208770752
l_curve_4,48,0.4098069369792938,0.8095238208770752
l_curve_4,49,0.4071192145347595,0.8095238208770752
l_curve_4,50,0.4042135775089264,0.8095238208770752
l_curve_4,51,0.40127381682395935,0.8095238208770752
l_curve_4,52,0.3983190655708313,0.8095238208770752
l_curve_4,53,0.3955008089542389,0.8095238208770752
l_curve_4,54,0.39297154545783997,0.8095238208770752
l_curve_4,55,0.390472412109375,0.8095238208770752
l_curve_4,56,0.3878448009490967,0.8095238208770752
l_curve_4,57,0.38541895151138306,0.8095238208770752
l_curve_4,58,0.3828684389591217,0.8095238208770752
l_curve_4,59,0.38001033663749695,0.8095238208770752
l_curve_4,60,0.3777492344379425,0.8095238208770752
l_curve_4,61,0.3754470944404602,0.8095238208770752
l_curve_4,62,0.37334901094436646,0.8095238208770752
l_curve_4,63,0.37107378244400024,0.8095238208770752
l_curve_4,64,0.36880356073379517,0.8095238208770752
l_curve_4,65,0.3665686249732971,0.8095238208770752
l_curve_4,66,0.3642510771751404,0.8095238208770752
l_curve_4,67,0.3619954586029053,0.8095238208770752
l_curve_4,68,0.3600032329559326,0.8095238208770752
l_curve_4,69,0.3581760823726654,0.8095238208770752
l_curve_4,70,0.35603347420692444,0.8095238208770752
l_curve_4,71,0.3542816936969757,0.8095238208770752
l_curve_4,72,0.35258975625038147,0.8095238208770752
l_curve_4,73,0.35061755776405334,0.8095238208770752
l_curve_4,74,0.348681777715683,0.8095238208770752
l_curve_4,75,0.3467698395252228,0.8095238208770752
l_curve_4,76,0.3453179597854614,0.8095238208770752
l_curve_4,77,0.3438442647457123,0.8095238208770752
l_curve_4,78,0.34223756194114685,0.8095238208770752
l_curve_4,79,0.3401995301246643,0.8095238208770752
l_curve_4,80,0.33832594752311707,0.8095238208770752
l_curve_4,81,0.3363790512084961,0.8095238208770752
l_curve_4,82,0.33484527468681335,0.8095238208770752
l_curve_4,83,0.333451509475708,0.8095238208770752
l_curve_4,84,0.33207106590270996,0.8095238208770752
l_curve_4,85,0.33089250326156616,0.8095238208770752
l_curve_4,86,0.329444944858551,0.8095238208770752
l_curve_4,87,0.32785850763320923,0.8571428656578064
l_curve_4,88,0.32636818289756775,0.8571428656578064
l_curve_4,89,0.324866384267807,0.8571428656578064
l_curve_4,90,0.3233188986778259,0.8571428656578064
l_curve_4,91,0.3219791054725647,0.8571428656578064
l_curve_4,92,0.32043516635894775,0.8571428656578064
l_curve_4,93,0.3194144070148468,0.8571428656578064
l_curve_4,94,0.31815412640571594,0.8571428656578064
l_curve_4,95,0.3168138265609741,0.8571428656578064
l_curve_4,96,0.3155640661716461,0.8571428656578064
l_curve_4,97,0.31411224603652954,0.8571428656578064
l_curve_4,98,0.31282466650009155,0.8571428656578064
l_curve_4,99,0.31169581413269043,0.8571428656578064
l_curve_4,100,0.31064435839653015,0.8571428656578064
l_curve_4,101,0.30947256088256836,0.8571428656578064
l_curve_4,102,0.30840593576431274,0.8571428656578064
l_curve_4,103,0.30726900696754456,0.8571428656578064
l_curve_4,104,0.3060232996940613,0.8571428656578064
l_curve_4,105,0.3050057590007782,0.8571428656578064
l_curve_4,106,0.30423635244369507,0.8571428656578064
l_curve_4,107,0.30301347374916077,0.8571428656578064
l_curve_4,108,0.30202147364616394,0.8571428656578064
l_curve_4,109,0.30105242133140564,0.8571428656578064
l_curve_4,110,0.3001098334789276,0.8571428656578064
l_curve_4,111,0.2991301119327545,0.8571428656578064
l_curve_4,112,0.2984166443347931,0.8571428656578064
l_curve_4,113,0.2978506088256836,0.8571428656578064
l_curve_4,114,0.29737168550491333,0.8571428656578064
l_curve_4,115,0.2965999245643616,0.8571428656578064
l_curve_4,116,0.29593634605407715,0.8571428656578064
l_curve_4,117,0.2949881851673126,0.8571428656578064
l_curve_4,118,0.2938980460166931,0.8571428656578064
l_curve_4,119,0.2928233742713928,0.8571428656578064
l_curve_4,120,0.29183775186538696,0.8571428656578064
l_curve_4,121,0.290787935256958,0.8571428656578064
l_curve_4,122,0.2898905873298645,0.8571428656578064
l_curve_4,123,0.2892516851425171,0.8571428656578064
l_curve_4,124,0.28861019015312195,0.8571428656578064
l_curve_4,125,0.2879490256309509,0.8571428656578064
l_curve_4,126,0.28710442781448364,0.8571428656578064
l_curve_4,127,0.28656232357025146,0.8571428656578064
l_curve_4,128,0.2859998643398285,0.8571428656578064
l_curve_4,129,0.28562232851982117,0.8571428656578064
l_curve_4,130,0.2853681147098541,0.8571428656578064
l_curve_4,131,0.2848632335662842,0.8571428656578064
l_curve_4,132,0.2844521701335907,0.8571428656578064
l_curve_4,133,0.28406473994255066,0.8571428656578064
l_curve_4,134,0.28399133682250977,0.8571428656578064
l_curve_4,135,0.28351500630378723,0.8571428656578064
l_curve_4,136,0.28294914960861206,0.8571428656578064
l_curve_4,137,0.28248342871665955,0.8571428656578064
l_curve_4,138,0.2819367051124573,0.8571428656578064
l_curve_4,139,0.2809264063835144,0.8571428656578064
l_curve_4,140,0.28033581376075745,0.8571428656578064
l_curve_4,141,0.27943524718284607,0.8571428656578064
l_curve_4,142,0.2791498601436615,0.8571428656578064
l_curve_4,143,0.2789507806301117,0.8571428656578064
l_curve_4,144,0.2789698541164398,0.8571428656578064
l_curve_4,145,0.2787463068962097,0.8571428656578064
l_curve_4,146,0.27814948558807373,0.8571428656578064
l_curve_4,147,0.2776187062263489,0.8571428656578064
l_curve_4,148,0.27700722217559814,0.8571428656578064
l_curve_4,149,0.27661705017089844,0.8571428656578064
l_curve_4,150,0.2761757969856262,0.8571428656578064
l_curve_4,151,0.27602696418762207,0.8571428656578064
l_curve_4,152,0.27604177594184875,0.8571428656578064
l_curve_4,153,0.2756645381450653,0.8571428656578064
l_curve_4,154,0.27525603771209717,0.8571428656578064
l_curve_4,155,0.2752135097980499,0.8571428656578064
l_curve_4,156,0.2749854028224945,0.8571428656578064
l_curve_4,157,0.2747541069984436,0.8571428656578064
l_curve_4,158,0.2745361328125,0.8571428656578064
l_curve_4,159,0.27432647347450256,0.8571428656578064
l_curve_4,160,0.2741416394710541,0.8571428656578064
l_curve_4,161,0.27375635504722595,0.8571428656578064
l_curve_4,162,0.27346178889274597,0.8571428656578064
l_curve_4,163,0.27320894598960876,0.8571428656578064
l_curve_4,164,0.2728444039821625,0.8571428656578064
l_curve_4,165,0.2725920081138611,0.8571428656578064
l_curve_4,166,0.27237993478775024,0.8571428656578064
l_curve_4,167,0.27215874195098877,0.8571428656578064
l_curve_4,168,0.27191853523254395,0.8571428656578064
l_curve_4,169,0.2716195285320282,0.8571428656578064
l_curve_4,170,0.2710966467857361,0.8571428656578064
l_curve_4,171,0.2707933783531189,0.8571428656578064
l_curve_4,172,0.2705245316028595,0.8571428656578064
l_curve_4,173,0.27029192447662354,0.8571428656578064
l_curve_4,174,0.2701241970062256,0.8571428656578064
l_curve_4,175,0.2699521780014038,0.8571428656578064
l_curve_4,176,0.2696286141872406,0.8571428656578064
l_curve_4,177,0.26966342329978943,0.8571428656578064
l_curve_4,178,0.26970982551574707,0.8571428656578064
l_curve_4,179,0.269565224647522,0.8571428656578064
l_curve_4,180,0.2691965699195862,0.8571428656578064
l_curve_4,181,0.26876989006996155,0.8571428656578064
l_curve_4,182,0.26887986063957214,0.8571428656578064
l_curve_4,183,0.2688453495502472,0.8571428656578064
l_curve_4,184,0.2685384154319763,0.8571428656578064
l_curve_4,185,0.26850390434265137,0.8571428656578064
l_curve_4,186,0.2684456706047058,0.8571428656578064
l_curve_4,187,0.268632709980011,0.8571428656578064
l_curve_4,188,0.2684215307235718,0.8571428656578064
l_curve_4,189,0.2682850658893585,0.8571428656578064
l_curve_4,190,0.26800596714019775,0.8571428656578064
l_curve_4,191,0.2677377164363861,0.8571428656578064
l_curve_4,192,0.26760315895080566,0.8571428656578064
l_curve_4,193,0.2675749361515045,0.8571428656578064
l_curve_4,194,0.2676813304424286,0.8571428656578064
l_curve_4,195,0.26800912618637085,0.8571428656578064
l_curve_4,196,0.26799288392066956,0.8571428656578064
l_curve_4,197,0.26782602071762085,0.8571428656578064
l_curve_4,198,0.2676662504673004,0.8571428656578064
l_curve_4,199,0.26740679144859314,0.8571428656578064
l_curve_4,200,0.26693424582481384,0.8571428656578064
l_curve_4,201,0.2665136754512787,0.8571428656578064
l_curve_4,202,0.2663290500640869,0.8571428656578064
l_curve_4,203,0.26611432433128357,0.8571428656578064
l_curve_4,204,0.2659587562084198,0.8571428656578064
l_curve_4,205,0.26577916741371155,0.8571428656578064
l_curve_4,206,0.26575177907943726,0.8571428656578064
l_curve_4,207,0.26572540402412415,0.8571428656578064
l_curve_4,208,0.2658175826072693,0.8571428656578064
l_curve_4,209,0.2656957507133484,0.8571428656578064
l_curve_4,210,0.26544901728630066,0.8571428656578064
l_curve_4,211,0.26543140411376953,0.8571428656578064
l_curve_4,212,0.2654002010822296,0.8571428656578064
l_curve_4,213,0.2654988765716553,0.8571428656578064
l_curve_4,214,0.2655174434185028,0.8571428656578064
l_curve_4,215,0.26521047949790955,0.8571428656578064
l_curve_4,216,0.26488423347473145,0.8571428656578064
l_curve_4,217,0.2649918496608734,0.8571428656578064
l_curve_4,218,0.2649568021297455,0.8571428656578064
l_curve_4,219,0.2646772265434265,0.8571428656578064
l_curve_4,220,0.2642631530761719,0.8571428656578064
l_curve_4,221,0.2642967998981476,0.8571428656578064
l_curve_4,222,0.26402318477630615,0.8571428656578064
l_curve_4,223,0.26378580927848816,0.8571428656578064
l_curve_4,224,0.26370319724082947,0.8571428656578064
l_curve_4,225,0.263812392950058,0.8571428656578064
l_curve_4,226,0.2639225721359253,0.8571428656578064
l_curve_4,227,0.2640314996242523,0.8571428656578064
l_curve_4,228,0.2641960084438324,0.8571428656578064
l_curve_4,229,0.26440659165382385,0.8571428656578064
l_curve_4,230,0.2642504572868347,0.8571428656578064
l_curve_4,231,0.2639356851577759,0.8571428656578064
l_curve_4,232,0.26367124915122986,0.8571428656578064
l_curve_4,233,0.26332658529281616,0.8571428656578064
l_curve_4,234,0.2632428705692291,0.8571428656578064
l_curve_4,235,0.2631649374961853,0.8571428656578064
l_curve_4,236,0.262961208820343,0.8571428656578064
l_curve_4,237,0.26290133595466614,0.8571428656578064
l_curve_4,238,0.26289692521095276,0.8571428656578064
l_curve_4,239,0.26261666417121887,0.8571428656578064
l_curve_4,240,0.26223114132881165,0.8571428656578064
l_curve_4,241,0.2618105113506317,0.8571428656578064
l_curve_4,242,0.26184019446372986,0.8571428656578064
l_curve_4,243,0.2620178163051605,0.8571428656578064
l_curve_4,244,0.2621760368347168,0.8571428656578064
l_curve_4,245,0.26216450333595276,0.8571428656578064
l_curve_4,246,0.2619922161102295,0.8571428656578064
l_curve_4,247,0.2617661952972412,0.8571428656578064
l_curve_4,248,0.2614470422267914,0.8571428656578064
l_curve_4,249,0.26117509603500366,0.8571428656578064
l_curve_4,250,0.261235773563385,0.8571428656578064
l_curve_4,251,0.2611141800880432,0.8571428656578064
l_curve_4,252,0.2610321640968323,0.8571428656578064
l_curve_4,253,0.2607295513153076,0.8571428656578064
l_curve_4,254,0.2604794502258301,0.8571428656578064
l_curve_4,255,0.26040348410606384,0.8571428656578064
l_curve_4,256,0.26020723581314087,0.8571428656578064
l_curve_4,257,0.2600370943546295,0.9047619104385376
l_curve_4,258,0.2596316635608673,0.9047619104385376
l_curve_4,259,0.25928235054016113,0.9047619104385376
l_curve_4,260,0.2590138018131256,0.9047619104385376
l_curve_4,261,0.2586416006088257,0.9047619104385376
l_curve_4,262,0.25852030515670776,0.9047619104385376
l_curve_4,263,0.25844740867614746,0.9047619104385376
l_curve_4,264,0.25824737548828125,0.9047619104385376
l_curve_4,265,0.25780126452445984,0.9047619104385376
l_curve_4,266,0.25728458166122437,0.9047619104385376
l_curve_4,267,0.2568858861923218,0.9047619104385376
l_curve_4,268,0.2567179799079895,0.9047619104385376
l_curve_4,269,0.2564132809638977,0.9047619104385376
l_curve_4,270,0.25624656677246094,0.9047619104385376
l_curve_4,271,0.2558820843696594,0.9047619104385376
l_curve_4,272,0.2559069097042084,0.9047619104385376
l_curve_4,273,0.25571855902671814,0.9047619104385376
l_curve_4,274,0.2553268074989319,0.9047619104385376
l_curve_4,275,0.2548936605453491,0.9047619104385376
l_curve_4,276,0.2545602321624756,0.9047619104385376
l_curve_4,277,0.25422725081443787,0.9047619104385376
l_curve_4,278,0.2539748549461365,0.9047619104385376
l_curve_4,279,0.2534020245075226,0.9047619104385376
l_curve_4,280,0.2530025243759155,0.9047619104385376
l_curve_4,281,0.25243422389030457,0.9047619104385376
l_curve_4,282,0.25182175636291504,0.9047619104385376
l_curve_4,283,0.25115448236465454,0.9047619104385376
l_curve_4,284,0.25081467628479004,0.9047619104385376
l_curve_4,285,0.2503349781036377,0.9047619104385376
l_curve_4,286,0.24999649822711945,0.9047619104385376
l_curve_4,287,0.24962711334228516,0.9047619104385376
l_curve_4,288,0.24934616684913635,0.9047619104385376
l_curve_4,289,0.24897432327270508,0.9047619104385376
l_curve_4,290,0.2484179437160492,0.9047619104385376
l_curve_4,291,0.24797222018241882,0.9047619104385376
l_curve_4,292,0.24736115336418152,0.9047619104385376
l_curve_4,293,0.24679014086723328,0.9047619104385376
l_curve_4,294,0.24616211652755737,0.9047619104385376
l_curve_4,295,0.24578355252742767,0.9047619104385376
l_curve_4,296,0.24520206451416016,0.9047619104385376
l_curve_4,297,0.2447235882282257,0.9047619104385376
l_curve_4,298,0.24417588114738464,0.9047619104385376
l_curve_4,299,0.2437043935060501,0.9047619104385376
l_curve_4,300,0.24335543811321259,0.9047619104385376
l_curve_4,301,0.24297314882278442,0.9047619104385376
l_curve_4,302,0.24187630414962769,0.9047619104385376
l_curve_4,303,0.2409842610359192,0.9047619104385376
l_curve_4,304,0.2405882626771927,0.9047619104385376
l_curve_4,305,0.2400485873222351,0.9047619104385376
l_curve_4,306,0.23947831988334656,0.9047619104385376
l_curve_4,307,0.23889195919036865,0.9047619104385376
l_curve_4,308,0.23836871981620789,0.9047619104385376
l_curve_4,309,0.23781347274780273,0.9047619104385376
l_curve_4,310,0.23707564175128937,0.9047619104385376
l_curve_4,311,0.23658080399036407,0.9047619104385376
l_curve_4,312,0.23623761534690857,0.9047619104385376
l_curve_4,313,0.23545190691947937,0.9047619104385376
l_curve_4,314,0.23481954634189606,0.9047619104385376
l_curve_4,315,0.23404476046562195,0.9047619104385376
l_curve_4,316,0.23334771394729614,0.9047619104385376
l_curve_4,317,0.232626274228096,0.9047619104385376
l_curve_4,318,0.23172977566719055,0.9047619104385376
l_curve_4,319,0.23119045794010162,0.9047619104385376
l_curve_4,320,0.23065884411334991,0.9047619104385376
l_curve_4,321,0.22990119457244873,0.9047619104385376
l_curve_4,322,0.22919654846191406,0.9047619104385376
l_curve_4,323,0.2285432368516922,0.9047619104385376
l_curve_4,324,0.22785183787345886,0.9047619104385376
l_curve_4,325,0.22717325389385223,0.9047619104385376
l_curve_4,326,0.22658425569534302,0.9047619104385376
l_curve_4,327,0.2257104218006134,0.9047619104385376
l_curve_4,328,0.22483214735984802,0.9047619104385376
l_curve_4,329,0.224119633436203,0.9047619104385376
l_curve_4,330,0.22329291701316833,0.9047619104385376
l_curve_4,331,0.2228143811225891,0.9047619104385376
l_curve_4,332,0.22210268676280975,0.9047619104385376
l_curve_4,333,0.2214045524597168,0.9047619104385376
l_curve_4,334,0.22075727581977844,0.9047619104385376
l_curve_4,335,0.22004075348377228,0.9047619104385376
l_curve_4,336,0.21922361850738525,0.9047619104385376
l_curve_4,337,0.21847204864025116,0.9047619104385376
l_curve_4,338,0.2177681028842926,0.9047619104385376
l_curve_4,339,0.21695765852928162,0.9047619104385376
l_curve_4,340,0.21634137630462646,0.9047619104385376
l_curve_4,341,0.21569381654262543,0.9047619104385376
l_curve_4,342,0.21488060057163239,0.9047619104385376
l_curve_4,343,0.2140466868877411,0.9047619104385376
l_curve_4,344,0.2131805121898651,0.9047619104385376
l_curve_4,345,0.21235790848731995,0.9047619104385376
l_curve_4,346,0.21147958934307098,0.9047619104385376
l_curve_4,347,0.21067315340042114,0.9047619104385376
l_curve_4,348,0.20976130664348602,0.9047619104385376
l_curve_4,349,0.20898450911045074,0.9047619104385376
l_curve_4,350,0.20811094343662262,0.9047619104385376
l_curve_4,351,0.20707997679710388,0.9047619104385376
l_curve_4,352,0.20612257719039917,0.9047619104385376
l_curve_4,353,0.20551402866840363,0.9047619104385376
l_curve_4,354,0.20477047562599182,0.9047619104385376
l_curve_4,355,0.20414797961711884,0.9047619104385376
l_curve_4,356,0.2033936232328415,0.9047619104385376
l_curve_4,357,0.20260879397392273,0.9047619104385376
l_curve_4,358,0.2018963098526001,0.9047619104385376
l_curve_4,359,0.20135405659675598,0.9047619104385376
l_curve_4,360,0.20045258104801178,0.9047619104385376
l_curve_4,361,0.19949454069137573,0.9047619104385376
l_curve_4,362,0.19858534634113312,0.9047619104385376
l_curve_4,363,0.19745385646820068,0.9047619104385376
l_curve_4,364,0.19657503068447113,0.9047619104385376
l_curve_4,365,0.19575725495815277,0.9047619104385376
l_curve_4,366,0.19481945037841797,0.9047619104385376
l_curve_4,367,0.19397684931755066,0.9047619104385376
l_curve_4,368,0.19308771193027496,0.9047619104385376
l_curve_4,369,0.19217023253440857,0.9047619104385376
l_curve_4,370,0.19127845764160156,0.9047619104385376
l_curve_4,371,0.19042380154132843,0.9047619104385376
l_curve_4,372,0.1894935965538025,0.9047619104385376
l_curve_4,373,0.18860392272472382,0.9047619104385376
l_curve_4,374,0.18763554096221924,0.9047619104385376
l_curve_4,375,0.18668268620967865,0.9047619104385376
l_curve_4,376,0.18583135306835175,0.9047619104385376
l_curve_4,377,0.18489448726177216,0.9047619104385376
l_curve_4,378,0.1838470995426178,0.9047619104385376
l_curve_4,379,0.18294499814510345,0.9047619104385376
l_curve_4,380,0.18205639719963074,0.9047619104385376
l_curve_4,381,0.18120752274990082,0.9047619104385376
l_curve_4,382,0.1802661269903183,0.9047619104385376
l_curve_4,383,0.17945535480976105,0.9047619104385376
l_curve_4,384,0.17866995930671692,0.9047619104385376
l_curve_4,385,0.17780843377113342,0.9047619104385376
l_curve_4,386,0.176946759223938,0.9047619104385376
l_curve_4,387,0.17616772651672363,0.9047619104385376
l_curve_4,388,0.17531238496303558,0.9047619104385376
l_curve_4,389,0.17451342940330505,0.9047619104385376
l_curve_4,390,0.17359845340251923,0.9047619104385376
l_curve_4,391,0.17273664474487305,0.9047619104385376
l_curve_4,392,0.17167751491069794,0.9047619104385376
l_curve_4,393,0.17070627212524414,0.9047619104385376
l_curve_4,394,0.1698426604270935,0.9047619104385376
l_curve_4,395,0.16904985904693604,0.9047619104385376
l_curve_4,396,0.1682162582874298,0.9047619104385376
l_curve_4,397,0.16724231839179993,0.9047619104385376
l_curve_4,398,0.16651323437690735,0.9047619104385376
l_curve_4,399,0.16570128500461578,0.9047619104385376
l_curve_4,400,0.16479891538619995,0.9523809552192688
l_curve_4,401,0.16403068602085114,0.9523809552192688
l_curve_4,402,0.16307610273361206,0.9523809552192688
l_curve_4,403,0.16203074157238007,0.9523809552192688
l_curve_4,404,0.16100355982780457,0.9523809552192688
l_curve_4,405,0.1601772904396057,0.9523809552192688
l_curve_4,406,0.15948277711868286,0.9523809552192688
l_curve_4,407,0.15852656960487366,0.9523809552192688
l_curve_4,408,0.15763990581035614,0.9523809552192688
l_curve_4,409,0.15678934752941132,0.9523809552192688
l_curve_4,410,0.15588179230690002,0.9523809552192688
l_curve_4,411,0.1550026684999466,0.9523809552192688
l_curve_4,412,0.154077410697937,0.9523809552192688
l_curve_4,413,0.1531619131565094,0.9523809552192688
l_curve_4,414,0.15228034555912018,0.9523809552192688
l_curve_4,415,0.1513838768005371,0.9523809552192688
l_curve_4,416,0.15050971508026123,0.9523809552192688
l_curve_4,417,0.14970597624778748,0.9523809552192688
l_curve_4,418,0.14907386898994446,0.9523809552192688
l_curve_4,419,0.14832323789596558,0.9523809552192688
l_curve_4,420,0.14749744534492493,0.9523809552192688
l_curve_4,421,0.14674264192581177,0.9523809552192688
l_curve_4,422,0.1459360122680664,0.9523809552192688
l_curve_4,423,0.1451178342103958,0.9523809552192688
l_curve_4,424,0.14439567923545837,0.9523809552192688
l_curve_4,425,0.14372090995311737,0.9523809552192688
l_curve_4,426,0.1429317593574524,0.9523809552192688
l_curve_4,427,0.14208638668060303,0.9523809552192688
l_curve_4,428,0.14130869507789612,0.9523809552192688
l_curve_4,429,0.1403741091489792,0.9523809552192688
l_curve_4,430,0.13967737555503845,0.9523809552192688
l_curve_4,431,0.13892707228660583,0.9523809552192688
l_curve_4,432,0.1381373107433319,0.9523809552192688
l_curve_4,433,0.13727395236492157,0.9523809552192688
l_curve_4,434,0.1363591104745865,0.9523809552192688
l_curve_4,435,0.13551130890846252,0.9523809552192688
l_curve_4,436,0.1347581148147583,0.9523809552192688
l_curve_4,437,0.1340399980545044,0.9523809552192688
l_curve_4,438,0.1332504153251648,0.9523809552192688
l_curve_4,439,0.1326419711112976,0.9523809552192688
l_curve_4,440,0.132017582654953,0.9523809552192688
l_curve_4,441,0.13133519887924194,0.9523809552192688
l_curve_4,442,0.13072313368320465,0.9523809552192688
l_curve_4,443,0.1300661265850067,0.9523809552192688
l_curve_4,444,0.12919966876506805,0.9523809552192688
l_curve_4,445,0.12830448150634766,0.9523809552192688
l_curve_4,446,0.12761813402175903,0.9523809552192688
l_curve_4,447,0.12697245180606842,0.9523809552192688
l_curve_4,448,0.12620273232460022,0.9523809552192688
l_curve_4,449,0.12539725005626678,0.9523809552192688
l_curve_4,450,0.12460320442914963,0.9523809552192688
l_curve_4,451,0.12380309402942657,0.9523809552192688
l_curve_4,452,0.12312453985214233,0.9523809552192688
l_curve_4,453,0.12250535935163498,0.9523809552192688
l_curve_4,454,0.12182866036891937,0.9523809552192688
l_curve_4,455,0.1211945191025734,0.9523809552192688
l_curve_4,456,0.1205357164144516,0.9523809552192688
l_curve_4,457,0.11991051584482193,0.9523809552192688
l_curve_4,458,0.1191607415676117,0.9523809552192688
l_curve_4,459,0.11844498664140701,0.9523809552192688
l_curve_4,460,0.11783478409051895,0.9523809552192688
l_curve_4,461,0.11715605109930038,0.9523809552192688
l_curve_4,462,0.11647001653909683,0.9523809552192688
l_curve_4,463,0.11590193212032318,0.9523809552192688
l_curve_4,464,0.1153242215514183,0.9523809552192688
l_curve_4,465,0.11465111374855042,0.9523809552192688
l_curve_4,466,0.11394277215003967,0.9523809552192688
l_curve_4,467,0.11330714821815491,0.9523809552192688
l_curve_4,468,0.11271482706069946,0.9523809552192688
l_curve_4,469,0.1121402457356453,0.9523809552192688
l_curve_4,470,0.11150382459163666,0.9523809552192688
l_curve_4,471,0.11082020401954651,0.9523809552192688
l_curve_4,472,0.11022554337978363,0.9523809552192688
l_curve_4,473,0.10960695892572403,0.9523809552192688
l_curve_4,474,0.10888606309890747,0.9523809552192688
l_curve_4,475,0.10822434723377228,0.9523809552192688
l_curve_4,476,0.10762342065572739,0.9523809552192688
l_curve_4,477,0.10701639205217361,0.9523809552192688
l_curve_4,478,0.10650648176670074,0.9523809552192688
l_curve_4,479,0.10590340197086334,0.9523809552192688
l_curve_4,480,0.10530468076467514,0.9523809552192688
l_curve_4,481,0.10469308495521545,0.9523809552192688
l_curve_4,482,0.1042073667049408,0.9523809552192688
l_curve_4,483,0.10362984985113144,0.9523809552192688
l_curve_4,484,0.10307246446609497,0.9523809552192688
l_curve_4,485,0.10258687287569046,1.0
l_curve_4,486,0.10199657082557678,1.0
l_curve_4,487,0.10139521211385727,1.0
l_curve_4,488,0.10077773779630661,1.0
l_curve_4,489,0.10016018897294998,1.0
l_curve_4,490,0.0995841696858406,1.0
l_curve_4,491,0.09905208647251129,1.0
l_curve_4,492,0.09855352342128754,1.0
l_curve_4,493,0.09803373366594315,1.0
l_curve_4,494,0.09758741408586502,1.0
l_curve_4,495,0.0970696285367012,1.0
l_curve_4,496,0.09648174047470093,1.0
l_curve_4,497,0.09588813781738281,1.0
l_curve_4,498,0.09528584778308868,1.0
l_curve_4,499,0.09472879022359848,1.0
l_curve_4,500,0.0941997766494751,1.0
l_curve_4,501,0.09369417279958725,1.0
l_curve_4,502,0.09325496107339859,1.0
l_curve_4,503,0.09284266829490662,1.0
l_curve_4,504,0.09236253798007965,1.0
l_curve_4,505,0.09182293713092804,1.0
l_curve_4,506,0.09133362025022507,1.0
l_curve_4,507,0.09084189683198929,1.0
l_curve_4,508,0.09027622640132904,1.0
l_curve_4,509,0.08976989984512329,1.0
l_curve_4,510,0.08925312012434006,1.0
l_curve_4,511,0.08880045264959335,1.0
l_curve_4,512,0.0883367657661438,1.0
l_curve_4,513,0.08793577551841736,1.0
l_curve_4,514,0.08751045167446136,1.0
l_curve_4,515,0.08704589307308197,1.0
l_curve_4,516,0.08653749525547028,1.0
l_curve_4,517,0.08600682020187378,1.0
l_curve_4,518,0.08553728461265564,1.0
l_curve_4,519,0.08511337637901306,1.0
l_curve_4,520,0.08470503240823746,1.0
l_curve_4,521,0.08423217386007309,1.0
l_curve_4,522,0.08376819640398026,1.0
l_curve_4,523,0.08339972794055939,1.0
l_curve_4,524,0.0830262154340744,1.0
l_curve_4,525,0.08266958594322205,1.0
l_curve_4,526,0.08219798654317856,1.0
l_curve_4,527,0.08179544657468796,1.0
l_curve_4,528,0.08135147392749786,1.0
l_curve_4,529,0.08089763671159744,1.0
l_curve_4,530,0.08043544739484787,1.0
l_curve_4,531,0.08001776784658432,1.0
l_curve_4,532,0.0795658752322197,1.0
l_curve_4,533,0.07914768159389496,1.0
l_curve_4,534,0.07876002788543701,1.0
l_curve_4,535,0.07835284620523453,1.0
l_curve_4,536,0.07791983336210251,1.0
l_curve_4,537,0.07754017412662506,1.0
l_curve_4,538,0.07715914398431778,1.0
l_curve_4,539,0.07683329284191132,1.0
l_curve_4,540,0.07645279169082642,1.0
l_curve_4,541,0.07600992918014526,1.0
l_curve_4,542,0.07562252879142761,1.0
l_curve_4,543,0.07524459809064865,1.0
l_curve_4,544,0.07487821578979492,1.0
l_curve_4,545,0.07445796579122543,1.0
l_curve_4,546,0.0740322396159172,1.0
l_curve_4,547,0.07362929731607437,1.0
l_curve_4,548,0.073275625705719,1.0
l_curve_4,549,0.07288839668035507,1.0
l_curve_4,550,0.07252226024866104,1.0
l_curve_4,551,0.07212838530540466,1.0
l_curve_4,552,0.07176114618778229,1.0
l_curve_4,553,0.07136723399162292,1.0
l_curve_4,554,0.0710352286696434,1.0
l_curve_4,555,0.07071880251169205,1.0
l_curve_4,556,0.07036451250314713,1.0
l_curve_4,557,0.07001255452632904,1.0
l_curve_4,558,0.0696670189499855,1.0
l_curve_4,559,0.0692560225725174,1.0
l_curve_4,560,0.06890763342380524,1.0
l_curve_4,561,0.068626269698143,1.0
l_curve_4,562,0.06832920759916306,1.0
l_curve_4,563,0.06802991777658463,1.0
l_curve_4,564,0.0676884651184082,1.0
l_curve_4,565,0.0673135370016098,1.0
l_curve_4,566,0.06691586226224899,1.0
l_curve_4,567,0.0665859505534172,1.0
l_curve_4,568,0.06625890731811523,1.0
l_curve_4,569,0.06593354791402817,1.0
l_curve_4,570,0.06559717655181885,1.0
l_curve_4,571,0.06529415398836136,1.0
l_curve_4,572,0.06495772302150726,1.0
l_curve_4,573,0.0646156370639801,1.0
l_curve_4,574,0.06429406255483627,1.0
l_curve_4,575,0.06395614892244339,1.0
l_curve_4,576,0.06362289935350418,1.0
l_curve_4,577,0.06334191560745239,1.0
l_curve_4,578,0.06306084990501404,1.0
l_curve_4,579,0.06278008222579956,1.0
l_curve_4,580,0.06248036026954651,1.0
l_curve_4,581,0.062165193259716034,1.0
l_curve_4,582,0.061864037066698074,1.0
l_curve_4,583,0.061557065695524216,1.0
l_curve_4,584,0.061250925064086914,1.0
l_curve_4,585,0.06098951771855354,1.0
l_curve_4,586,0.060711104422807693,1.0
l_curve_4,587,0.06041005626320839,1.0
l_curve_4,588,0.060068272054195404,1.0
l_curve_4,589,0.05973641201853752,1.0
l_curve_4,590,0.05943583324551582,1.0
l_curve_4,591,0.05914761871099472,1.0
l_curve_4,592,0.05886424705386162,1.0
l_curve_4,593,0.058607570827007294,1.0
l_curve_4,594,0.058311183005571365,1.0
l_curve_4,595,0.0580400787293911,1.0
l_curve_4,596,0.057794809341430664,1.0
l_curve_4,597,0.057515665888786316,1.0
l_curve_4,598,0.05721659958362579,1.0
l_curve_4,599,0.056914862245321274,1.0
l_curve_4,600,0.05662325397133827,1.0
l_curve_4,601,0.056359998881816864,1.0
l_curve_4,602,0.05607981979846954,1.0
l_curve_4,603,0.05582142993807793,1.0
l_curve_4,604,0.055559657514095306,1.0
l_curve_4,605,0.05528375133872032,1.0
l_curve_4,606,0.0550236701965332,1.0
l_curve_4,607,0.05474568530917168,1.0
l_curve_4,608,0.05448174476623535,1.0
l_curve_4,609,0.054225046187639236,1.0
l_curve_4,610,0.053956303745508194,1.0
l_curve_4,611,0.05368543416261673,1.0
l_curve_4,612,0.05341485142707825,1.0
l_curve_4,613,0.05318305641412735,1.0
l_curve_4,614,0.05294264107942581,1.0
l_curve_4,615,0.052685607224702835,1.0
l_curve_4,616,0.05242084339261055,1.0
l_curve_4,617,0.05217163264751434,1.0
l_curve_4,618,0.051901381462812424,1.0
l_curve_4,619,0.05168033391237259,1.0
l_curve_4,620,0.05144663155078888,1.0
l_curve_4,621,0.051190171390771866,1.0
l_curve_4,622,0.05094420909881592,1.0
l_curve_4,623,0.0506928525865078,1.0
l_curve_4,624,0.050446782261133194,1.0
l_curve_4,625,0.0501880943775177,1.0
l_curve_4,626,0.04996693879365921,1.0
l_curve_4,627,0.04973719269037247,1.0
l_curve_4,628,0.04949222132563591,1.0
l_curve_4,629,0.04926186054944992,1.0
l_curve_4,630,0.04903041198849678,1.0
l_curve_4,631,0.0488182008266449,1.0
l_curve_4,632,0.048599760979413986,1.0
l_curve_4,633,0.048383183777332306,1.0
l_curve_4,634,0.0481436587870121,1.0
l_curve_4,635,0.04790901392698288,1.0
l_curve_4,636,0.047678425908088684,1.0
l_curve_4,637,0.0474594309926033,1.0
l_curve_4,638,0.04723320156335831,1.0
l_curve_4,639,0.04700275883078575,1.0
l_curve_4,640,0.0467870831489563,1.0
l_curve_4,641,0.04657527804374695,1.0
l_curve_4,642,0.046375758945941925,1.0
l_curve_4,643,0.04616870358586311,1.0
l_curve_4,644,0.04594074934720993,1.0
l_curve_4,645,0.0457092709839344,1.0
l_curve_4,646,0.045499082654714584,1.0
l_curve_4,647,0.04526648670434952,1.0
l_curve_4,648,0.04505385830998421,1.0
l_curve_4,649,0.04485059902071953,1.0
l_curve_4,650,0.044644325971603394,1.0
l_curve_4,651,0.044431641697883606,1.0
l_curve_4,652,0.0442281998693943,1.0
l_curve_4,653,0.04402315616607666,1.0
l_curve_4,654,0.04381288215517998,1.0
l_curve_4,655,0.04361541196703911,1.0
l_curve_4,656,0.04342810437083244,1.0
l_curve_4,657,0.04321376606822014,1.0
l_curve_4,658,0.04299505427479744,1.0
l_curve_4,659,0.04277563467621803,1.0
l_curve_4,660,0.042568664997816086,1.0
l_curve_4,661,0.04237987473607063,1.0
l_curve_4,662,0.042195480316877365,1.0
l_curve_4,663,0.04199599102139473,1.0
l_curve_4,664,0.041791241616010666,1.0
l_curve_4,665,0.041605059057474136,1.0
l_curve_4,666,0.04140866547822952,1.0
l_curve_4,667,0.04119902104139328,1.0
l_curve_4,668,0.041010450571775436,1.0
l_curve_4,669,0.04083104804158211,1.0
l_curve_4,670,0.040631793439388275,1.0
l_curve_4,671,0.040446680039167404,1.0
l_curve_4,672,0.040262240916490555,1.0
l_curve_4,673,0.04007245600223541,1.0
l_curve_4,674,0.039891380816698074,1.0
l_curve_4,675,0.039705030620098114,1.0
l_curve_4,676,0.03951878100633621,1.0
l_curve_4,677,0.039331499487161636,1.0
l_curve_4,678,0.039145033806562424,1.0
l_curve_4,679,0.03897225856781006,1.0
l_curve_4,680,0.03877720981836319,1.0
l_curve_4,681,0.038592975586652756,1.0
l_curve_4,682,0.03841140866279602,1.0
l_curve_4,683,0.03824891522526741,1.0
l_curve_4,684,0.03808370605111122,1.0
l_curve_4,685,0.03790324181318283,1.0
l_curve_4,686,0.037713631987571716,1.0
l_curve_4,687,0.037527166306972504,1.0
l_curve_4,688,0.037341877818107605,1.0
l_curve_4,689,0.03716935217380524,1.0
l_curve_4,690,0.03699590638279915,1.0
l_curve_4,691,0.03681629151105881,1.0
l_curve_4,692,0.036631789058446884,1.0
l_curve_4,693,0.03645293042063713,1.0
l_curve_4,694,0.03628867492079735,1.0
l_curve_4,695,0.03613027557730675,1.0
l_curve_4,696,0.03596183657646179,1.0
l_curve_4,697,0.03579128533601761,1.0
l_curve_4,698,0.035620756447315216,1.0
l_curve_4,699,0.035455889999866486,1.0
l_curve_4,700,0.0353027768433094,1.0
l_curve_4,701,0.035137634724378586,1.0
l_curve_4,702,0.03497225418686867,1.0
l_curve_4,703,0.034808844327926636,1.0
l_curve_4,704,0.034646112471818924,1.0
l_curve_4,705,0.0344763919711113,1.0
l_curve_4,706,0.03431890159845352,1.0
l_curve_4,707,0.03417205065488815,1.0
l_curve_4,708,0.03401188179850578,1.0
l_curve_4,709,0.033854227513074875,1.0
l_curve_4,710,0.033696603029966354,1.0
l_curve_4,711,0.03353215754032135,1.0
l_curve_4,712,0.03337226063013077,1.0
l_curve_4,713,0.03321584686636925,1.0
l_curve_4,714,0.033070046454668045,1.0
l_curve_4,715,0.03290865942835808,1.0
l_curve_4,716,0.0327591709792614,1.0
l_curve_4,717,0.03261396661400795,1.0
l_curve_4,718,0.03247232735157013,1.0
l_curve_4,719,0.03232239931821823,1.0
l_curve_4,720,0.03217172995209694,1.0
l_curve_4,721,0.032020483165979385,1.0
l_curve_4,722,0.03188075125217438,1.0
l_curve_4,723,0.03173521161079407,1.0
l_curve_4,724,0.03158793970942497,1.0
l_curve_4,725,0.03143297880887985,1.0
l_curve_4,726,0.03128741309046745,1.0
l_curve_4,727,0.031144211068749428,1.0
l_curve_4,728,0.03100498579442501,1.0
l_curve_4,729,0.030848708003759384,1.0
l_curve_4,730,0.03069579042494297,1.0
l_curve_4,731,0.03055768832564354,1.0
l_curve_4,732,0.03042030707001686,1.0
l_curve_4,733,0.03028612956404686,1.0
l_curve_4,734,0.030149588361382484,1.0
l_curve_4,735,0.03001352772116661,1.0
l_curve_4,736,0.029876096174120903,1.0
l_curve_4,737,0.029722880572080612,1.0
l_curve_4,738,0.029573451727628708,1.0
l_curve_4,739,0.029438935220241547,1.0
l_curve_4,740,0.029298381879925728,1.0
l_curve_4,741,0.029159437865018845,1.0
l_curve_4,742,0.029020031914114952,1.0
l_curve_4,743,0.028892865404486656,1.0
l_curve_4,744,0.028762567788362503,1.0
l_curve_4,745,0.028632333502173424,1.0
l_curve_4,746,0.02849520929157734,1.0
l_curve_4,747,0.028360707685351372,1.0
l_curve_4,748,0.028226489201188087,1.0
l_curve_4,749,0.0280909426510334,1.0
l_curve_4,750,0.02796032652258873,1.0
l_curve_4,751,0.027832921594381332,1.0
l_curve_4,752,0.027706023305654526,1.0
l_curve_4,753,0.02757316827774048,1.0
l_curve_4,754,0.027436895295977592,1.0
l_curve_4,755,0.02730664238333702,1.0
l_curve_4,756,0.02717464789748192,1.0
l_curve_4,757,0.027052197605371475,1.0
l_curve_4,758,0.02693108655512333,1.0
l_curve_4,759,0.026800980791449547,1.0
l_curve_4,760,0.02668137289583683,1.0
l_curve_4,761,0.026569576933979988,1.0
l_curve_4,762,0.02644890919327736,1.0
l_curve_4,763,0.026334410533308983,1.0
l_curve_4,764,0.02621408924460411,1.0
l_curve_4,765,0.026085561141371727,1.0
l_curve_4,766,0.025961657986044884,1.0
l_curve_4,767,0.025844909250736237,1.0
l_curve_4,768,0.025720873847603798,1.0
l_curve_4,769,0.025602465495467186,1.0
l_curve_4,770,0.025485465303063393,1.0
l_curve_4,771,0.025371285155415535,1.0
l_curve_4,772,0.02524886280298233,1.0
l_curve_4,773,0.02513197809457779,1.0
l_curve_4,774,0.025015927851200104,1.0
l_curve_4,775,0.024900982156395912,1.0
l_curve_4,776,0.024781661108136177,1.0
l_curve_4,777,0.024666141718626022,1.0
l_curve_4,778,0.024554576724767685,1.0
l_curve_4,779,0.024437574669718742,1.0
l_curve_4,780,0.024329815059900284,1.0
l_curve_4,781,0.024215828627347946,1.0
l_curve_4,782,0.02409997768700123,1.0
l_curve_4,783,0.023986713960766792,1.0
l_curve_4,784,0.023876193910837173,1.0
l_curve_4,785,0.023763000965118408,1.0
l_curve_4,786,0.023655816912651062,1.0
l_curve_4,787,0.02354573644697666,1.0
l_curve_4,788,0.023434991016983986,1.0
l_curve_4,789,0.02331533655524254,1.0
l_curve_4,790,0.023199651390314102,1.0
l_curve_4,791,0.023083338513970375,1.0
l_curve_4,792,0.02296953834593296,1.0
l_curve_4,793,0.022860992699861526,1.0
l_curve_4,794,0.022759053856134415,1.0
l_curve_4,795,0.022656967863440514,1.0
l_curve_4,796,0.022550275549292564,1.0
l_curve_4,797,0.02245246060192585,1.0
l_curve_4,798,0.022357668727636337,1.0
l_curve_4,799,0.02226467989385128,1.0
l_curve_4,800,0.022164512425661087,1.0
l_curve_4,801,0.02205602265894413,1.0
l_curve_4,802,0.021946923807263374,1.0
l_curve_4,803,0.021850844845175743,1.0
l_curve_4,804,0.021751848980784416,1.0
l_curve_4,805,0.021645668894052505,1.0
l_curve_4,806,0.02154596894979477,1.0
l_curve_4,807,0.02145165577530861,1.0
l_curve_4,808,0.02135976031422615,1.0
l_curve_4,809,0.02126292511820793,1.0
l_curve_4,810,0.02116135135293007,1.0
l_curve_4,811,0.021063176915049553,1.0
l_curve_4,812,0.02097049541771412,1.0
l_curve_4,813,0.02088162675499916,1.0
l_curve_4,814,0.020787645131349564,1.0
l_curve_4,815,0.020688269287347794,1.0
l_curve_4,816,0.02059134840965271,1.0
l_curve_4,817,0.020490294322371483,1.0
l_curve_4,818,0.020389486104249954,1.0
l_curve_4,819,0.02029234729707241,1.0
l_curve_4,820,0.020191019400954247,1.0
l_curve_4,821,0.020096728578209877,1.0
l_curve_4,822,0.020014718174934387,1.0
l_curve_4,823,0.019921114668250084,1.0
l_curve_4,824,0.01982814632356167,1.0
l_curve_4,825,0.019734127447009087,1.0
l_curve_4,826,0.019647927954792976,1.0
l_curve_4,827,0.019561205059289932,1.0
l_curve_4,828,0.019471874460577965,1.0
l_curve_4,829,0.019377723336219788,1.0
l_curve_4,830,0.019284924492239952,1.0
l_curve_4,831,0.01919078454375267,1.0
l_curve_4,832,0.019098380580544472,1.0
l_curve_4,833,0.01901230588555336,1.0
l_curve_4,834,0.018920930102467537,1.0
l_curve_4,835,0.018831558525562286,1.0
l_curve_4,836,0.018753061071038246,1.0
l_curve_4,837,0.018669655546545982,1.0
l_curve_4,838,0.01858268305659294,1.0
l_curve_4,839,0.018497800454497337,1.0
l_curve_4,840,0.018414301797747612,1.0
l_curve_4,841,0.018325677141547203,1.0
l_curve_4,842,0.018242571502923965,1.0
l_curve_4,843,0.018168281763792038,1.0
l_curve_4,844,0.0180780328810215,1.0
l_curve_4,845,0.017997443675994873,1.0
l_curve_4,846,0.017912928014993668,1.0
l_curve_4,847,0.017837202176451683,1.0
l_curve_4,848,0.017757847905158997,1.0
l_curve_4,849,0.017680156975984573,1.0
l_curve_4,850,0.017595242708921432,1.0
l_curve_4,851,0.017514396458864212,1.0
l_curve_4,852,0.017436405643820763,1.0
l_curve_4,853,0.017346853390336037,1.0
l_curve_4,854,0.017268482595682144,1.0
l_curve_4,855,0.017185881733894348,1.0
l_curve_4,856,0.01709921285510063,1.0
l_curve_4,857,0.017017049714922905,1.0
l_curve_4,858,0.016934366896748543,1.0
l_curve_4,859,0.01685142144560814,1.0
l_curve_4,860,0.01677086390554905,1.0
l_curve_4,861,0.016688888892531395,1.0
l_curve_4,862,0.016613373532891273,1.0
l_curve_4,863,0.0165400467813015,1.0
l_curve_4,864,0.016465824097394943,1.0
l_curve_4,865,0.016389772295951843,1.0
l_curve_4,866,0.01630907692015171,1.0
l_curve_4,867,0.01624300330877304,1.0
l_curve_4,868,0.016173910349607468,1.0
l_curve_4,869,0.016098618507385254,1.0
l_curve_4,870,0.016023799777030945,1.0
l_curve_4,871,0.015952065587043762,1.0
l_curve_4,872,0.015879610553383827,1.0
l_curve_4,873,0.01580682583153248,1.0
l_curve_4,874,0.01573040895164013,1.0
l_curve_4,875,0.015665341168642044,1.0
l_curve_4,876,0.015597427263855934,1.0
l_curve_4,877,0.015526419505476952,1.0
l_curve_4,878,0.01545227412134409,1.0
l_curve_4,879,0.01538353692740202,1.0
l_curve_4,880,0.015317093580961227,1.0
l_curve_4,881,0.015248875133693218,1.0
l_curve_4,882,0.015189923346042633,1.0
l_curve_4,883,0.015114142559468746,1.0
l_curve_4,884,0.015046339482069016,1.0
l_curve_4,885,0.014968947507441044,1.0
l_curve_4,886,0.014896029606461525,1.0
l_curve_4,887,0.014830158092081547,1.0
l_curve_4,888,0.014771810732781887,1.0
l_curve_4,889,0.014711991883814335,1.0
l_curve_4,890,0.014641408808529377,1.0
l_curve_4,891,0.01457688957452774,1.0
l_curve_4,892,0.01450777892023325,1.0
l_curve_4,893,0.014431728050112724,1.0
l_curve_4,894,0.014358120039105415,1.0
l_curve_4,895,0.01429390162229538,1.0
l_curve_4,896,0.014227458275854588,1.0
l_curve_4,897,0.01416271086782217,1.0
l_curve_4,898,0.014098240993916988,1.0
l_curve_4,899,0.014033536426723003,1.0
l_curve_4,900,0.013979164883494377,1.0
l_curve_4,901,0.013912880793213844,1.0
l_curve_4,902,0.013847148045897484,1.0
l_curve_4,903,0.013776980340480804,1.0
l_curve_4,904,0.013709512539207935,1.0
l_curve_4,905,0.013637837953865528,1.0
l_curve_4,906,0.013573121279478073,1.0
l_curve_4,907,0.013512871228158474,1.0
l_curve_4,908,0.01344285998493433,1.0
l_curve_4,909,0.01337927021086216,1.0
l_curve_4,910,0.0133181381970644,1.0
l_curve_4,911,0.013263732194900513,1.0
l_curve_4,912,0.013203881680965424,1.0
l_curve_4,913,0.013153396546840668,1.0
l_curve_4,914,0.013095449656248093,1.0
l_curve_4,915,0.013041514903306961,1.0
l_curve_4,916,0.012981262989342213,1.0
l_curve_4,917,0.01292425673455,1.0
l_curve_4,918,0.012866833247244358,1.0
l_curve_4,919,0.012813129462301731,1.0
l_curve_4,920,0.012748905457556248,1.0
l_curve_4,921,0.012682576663792133,1.0
l_curve_4,922,0.012617179192602634,1.0
l_curve_4,923,0.012555420398712158,1.0
l_curve_4,924,0.012500204145908356,1.0
l_curve_4,925,0.012452559545636177,1.0
l_curve_4,926,0.012404851615428925,1.0
l_curve_4,927,0.0123519878834486,1.0
l_curve_4,928,0.012295961380004883,1.0
l_curve_4,929,0.012223503552377224,1.0
l_curve_4,930,0.012160630896687508,1.0
l_curve_4,931,0.01210602093487978,1.0
l_curve_4,932,0.01204694900661707,1.0
l_curve_4,933,0.011993074789643288,1.0
l_curve_4,934,0.011942397803068161,1.0
l_curve_4,935,0.011886466294527054,1.0
l_curve_4,936,0.011824708431959152,1.0
l_curve_4,937,0.011764079332351685,1.0
l_curve_4,938,0.011711851693689823,1.0
l_curve_4,939,0.011661489494144917,1.0
l_curve_4,940,0.011615433730185032,1.0
l_curve_4,941,0.011558775790035725,1.0
l_curve_4,942,0.011506056413054466,1.0
l_curve_4,943,0.01146028283983469,1.0
l_curve_4,944,0.011408123187720776,1.0
l_curve_4,945,0.011356628499925137,1.0
l_curve_4,946,0.011305781081318855,1.0
l_curve_4,947,0.011250841431319714,1.0
l_curve_4,948,0.011201651766896248,1.0
l_curve_4,949,0.01115003228187561,1.0
l_curve_4,950,0.011093863286077976,1.0
l_curve_4,951,0.011036981828510761,1.0
l_curve_4,952,0.01097886636853218,1.0
l_curve_4,953,0.010932286269962788,1.0
l_curve_4,954,0.010883422568440437,1.0
l_curve_4,955,0.010835465975105762,1.0
l_curve_4,956,0.010789160616695881,1.0
l_curve_4,957,0.010745109990239143,1.0
l_curve_4,958,0.010697177611291409,1.0
l_curve_4,959,0.010644221678376198,1.0
l_curve_4,960,0.010600946843624115,1.0
l_curve_4,961,0.010555878281593323,1.0
l_curve_4,962,0.010508219711482525,1.0
l_curve_4,963,0.010455613024532795,1.0
l_curve_4,964,0.010400197468698025,1.0
l_curve_4,965,0.010348801501095295,1.0
l_curve_4,966,0.010302755050361156,1.0
l_curve_4,967,0.010254628956317902,1.0
l_curve_4,968,0.010207186453044415,1.0
l_curve_4,969,0.01015467569231987,1.0
l_curve_4,970,0.01010518241673708,1.0
l_curve_4,971,0.010052638128399849,1.0
l_curve_4,972,0.010004029609262943,1.0
l_curve_4,973,0.0099615678191185,1.0
l_curve_4,974,0.009917544201016426,1.0
l_curve_4,975,0.00986472051590681,1.0
l_curve_4,976,0.009822644293308258,1.0
l_curve_4,977,0.009782436303794384,1.0
l_curve_4,978,0.009743492119014263,1.0
l_curve_4,979,0.009696217253804207,1.0
l_curve_4,980,0.009647836908698082,1.0
l_curve_4,981,0.009605592116713524,1.0
l_curve_4,982,0.009565056301653385,1.0
l_curve_4,983,0.009521241299808025,1.0
l_curve_4,984,0.009478002786636353,1.0
l_curve_4,985,0.00944051519036293,1.0
l_curve_4,986,0.009408065117895603,1.0
l_curve_4,987,0.009365291334688663,1.0
l_curve_4,988,0.009317778050899506,1.0
l_curve_4,989,0.009263383224606514,1.0
l_curve_4,990,0.009216777049005032,1.0
l_curve_4,991,0.009171990677714348,1.0
l_curve_4,992,0.009131886065006256,1.0
l_curve_4,993,0.009090122766792774,1.0
l_curve_4,994,0.009053103625774384,1.0
l_curve_4,995,0.009016698226332664,1.0
l_curve_4,996,0.008986280299723148,1.0
l_curve_4,997,0.008950292132794857,1.0
l_curve_4,998,0.008913451805710793,1.0
l_curve_4,999,0.00887693278491497,1.0
l_curve_4,1000,0.008837006986141205,1.0
l_curve_4,1000,0.008837006986141205,1.0
