client,round,loss,accuracy
l_curve_3,1,0.8062728643417358,0.4285714328289032
l_curve_3,2,0.7930514216423035,0.4285714328289032
l_curve_3,3,0.7806398272514343,0.4285714328289032
l_curve_3,4,0.7688191533088684,0.4285714328289032
l_curve_3,5,0.7575228214263916,0.4285714328289032
l_curve_3,6,0.7466962337493896,0.4285714328289032
l_curve_3,7,0.7361730337142944,0.5714285969734192
l_curve_3,8,0.7260206937789917,0.5714285969734192
l_curve_3,9,0.716087818145752,0.5714285969734192
l_curve_3,10,0.7063702344894409,0.5714285969734192
l_curve_3,11,0.6969295740127563,0.5714285969734192
l_curve_3,12,0.6876306533813477,0.5714285969734192
l_curve_3,13,0.6786602735519409,0.5714285969734192
l_curve_3,14,0.6699085831642151,0.6190476417541504
l_curve_3,15,0.6612185835838318,0.761904776096344
l_curve_3,16,0.6527172327041626,0.6666666865348816
l_curve_3,17,0.6445502042770386,0.7142857313156128
l_curve_3,18,0.6366232633590698,0.7142857313156128
l_curve_3,19,0.6289613842964172,0.6666666865348816
l_curve_3,20,0.6213750243186951,0.6666666865348816
l_curve_3,21,0.6140156984329224,0.6666666865348816
l_curve_3,22,0.6067787408828735,0.6666666865348816
l_curve_3,23,0.5999272465705872,0.6666666865348816
l_curve_3,24,0.5933001637458801,0.6666666865348816
l_curve_3,25,0.5867981314659119,0.6666666865348816
l_curve_3,26,0.5804570317268372,0.6666666865348816
l_curve_3,27,0.574425995349884,0.6666666865348816
l_curve_3,28,0.5685421824455261,0.6666666865348816
l_curve_3,29,0.5629841089248657,0.6666666865348816
l_curve_3,30,0.5576399564743042,0.6666666865348816
l_curve_3,31,0.5524237751960754,0.6666666865348816
l_curve_3,32,0.547298789024353,0.6666666865348816
l_curve_3,33,0.542381227016449,0.6666666865348816
l_curve_3,34,0.5377304553985596,0.7142857313156128
l_curve_3,35,0.5330585241317749,0.7142857313156128
l_curve_3,36,0.5286245942115784,0.7142857313156128
l_curve_3,37,0.5243748426437378,0.7142857313156128
l_curve_3,38,0.5201950669288635,0.7142857313156128
l_curve_3,39,0.5160866975784302,0.7142857313156128
l_curve_3,40,0.511956512928009,0.7142857313156128
l_curve_3,41,0.5079560875892639,0.7142857313156128
l_curve_3,42,0.5041273832321167,0.7142857313156128
l_curve_3,43,0.500432550907135,0.7142857313156128
l_curve_3,44,0.49683690071105957,0.7142857313156128
l_curve_3,45,0.49334993958473206,0.7142857313156128
l_curve_3,46,0.4898592531681061,0.7142857313156128
l_curve_3,47,0.4864982068538666,0.7142857313156128
l_curve_3,48,0.48312386870384216,0.7142857313156128
l_curve_3,49,0.47974613308906555,0.7142857313156128
l_curve_3,50,0.47653666138648987,0.7142857313156128
l_curve_3,51,0.47343575954437256,0.7142857313156128
l_curve_3,52,0.4704039990901947,0.7142857313156128
l_curve_3,53,0.46740296483039856,0.7142857313156128
l_curve_3,54,0.4643476903438568,0.7142857313156128
l_curve_3,55,0.46135398745536804,0.7142857313156128
l_curve_3,56,0.45847025513648987,0.7142857313156128
l_curve_3,57,0.4555957317352295,0.7142857313156128
l_curve_3,58,0.4527808129787445,0.7142857313156128
l_curve_3,59,0.4501447081565857,0.7142857313156128
l_curve_3,60,0.44735485315322876,0.7142857313156128
l_curve_3,61,0.44464170932769775,0.7142857313156128
l_curve_3,62,0.44188499450683594,0.7142857313156128
l_curve_3,63,0.4392614960670471,0.7142857313156128
l_curve_3,64,0.43665528297424316,0.7142857313156128
l_curve_3,65,0.4340820908546448,0.7142857313156128
l_curve_3,66,0.4315927028656006,0.7142857313156128
l_curve_3,67,0.42913803458213806,0.7142857313156128
l_curve_3,68,0.4266450107097626,0.7142857313156128
l_curve_3,69,0.4241458475589752,0.761904776096344
l_curve_3,70,0.42176538705825806,0.761904776096344
l_curve_3,71,0.41933274269104004,0.761904776096344
l_curve_3,72,0.41694381833076477,0.8095238208770752
l_curve_3,73,0.4146922826766968,0.8095238208770752
l_curve_3,74,0.4124666452407837,0.8095238208770752
l_curve_3,75,0.4102739095687866,0.8095238208770752
l_curve_3,76,0.4079931676387787,0.8095238208770752
l_curve_3,77,0.4057609438896179,0.8095238208770752
l_curve_3,78,0.40358543395996094,0.8095238208770752
l_curve_3,79,0.4015964865684509,0.8095238208770752
l_curve_3,80,0.39958328008651733,0.8095238208770752
l_curve_3,81,0.3976209759712219,0.8095238208770752
l_curve_3,82,0.3956056833267212,0.8095238208770752
l_curve_3,83,0.3935938775539398,0.8095238208770752
l_curve_3,84,0.3916647434234619,0.8095238208770752
l_curve_3,85,0.3897174298763275,0.8095238208770752
l_curve_3,86,0.3878820538520813,0.8095238208770752
l_curve_3,87,0.3860889971256256,0.8095238208770752
l_curve_3,88,0.3843577802181244,0.8095238208770752
l_curve_3,89,0.38269180059432983,0.8095238208770752
l_curve_3,90,0.3810734450817108,0.8095238208770752
l_curve_3,91,0.379412978887558,0.8095238208770752
l_curve_3,92,0.3778478503227234,0.8095238208770752
l_curve_3,93,0.3761938512325287,0.8095238208770752
l_curve_3,94,0.3746466040611267,0.8095238208770752
l_curve_3,95,0.3731427788734436,0.8095238208770752
l_curve_3,96,0.3716619908809662,0.8095238208770752
l_curve_3,97,0.37030330300331116,0.8095238208770752
l_curve_3,98,0.36894452571868896,0.8095238208770752
l_curve_3,99,0.36756381392478943,0.8095238208770752
l_curve_3,100,0.3662116229534149,0.8095238208770752
l_curve_3,101,0.36491018533706665,0.8095238208770752
l_curve_3,102,0.3636649549007416,0.8095238208770752
l_curve_3,103,0.362440288066864,0.8095238208770752
l_curve_3,104,0.36131882667541504,0.8095238208770752
l_curve_3,105,0.36017146706581116,0.8095238208770752
l_curve_3,106,0.3590310513973236,0.8095238208770752
l_curve_3,107,0.3580324649810791,0.8095238208770752
l_curve_3,108,0.35702061653137207,0.8095238208770752
l_curve_3,109,0.35604727268218994,0.8095238208770752
l_curve_3,110,0.35507673025131226,0.8095238208770752
l_curve_3,111,0.35417574644088745,0.8095238208770752
l_curve_3,112,0.35327965021133423,0.8095238208770752
l_curve_3,113,0.3524039387702942,0.8095238208770752
l_curve_3,114,0.351517915725708,0.8095238208770752
l_curve_3,115,0.35067832469940186,0.8095238208770752
l_curve_3,116,0.3498672544956207,0.8095238208770752
l_curve_3,117,0.34918996691703796,0.8095238208770752
l_curve_3,118,0.3485267162322998,0.8095238208770752
l_curve_3,119,0.3478761315345764,0.8095238208770752
l_curve_3,120,0.3473069667816162,0.8095238208770752
l_curve_3,121,0.34673571586608887,0.8095238208770752
l_curve_3,122,0.3461419641971588,0.8095238208770752
l_curve_3,123,0.34549757838249207,0.8095238208770752
l_curve_3,124,0.34493544697761536,0.8095238208770752
l_curve_3,125,0.34440356492996216,0.8095238208770752
l_curve_3,126,0.34392762184143066,0.8571428656578064
l_curve_3,127,0.3434026539325714,0.8571428656578064
l_curve_3,128,0.34294837713241577,0.8571428656578064
l_curve_3,129,0.3424592614173889,0.8571428656578064
l_curve_3,130,0.34194284677505493,0.8571428656578064
l_curve_3,131,0.34152889251708984,0.8571428656578064
l_curve_3,132,0.3410662114620209,0.8571428656578064
l_curve_3,133,0.34067657589912415,0.8571428656578064
l_curve_3,134,0.340209424495697,0.8571428656578064
l_curve_3,135,0.3399142920970917,0.8571428656578064
l_curve_3,136,0.3396463096141815,0.8571428656578064
l_curve_3,137,0.3393822908401489,0.8571428656578064
l_curve_3,138,0.33911025524139404,0.8571428656578064
l_curve_3,139,0.3389492630958557,0.8571428656578064
l_curve_3,140,0.3387032151222229,0.8571428656578064
l_curve_3,141,0.33859410881996155,0.8571428656578064
l_curve_3,142,0.33829158544540405,0.8571428656578064
l_curve_3,143,0.33793509006500244,0.8571428656578064
l_curve_3,144,0.3375941514968872,0.8571428656578064
l_curve_3,145,0.33732184767723083,0.8571428656578064
l_curve_3,146,0.33717331290245056,0.8571428656578064
l_curve_3,147,0.3370232880115509,0.8571428656578064
l_curve_3,148,0.336911141872406,0.8571428656578064
l_curve_3,149,0.3367207944393158,0.8571428656578064
l_curve_3,150,0.3365832567214966,0.8571428656578064
l_curve_3,151,0.3363613784313202,0.8571428656578064
l_curve_3,152,0.3360981345176697,0.8571428656578064
l_curve_3,153,0.3359844982624054,0.8571428656578064
l_curve_3,154,0.33588871359825134,0.8571428656578064
l_curve_3,155,0.3356713652610779,0.8571428656578064
l_curve_3,156,0.33553746342658997,0.8571428656578064
l_curve_3,157,0.33540329337120056,0.8571428656578064
l_curve_3,158,0.3352692425251007,0.8571428656578064
l_curve_3,159,0.3350996673107147,0.8571428656578064
l_curve_3,160,0.3349859118461609,0.8571428656578064
l_curve_3,161,0.33488890528678894,0.8571428656578064
l_curve_3,162,0.33477750420570374,0.8571428656578064
l_curve_3,163,0.3346816599369049,0.8571428656578064
l_curve_3,164,0.33463168144226074,0.8571428656578064
l_curve_3,165,0.3345201015472412,0.8571428656578064
l_curve_3,166,0.33445703983306885,0.8571428656578064
l_curve_3,167,0.3343450725078583,0.8571428656578064
l_curve_3,168,0.3342587947845459,0.8571428656578064
l_curve_3,169,0.3341723382472992,0.8571428656578064
l_curve_3,170,0.3341190814971924,0.8571428656578064
l_curve_3,171,0.33399155735969543,0.8571428656578064
l_curve_3,172,0.3339002728462219,0.8571428656578064
l_curve_3,173,0.3338150978088379,0.8571428656578064
l_curve_3,174,0.3337610065937042,0.8571428656578064
l_curve_3,175,0.33368852734565735,0.8571428656578064
l_curve_3,176,0.3336663842201233,0.8571428656578064
l_curve_3,177,0.3334995210170746,0.8571428656578064
l_curve_3,178,0.33331307768821716,0.8571428656578064
l_curve_3,179,0.3331739008426666,0.8571428656578064
l_curve_3,180,0.3331829309463501,0.8571428656578064
l_curve_3,181,0.33320152759552,0.8571428656578064
l_curve_3,182,0.33304187655448914,0.8571428656578064
l_curve_3,183,0.33293357491493225,0.8571428656578064
l_curve_3,184,0.3329176604747772,0.8571428656578064
l_curve_3,185,0.33284154534339905,0.8571428656578064
l_curve_3,186,0.3327605128288269,0.8571428656578064
l_curve_3,187,0.3326502740383148,0.8571428656578064
l_curve_3,188,0.3326614201068878,0.8571428656578064
l_curve_3,189,0.3325313627719879,0.8571428656578064
l_curve_3,190,0.33246588706970215,0.8571428656578064
l_curve_3,191,0.3323904573917389,0.8571428656578064
l_curve_3,192,0.33228325843811035,0.8571428656578064
l_curve_3,193,0.3321884572505951,0.8571428656578064
l_curve_3,194,0.332034707069397,0.8571428656578064
l_curve_3,195,0.3318216800689697,0.8571428656578064
l_curve_3,196,0.33170536160469055,0.8571428656578064
l_curve_3,197,0.33165785670280457,0.8571428656578064
l_curve_3,198,0.33157745003700256,0.8571428656578064
l_curve_3,199,0.3315505087375641,0.8571428656578064
l_curve_3,200,0.33158954977989197,0.8571428656578064
l_curve_3,201,0.33156704902648926,0.8571428656578064
l_curve_3,202,0.3314901888370514,0.8571428656578064
l_curve_3,203,0.33142533898353577,0.8571428656578064
l_curve_3,204,0.3313831090927124,0.8571428656578064
l_curve_3,205,0.33133992552757263,0.8571428656578064
l_curve_3,206,0.33121514320373535,0.8571428656578064
l_curve_3,207,0.33110111951828003,0.8571428656578064
l_curve_3,208,0.3309326171875,0.8571428656578064
l_curve_3,209,0.33089107275009155,0.8571428656578064
l_curve_3,210,0.33085355162620544,0.8571428656578064
l_curve_3,211,0.3307584226131439,0.8571428656578064
l_curve_3,212,0.33065342903137207,0.8571428656578064
l_curve_3,213,0.33046042919158936,0.8571428656578064
l_curve_3,214,0.33029884099960327,0.8571428656578064
l_curve_3,215,0.3302574157714844,0.8571428656578064
l_curve_3,216,0.3302513360977173,0.8571428656578064
l_curve_3,217,0.3300846517086029,0.8571428656578064
l_curve_3,218,0.3299790024757385,0.8571428656578064
l_curve_3,219,0.32998839020729065,0.8571428656578064
l_curve_3,220,0.33000725507736206,0.8571428656578064
l_curve_3,221,0.3299048840999603,0.8571428656578064
l_curve_3,222,0.3298748731613159,0.8571428656578064
l_curve_3,223,0.32985183596611023,0.8571428656578064
l_curve_3,224,0.3297843337059021,0.8571428656578064
l_curve_3,225,0.32958540320396423,0.8571428656578064
l_curve_3,226,0.32936644554138184,0.8571428656578064
l_curve_3,227,0.32913273572921753,0.8571428656578064
l_curve_3,228,0.3289429843425751,0.8571428656578064
l_curve_3,229,0.3287808299064636,0.8571428656578064
l_curve_3,230,0.328671932220459,0.8571428656578064
l_curve_3,231,0.3286362588405609,0.8571428656578064
l_curve_3,232,0.32853275537490845,0.8571428656578064
l_curve_3,233,0.32851868867874146,0.8571428656578064
l_curve_3,234,0.32841187715530396,0.8571428656578064
l_curve_3,235,0.3282542824745178,0.8571428656578064
l_curve_3,236,0.3281214237213135,0.8571428656578064
l_curve_3,237,0.3280041515827179,0.8571428656578064
l_curve_3,238,0.3278883993625641,0.8571428656578064
l_curve_3,239,0.32784706354141235,0.8571428656578064
l_curve_3,240,0.3277459442615509,0.8571428656578064
l_curve_3,241,0.32767239212989807,0.8571428656578064
l_curve_3,242,0.3274901509284973,0.8571428656578064
l_curve_3,243,0.32728126645088196,0.8571428656578064
l_curve_3,244,0.32705140113830566,0.8571428656578064
l_curve_3,245,0.3268642723560333,0.8571428656578064
l_curve_3,246,0.3266887068748474,0.8571428656578064
l_curve_3,247,0.32652586698532104,0.8571428656578064
l_curve_3,248,0.3264276385307312,0.8571428656578064
l_curve_3,249,0.32633912563323975,0.8571428656578064
l_curve_3,250,0.3261220455169678,0.8571428656578064
l_curve_3,251,0.32596975564956665,0.8571428656578064
l_curve_3,252,0.3257931172847748,0.8571428656578064
l_curve_3,253,0.32570961117744446,0.8571428656578064
l_curve_3,254,0.325604647397995,0.8571428656578064
l_curve_3,255,0.3254096508026123,0.8571428656578064
l_curve_3,256,0.325263649225235,0.8571428656578064
l_curve_3,257,0.3250945508480072,0.8571428656578064
l_curve_3,258,0.3249392807483673,0.8571428656578064
l_curve_3,259,0.32478660345077515,0.8571428656578064
l_curve_3,260,0.32462239265441895,0.8571428656578064
l_curve_3,261,0.3245087265968323,0.8571428656578064
l_curve_3,262,0.32422927021980286,0.8571428656578064
l_curve_3,263,0.32392117381095886,0.8571428656578064
l_curve_3,264,0.32364314794540405,0.8571428656578064
l_curve_3,265,0.3234405815601349,0.8571428656578064
l_curve_3,266,0.32330289483070374,0.8571428656578064
l_curve_3,267,0.3231253921985626,0.8571428656578064
l_curve_3,268,0.3228793740272522,0.8571428656578064
l_curve_3,269,0.3226432502269745,0.8571428656578064
l_curve_3,270,0.32236623764038086,0.8571428656578064
l_curve_3,271,0.32208704948425293,0.8571428656578064
l_curve_3,272,0.3217286169528961,0.8571428656578064
l_curve_3,273,0.32142195105552673,0.8571428656578064
l_curve_3,274,0.3211658298969269,0.8571428656578064
l_curve_3,275,0.3208986818790436,0.8571428656578064
l_curve_3,276,0.320641428232193,0.8571428656578064
l_curve_3,277,0.3203829228878021,0.8571428656578064
l_curve_3,278,0.32001155614852905,0.8571428656578064
l_curve_3,279,0.31973156332969666,0.8571428656578064
l_curve_3,280,0.3194179832935333,0.8571428656578064
l_curve_3,281,0.31917455792427063,0.8571428656578064
l_curve_3,282,0.3189364969730377,0.8571428656578064
l_curve_3,283,0.3187107741832733,0.8571428656578064
l_curve_3,284,0.3183649778366089,0.8571428656578064
l_curve_3,285,0.31804603338241577,0.8571428656578064
l_curve_3,286,0.31769880652427673,0.8571428656578064
l_curve_3,287,0.3173312842845917,0.8571428656578064
l_curve_3,288,0.3169310390949249,0.8571428656578064
l_curve_3,289,0.3165287375450134,0.8571428656578064
l_curve_3,290,0.3161900043487549,0.8571428656578064
l_curve_3,291,0.31577268242836,0.8571428656578064
l_curve_3,292,0.3154459595680237,0.8571428656578064
l_curve_3,293,0.31508582830429077,0.8571428656578064
l_curve_3,294,0.3147648572921753,0.8571428656578064
l_curve_3,295,0.314260870218277,0.8571428656578064
l_curve_3,296,0.31384870409965515,0.8571428656578064
l_curve_3,297,0.31342560052871704,0.8571428656578064
l_curve_3,298,0.31299227476119995,0.8571428656578064
l_curve_3,299,0.3125152587890625,0.8571428656578064
l_curve_3,300,0.3119157552719116,0.8571428656578064
l_curve_3,301,0.3113759756088257,0.8571428656578064
l_curve_3,302,0.31102538108825684,0.8571428656578064
l_curve_3,303,0.3106559216976166,0.8571428656578064
l_curve_3,304,0.3101347088813782,0.8571428656578064
l_curve_3,305,0.3096449375152588,0.8571428656578064
l_curve_3,306,0.30921608209609985,0.8571428656578064
l_curve_3,307,0.30869537591934204,0.8571428656578064
l_curve_3,308,0.30817753076553345,0.8571428656578064
l_curve_3,309,0.3076476454734802,0.8571428656578064
l_curve_3,310,0.3072011470794678,0.8571428656578064
l_curve_3,311,0.30666956305503845,0.8571428656578064
l_curve_3,312,0.3060910403728485,0.8571428656578064
l_curve_3,313,0.3055408000946045,0.8571428656578064
l_curve_3,314,0.3049740493297577,0.8571428656578064
l_curve_3,315,0.3044378161430359,0.8571428656578064
l_curve_3,316,0.303908109664917,0.8571428656578064
l_curve_3,317,0.3033428490161896,0.8571428656578064
l_curve_3,318,0.3028794229030609,0.8571428656578064
l_curve_3,319,0.30230072140693665,0.8571428656578064
l_curve_3,320,0.3017162084579468,0.8571428656578064
l_curve_3,321,0.3011622428894043,0.8571428656578064
l_curve_3,322,0.30060142278671265,0.8571428656578064
l_curve_3,323,0.2999838590621948,0.8571428656578064
l_curve_3,324,0.2993570566177368,0.8571428656578064
l_curve_3,325,0.29873794317245483,0.8571428656578064
l_curve_3,326,0.2980473041534424,0.8571428656578064
l_curve_3,327,0.2974417507648468,0.8571428656578064
l_curve_3,328,0.2968413233757019,0.8571428656578064
l_curve_3,329,0.2961920201778412,0.8571428656578064
l_curve_3,330,0.29556402564048767,0.8571428656578064
l_curve_3,331,0.2948315739631653,0.8571428656578064
l_curve_3,332,0.2941569685935974,0.8571428656578064
l_curve_3,333,0.2934448719024658,0.8571428656578064
l_curve_3,334,0.29271724820137024,0.8571428656578064
l_curve_3,335,0.29207146167755127,0.8571428656578064
l_curve_3,336,0.29139068722724915,0.8571428656578064
l_curve_3,337,0.2907104790210724,0.8571428656578064
l_curve_3,338,0.2899848520755768,0.8571428656578064
l_curve_3,339,0.28923943638801575,0.8571428656578064
l_curve_3,340,0.28839659690856934,0.8571428656578064
l_curve_3,341,0.28758856654167175,0.8571428656578064
l_curve_3,342,0.2868267595767975,0.8571428656578064
l_curve_3,343,0.28613489866256714,0.8571428656578064
l_curve_3,344,0.28544479608535767,0.8571428656578064
l_curve_3,345,0.28474441170692444,0.8571428656578064
l_curve_3,346,0.2840547561645508,0.8571428656578064
l_curve_3,347,0.28326180577278137,0.8571428656578064
l_curve_3,348,0.28250283002853394,0.8571428656578064
l_curve_3,349,0.2817569375038147,0.8571428656578064
l_curve_3,350,0.2809954583644867,0.8571428656578064
l_curve_3,351,0.2802286148071289,0.9047619104385376
l_curve_3,352,0.2794110178947449,0.9047619104385376
l_curve_3,353,0.27846676111221313,0.9047619104385376
l_curve_3,354,0.27758994698524475,0.9047619104385376
l_curve_3,355,0.2766922414302826,0.9047619104385376
l_curve_3,356,0.2758472263813019,0.9047619104385376
l_curve_3,357,0.2750241756439209,0.9047619104385376
l_curve_3,358,0.27411165833473206,0.9047619104385376
l_curve_3,359,0.2731283903121948,0.9047619104385376
l_curve_3,360,0.2722853124141693,0.9047619104385376
l_curve_3,361,0.2715258002281189,0.9047619104385376
l_curve_3,362,0.27068373560905457,0.9047619104385376
l_curve_3,363,0.26995810866355896,0.9047619104385376
l_curve_3,364,0.269077867269516,0.9047619104385376
l_curve_3,365,0.26813235878944397,0.9047619104385376
l_curve_3,366,0.2671855390071869,0.9047619104385376
l_curve_3,367,0.26625266671180725,0.9047619104385376
l_curve_3,368,0.26539888978004456,0.9047619104385376
l_curve_3,369,0.26454150676727295,0.9047619104385376
l_curve_3,370,0.26368391513824463,0.9047619104385376
l_curve_3,371,0.26278436183929443,0.9047619104385376
l_curve_3,372,0.2618962824344635,0.9047619104385376
l_curve_3,373,0.2609366774559021,0.9047619104385376
l_curve_3,374,0.260010302066803,0.9047619104385376
l_curve_3,375,0.25907254219055176,0.9047619104385376
l_curve_3,376,0.2581280469894409,0.9047619104385376
l_curve_3,377,0.25721752643585205,0.9047619104385376
l_curve_3,378,0.2563239634037018,0.9047619104385376
l_curve_3,379,0.25539109110832214,0.9047619104385376
l_curve_3,380,0.2544461786746979,0.9047619104385376
l_curve_3,381,0.25348350405693054,0.9047619104385376
l_curve_3,382,0.25250697135925293,0.9047619104385376
l_curve_3,383,0.2515008747577667,0.9047619104385376
l_curve_3,384,0.2504929006099701,0.9047619104385376
l_curve_3,385,0.24952702224254608,0.9047619104385376
l_curve_3,386,0.24851806461811066,0.9047619104385376
l_curve_3,387,0.24743804335594177,0.9047619104385376
l_curve_3,388,0.24647514522075653,0.9047619104385376
l_curve_3,389,0.2454717755317688,0.9047619104385376
l_curve_3,390,0.2445611208677292,0.9047619104385376
l_curve_3,391,0.24358658492565155,0.9047619104385376
l_curve_3,392,0.24266906082630157,0.9047619104385376
l_curve_3,393,0.2417551726102829,0.9047619104385376
l_curve_3,394,0.24078533053398132,0.9047619104385376
l_curve_3,395,0.23973265290260315,0.9047619104385376
l_curve_3,396,0.23877745866775513,0.9047619104385376
l_curve_3,397,0.2378762811422348,0.9047619104385376
l_curve_3,398,0.23682725429534912,0.9047619104385376
l_curve_3,399,0.23585765063762665,0.9047619104385376
l_curve_3,400,0.23490594327449799,0.9047619104385376
l_curve_3,401,0.23389199376106262,0.9047619104385376
l_curve_3,402,0.23294952511787415,0.9047619104385376
l_curve_3,403,0.23206059634685516,0.9047619104385376
l_curve_3,404,0.23118244111537933,0.9047619104385376
l_curve_3,405,0.2302463799715042,0.9047619104385376
l_curve_3,406,0.22912415862083435,0.9047619104385376
l_curve_3,407,0.22816535830497742,0.9047619104385376
l_curve_3,408,0.22717496752738953,0.9047619104385376
l_curve_3,409,0.2261776477098465,0.9047619104385376
l_curve_3,410,0.2251846194267273,0.9047619104385376
l_curve_3,411,0.22418326139450073,0.9047619104385376
l_curve_3,412,0.22328554093837738,0.9047619104385376
l_curve_3,413,0.22239859402179718,0.9047619104385376
l_curve_3,414,0.22145502269268036,0.9047619104385376
l_curve_3,415,0.2204769402742386,0.9047619104385376
l_curve_3,416,0.21959032118320465,0.9047619104385376
l_curve_3,417,0.2186008244752884,0.9047619104385376
l_curve_3,418,0.2175048142671585,0.9047619104385376
l_curve_3,419,0.2164689302444458,0.9047619104385376
l_curve_3,420,0.2154681533575058,0.9047619104385376
l_curve_3,421,0.21443593502044678,0.9047619104385376
l_curve_3,422,0.21344225108623505,0.9047619104385376
l_curve_3,423,0.2125273048877716,0.9047619104385376
l_curve_3,424,0.21146829426288605,0.9047619104385376
l_curve_3,425,0.2104375958442688,0.9047619104385376
l_curve_3,426,0.20944127440452576,0.9047619104385376
l_curve_3,427,0.208502858877182,0.9047619104385376
l_curve_3,428,0.20757052302360535,0.9047619104385376
l_curve_3,429,0.20669691264629364,0.9047619104385376
l_curve_3,430,0.2056528776884079,0.9047619104385376
l_curve_3,431,0.20472989976406097,0.9047619104385376
l_curve_3,432,0.2038465440273285,0.9047619104385376
l_curve_3,433,0.20302125811576843,0.9047619104385376
l_curve_3,434,0.20224051177501678,0.9047619104385376
l_curve_3,435,0.20138415694236755,0.9047619104385376
l_curve_3,436,0.200431227684021,0.9047619104385376
l_curve_3,437,0.19952595233917236,0.9047619104385376
l_curve_3,438,0.19868117570877075,0.9047619104385376
l_curve_3,439,0.19768168032169342,0.9047619104385376
l_curve_3,440,0.19672611355781555,0.9047619104385376
l_curve_3,441,0.19587130844593048,0.9047619104385376
l_curve_3,442,0.19491836428642273,0.9047619104385376
l_curve_3,443,0.19396555423736572,0.9047619104385376
l_curve_3,444,0.19323505461215973,0.9047619104385376
l_curve_3,445,0.19250406324863434,0.9047619104385376
l_curve_3,446,0.1916266232728958,0.9047619104385376
l_curve_3,447,0.19070160388946533,0.9047619104385376
l_curve_3,448,0.18992573022842407,0.9047619104385376
l_curve_3,449,0.18918335437774658,0.9047619104385376
l_curve_3,450,0.1884182095527649,0.9047619104385376
l_curve_3,451,0.18768033385276794,0.9047619104385376
l_curve_3,452,0.18678897619247437,0.9047619104385376
l_curve_3,453,0.1858777552843094,0.9047619104385376
l_curve_3,454,0.18502013385295868,0.9047619104385376
l_curve_3,455,0.1841348260641098,0.9047619104385376
l_curve_3,456,0.1832410842180252,0.9047619104385376
l_curve_3,457,0.18238282203674316,0.9047619104385376
l_curve_3,458,0.18162988126277924,0.9047619104385376
l_curve_3,459,0.18084624409675598,0.9047619104385376
l_curve_3,460,0.18006038665771484,0.9047619104385376
l_curve_3,461,0.17924435436725616,0.9047619104385376
l_curve_3,462,0.1785065084695816,0.9047619104385376
l_curve_3,463,0.1776711344718933,0.9047619104385376
l_curve_3,464,0.17681433260440826,0.9047619104385376
l_curve_3,465,0.17602889239788055,0.9047619104385376
l_curve_3,466,0.17532241344451904,0.9047619104385376
l_curve_3,467,0.17449569702148438,0.9047619104385376
l_curve_3,468,0.1736888587474823,0.9047619104385376
l_curve_3,469,0.17286916077136993,0.9047619104385376
l_curve_3,470,0.17211835086345673,0.9047619104385376
l_curve_3,471,0.17141921818256378,0.9047619104385376
l_curve_3,472,0.17067448794841766,0.9047619104385376
l_curve_3,473,0.16993102431297302,0.9047619104385376
l_curve_3,474,0.16934755444526672,0.9047619104385376
l_curve_3,475,0.16868044435977936,0.9047619104385376
l_curve_3,476,0.16795040667057037,0.9047619104385376
l_curve_3,477,0.1672065556049347,0.9047619104385376
l_curve_3,478,0.1664648801088333,0.9047619104385376
l_curve_3,479,0.16585715115070343,0.9047619104385376
l_curve_3,480,0.16519120335578918,0.9047619104385376
l_curve_3,481,0.16451328992843628,0.9047619104385376
l_curve_3,482,0.1636553257703781,0.9047619104385376
l_curve_3,483,0.1629769206047058,0.9047619104385376
l_curve_3,484,0.16220605373382568,0.9047619104385376
l_curve_3,485,0.16143035888671875,0.9047619104385376
l_curve_3,486,0.16077998280525208,0.9047619104385376
l_curve_3,487,0.16008909046649933,0.9047619104385376
l_curve_3,488,0.15948626399040222,0.9047619104385376
l_curve_3,489,0.1589035540819168,0.9047619104385376
l_curve_3,490,0.15827418863773346,0.9047619104385376
l_curve_3,491,0.15764063596725464,0.9047619104385376
l_curve_3,492,0.1569308191537857,0.9047619104385376
l_curve_3,493,0.15626968443393707,0.9047619104385376
l_curve_3,494,0.15556766092777252,0.9047619104385376
l_curve_3,495,0.15488456189632416,0.9047619104385376
l_curve_3,496,0.15428505837917328,0.9047619104385376
l_curve_3,497,0.15375374257564545,0.9047619104385376
l_curve_3,498,0.15324048697948456,0.9047619104385376
l_curve_3,499,0.15272507071495056,0.9047619104385376
l_curve_3,500,0.15218961238861084,0.9047619104385376
l_curve_3,501,0.15157273411750793,0.9047619104385376
l_curve_3,502,0.1507902443408966,0.9047619104385376
l_curve_3,503,0.15008601546287537,0.9047619104385376
l_curve_3,504,0.1494939923286438,0.9047619104385376
l_curve_3,505,0.1489756852388382,0.9047619104385376
l_curve_3,506,0.14843378961086273,0.9047619104385376
l_curve_3,507,0.14783664047718048,0.9047619104385376
l_curve_3,508,0.14735707640647888,0.9047619104385376
l_curve_3,509,0.14680993556976318,0.9047619104385376
l_curve_3,510,0.14624790847301483,0.9523809552192688
l_curve_3,511,0.14563849568367004,0.9523809552192688
l_curve_3,512,0.14504659175872803,0.9523809552192688
l_curve_3,513,0.14435113966464996,0.9523809552192688
l_curve_3,514,0.14373138546943665,0.9523809552192688
l_curve_3,515,0.14320877194404602,0.9523809552192688
l_curve_3,516,0.14277701079845428,0.9523809552192688
l_curve_3,517,0.14233794808387756,0.9523809552192688
l_curve_3,518,0.14181098341941833,0.9523809552192688
l_curve_3,519,0.14122994244098663,0.9523809552192688
l_curve_3,520,0.1406629979610443,0.9523809552192688
l_curve_3,521,0.14019405841827393,0.9523809552192688
l_curve_3,522,0.13971637189388275,0.9523809552192688
l_curve_3,523,0.13903126120567322,0.9523809552192688
l_curve_3,524,0.13837584853172302,0.9523809552192688
l_curve_3,525,0.13774311542510986,0.9523809552192688
l_curve_3,526,0.13735324144363403,0.9523809552192688
l_curve_3,527,0.1368687003850937,0.9523809552192688
l_curve_3,528,0.13642826676368713,0.9523809552192688
l_curve_3,529,0.13599234819412231,0.9523809552192688
l_curve_3,530,0.13557985424995422,0.9523809552192688
l_curve_3,531,0.13503308594226837,0.9523809552192688
l_curve_3,532,0.13461154699325562,0.9523809552192688
l_curve_3,533,0.13410159945487976,0.9523809552192688
l_curve_3,534,0.13352276384830475,0.9523809552192688
l_curve_3,535,0.13303545117378235,0.9523809552192688
l_curve_3,536,0.13257256150245667,0.9523809552192688
l_curve_3,537,0.13205939531326294,0.9523809552192688
l_curve_3,538,0.1316208690404892,0.9523809552192688
l_curve_3,539,0.1310262531042099,0.9523809552192688
l_curve_3,540,0.1304924637079239,0.9523809552192688
l_curve_3,541,0.13017094135284424,0.9523809552192688
l_curve_3,542,0.1296897530555725,0.9523809552192688
l_curve_3,543,0.12919440865516663,0.9523809552192688
l_curve_3,544,0.12870845198631287,0.9523809552192688
l_curve_3,545,0.1283711940050125,0.9523809552192688
l_curve_3,546,0.1280212253332138,0.9523809552192688
l_curve_3,547,0.12762421369552612,0.9523809552192688
l_curve_3,548,0.12712357938289642,0.9523809552192688
l_curve_3,549,0.12669992446899414,0.9523809552192688
l_curve_3,550,0.1262589693069458,0.9523809552192688
l_curve_3,551,0.1259014755487442,0.9523809552192688
l_curve_3,552,0.12548968195915222,0.9523809552192688
l_curve_3,553,0.12517757713794708,0.9523809552192688
l_curve_3,554,0.12465990334749222,0.9523809552192688
l_curve_3,555,0.12413995712995529,0.9523809552192688
l_curve_3,556,0.12370499968528748,0.9523809552192688
l_curve_3,557,0.12331381440162659,0.9523809552192688
l_curve_3,558,0.12293408066034317,0.9523809552192688
l_curve_3,559,0.12268075346946716,0.9523809552192688
l_curve_3,560,0.12226718664169312,0.9523809552192688
l_curve_3,561,0.12166443467140198,0.9523809552192688
l_curve_3,562,0.12106875330209732,0.9523809552192688
l_curve_3,563,0.12057145684957504,0.9523809552192688
l_curve_3,564,0.12019822746515274,0.9523809552192688
l_curve_3,565,0.11992177367210388,0.9523809552192688
l_curve_3,566,0.11974108964204788,0.9523809552192688
l_curve_3,567,0.11938460916280746,0.9523809552192688
l_curve_3,568,0.11898836493492126,0.9523809552192688
l_curve_3,569,0.11855629831552505,0.9523809552192688
l_curve_3,570,0.11814526468515396,0.9523809552192688
l_curve_3,571,0.11766637116670609,0.9523809552192688
l_curve_3,572,0.11730440706014633,0.9523809552192688
l_curve_3,573,0.11701887845993042,0.9523809552192688
l_curve_3,574,0.11664392054080963,0.9523809552192688
l_curve_3,575,0.1163572445511818,0.9523809552192688
l_curve_3,576,0.11603593826293945,0.9523809552192688
l_curve_3,577,0.11558771133422852,0.9523809552192688
l_curve_3,578,0.11510004103183746,0.9523809552192688
l_curve_3,579,0.11461270600557327,0.9523809552192688
l_curve_3,580,0.11422202736139297,0.9523809552192688
l_curve_3,581,0.11391327530145645,0.9523809552192688
l_curve_3,582,0.11362916231155396,0.9523809552192688
l_curve_3,583,0.11327726393938065,0.9523809552192688
l_curve_3,584,0.11285034567117691,0.9523809552192688
l_curve_3,585,0.11232644319534302,0.9523809552192688
l_curve_3,586,0.11189813911914825,0.9523809552192688
l_curve_3,587,0.1115402951836586,0.9523809552192688
l_curve_3,588,0.11132536828517914,0.9523809552192688
l_curve_3,589,0.11110307276248932,0.9523809552192688
l_curve_3,590,0.11083018034696579,0.9523809552192688
l_curve_3,591,0.11046206206083298,0.9523809552192688
l_curve_3,592,0.11013757437467575,0.9523809552192688
l_curve_3,593,0.10971017926931381,0.9523809552192688
l_curve_3,594,0.1094268262386322,0.9523809552192688
l_curve_3,595,0.1090315654873848,0.9523809552192688
l_curve_3,596,0.10857712477445602,0.9523809552192688
l_curve_3,597,0.10820033401250839,0.9523809552192688
l_curve_3,598,0.10790909826755524,0.9523809552192688
l_curve_3,599,0.1076827421784401,0.9523809552192688
l_curve_3,600,0.10742877423763275,0.9523809552192688
l_curve_3,601,0.10701095312833786,0.9523809552192688
l_curve_3,602,0.1067260131239891,0.9523809552192688
l_curve_3,603,0.10633852332830429,0.9523809552192688
l_curve_3,604,0.10601511597633362,0.9523809552192688
l_curve_3,605,0.10574024170637131,0.9523809552192688
l_curve_3,606,0.10540378838777542,0.9523809552192688
l_curve_3,607,0.10519741475582123,0.9523809552192688
l_curve_3,608,0.10492642968893051,0.9523809552192688
l_curve_3,609,0.10457103699445724,0.9523809552192688
l_curve_3,610,0.10426725447177887,0.9523809552192688
l_curve_3,611,0.10398431867361069,0.9523809552192688
l_curve_3,612,0.10368670523166656,0.9523809552192688
l_curve_3,613,0.10323516279459,0.9523809552192688
l_curve_3,614,0.10286664962768555,0.9523809552192688
l_curve_3,615,0.10258860886096954,0.9523809552192688
l_curve_3,616,0.10239175707101822,0.9523809552192688
l_curve_3,617,0.10210961103439331,0.9523809552192688
l_curve_3,618,0.10192688554525375,0.9523809552192688
l_curve_3,619,0.10151020437479019,0.9523809552192688
l_curve_3,620,0.10115300118923187,0.9523809552192688
l_curve_3,621,0.10089270025491714,0.9523809552192688
l_curve_3,622,0.10062683373689651,0.9523809552192688
l_curve_3,623,0.10041561722755432,0.9523809552192688
l_curve_3,624,0.10021136701107025,0.9523809552192688
l_curve_3,625,0.10006434470415115,0.9523809552192688
l_curve_3,626,0.09971185773611069,0.9523809552192688
l_curve_3,627,0.09940526634454727,0.9523809552192688
l_curve_3,628,0.09918657690286636,0.9523809552192688
l_curve_3,629,0.09888990968465805,0.9523809552192688
l_curve_3,630,0.09862847626209259,0.9523809552192688
l_curve_3,631,0.09826718270778656,0.9523809552192688
l_curve_3,632,0.09792778640985489,0.9523809552192688
l_curve_3,633,0.09758634865283966,0.9523809552192688
l_curve_3,634,0.09732679277658463,0.9523809552192688
l_curve_3,635,0.09702866524457932,0.9523809552192688
l_curve_3,636,0.09674306958913803,0.9523809552192688
l_curve_3,637,0.09644528478384018,0.9523809552192688
l_curve_3,638,0.09618915617465973,0.9523809552192688
l_curve_3,639,0.09597565233707428,0.9523809552192688
l_curve_3,640,0.09564640372991562,0.9523809552192688
l_curve_3,641,0.09533756971359253,0.9523809552192688
l_curve_3,642,0.09498532861471176,0.9523809552192688
l_curve_3,643,0.09466462582349777,0.9523809552192688
l_curve_3,644,0.0944560170173645,0.9523809552192688
l_curve_3,645,0.09432603418827057,0.9523809552192688
l_curve_3,646,0.09402088075876236,0.9523809552192688
l_curve_3,647,0.09387543052434921,0.9523809552192688
l_curve_3,648,0.09360925108194351,0.9523809552192688
l_curve_3,649,0.09327692538499832,0.9523809552192688
l_curve_3,650,0.09298524260520935,0.9523809552192688
l_curve_3,651,0.09272788465023041,0.9523809552192688
l_curve_3,652,0.09244447201490402,0.9523809552192688
l_curve_3,653,0.09221858531236649,0.9523809552192688
l_curve_3,654,0.09200111776590347,0.9523809552192688
l_curve_3,655,0.09172703325748444,0.9523809552192688
l_curve_3,656,0.09135062247514725,0.9523809552192688
l_curve_3,657,0.09114409983158112,0.9523809552192688
l_curve_3,658,0.09098470956087112,0.9523809552192688
l_curve_3,659,0.0908752977848053,0.9523809552192688
l_curve_3,660,0.09067845344543457,0.9523809552192688
l_curve_3,661,0.09034103155136108,0.9523809552192688
l_curve_3,662,0.08998648077249527,0.9523809552192688
l_curve_3,663,0.08975202590227127,0.9523809552192688
l_curve_3,664,0.0895741730928421,0.9523809552192688
l_curve_3,665,0.08927318453788757,0.9523809552192688
l_curve_3,666,0.08904949575662613,0.9523809552192688
l_curve_3,667,0.08890796452760696,0.9523809552192688
l_curve_3,668,0.088616743683815,0.9523809552192688
l_curve_3,669,0.08827711641788483,0.9523809552192688
l_curve_3,670,0.0880812481045723,0.9523809552192688
l_curve_3,671,0.08777283132076263,0.9523809552192688
l_curve_3,672,0.087486132979393,0.9523809552192688
l_curve_3,673,0.08731124550104141,0.9523809552192688
l_curve_3,674,0.0870710015296936,0.9523809552192688
l_curve_3,675,0.08686743676662445,0.9523809552192688
l_curve_3,676,0.08661583811044693,0.9523809552192688
l_curve_3,677,0.08636906743049622,0.9523809552192688
l_curve_3,678,0.08614019304513931,0.9523809552192688
l_curve_3,679,0.08578833192586899,0.9523809552192688
l_curve_3,680,0.08568926155567169,0.9523809552192688
l_curve_3,681,0.08556100726127625,0.9523809552192688
l_curve_3,682,0.08538683503866196,0.9523809552192688
l_curve_3,683,0.08497904241085052,0.9523809552192688
l_curve_3,684,0.08463094383478165,0.9523809552192688
l_curve_3,685,0.08439312875270844,0.9523809552192688
l_curve_3,686,0.08426034450531006,0.9523809552192688
l_curve_3,687,0.08410221338272095,0.9523809552192688
l_curve_3,688,0.08394938707351685,0.9523809552192688
l_curve_3,689,0.08370295912027359,0.9523809552192688
l_curve_3,690,0.08351415395736694,0.9523809552192688
l_curve_3,691,0.08336762338876724,0.9523809552192688
l_curve_3,692,0.08323488384485245,0.9523809552192688
l_curve_3,693,0.08307969570159912,0.9523809552192688
l_curve_3,694,0.0828264132142067,0.9523809552192688
l_curve_3,695,0.082550048828125,0.9523809552192688
l_curve_3,696,0.08236870169639587,0.9523809552192688
l_curve_3,697,0.08215145021677017,0.9523809552192688
l_curve_3,698,0.08202286809682846,0.9523809552192688
l_curve_3,699,0.0818251520395279,0.9523809552192688
l_curve_3,700,0.08152519166469574,0.9523809552192688
l_curve_3,701,0.08133469521999359,0.9523809552192688
l_curve_3,702,0.08113852888345718,0.9523809552192688
l_curve_3,703,0.08091650158166885,0.9523809552192688
l_curve_3,704,0.08072790503501892,0.9523809552192688
l_curve_3,705,0.08061022311449051,0.9523809552192688
l_curve_3,706,0.08033200353384018,0.9523809552192688
l_curve_3,707,0.07996581494808197,0.9523809552192688
l_curve_3,708,0.07980924844741821,0.9523809552192688
l_curve_3,709,0.07961876690387726,0.9523809552192688
l_curve_3,710,0.07941396534442902,0.9523809552192688
l_curve_3,711,0.07922381162643433,0.9523809552192688
l_curve_3,712,0.07908827066421509,0.9523809552192688
l_curve_3,713,0.07896462827920914,0.9523809552192688
l_curve_3,714,0.07867243885993958,0.9523809552192688
l_curve_3,715,0.07853604108095169,0.9523809552192688
l_curve_3,716,0.0783168226480484,0.9523809552192688
l_curve_3,717,0.07805879414081573,0.9523809552192688
l_curve_3,718,0.07778142392635345,0.9523809552192688
l_curve_3,719,0.07760187983512878,0.9523809552192688
l_curve_3,720,0.07744158804416656,0.9523809552192688
l_curve_3,721,0.07722778618335724,0.9523809552192688
l_curve_3,722,0.07684893161058426,0.9523809552192688
l_curve_3,723,0.07654044777154922,0.9523809552192688
l_curve_3,724,0.0763014480471611,0.9523809552192688
l_curve_3,725,0.07621125131845474,0.9523809552192688
l_curve_3,726,0.07614539563655853,0.9523809552192688
l_curve_3,727,0.07590290904045105,0.9523809552192688
l_curve_3,728,0.0756513923406601,0.9523809552192688
l_curve_3,729,0.07558301836252213,0.9523809552192688
l_curve_3,730,0.07549015432596207,0.9523809552192688
l_curve_3,731,0.07534264028072357,0.9523809552192688
l_curve_3,732,0.07516764104366302,0.9523809552192688
l_curve_3,733,0.0749678835272789,0.9523809552192688
l_curve_3,734,0.07469699531793594,0.9523809552192688
l_curve_3,735,0.07445594668388367,0.9523809552192688
l_curve_3,736,0.07419709116220474,0.9523809552192688
l_curve_3,737,0.07409670948982239,0.9523809552192688
l_curve_3,738,0.07401575148105621,0.9523809552192688
l_curve_3,739,0.0737418681383133,0.9523809552192688
l_curve_3,740,0.07359012216329575,0.9523809552192688
l_curve_3,741,0.07350456714630127,0.9523809552192688
l_curve_3,742,0.0733897015452385,0.9523809552192688
l_curve_3,743,0.07308808714151382,0.9523809552192688
l_curve_3,744,0.0729038417339325,0.9523809552192688
l_curve_3,745,0.07266584038734436,0.9523809552192688
l_curve_3,746,0.07253291457891464,0.9523809552192688
l_curve_3,747,0.0723881870508194,0.9523809552192688
l_curve_3,748,0.07222697883844376,0.9523809552192688
l_curve_3,749,0.07207003980875015,0.9523809552192688
l_curve_3,750,0.07191487401723862,0.9523809552192688
l_curve_3,751,0.07168155908584595,0.9523809552192688
l_curve_3,752,0.0713566392660141,0.9523809552192688
l_curve_3,753,0.07117653638124466,0.9523809552192688
l_curve_3,754,0.07107512652873993,0.9523809552192688
l_curve_3,755,0.07088381052017212,0.9523809552192688
l_curve_3,756,0.07073334604501724,0.9523809552192688
l_curve_3,757,0.070496566593647,0.9523809552192688
l_curve_3,758,0.07031737267971039,0.9523809552192688
l_curve_3,759,0.07028699666261673,0.9523809552192688
l_curve_3,760,0.07011184096336365,0.9523809552192688
l_curve_3,761,0.06987420469522476,0.9523809552192688
l_curve_3,762,0.06971243768930435,0.9523809552192688
l_curve_3,763,0.06948844343423843,0.9523809552192688
l_curve_3,764,0.06930652260780334,0.9523809552192688
l_curve_3,765,0.06914627552032471,0.9523809552192688
l_curve_3,766,0.06903091818094254,0.9523809552192688
l_curve_3,767,0.06892641633749008,0.9523809552192688
l_curve_3,768,0.06882669776678085,0.9523809552192688
l_curve_3,769,0.06872304528951645,0.9523809552192688
l_curve_3,770,0.06850637495517731,0.9523809552192688
l_curve_3,771,0.06834699213504791,0.9523809552192688
l_curve_3,772,0.0682690441608429,0.9523809552192688
l_curve_3,773,0.06801359355449677,0.9523809552192688
l_curve_3,774,0.06778661906719208,0.9523809552192688
l_curve_3,775,0.0676407665014267,0.9523809552192688
l_curve_3,776,0.06757891923189163,0.9523809552192688
l_curve_3,777,0.06750361621379852,0.9523809552192688
l_curve_3,778,0.06729806959629059,0.9523809552192688
l_curve_3,779,0.06713315099477768,0.9523809552192688
l_curve_3,780,0.06694862991571426,0.9523809552192688
l_curve_3,781,0.06681512296199799,0.9523809552192688
l_curve_3,782,0.06665909290313721,0.9523809552192688
l_curve_3,783,0.06642238050699234,0.9523809552192688
l_curve_3,784,0.06621012091636658,0.9523809552192688
l_curve_3,785,0.06597622483968735,0.9523809552192688
l_curve_3,786,0.06573909521102905,0.9523809552192688
l_curve_3,787,0.06566057354211807,0.9523809552192688
l_curve_3,788,0.06553444266319275,0.9523809552192688
l_curve_3,789,0.06546509265899658,0.9523809552192688
l_curve_3,790,0.06549009680747986,0.9523809552192688
l_curve_3,791,0.06537147611379623,0.9523809552192688
l_curve_3,792,0.06517214328050613,0.9523809552192688
l_curve_3,793,0.06500635296106339,0.9523809552192688
l_curve_3,794,0.06486435234546661,0.9523809552192688
l_curve_3,795,0.06466345489025116,0.9523809552192688
l_curve_3,796,0.06452540308237076,0.9523809552192688
l_curve_3,797,0.06439737230539322,0.9523809552192688
l_curve_3,798,0.0642799511551857,0.9523809552192688
l_curve_3,799,0.06413736939430237,0.9523809552192688
l_curve_3,800,0.06407981365919113,0.9523809552192688
l_curve_3,801,0.06395154446363449,0.9523809552192688
l_curve_3,802,0.06373372673988342,0.9523809552192688
l_curve_3,803,0.06353957951068878,0.9523809552192688
l_curve_3,804,0.06333956122398376,0.9523809552192688
l_curve_3,805,0.06323002278804779,0.9523809552192688
l_curve_3,806,0.06308948248624802,0.9523809552192688
l_curve_3,807,0.0629270076751709,0.9523809552192688
l_curve_3,808,0.06278125196695328,0.9523809552192688
l_curve_3,809,0.06267952173948288,0.9523809552192688
l_curve_3,810,0.06262939423322678,0.9523809552192688
l_curve_3,811,0.06257975101470947,0.9523809552192688
l_curve_3,812,0.06240126118063927,0.9523809552192688
l_curve_3,813,0.062176987528800964,0.9523809552192688
l_curve_3,814,0.061974991112947464,0.9523809552192688
l_curve_3,815,0.061870116740465164,0.9523809552192688
l_curve_3,816,0.06168583407998085,0.9523809552192688
l_curve_3,817,0.06151555851101875,1.0
l_curve_3,818,0.06142634525895119,1.0
l_curve_3,819,0.061351221054792404,1.0
l_curve_3,820,0.06136106699705124,1.0
l_curve_3,821,0.06123414635658264,1.0
l_curve_3,822,0.06103986129164696,1.0
l_curve_3,823,0.06085527688264847,1.0
l_curve_3,824,0.06065564602613449,1.0
l_curve_3,825,0.06058310717344284,1.0
l_curve_3,826,0.06036527827382088,1.0
l_curve_3,827,0.06018936634063721,1.0
l_curve_3,828,0.060136500746011734,1.0
l_curve_3,829,0.06005245819687843,1.0
l_curve_3,830,0.059868909418582916,1.0
l_curve_3,831,0.05975420027971268,1.0
l_curve_3,832,0.05961667373776436,1.0
l_curve_3,833,0.05956689640879631,1.0
l_curve_3,834,0.05956413224339485,1.0
l_curve_3,835,0.05945608764886856,1.0
l_curve_3,836,0.05931882560253143,1.0
l_curve_3,837,0.05915597453713417,1.0
l_curve_3,838,0.05901200324296951,1.0
l_curve_3,839,0.05889804661273956,1.0
l_curve_3,840,0.05880047008395195,1.0
l_curve_3,841,0.05863001197576523,1.0
l_curve_3,842,0.058495957404375076,1.0
l_curve_3,843,0.05827338248491287,1.0
l_curve_3,844,0.05822106823325157,1.0
l_curve_3,845,0.058118194341659546,1.0
l_curve_3,846,0.05800281837582588,1.0
l_curve_3,847,0.05775522440671921,1.0
l_curve_3,848,0.05762644484639168,1.0
l_curve_3,849,0.057449471205472946,1.0
l_curve_3,850,0.05733412876725197,1.0
l_curve_3,851,0.05719771236181259,1.0
l_curve_3,852,0.05710354447364807,1.0
l_curve_3,853,0.05705699324607849,1.0
l_curve_3,854,0.05696025863289833,1.0
l_curve_3,855,0.056835271418094635,1.0
l_curve_3,856,0.05667221546173096,1.0
l_curve_3,857,0.056561872363090515,1.0
l_curve_3,858,0.0565122589468956,1.0
l_curve_3,859,0.05648409202694893,1.0
l_curve_3,860,0.05639953166246414,1.0
l_curve_3,861,0.05635863170027733,1.0
l_curve_3,862,0.05630475655198097,1.0
l_curve_3,863,0.056218165904283524,1.0
l_curve_3,864,0.056041985750198364,1.0
l_curve_3,865,0.0558532178401947,1.0
l_curve_3,866,0.05566111579537392,1.0
l_curve_3,867,0.055446624755859375,1.0
l_curve_3,868,0.05529595538973808,1.0
l_curve_3,869,0.05524134635925293,1.0
l_curve_3,870,0.05513996258378029,1.0
l_curve_3,871,0.055041782557964325,1.0
l_curve_3,872,0.05496283993124962,1.0
l_curve_3,873,0.05486634746193886,1.0
l_curve_3,874,0.054756131023168564,1.0
l_curve_3,875,0.05463021248579025,1.0
l_curve_3,876,0.05449487641453743,1.0
l_curve_3,877,0.05429590493440628,1.0
l_curve_3,878,0.05421518534421921,1.0
l_curve_3,879,0.05400288850069046,1.0
l_curve_3,880,0.05390534922480583,1.0
l_curve_3,881,0.05374860763549805,1.0
l_curve_3,882,0.05356883257627487,1.0
l_curve_3,883,0.05345930531620979,1.0
l_curve_3,884,0.05332409590482712,1.0
l_curve_3,885,0.0532127320766449,1.0
l_curve_3,886,0.053237587213516235,1.0
l_curve_3,887,0.05321650952100754,1.0
l_curve_3,888,0.05303347855806351,1.0
l_curve_3,889,0.05285197123885155,1.0
l_curve_3,890,0.0526311919093132,1.0
l_curve_3,891,0.052515074610710144,1.0
l_curve_3,892,0.05247601494193077,1.0
l_curve_3,893,0.052380602806806564,1.0
l_curve_3,894,0.05230313912034035,1.0
l_curve_3,895,0.05217935889959335,1.0
l_curve_3,896,0.051993295550346375,1.0
l_curve_3,897,0.05187280848622322,1.0
l_curve_3,898,0.051652777940034866,1.0
l_curve_3,899,0.0516318716108799,1.0
l_curve_3,900,0.051521431654691696,1.0
l_curve_3,901,0.051429878920316696,1.0
l_curve_3,902,0.05128767341375351,1.0
l_curve_3,903,0.051130250096321106,1.0
l_curve_3,904,0.05105319619178772,1.0
l_curve_3,905,0.05109405517578125,1.0
l_curve_3,906,0.05105365067720413,1.0
l_curve_3,907,0.05101509764790535,1.0
l_curve_3,908,0.05100032314658165,1.0
l_curve_3,909,0.050959087908267975,1.0
l_curve_3,910,0.05087198689579964,1.0
l_curve_3,911,0.050637830048799515,1.0
l_curve_3,912,0.05050797015428543,1.0
l_curve_3,913,0.05044601112604141,1.0
l_curve_3,914,0.050362009555101395,1.0
l_curve_3,915,0.05026204138994217,1.0
l_curve_3,916,0.05027243494987488,1.0
l_curve_3,917,0.05022577568888664,1.0
l_curve_3,918,0.05003782734274864,1.0
l_curve_3,919,0.0498785525560379,1.0
l_curve_3,920,0.04974793270230293,1.0
l_curve_3,921,0.04964306950569153,1.0
l_curve_3,922,0.04960055649280548,1.0
l_curve_3,923,0.04958585277199745,1.0
l_curve_3,924,0.049400217831134796,1.0
l_curve_3,925,0.049255773425102234,1.0
l_curve_3,926,0.049159470945596695,1.0
l_curve_3,927,0.049106113612651825,1.0
l_curve_3,928,0.048989664763212204,1.0
l_curve_3,929,0.0488751120865345,1.0
l_curve_3,930,0.048776887357234955,1.0
l_curve_3,931,0.04864194244146347,1.0
l_curve_3,932,0.0485461950302124,1.0
l_curve_3,933,0.04850253090262413,1.0
l_curve_3,934,0.04846672713756561,1.0
l_curve_3,935,0.048365093767642975,1.0
l_curve_3,936,0.04832341521978378,1.0
l_curve_3,937,0.04824423789978027,1.0
l_curve_3,938,0.04806973785161972,1.0
l_curve_3,939,0.04801255092024803,1.0
l_curve_3,940,0.048021793365478516,1.0
l_curve_3,941,0.04803367331624031,1.0
l_curve_3,942,0.047856204211711884,1.0
l_curve_3,943,0.04772427678108215,1.0
l_curve_3,944,0.04754225164651871,1.0
l_curve_3,945,0.047413330525159836,1.0
l_curve_3,946,0.04738026112318039,1.0
l_curve_3,947,0.047295428812503815,1.0
l_curve_3,948,0.04715047404170036,1.0
l_curve_3,949,0.046998996287584305,1.0
l_curve_3,950,0.047036219388246536,1.0
l_curve_3,951,0.04696796461939812,1.0
l_curve_3,952,0.046965885907411575,1.0
l_curve_3,953,0.04687502980232239,1.0
l_curve_3,954,0.04677131026983261,1.0
l_curve_3,955,0.04663296416401863,1.0
l_curve_3,956,0.04654180258512497,1.0
l_curve_3,957,0.04658503457903862,1.0
l_curve_3,958,0.04653391242027283,1.0
l_curve_3,959,0.04650208353996277,1.0
l_curve_3,960,0.046274349093437195,1.0
l_curve_3,961,0.04615556821227074,1.0
l_curve_3,962,0.046157676726579666,1.0
l_curve_3,963,0.04611954838037491,1.0
l_curve_3,964,0.046152327209711075,1.0
l_curve_3,965,0.0461449921131134,1.0
l_curve_3,966,0.04605899378657341,1.0
l_curve_3,967,0.045983098447322845,1.0
l_curve_3,968,0.0458923876285553,1.0
l_curve_3,969,0.04576217383146286,1.0
l_curve_3,970,0.045720987021923065,1.0
l_curve_3,971,0.04578749090433121,1.0
l_curve_3,972,0.04579342156648636,1.0
l_curve_3,973,0.045726578682661057,1.0
l_curve_3,974,0.045670945197343826,1.0
l_curve_3,975,0.045545004308223724,1.0
l_curve_3,976,0.04544355720281601,1.0
l_curve_3,977,0.04531058669090271,1.0
l_curve_3,978,0.045272357761859894,1.0
l_curve_3,979,0.045234955847263336,1.0
l_curve_3,980,0.045217495411634445,1.0
l_curve_3,981,0.04515216872096062,1.0
l_curve_3,982,0.04502037540078163,1.0
l_curve_3,983,0.044839441776275635,1.0
l_curve_3,984,0.04470822587609291,1.0
l_curve_3,985,0.04464874789118767,1.0
l_curve_3,986,0.04449033364653587,1.0
l_curve_3,987,0.0444040484726429,1.0
l_curve_3,988,0.044393036514520645,1.0
l_curve_3,989,0.0443887785077095,1.0
l_curve_3,990,0.04426560923457146,1.0
l_curve_3,991,0.04414907097816467,1.0
l_curve_3,992,0.04409794881939888,1.0
l_curve_3,993,0.043983954936265945,1.0
l_curve_3,994,0.04381076246500015,1.0
l_curve_3,995,0.04367934539914131,1.0
l_curve_3,996,0.04369906708598137,1.0
l_curve_3,997,0.043652262538671494,1.0
l_curve_3,998,0.04356352984905243,1.0
l_curve_3,999,0.043500978499650955,1.0
l_curve_3,1000,0.04344263672828674,1.0
l_curve_3,1000,0.04344263672828674,1.0
