client,round,loss,accuracy
l_curve_1,1,0.890317440032959,0.3333333432674408
l_curve_1,2,0.8777309656143188,0.3333333432674408
l_curve_1,3,0.8652036786079407,0.3333333432674408
l_curve_1,4,0.8525721430778503,0.3571428656578064
l_curve_1,5,0.8405245542526245,0.3571428656578064
l_curve_1,6,0.8290953636169434,0.4047619104385376
l_curve_1,7,0.8178530335426331,0.4047619104385376
l_curve_1,8,0.8068609833717346,0.4285714328289032
l_curve_1,9,0.7957857847213745,0.4285714328289032
l_curve_1,10,0.7848621606826782,0.4285714328289032
l_curve_1,11,0.774908721446991,0.4285714328289032
l_curve_1,12,0.7650302648544312,0.4523809552192688
l_curve_1,13,0.7557733654975891,0.5
l_curve_1,14,0.7464945316314697,0.5
l_curve_1,15,0.7373471856117249,0.5
l_curve_1,16,0.7280858159065247,0.523809552192688
l_curve_1,17,0.719238817691803,0.523809552192688
l_curve_1,18,0.710310161113739,0.523809552192688
l_curve_1,19,0.7013562321662903,0.523809552192688
l_curve_1,20,0.692681074142456,0.5714285969734192
l_curve_1,21,0.6842467188835144,0.6190476417541504
l_curve_1,22,0.6761061549186707,0.6190476417541504
l_curve_1,23,0.6681744456291199,0.6666666865348816
l_curve_1,24,0.6604763269424438,0.6428571343421936
l_curve_1,25,0.6524885296821594,0.6904761791229248
l_curve_1,26,0.6446431875228882,0.6904761791229248
l_curve_1,27,0.6372988820075989,0.7142857313156128
l_curve_1,28,0.6301355957984924,0.761904776096344
l_curve_1,29,0.6228901743888855,0.7857142686843872
l_curve_1,30,0.6158280372619629,0.7857142686843872
l_curve_1,31,0.6088078022003174,0.8333333134651184
l_curve_1,32,0.6018921732902527,0.8333333134651184
l_curve_1,33,0.5949901342391968,0.8333333134651184
l_curve_1,34,0.5885472297668457,0.8333333134651184
l_curve_1,35,0.5822758674621582,0.8571428656578064
l_curve_1,36,0.5759000182151794,0.8571428656578064
l_curve_1,37,0.569511890411377,0.8571428656578064
l_curve_1,38,0.5632645487785339,0.8571428656578064
l_curve_1,39,0.5573079586029053,0.8571428656578064
l_curve_1,40,0.5511649250984192,0.8809523582458496
l_curve_1,41,0.5450310111045837,0.8809523582458496
l_curve_1,42,0.5391184687614441,0.8571428656578064
l_curve_1,43,0.533084511756897,0.8571428656578064
l_curve_1,44,0.527218759059906,0.8571428656578064
l_curve_1,45,0.521320641040802,0.8333333134651184
l_curve_1,46,0.5156069397926331,0.8333333134651184
l_curve_1,47,0.5101518630981445,0.8333333134651184
l_curve_1,48,0.5047851800918579,0.8571428656578064
l_curve_1,49,0.4995267987251282,0.8571428656578064
l_curve_1,50,0.49468666315078735,0.8571428656578064
l_curve_1,51,0.48962482810020447,0.8571428656578064
l_curve_1,52,0.48465025424957275,0.8571428656578064
l_curve_1,53,0.47967156767845154,0.8571428656578064
l_curve_1,54,0.4747137427330017,0.8571428656578064
l_curve_1,55,0.46988797187805176,0.8571428656578064
l_curve_1,56,0.465106338262558,0.8571428656578064
l_curve_1,57,0.4604440927505493,0.8571428656578064
l_curve_1,58,0.45584332942962646,0.8571428656578064
l_curve_1,59,0.4513412117958069,0.8571428656578064
l_curve_1,60,0.4469936788082123,0.8571428656578064
l_curve_1,61,0.4425986111164093,0.8571428656578064
l_curve_1,62,0.43835312128067017,0.8571428656578064
l_curve_1,63,0.4344213604927063,0.8571428656578064
l_curve_1,64,0.43061739206314087,0.8571428656578064
l_curve_1,65,0.4268873631954193,0.8571428656578064
l_curve_1,66,0.42323288321495056,0.8571428656578064
l_curve_1,67,0.4195987284183502,0.8571428656578064
l_curve_1,68,0.4159540832042694,0.8571428656578064
l_curve_1,69,0.41237467527389526,0.8571428656578064
l_curve_1,70,0.4089188277721405,0.8571428656578064
l_curve_1,71,0.40544256567955017,0.8571428656578064
l_curve_1,72,0.4020833373069763,0.8571428656578064
l_curve_1,73,0.398946076631546,0.8571428656578064
l_curve_1,74,0.39592403173446655,0.8571428656578064
l_curve_1,75,0.3928919732570648,0.8571428656578064
l_curve_1,76,0.39001765847206116,0.8571428656578064
l_curve_1,77,0.38721492886543274,0.8571428656578064
l_curve_1,78,0.384334921836853,0.8571428656578064
l_curve_1,79,0.381576806306839,0.8571428656578064
l_curve_1,80,0.37875494360923767,0.8571428656578064
l_curve_1,81,0.37609922885894775,0.8571428656578064
l_curve_1,82,0.37363487482070923,0.8571428656578064
l_curve_1,83,0.3710602819919586,0.8571428656578064
l_curve_1,84,0.36871618032455444,0.8571428656578064
l_curve_1,85,0.36648449301719666,0.8571428656578064
l_curve_1,86,0.36428046226501465,0.8571428656578064
l_curve_1,87,0.36214518547058105,0.8571428656578064
l_curve_1,88,0.3601463735103607,0.8571428656578064
l_curve_1,89,0.3579881191253662,0.8571428656578064
l_curve_1,90,0.3558785915374756,0.8571428656578064
l_curve_1,91,0.3538769781589508,0.8571428656578064
l_curve_1,92,0.3519180715084076,0.8571428656578064
l_curve_1,93,0.3500863015651703,0.8571428656578064
l_curve_1,94,0.3483707904815674,0.8571428656578064
l_curve_1,95,0.3466487526893616,0.8571428656578064
l_curve_1,96,0.34508487582206726,0.8571428656578064
l_curve_1,97,0.343406081199646,0.8571428656578064
l_curve_1,98,0.3419302999973297,0.8571428656578064
l_curve_1,99,0.3405594527721405,0.8571428656578064
l_curve_1,100,0.33907395601272583,0.8571428656578064
l_curve_1,101,0.3375319838523865,0.8571428656578064
l_curve_1,102,0.3361237347126007,0.8571428656578064
l_curve_1,103,0.33476319909095764,0.8571428656578064
l_curve_1,104,0.3333832323551178,0.8571428656578064
l_curve_1,105,0.3321782052516937,0.8571428656578064
l_curve_1,106,0.33079996705055237,0.8571428656578064
l_curve_1,107,0.32946231961250305,0.8571428656578064
l_curve_1,108,0.32829904556274414,0.8571428656578064
l_curve_1,109,0.3271147310733795,0.8571428656578064
l_curve_1,110,0.32577887177467346,0.8571428656578064
l_curve_1,111,0.32453519105911255,0.8571428656578064
l_curve_1,112,0.32331064343452454,0.8571428656578064
l_curve_1,113,0.32213813066482544,0.8571428656578064
l_curve_1,114,0.3210456371307373,0.8571428656578064
l_curve_1,115,0.32005804777145386,0.8571428656578064
l_curve_1,116,0.3191664516925812,0.8571428656578064
l_curve_1,117,0.31824979186058044,0.8571428656578064
l_curve_1,118,0.3173143267631531,0.8571428656578064
l_curve_1,119,0.3162980079650879,0.8571428656578064
l_curve_1,120,0.3152366280555725,0.8571428656578064
l_curve_1,121,0.3142978250980377,0.8571428656578064
l_curve_1,122,0.31347736716270447,0.8571428656578064
l_curve_1,123,0.31281211972236633,0.8571428656578064
l_curve_1,124,0.3120461404323578,0.8571428656578064
l_curve_1,125,0.3112812936306,0.8571428656578064
l_curve_1,126,0.31049829721450806,0.8571428656578064
l_curve_1,127,0.30982568860054016,0.8571428656578064
l_curve_1,128,0.3091139793395996,0.8571428656578064
l_curve_1,129,0.30835041403770447,0.8571428656578064
l_curve_1,130,0.30772390961647034,0.8571428656578064
l_curve_1,131,0.30709585547447205,0.8571428656578064
l_curve_1,132,0.3065151572227478,0.8571428656578064
l_curve_1,133,0.30593743920326233,0.8571428656578064
l_curve_1,134,0.3053741455078125,0.8571428656578064
l_curve_1,135,0.3050191104412079,0.8809523582458496
l_curve_1,136,0.30450132489204407,0.8809523582458496
l_curve_1,137,0.3040675222873688,0.8809523582458496
l_curve_1,138,0.30354204773902893,0.8809523582458496
l_curve_1,139,0.30298715829849243,0.8809523582458496
l_curve_1,140,0.30245649814605713,0.8809523582458496
l_curve_1,141,0.3018845021724701,0.8809523582458496
l_curve_1,142,0.3013060390949249,0.8809523582458496
l_curve_1,143,0.30078065395355225,0.8809523582458496
l_curve_1,144,0.3002209961414337,0.8809523582458496
l_curve_1,145,0.29971805214881897,0.8571428656578064
l_curve_1,146,0.2991388440132141,0.8571428656578064
l_curve_1,147,0.2985441982746124,0.8571428656578064
l_curve_1,148,0.2981347441673279,0.8571428656578064
l_curve_1,149,0.29772546887397766,0.8571428656578064
l_curve_1,150,0.2972056567668915,0.8571428656578064
l_curve_1,151,0.29672685265541077,0.8571428656578064
l_curve_1,152,0.29623541235923767,0.8571428656578064
l_curve_1,153,0.2957957684993744,0.8571428656578064
l_curve_1,154,0.2953736186027527,0.8571428656578064
l_curve_1,155,0.29486098885536194,0.8571428656578064
l_curve_1,156,0.29440999031066895,0.8571428656578064
l_curve_1,157,0.2941466271877289,0.8571428656578064
l_curve_1,158,0.2937489449977875,0.8571428656578064
l_curve_1,159,0.29346317052841187,0.8571428656578064
l_curve_1,160,0.2931487262248993,0.8571428656578064
l_curve_1,161,0.2928914725780487,0.8571428656578064
l_curve_1,162,0.2927219867706299,0.8571428656578064
l_curve_1,163,0.29247942566871643,0.8571428656578064
l_curve_1,164,0.2921699285507202,0.8571428656578064
l_curve_1,165,0.2918683588504791,0.8571428656578064
l_curve_1,166,0.2916054129600525,0.8571428656578064
l_curve_1,167,0.2913028597831726,0.8571428656578064
l_curve_1,168,0.2910311222076416,0.8571428656578064
l_curve_1,169,0.290848046541214,0.8571428656578064
l_curve_1,170,0.2906247675418854,0.8571428656578064
l_curve_1,171,0.29034000635147095,0.8571428656578064
l_curve_1,172,0.2900979816913605,0.8571428656578064
l_curve_1,173,0.2897905111312866,0.8571428656578064
l_curve_1,174,0.2894992232322693,0.8571428656578064
l_curve_1,175,0.28921857476234436,0.8571428656578064
l_curve_1,176,0.2889987826347351,0.8571428656578064
l_curve_1,177,0.28881537914276123,0.8571428656578064
l_curve_1,178,0.2886144518852234,0.8571428656578064
l_curve_1,179,0.2883591949939728,0.8571428656578064
l_curve_1,180,0.2881886065006256,0.8571428656578064
l_curve_1,181,0.2880832254886627,0.8571428656578064
l_curve_1,182,0.28799980878829956,0.8571428656578064
l_curve_1,183,0.28785228729248047,0.8571428656578064
l_curve_1,184,0.28767046332359314,0.8571428656578064
l_curve_1,185,0.2874264121055603,0.8571428656578064
l_curve_1,186,0.28725293278694153,0.8571428656578064
l_curve_1,187,0.28705379366874695,0.8571428656578064
l_curve_1,188,0.28682371973991394,0.8571428656578064
l_curve_1,189,0.28666576743125916,0.8571428656578064
l_curve_1,190,0.28644704818725586,0.8571428656578064
l_curve_1,191,0.28626129031181335,0.8571428656578064
l_curve_1,192,0.28612813353538513,0.8571428656578064
l_curve_1,193,0.2859914302825928,0.8571428656578064
l_curve_1,194,0.2858162820339203,0.8571428656578064
l_curve_1,195,0.28569692373275757,0.8571428656578064
l_curve_1,196,0.2855581045150757,0.8571428656578064
l_curve_1,197,0.2854740619659424,0.8571428656578064
l_curve_1,198,0.2853457033634186,0.8571428656578064
l_curve_1,199,0.28524795174598694,0.8571428656578064
l_curve_1,200,0.2851243317127228,0.8571428656578064
l_curve_1,201,0.2849392294883728,0.8571428656578064
l_curve_1,202,0.28483471274375916,0.8571428656578064
l_curve_1,203,0.2847544848918915,0.8571428656578064
l_curve_1,204,0.2846298813819885,0.8571428656578064
l_curve_1,205,0.2844912111759186,0.8571428656578064
l_curve_1,206,0.284328818321228,0.8571428656578064
l_curve_1,207,0.28424444794654846,0.8571428656578064
l_curve_1,208,0.28409048914909363,0.8571428656578064
l_curve_1,209,0.2838941812515259,0.8571428656578064
l_curve_1,210,0.28372833132743835,0.8571428656578064
l_curve_1,211,0.28361204266548157,0.8571428656578064
l_curve_1,212,0.2835196852684021,0.8571428656578064
l_curve_1,213,0.2833649218082428,0.8571428656578064
l_curve_1,214,0.28324905037879944,0.8571428656578064
l_curve_1,215,0.2831532657146454,0.8571428656578064
l_curve_1,216,0.2830960750579834,0.8571428656578064
l_curve_1,217,0.28300902247428894,0.8571428656578064
l_curve_1,218,0.28284120559692383,0.8571428656578064
l_curve_1,219,0.28268924355506897,0.8571428656578064
l_curve_1,220,0.28256019949913025,0.8571428656578064
l_curve_1,221,0.28253400325775146,0.8571428656578064
l_curve_1,222,0.2825053632259369,0.8571428656578064
l_curve_1,223,0.282494455575943,0.8571428656578064
l_curve_1,224,0.2824288308620453,0.8571428656578064
l_curve_1,225,0.2823064625263214,0.8571428656578064
l_curve_1,226,0.28224045038223267,0.8571428656578064
l_curve_1,227,0.2821020483970642,0.8571428656578064
l_curve_1,228,0.281973659992218,0.8571428656578064
l_curve_1,229,0.2818627655506134,0.8571428656578064
l_curve_1,230,0.2817494869232178,0.8571428656578064
l_curve_1,231,0.28163719177246094,0.8571428656578064
l_curve_1,232,0.28162533044815063,0.8571428656578064
l_curve_1,233,0.2815950810909271,0.8571428656578064
l_curve_1,234,0.28153717517852783,0.8571428656578064
l_curve_1,235,0.28144076466560364,0.8571428656578064
l_curve_1,236,0.28136858344078064,0.8571428656578064
l_curve_1,237,0.2812747061252594,0.8571428656578064
l_curve_1,238,0.28124815225601196,0.8571428656578064
l_curve_1,239,0.28117498755455017,0.8571428656578064
l_curve_1,240,0.2811287045478821,0.8571428656578064
l_curve_1,241,0.2811107039451599,0.8571428656578064
l_curve_1,242,0.28110945224761963,0.8571428656578064
l_curve_1,243,0.28117814660072327,0.8571428656578064
l_curve_1,244,0.28110000491142273,0.8571428656578064
l_curve_1,245,0.28106895089149475,0.8571428656578064
l_curve_1,246,0.28099972009658813,0.8571428656578064
l_curve_1,247,0.2809235155582428,0.8571428656578064
l_curve_1,248,0.2808142304420471,0.8571428656578064
l_curve_1,249,0.2806987762451172,0.8571428656578064
l_curve_1,250,0.280514121055603,0.8571428656578064
l_curve_1,251,0.2803717255592346,0.8571428656578064
l_curve_1,252,0.2802891135215759,0.8571428656578064
l_curve_1,253,0.2802712917327881,0.8571428656578064
l_curve_1,254,0.2802833914756775,0.8571428656578064
l_curve_1,255,0.28024977445602417,0.8571428656578064
l_curve_1,256,0.28019681572914124,0.8571428656578064
l_curve_1,257,0.2801583707332611,0.8571428656578064
l_curve_1,258,0.2801811993122101,0.8571428656578064
l_curve_1,259,0.2801554203033447,0.8571428656578064
l_curve_1,260,0.2801293432712555,0.8571428656578064
l_curve_1,261,0.2800578474998474,0.8571428656578064
l_curve_1,262,0.2800198793411255,0.8571428656578064
l_curve_1,263,0.2799766957759857,0.8571428656578064
l_curve_1,264,0.27993783354759216,0.8571428656578064
l_curve_1,265,0.27985578775405884,0.8571428656578064
l_curve_1,266,0.2797321379184723,0.8571428656578064
l_curve_1,267,0.2795878052711487,0.8571428656578064
l_curve_1,268,0.27954256534576416,0.8571428656578064
l_curve_1,269,0.2794685959815979,0.8571428656578064
l_curve_1,270,0.2793329656124115,0.8571428656578064
l_curve_1,271,0.2793111205101013,0.8571428656578064
l_curve_1,272,0.27931636571884155,0.8571428656578064
l_curve_1,273,0.27929624915122986,0.8571428656578064
l_curve_1,274,0.27929654717445374,0.8571428656578064
l_curve_1,275,0.2792050540447235,0.8571428656578064
l_curve_1,276,0.27913737297058105,0.8571428656578064
l_curve_1,277,0.2790606915950775,0.8571428656578064
l_curve_1,278,0.2789916396141052,0.8571428656578064
l_curve_1,279,0.2789769172668457,0.8571428656578064
l_curve_1,280,0.2789577841758728,0.8571428656578064
l_curve_1,281,0.27889853715896606,0.8571428656578064
l_curve_1,282,0.27887043356895447,0.8571428656578064
l_curve_1,283,0.27881473302841187,0.8571428656578064
l_curve_1,284,0.27875077724456787,0.8571428656578064
l_curve_1,285,0.27866825461387634,0.8571428656578064
l_curve_1,286,0.2785392701625824,0.8571428656578064
l_curve_1,287,0.27847903966903687,0.8571428656578064
l_curve_1,288,0.2783762216567993,0.8571428656578064
l_curve_1,289,0.27825891971588135,0.8571428656578064
l_curve_1,290,0.27816155552864075,0.8571428656578064
l_curve_1,291,0.2780609726905823,0.8571428656578064
l_curve_1,292,0.27803152799606323,0.8571428656578064
l_curve_1,293,0.27802959084510803,0.8571428656578064
l_curve_1,294,0.27803075313568115,0.8571428656578064
l_curve_1,295,0.2780371606349945,0.8571428656578064
l_curve_1,296,0.2780374586582184,0.8571428656578064
l_curve_1,297,0.27804654836654663,0.8571428656578064
l_curve_1,298,0.27807730436325073,0.8571428656578064
l_curve_1,299,0.2781469225883484,0.8571428656578064
l_curve_1,300,0.27813389897346497,0.8571428656578064
l_curve_1,301,0.2781892418861389,0.8571428656578064
l_curve_1,302,0.27828213572502136,0.8571428656578064
l_curve_1,303,0.2782939076423645,0.8571428656578064
l_curve_1,304,0.2782862186431885,0.8571428656578064
l_curve_1,305,0.2783409655094147,0.8571428656578064
l_curve_1,306,0.2783496379852295,0.8571428656578064
l_curve_1,307,0.2784201204776764,0.8571428656578064
l_curve_1,308,0.27839919924736023,0.8571428656578064
l_curve_1,309,0.2783931791782379,0.8571428656578064
l_curve_1,310,0.27827852964401245,0.8571428656578064
l_curve_1,311,0.2781142294406891,0.8571428656578064
l_curve_1,312,0.27798980474472046,0.8571428656578064
l_curve_1,313,0.27796170115470886,0.8571428656578064
l_curve_1,314,0.27789029479026794,0.8571428656578064
l_curve_1,315,0.27785369753837585,0.8571428656578064
l_curve_1,316,0.2777732014656067,0.8571428656578064
l_curve_1,317,0.27773675322532654,0.8571428656578064
l_curve_1,318,0.2777552008628845,0.8571428656578064
l_curve_1,319,0.27776584029197693,0.8571428656578064
l_curve_1,320,0.2777300775051117,0.8571428656578064
l_curve_1,321,0.2776474356651306,0.8571428656578064
l_curve_1,322,0.27753517031669617,0.8571428656578064
l_curve_1,323,0.2774445712566376,0.8571428656578064
l_curve_1,324,0.2773319482803345,0.8571428656578064
l_curve_1,325,0.27730265259742737,0.8571428656578064
l_curve_1,326,0.2772574722766876,0.8571428656578064
l_curve_1,327,0.2772560715675354,0.8571428656578064
l_curve_1,328,0.27727988362312317,0.8571428656578064
l_curve_1,329,0.27726101875305176,0.8571428656578064
l_curve_1,330,0.2772330641746521,0.8571428656578064
l_curve_1,331,0.277168333530426,0.8571428656578064
l_curve_1,332,0.2772268056869507,0.8571428656578064
l_curve_1,333,0.27723851799964905,0.8571428656578064
l_curve_1,334,0.27726781368255615,0.8571428656578064
l_curve_1,335,0.27733275294303894,0.8571428656578064
l_curve_1,336,0.2773784101009369,0.8571428656578064
l_curve_1,337,0.27738702297210693,0.8571428656578064
l_curve_1,338,0.27736330032348633,0.8571428656578064
l_curve_1,339,0.27734825015068054,0.8571428656578064
l_curve_1,340,0.27729353308677673,0.8571428656578064
l_curve_1,341,0.2773171067237854,0.8571428656578064
l_curve_1,342,0.2773069739341736,0.8571428656578064
l_curve_1,343,0.27729567885398865,0.8571428656578064
l_curve_1,344,0.2772734761238098,0.8571428656578064
l_curve_1,345,0.2772866189479828,0.8571428656578064
l_curve_1,346,0.27724000811576843,0.8571428656578064
l_curve_1,347,0.2771575450897217,0.8571428656578064
l_curve_1,348,0.27705803513526917,0.8571428656578064
l_curve_1,349,0.2769779860973358,0.8571428656578064
l_curve_1,350,0.27691131830215454,0.8571428656578064
l_curve_1,351,0.27685901522636414,0.8571428656578064
l_curve_1,352,0.27679353952407837,0.8571428656578064
l_curve_1,353,0.27678313851356506,0.8571428656578064
l_curve_1,354,0.27675890922546387,0.8571428656578064
l_curve_1,355,0.27670758962631226,0.8571428656578064
l_curve_1,356,0.27668240666389465,0.8571428656578064
l_curve_1,357,0.27667689323425293,0.8571428656578064
l_curve_1,358,0.27663204073905945,0.8571428656578064
l_curve_1,359,0.27659234404563904,0.8571428656578064
l_curve_1,360,0.27654722332954407,0.8571428656578064
l_curve_1,361,0.27644628286361694,0.8571428656578064
l_curve_1,362,0.27634406089782715,0.8571428656578064
l_curve_1,363,0.2763785421848297,0.8571428656578064
l_curve_1,364,0.27634546160697937,0.8571428656578064
l_curve_1,365,0.2762306332588196,0.8571428656578064
l_curve_1,366,0.2762346863746643,0.8571428656578064
l_curve_1,367,0.2762794494628906,0.8571428656578064
l_curve_1,368,0.2762872576713562,0.8571428656578064
l_curve_1,369,0.27631211280822754,0.8571428656578064
l_curve_1,370,0.2763151526451111,0.8571428656578064
l_curve_1,371,0.27631765604019165,0.8571428656578064
l_curve_1,372,0.27633270621299744,0.8571428656578064
l_curve_1,373,0.27626803517341614,0.8571428656578064
l_curve_1,374,0.27620765566825867,0.8571428656578064
l_curve_1,375,0.27615687251091003,0.8571428656578064
l_curve_1,376,0.27608999609947205,0.8571428656578064
l_curve_1,377,0.27600741386413574,0.8571428656578064
l_curve_1,378,0.27598127722740173,0.8571428656578064
l_curve_1,379,0.27595019340515137,0.8571428656578064
l_curve_1,380,0.2759194076061249,0.8571428656578064
l_curve_1,381,0.2757680118083954,0.8571428656578064
l_curve_1,382,0.2757232189178467,0.8571428656578064
l_curve_1,383,0.2756476402282715,0.8571428656578064
l_curve_1,384,0.2755970358848572,0.8571428656578064
l_curve_1,385,0.2754409909248352,0.8571428656578064
l_curve_1,386,0.2752610743045807,0.8571428656578064
l_curve_1,387,0.275213360786438,0.8571428656578064
l_curve_1,388,0.2751833200454712,0.8571428656578064
l_curve_1,389,0.2751098573207855,0.8571428656578064
l_curve_1,390,0.27502018213272095,0.8571428656578064
l_curve_1,391,0.2749861776828766,0.8571428656578064
l_curve_1,392,0.2748655676841736,0.8571428656578064
l_curve_1,393,0.27475595474243164,0.8571428656578064
l_curve_1,394,0.27464279532432556,0.8571428656578064
l_curve_1,395,0.2745695114135742,0.8571428656578064
l_curve_1,396,0.27456924319267273,0.8571428656578064
l_curve_1,397,0.2746264934539795,0.8571428656578064
l_curve_1,398,0.2746018171310425,0.8571428656578064
l_curve_1,399,0.27459871768951416,0.8571428656578064
l_curve_1,400,0.27448058128356934,0.8571428656578064
l_curve_1,401,0.27439388632774353,0.8571428656578064
l_curve_1,402,0.2743416726589203,0.8571428656578064
l_curve_1,403,0.27424830198287964,0.8571428656578064
l_curve_1,404,0.27409109473228455,0.8571428656578064
l_curve_1,405,0.27401459217071533,0.8571428656578064
l_curve_1,406,0.27392497658729553,0.8571428656578064
l_curve_1,407,0.2738736569881439,0.8571428656578064
l_curve_1,408,0.2737712264060974,0.8571428656578064
l_curve_1,409,0.27369022369384766,0.8571428656578064
l_curve_1,410,0.2735985219478607,0.8571428656578064
l_curve_1,411,0.27341631054878235,0.8571428656578064
l_curve_1,412,0.2732853293418884,0.8571428656578064
l_curve_1,413,0.2732107639312744,0.8571428656578064
l_curve_1,414,0.2731633484363556,0.8571428656578064
l_curve_1,415,0.2731185555458069,0.8571428656578064
l_curve_1,416,0.2731371819972992,0.8571428656578064
l_curve_1,417,0.2730798125267029,0.8571428656578064
l_curve_1,418,0.2730146646499634,0.8571428656578064
l_curve_1,419,0.27295300364494324,0.8571428656578064
l_curve_1,420,0.27294012904167175,0.8571428656578064
l_curve_1,421,0.2729136347770691,0.8571428656578064
l_curve_1,422,0.272869735956192,0.8571428656578064
l_curve_1,423,0.2727844715118408,0.8571428656578064
l_curve_1,424,0.27261924743652344,0.8571428656578064
l_curve_1,425,0.27243804931640625,0.8571428656578064
l_curve_1,426,0.2722629904747009,0.8571428656578064
l_curve_1,427,0.2721754312515259,0.8571428656578064
l_curve_1,428,0.27206116914749146,0.8571428656578064
l_curve_1,429,0.27188852429389954,0.8571428656578064
l_curve_1,430,0.27173352241516113,0.8571428656578064
l_curve_1,431,0.2715972661972046,0.8571428656578064
l_curve_1,432,0.2715413570404053,0.8809523582458496
l_curve_1,433,0.27134832739830017,0.8571428656578064
l_curve_1,434,0.2711608409881592,0.8571428656578064
l_curve_1,435,0.27101391553878784,0.8571428656578064
l_curve_1,436,0.2708534002304077,0.8571428656578064
l_curve_1,437,0.2706788182258606,0.8571428656578064
l_curve_1,438,0.2705509662628174,0.8571428656578064
l_curve_1,439,0.27042850852012634,0.8571428656578064
l_curve_1,440,0.2703550159931183,0.8809523582458496
l_curve_1,441,0.2702031135559082,0.8809523582458496
l_curve_1,442,0.27015233039855957,0.9047619104385376
l_curve_1,443,0.27005085349082947,0.9047619104385376
l_curve_1,444,0.26987168192863464,0.9047619104385376
l_curve_1,445,0.26975297927856445,0.9047619104385376
l_curve_1,446,0.2696157693862915,0.9047619104385376
l_curve_1,447,0.2694642245769501,0.9047619104385376
l_curve_1,448,0.26933565735816956,0.9047619104385376
l_curve_1,449,0.26913562417030334,0.9047619104385376
l_curve_1,450,0.26897451281547546,0.9047619104385376
l_curve_1,451,0.2687667906284332,0.9047619104385376
l_curve_1,452,0.2685980200767517,0.9047619104385376
l_curve_1,453,0.26841628551483154,0.9047619104385376
l_curve_1,454,0.2682482898235321,0.9047619104385376
l_curve_1,455,0.2681454122066498,0.9047619104385376
l_curve_1,456,0.26800981163978577,0.9047619104385376
l_curve_1,457,0.26779791712760925,0.9047619104385376
l_curve_1,458,0.2675405740737915,0.9047619104385376
l_curve_1,459,0.26739755272865295,0.9047619104385376
l_curve_1,460,0.26712989807128906,0.9047619104385376
l_curve_1,461,0.26682624220848083,0.9047619104385376
l_curve_1,462,0.2666056156158447,0.9047619104385376
l_curve_1,463,0.26635313034057617,0.9047619104385376
l_curve_1,464,0.2661406993865967,0.9047619104385376
l_curve_1,465,0.26600679755210876,0.9047619104385376
l_curve_1,466,0.26586318016052246,0.9047619104385376
l_curve_1,467,0.2657938003540039,0.9047619104385376
l_curve_1,468,0.2656906247138977,0.9047619104385376
l_curve_1,469,0.26555126905441284,0.9047619104385376
l_curve_1,470,0.2654212713241577,0.9047619104385376
l_curve_1,471,0.2652551233768463,0.9047619104385376
l_curve_1,472,0.26497575640678406,0.9047619104385376
l_curve_1,473,0.26475995779037476,0.9047619104385376
l_curve_1,474,0.2644505202770233,0.9047619104385376
l_curve_1,475,0.26408931612968445,0.9047619104385376
l_curve_1,476,0.2638513445854187,0.9047619104385376
l_curve_1,477,0.2637083828449249,0.9047619104385376
l_curve_1,478,0.2635255455970764,0.9047619104385376
l_curve_1,479,0.2633547782897949,0.9047619104385376
l_curve_1,480,0.26318874955177307,0.9047619104385376
l_curve_1,481,0.2629603445529938,0.9047619104385376
l_curve_1,482,0.26272204518318176,0.9047619104385376
l_curve_1,483,0.2624734342098236,0.9047619104385376
l_curve_1,484,0.262184202671051,0.9047619104385376
l_curve_1,485,0.26193767786026,0.9047619104385376
l_curve_1,486,0.26166847348213196,0.9047619104385376
l_curve_1,487,0.2613581120967865,0.9047619104385376
l_curve_1,488,0.2611308693885803,0.9047619104385376
l_curve_1,489,0.2608235776424408,0.9047619104385376
l_curve_1,490,0.2604813873767853,0.9047619104385376
l_curve_1,491,0.26019570231437683,0.9047619104385376
l_curve_1,492,0.25995174050331116,0.9047619104385376
l_curve_1,493,0.2597014009952545,0.9047619104385376
l_curve_1,494,0.259511262178421,0.9047619104385376
l_curve_1,495,0.25915709137916565,0.9047619104385376
l_curve_1,496,0.2588154375553131,0.9047619104385376
l_curve_1,497,0.25854283571243286,0.9047619104385376
l_curve_1,498,0.2583281099796295,0.9047619104385376
l_curve_1,499,0.2581111490726471,0.9047619104385376
l_curve_1,500,0.2579561769962311,0.9047619104385376
l_curve_1,501,0.2576855719089508,0.9047619104385376
l_curve_1,502,0.2573947310447693,0.9047619104385376
l_curve_1,503,0.2572512924671173,0.9047619104385376
l_curve_1,504,0.256998747587204,0.9047619104385376
l_curve_1,505,0.25680407881736755,0.9047619104385376
l_curve_1,506,0.2565500736236572,0.9047619104385376
l_curve_1,507,0.25624749064445496,0.9047619104385376
l_curve_1,508,0.2559908330440521,0.9047619104385376
l_curve_1,509,0.2557663321495056,0.9047619104385376
l_curve_1,510,0.2555405795574188,0.9047619104385376
l_curve_1,511,0.2552339434623718,0.9047619104385376
l_curve_1,512,0.25494709610939026,0.9047619104385376
l_curve_1,513,0.2547542154788971,0.9047619104385376
l_curve_1,514,0.2544578015804291,0.9047619104385376
l_curve_1,515,0.25409644842147827,0.9047619104385376
l_curve_1,516,0.25379589200019836,0.9047619104385376
l_curve_1,517,0.2536146342754364,0.9047619104385376
l_curve_1,518,0.2532755434513092,0.9047619104385376
l_curve_1,519,0.2530216574668884,0.9047619104385376
l_curve_1,520,0.2527618706226349,0.9047619104385376
l_curve_1,521,0.2524862289428711,0.9047619104385376
l_curve_1,522,0.2521721422672272,0.9047619104385376
l_curve_1,523,0.2519809305667877,0.9047619104385376
l_curve_1,524,0.25177833437919617,0.9047619104385376
l_curve_1,525,0.25153103470802307,0.9047619104385376
l_curve_1,526,0.2512551546096802,0.9047619104385376
l_curve_1,527,0.2509457468986511,0.9047619104385376
l_curve_1,528,0.2506909966468811,0.9047619104385376
l_curve_1,529,0.25041908025741577,0.9047619104385376
l_curve_1,530,0.2500801086425781,0.9047619104385376
l_curve_1,531,0.24976994097232819,0.9047619104385376
l_curve_1,532,0.2494945526123047,0.9047619104385376
l_curve_1,533,0.24920515716075897,0.9047619104385376
l_curve_1,534,0.2489328682422638,0.9047619104385376
l_curve_1,535,0.24868172407150269,0.9047619104385376
l_curve_1,536,0.2484184205532074,0.9047619104385376
l_curve_1,537,0.2480107545852661,0.9047619104385376
l_curve_1,538,0.2475963830947876,0.9047619104385376
l_curve_1,539,0.24728186428546906,0.9047619104385376
l_curve_1,540,0.2469867467880249,0.9047619104385376
l_curve_1,541,0.24667081236839294,0.9047619104385376
l_curve_1,542,0.246329665184021,0.9047619104385376
l_curve_1,543,0.2459908276796341,0.9047619104385376
l_curve_1,544,0.24558080732822418,0.9047619104385376
l_curve_1,545,0.24524466693401337,0.9047619104385376
l_curve_1,546,0.2449834644794464,0.9047619104385376
l_curve_1,547,0.24475817382335663,0.9047619104385376
l_curve_1,548,0.244476318359375,0.9047619104385376
l_curve_1,549,0.24411289393901825,0.9047619104385376
l_curve_1,550,0.2436879277229309,0.9047619104385376
l_curve_1,551,0.2432658076286316,0.9047619104385376
l_curve_1,552,0.24281518161296844,0.9047619104385376
l_curve_1,553,0.24240007996559143,0.9047619104385376
l_curve_1,554,0.2420346438884735,0.9047619104385376
l_curve_1,555,0.24168291687965393,0.9047619104385376
l_curve_1,556,0.24134790897369385,0.9047619104385376
l_curve_1,557,0.24102894961833954,0.9047619104385376
l_curve_1,558,0.2406885027885437,0.9047619104385376
l_curve_1,559,0.24035778641700745,0.9047619104385376
l_curve_1,560,0.24013999104499817,0.9047619104385376
l_curve_1,561,0.23991844058036804,0.9047619104385376
l_curve_1,562,0.2396184802055359,0.9047619104385376
l_curve_1,563,0.23929078876972198,0.9047619104385376
l_curve_1,564,0.23899663984775543,0.9047619104385376
l_curve_1,565,0.2387339472770691,0.9047619104385376
l_curve_1,566,0.23840677738189697,0.9047619104385376
l_curve_1,567,0.2380191534757614,0.9047619104385376
l_curve_1,568,0.23764996230602264,0.9047619104385376
l_curve_1,569,0.23716259002685547,0.9047619104385376
l_curve_1,570,0.2367180436849594,0.9047619104385376
l_curve_1,571,0.23633840680122375,0.9047619104385376
l_curve_1,572,0.23601631820201874,0.9047619104385376
l_curve_1,573,0.23568110167980194,0.9047619104385376
l_curve_1,574,0.23539461195468903,0.9047619104385376
l_curve_1,575,0.2351338267326355,0.9047619104385376
l_curve_1,576,0.2349609136581421,0.9047619104385376
l_curve_1,577,0.23456595838069916,0.9047619104385376
l_curve_1,578,0.23412205278873444,0.9047619104385376
l_curve_1,579,0.23386700451374054,0.9047619104385376
l_curve_1,580,0.23356488347053528,0.9047619104385376
l_curve_1,581,0.2332049310207367,0.9047619104385376
l_curve_1,582,0.2328610122203827,0.9047619104385376
l_curve_1,583,0.2324863225221634,0.9047619104385376
l_curve_1,584,0.23215067386627197,0.9047619104385376
l_curve_1,585,0.23167678713798523,0.9047619104385376
l_curve_1,586,0.23128964006900787,0.9047619104385376
l_curve_1,587,0.23093822598457336,0.9047619104385376
l_curve_1,588,0.23065927624702454,0.9047619104385376
l_curve_1,589,0.23031312227249146,0.9047619104385376
l_curve_1,590,0.22988983988761902,0.9047619104385376
l_curve_1,591,0.2294580340385437,0.9047619104385376
l_curve_1,592,0.22906343638896942,0.9047619104385376
l_curve_1,593,0.22865819931030273,0.9047619104385376
l_curve_1,594,0.22822357714176178,0.9047619104385376
l_curve_1,595,0.22785629332065582,0.9047619104385376
l_curve_1,596,0.22746211290359497,0.9047619104385376
l_curve_1,597,0.22706381976604462,0.9047619104385376
l_curve_1,598,0.22667290270328522,0.9047619104385376
l_curve_1,599,0.22637006640434265,0.9047619104385376
l_curve_1,600,0.22608105838298798,0.9047619104385376
l_curve_1,601,0.22574108839035034,0.9047619104385376
l_curve_1,602,0.22544905543327332,0.9047619104385376
l_curve_1,603,0.22508971393108368,0.9047619104385376
l_curve_1,604,0.22477149963378906,0.9047619104385376
l_curve_1,605,0.22439956665039062,0.9047619104385376
l_curve_1,606,0.22400683164596558,0.9047619104385376
l_curve_1,607,0.22363054752349854,0.9047619104385376
l_curve_1,608,0.2233017235994339,0.9047619104385376
l_curve_1,609,0.22296473383903503,0.9047619104385376
l_curve_1,610,0.22260917723178864,0.9047619104385376
l_curve_1,611,0.22223876416683197,0.9047619104385376
l_curve_1,612,0.2217768430709839,0.9047619104385376
l_curve_1,613,0.22136013209819794,0.9047619104385376
l_curve_1,614,0.22095540165901184,0.9047619104385376
l_curve_1,615,0.22058817744255066,0.9047619104385376
l_curve_1,616,0.22029118239879608,0.9047619104385376
l_curve_1,617,0.21998248994350433,0.9047619104385376
l_curve_1,618,0.2196439802646637,0.9047619104385376
l_curve_1,619,0.2193036824464798,0.9047619104385376
l_curve_1,620,0.21904060244560242,0.9047619104385376
l_curve_1,621,0.21868883073329926,0.9285714030265808
l_curve_1,622,0.21838638186454773,0.9285714030265808
l_curve_1,623,0.21804144978523254,0.9285714030265808
l_curve_1,624,0.21771135926246643,0.9285714030265808
l_curve_1,625,0.21738946437835693,0.9285714030265808
l_curve_1,626,0.21715901792049408,0.9285714030265808
l_curve_1,627,0.2169758528470993,0.9285714030265808
l_curve_1,628,0.21671824157238007,0.9285714030265808
l_curve_1,629,0.2163746953010559,0.9285714030265808
l_curve_1,630,0.2160973846912384,0.9285714030265808
l_curve_1,631,0.21578659117221832,0.9285714030265808
l_curve_1,632,0.21550004184246063,0.9285714030265808
l_curve_1,633,0.21509197354316711,0.9285714030265808
l_curve_1,634,0.214737206697464,0.9285714030265808
l_curve_1,635,0.21435850858688354,0.9285714030265808
l_curve_1,636,0.21400333940982819,0.9285714030265808
l_curve_1,637,0.2136564701795578,0.9285714030265808
l_curve_1,638,0.2133200466632843,0.9285714030265808
l_curve_1,639,0.21293385326862335,0.9285714030265808
l_curve_1,640,0.21252822875976562,0.9285714030265808
l_curve_1,641,0.21217423677444458,0.9285714030265808
l_curve_1,642,0.21176302433013916,0.9285714030265808
l_curve_1,643,0.21134813129901886,0.9285714030265808
l_curve_1,644,0.2109350860118866,0.9285714030265808
l_curve_1,645,0.21059158444404602,0.9285714030265808
l_curve_1,646,0.2102721482515335,0.9285714030265808
l_curve_1,647,0.2098783701658249,0.9285714030265808
l_curve_1,648,0.20957820117473602,0.9285714030265808
l_curve_1,649,0.20919664204120636,0.9285714030265808
l_curve_1,650,0.20879213511943817,0.9285714030265808
l_curve_1,651,0.20837858319282532,0.9285714030265808
l_curve_1,652,0.20812270045280457,0.9285714030265808
l_curve_1,653,0.20779548585414886,0.9285714030265808
l_curve_1,654,0.2074824720621109,0.9285714030265808
l_curve_1,655,0.2070639431476593,0.9285714030265808
l_curve_1,656,0.20669052004814148,0.9285714030265808
l_curve_1,657,0.20627662539482117,0.9285714030265808
l_curve_1,658,0.20593716204166412,0.9285714030265808
l_curve_1,659,0.20560234785079956,0.9285714030265808
l_curve_1,660,0.20515857636928558,0.9285714030265808
l_curve_1,661,0.2048162966966629,0.9285714030265808
l_curve_1,662,0.20439402759075165,0.9285714030265808
l_curve_1,663,0.2040252387523651,0.9285714030265808
l_curve_1,664,0.20359797775745392,0.9285714030265808
l_curve_1,665,0.2032657414674759,0.9285714030265808
l_curve_1,666,0.20288340747356415,0.9285714030265808
l_curve_1,667,0.20249198377132416,0.9285714030265808
l_curve_1,668,0.2020886242389679,0.9285714030265808
l_curve_1,669,0.20166537165641785,0.9285714030265808
l_curve_1,670,0.20129349827766418,0.9285714030265808
l_curve_1,671,0.2008882761001587,0.9285714030265808
l_curve_1,672,0.20050516724586487,0.9285714030265808
l_curve_1,673,0.20021197199821472,0.9285714030265808
l_curve_1,674,0.1998225599527359,0.9285714030265808
l_curve_1,675,0.19946423172950745,0.9285714030265808
l_curve_1,676,0.19905689358711243,0.9285714030265808
l_curve_1,677,0.19859105348587036,0.9285714030265808
l_curve_1,678,0.19825312495231628,0.9285714030265808
l_curve_1,679,0.19789782166481018,0.9285714030265808
l_curve_1,680,0.19752107560634613,0.9285714030265808
l_curve_1,681,0.19732552766799927,0.9285714030265808
l_curve_1,682,0.19704201817512512,0.9285714030265808
l_curve_1,683,0.19684255123138428,0.9285714030265808
l_curve_1,684,0.19650770723819733,0.9285714030265808
l_curve_1,685,0.1961623877286911,0.9285714030265808
l_curve_1,686,0.19579175114631653,0.9285714030265808
l_curve_1,687,0.1954565793275833,0.9285714030265808
l_curve_1,688,0.1951424926519394,0.9285714030265808
l_curve_1,689,0.19484823942184448,0.9285714030265808
l_curve_1,690,0.19443975389003754,0.9285714030265808
l_curve_1,691,0.1940021812915802,0.9285714030265808
l_curve_1,692,0.19364683330059052,0.9285714030265808
l_curve_1,693,0.1932712346315384,0.9285714030265808
l_curve_1,694,0.1928979605436325,0.9285714030265808
l_curve_1,695,0.19253210723400116,0.9285714030265808
l_curve_1,696,0.19215194880962372,0.9285714030265808
l_curve_1,697,0.1917785406112671,0.9285714030265808
l_curve_1,698,0.19141747057437897,0.9285714030265808
l_curve_1,699,0.19099240005016327,0.9285714030265808
l_curve_1,700,0.19060827791690826,0.9285714030265808
l_curve_1,701,0.19016265869140625,0.9285714030265808
l_curve_1,702,0.18971547484397888,0.9285714030265808
l_curve_1,703,0.18940390646457672,0.9285714030265808
l_curve_1,704,0.1891067773103714,0.9285714030265808
l_curve_1,705,0.1887732297182083,0.9285714030265808
l_curve_1,706,0.1884157359600067,0.9285714030265808
l_curve_1,707,0.18807749450206757,0.9285714030265808
l_curve_1,708,0.18772217631340027,0.9285714030265808
l_curve_1,709,0.18737219274044037,0.9285714030265808
l_curve_1,710,0.18704353272914886,0.9285714030265808
l_curve_1,711,0.18681177496910095,0.9285714030265808
l_curve_1,712,0.18651306629180908,0.9285714030265808
l_curve_1,713,0.18611936271190643,0.9285714030265808
l_curve_1,714,0.185767263174057,0.9285714030265808
l_curve_1,715,0.18554261326789856,0.9285714030265808
l_curve_1,716,0.18525592982769012,0.9285714030265808
l_curve_1,717,0.1849973052740097,0.9285714030265808
l_curve_1,718,0.18467950820922852,0.9285714030265808
l_curve_1,719,0.1842825710773468,0.9285714030265808
l_curve_1,720,0.18394137918949127,0.9285714030265808
l_curve_1,721,0.1835637390613556,0.9285714030265808
l_curve_1,722,0.18316563963890076,0.9285714030265808
l_curve_1,723,0.18282334506511688,0.9285714030265808
l_curve_1,724,0.1823781579732895,0.9285714030265808
l_curve_1,725,0.1819685995578766,0.9285714030265808
l_curve_1,726,0.18153811991214752,0.9285714030265808
l_curve_1,727,0.18120037019252777,0.9285714030265808
l_curve_1,728,0.18085981905460358,0.9285714030265808
l_curve_1,729,0.18061883747577667,0.9285714030265808
l_curve_1,730,0.18036958575248718,0.9285714030265808
l_curve_1,731,0.18003949522972107,0.9285714030265808
l_curve_1,732,0.17973622679710388,0.9285714030265808
l_curve_1,733,0.17948445677757263,0.9285714030265808
l_curve_1,734,0.17913901805877686,0.9285714030265808
l_curve_1,735,0.17872388660907745,0.9285714030265808
l_curve_1,736,0.17834597826004028,0.9285714030265808
l_curve_1,737,0.17816156148910522,0.9285714030265808
l_curve_1,738,0.1778644621372223,0.9285714030265808
l_curve_1,739,0.17762427031993866,0.9285714030265808
l_curve_1,740,0.17736780643463135,0.9285714030265808
l_curve_1,741,0.17708738148212433,0.9285714030265808
l_curve_1,742,0.1767423003911972,0.9285714030265808
l_curve_1,743,0.1763424426317215,0.9285714030265808
l_curve_1,744,0.1759708970785141,0.9285714030265808
l_curve_1,745,0.17559528350830078,0.9285714030265808
l_curve_1,746,0.17524683475494385,0.9285714030265808
l_curve_1,747,0.1749754399061203,0.9285714030265808
l_curve_1,748,0.17468947172164917,0.9285714030265808
l_curve_1,749,0.17437644302845,0.9285714030265808
l_curve_1,750,0.1740432232618332,0.9285714030265808
l_curve_1,751,0.17368121445178986,0.9285714030265808
l_curve_1,752,0.1733037233352661,0.9285714030265808
l_curve_1,753,0.1730177104473114,0.9285714030265808
l_curve_1,754,0.17279677093029022,0.9285714030265808
l_curve_1,755,0.1725185513496399,0.9285714030265808
l_curve_1,756,0.17213574051856995,0.9285714030265808
l_curve_1,757,0.17180481553077698,0.9285714030265808
l_curve_1,758,0.17148008942604065,0.9285714030265808
l_curve_1,759,0.17119453847408295,0.9285714030265808
l_curve_1,760,0.17096614837646484,0.9285714030265808
l_curve_1,761,0.17062334716320038,0.9285714030265808
l_curve_1,762,0.17022421956062317,0.9285714030265808
l_curve_1,763,0.16991475224494934,0.9285714030265808
l_curve_1,764,0.16962838172912598,0.9285714030265808
l_curve_1,765,0.16931074857711792,0.9285714030265808
l_curve_1,766,0.16898925602436066,0.9285714030265808
l_curve_1,767,0.1686042994260788,0.9285714030265808
l_curve_1,768,0.16827422380447388,0.9285714030265808
l_curve_1,769,0.16798178851604462,0.9285714030265808
l_curve_1,770,0.1677008867263794,0.9285714030265808
l_curve_1,771,0.1673951894044876,0.9285714030265808
l_curve_1,772,0.16699577867984772,0.9285714030265808
l_curve_1,773,0.1666843444108963,0.9285714030265808
l_curve_1,774,0.16630853712558746,0.9285714030265808
l_curve_1,775,0.16587835550308228,0.9285714030265808
l_curve_1,776,0.16555540263652802,0.9285714030265808
l_curve_1,777,0.16523879766464233,0.9285714030265808
l_curve_1,778,0.1648598462343216,0.9285714030265808
l_curve_1,779,0.1645227074623108,0.9285714030265808
l_curve_1,780,0.16428695619106293,0.9285714030265808
l_curve_1,781,0.1639188975095749,0.9285714030265808
l_curve_1,782,0.16361482441425323,0.9285714030265808
l_curve_1,783,0.16327254474163055,0.9285714030265808
l_curve_1,784,0.16287589073181152,0.9285714030265808
l_curve_1,785,0.16248027980327606,0.9285714030265808
l_curve_1,786,0.1621427834033966,0.9285714030265808
l_curve_1,787,0.16192921996116638,0.9285714030265808
l_curve_1,788,0.16158251464366913,0.9285714030265808
l_curve_1,789,0.16122384369373322,0.9285714030265808
l_curve_1,790,0.16088178753852844,0.9285714030265808
l_curve_1,791,0.16057071089744568,0.9285714030265808
l_curve_1,792,0.16018444299697876,0.9285714030265808
l_curve_1,793,0.15986771881580353,0.9285714030265808
l_curve_1,794,0.15950758755207062,0.9285714030265808
l_curve_1,795,0.15915584564208984,0.9285714030265808
l_curve_1,796,0.1588326245546341,0.9285714030265808
l_curve_1,797,0.1584721803665161,0.9285714030265808
l_curve_1,798,0.15824748575687408,0.9285714030265808
l_curve_1,799,0.1579149067401886,0.9285714030265808
l_curve_1,800,0.15759283304214478,0.9285714030265808
l_curve_1,801,0.1572316437959671,0.9285714030265808
l_curve_1,802,0.1569179743528366,0.9285714030265808
l_curve_1,803,0.15654408931732178,0.9285714030265808
l_curve_1,804,0.15630753338336945,0.9285714030265808
l_curve_1,805,0.1560029238462448,0.9285714030265808
l_curve_1,806,0.1556876301765442,0.9285714030265808
l_curve_1,807,0.1553565263748169,0.9285714030265808
l_curve_1,808,0.15504398941993713,0.9285714030265808
l_curve_1,809,0.15480658411979675,0.9285714030265808
l_curve_1,810,0.15452826023101807,0.9285714030265808
l_curve_1,811,0.15428873896598816,0.9285714030265808
l_curve_1,812,0.15395891666412354,0.9285714030265808
l_curve_1,813,0.15363334119319916,0.9285714030265808
l_curve_1,814,0.15327852964401245,0.9285714030265808
l_curve_1,815,0.15292471647262573,0.9285714030265808
l_curve_1,816,0.15252061188220978,0.9285714030265808
l_curve_1,817,0.15216375887393951,0.9285714030265808
l_curve_1,818,0.1519090235233307,0.9285714030265808
l_curve_1,819,0.15161176025867462,0.9285714030265808
l_curve_1,820,0.15142019093036652,0.9285714030265808
l_curve_1,821,0.15116575360298157,0.9285714030265808
l_curve_1,822,0.15089276432991028,0.9285714030265808
l_curve_1,823,0.15066619217395782,0.9285714030265808
l_curve_1,824,0.1504521667957306,0.9285714030265808
l_curve_1,825,0.1501539945602417,0.9285714030265808
l_curve_1,826,0.149855837225914,0.9285714030265808
l_curve_1,827,0.14962664246559143,0.9285714030265808
l_curve_1,828,0.1493690311908722,0.9285714030265808
l_curve_1,829,0.14909808337688446,0.9285714030265808
l_curve_1,830,0.14882439374923706,0.9285714030265808
l_curve_1,831,0.14842884242534637,0.9285714030265808
l_curve_1,832,0.14792224764823914,0.9285714030265808
l_curve_1,833,0.1474505513906479,0.9285714030265808
l_curve_1,834,0.14720648527145386,0.9285714030265808
l_curve_1,835,0.14693683385849,0.9285714030265808
l_curve_1,836,0.14661653339862823,0.9285714030265808
l_curve_1,837,0.14639966189861298,0.9285714030265808
l_curve_1,838,0.14610838890075684,0.9523809552192688
l_curve_1,839,0.1457938253879547,0.9523809552192688
l_curve_1,840,0.14550422132015228,0.9285714030265808
l_curve_1,841,0.14517244696617126,0.9523809552192688
l_curve_1,842,0.14480730891227722,0.9523809552192688
l_curve_1,843,0.14443998038768768,0.9523809552192688
l_curve_1,844,0.14410677552223206,0.9285714030265808
l_curve_1,845,0.1437714844942093,0.9285714030265808
l_curve_1,846,0.1435016691684723,0.9523809552192688
l_curve_1,847,0.14326556026935577,0.9523809552192688
l_curve_1,848,0.1429983526468277,0.9523809552192688
l_curve_1,849,0.14275667071342468,0.9523809552192688
l_curve_1,850,0.14248381555080414,0.9523809552192688
l_curve_1,851,0.14214551448822021,0.9523809552192688
l_curve_1,852,0.14188498258590698,0.9523809552192688
l_curve_1,853,0.1416989266872406,0.9523809552192688
l_curve_1,854,0.1414804756641388,0.9523809552192688
l_curve_1,855,0.14120399951934814,0.9523809552192688
l_curve_1,856,0.1408289074897766,0.9523809552192688
l_curve_1,857,0.14046862721443176,0.9523809552192688
l_curve_1,858,0.14011986553668976,0.9523809552192688
l_curve_1,859,0.1397608369588852,0.9523809552192688
l_curve_1,860,0.1394537389278412,0.9523809552192688
l_curve_1,861,0.13919977843761444,0.9523809552192688
l_curve_1,862,0.13895736634731293,0.9523809552192688
l_curve_1,863,0.13864533603191376,0.9523809552192688
l_curve_1,864,0.13834068179130554,0.9523809552192688
l_curve_1,865,0.13797327876091003,0.9523809552192688
l_curve_1,866,0.13761091232299805,0.9523809552192688
l_curve_1,867,0.13735432922840118,0.9523809552192688
l_curve_1,868,0.13712237775325775,0.9523809552192688
l_curve_1,869,0.13681994378566742,0.9523809552192688
l_curve_1,870,0.13661393523216248,0.9523809552192688
l_curve_1,871,0.13635103404521942,0.9523809552192688
l_curve_1,872,0.1360720843076706,0.9523809552192688
l_curve_1,873,0.13571946322917938,0.9523809552192688
l_curve_1,874,0.13551686704158783,0.9523809552192688
l_curve_1,875,0.13525401055812836,0.9523809552192688
l_curve_1,876,0.13507568836212158,0.9523809552192688
l_curve_1,877,0.13479503989219666,0.9523809552192688
l_curve_1,878,0.1345083862543106,0.9523809552192688
l_curve_1,879,0.13415999710559845,0.9523809552192688
l_curve_1,880,0.1338893622159958,0.9523809552192688
l_curve_1,881,0.1335410624742508,0.9523809552192688
l_curve_1,882,0.13319383561611176,0.9523809552192688
l_curve_1,883,0.1328904628753662,0.9523809552192688
l_curve_1,884,0.13259759545326233,0.9523809552192688
l_curve_1,885,0.13236895203590393,0.9523809552192688
l_curve_1,886,0.13205432891845703,0.9523809552192688
l_curve_1,887,0.13177554309368134,0.9523809552192688
l_curve_1,888,0.13145719468593597,0.9523809552192688
l_curve_1,889,0.13114216923713684,0.9523809552192688
l_curve_1,890,0.13078340888023376,0.9523809552192688
l_curve_1,891,0.13046395778656006,0.9523809552192688
l_curve_1,892,0.13021370768547058,0.9523809552192688
l_curve_1,893,0.1299634575843811,0.9523809552192688
l_curve_1,894,0.1296292245388031,0.9523809552192688
l_curve_1,895,0.1293429136276245,0.9523809552192688
l_curve_1,896,0.12917138636112213,0.9523809552192688
l_curve_1,897,0.1289897859096527,0.9523809552192688
l_curve_1,898,0.1288486272096634,0.9523809552192688
l_curve_1,899,0.1286502629518509,0.9523809552192688
l_curve_1,900,0.12852951884269714,0.9523809552192688
l_curve_1,901,0.12827959656715393,0.9523809552192688
l_curve_1,902,0.12803266942501068,0.9523809552192688
l_curve_1,903,0.1276744157075882,0.9523809552192688
l_curve_1,904,0.12726357579231262,0.9523809552192688
l_curve_1,905,0.12695404887199402,0.9523809552192688
l_curve_1,906,0.12662655115127563,0.9523809552192688
l_curve_1,907,0.12641248106956482,0.9523809552192688
l_curve_1,908,0.12613557279109955,0.9523809552192688
l_curve_1,909,0.12580835819244385,0.9523809552192688
l_curve_1,910,0.12540240585803986,0.9523809552192688
l_curve_1,911,0.12508848309516907,0.9523809552192688
l_curve_1,912,0.12474511563777924,0.9523809552192688
l_curve_1,913,0.12444257736206055,0.9523809552192688
l_curve_1,914,0.1241271123290062,0.9523809552192688
l_curve_1,915,0.1239260584115982,0.9523809552192688
l_curve_1,916,0.12374507635831833,0.9523809552192688
l_curve_1,917,0.12341956049203873,0.9523809552192688
l_curve_1,918,0.12308820337057114,0.9523809552192688
l_curve_1,919,0.1227920651435852,0.9523809552192688
l_curve_1,920,0.12240611016750336,0.9523809552192688
l_curve_1,921,0.12213912606239319,0.9523809552192688
l_curve_1,922,0.12193461507558823,0.9523809552192688
l_curve_1,923,0.12184617668390274,0.9523809552192688
l_curve_1,924,0.12172366678714752,0.9523809552192688
l_curve_1,925,0.12152962386608124,0.9523809552192688
l_curve_1,926,0.12142042070627213,0.9523809552192688
l_curve_1,927,0.12114609032869339,0.9523809552192688
l_curve_1,928,0.12079230695962906,0.9523809552192688
l_curve_1,929,0.12060403823852539,0.9523809552192688
l_curve_1,930,0.12031394988298416,0.9523809552192688
l_curve_1,931,0.11997977644205093,0.9523809552192688
l_curve_1,932,0.1196223571896553,0.9523809552192688
l_curve_1,933,0.119314044713974,0.9523809552192688
l_curve_1,934,0.11902462691068649,0.9523809552192688
l_curve_1,935,0.11872059851884842,0.9523809552192688
l_curve_1,936,0.11844292283058167,0.9523809552192688
l_curve_1,937,0.11809203773736954,0.9523809552192688
l_curve_1,938,0.117852121591568,0.9523809552192688
l_curve_1,939,0.11770464479923248,0.9523809552192688
l_curve_1,940,0.11742950975894928,0.9523809552192688
l_curve_1,941,0.11714000999927521,0.9523809552192688
l_curve_1,942,0.11687753349542618,0.9523809552192688
l_curve_1,943,0.11674196273088455,0.9523809552192688
l_curve_1,944,0.11657220870256424,0.9523809552192688
l_curve_1,945,0.11624585837125778,0.9523809552192688
l_curve_1,946,0.1159922406077385,0.9523809552192688
l_curve_1,947,0.11575154215097427,0.9523809552192688
l_curve_1,948,0.11546813696622849,0.9523809552192688
l_curve_1,949,0.11513332277536392,0.9523809552192688
l_curve_1,950,0.11477939039468765,0.9523809552192688
l_curve_1,951,0.11442890763282776,0.9523809552192688
l_curve_1,952,0.11410272866487503,0.9523809552192688
l_curve_1,953,0.11377028375864029,0.9523809552192688
l_curve_1,954,0.1134440004825592,0.9523809552192688
l_curve_1,955,0.11312031745910645,0.9523809552192688
l_curve_1,956,0.1127982959151268,0.9523809552192688
l_curve_1,957,0.11243051290512085,0.9523809552192688
l_curve_1,958,0.11216799169778824,0.9523809552192688
l_curve_1,959,0.11191398650407791,0.9523809552192688
l_curve_1,960,0.11165334284305573,0.9523809552192688
l_curve_1,961,0.1114649623632431,0.9523809552192688
l_curve_1,962,0.11128212511539459,0.9523809552192688
l_curve_1,963,0.11106133460998535,0.9523809552192688
l_curve_1,964,0.11084257066249847,0.9523809552192688
l_curve_1,965,0.11063632369041443,0.9523809552192688
l_curve_1,966,0.11039697378873825,0.9523809552192688
l_curve_1,967,0.11008843034505844,0.9523809552192688
l_curve_1,968,0.10974735021591187,0.9523809552192688
l_curve_1,969,0.10950595140457153,0.9523809552192688
l_curve_1,970,0.1092383861541748,0.9523809552192688
l_curve_1,971,0.10902267694473267,0.9523809552192688
l_curve_1,972,0.10889770835638046,0.9523809552192688
l_curve_1,973,0.10887537896633148,0.9523809552192688
l_curve_1,974,0.10869868844747543,0.9523809552192688
l_curve_1,975,0.10847236216068268,0.9523809552192688
l_curve_1,976,0.10822519659996033,0.9523809552192688
l_curve_1,977,0.10804163664579391,0.9523809552192688
l_curve_1,978,0.1078159362077713,0.9523809552192688
l_curve_1,979,0.10752465575933456,0.9523809552192688
l_curve_1,980,0.10721256583929062,0.9523809552192688
l_curve_1,981,0.10702142119407654,0.9523809552192688
l_curve_1,982,0.106721892952919,0.9523809552192688
l_curve_1,983,0.10642679780721664,0.9523809552192688
l_curve_1,984,0.10624267905950546,0.9523809552192688
l_curve_1,985,0.1060488224029541,0.9523809552192688
l_curve_1,986,0.10583680123090744,0.9523809552192688
l_curve_1,987,0.10554879903793335,0.9523809552192688
l_curve_1,988,0.10515492409467697,0.9523809552192688
l_curve_1,989,0.1048135757446289,0.9523809552192688
l_curve_1,990,0.10453198105096817,0.9523809552192688
l_curve_1,991,0.10423794388771057,0.9523809552192688
l_curve_1,992,0.10390877723693848,0.9523809552192688
l_curve_1,993,0.10364578664302826,0.9523809552192688
l_curve_1,994,0.10336905717849731,0.9523809552192688
l_curve_1,995,0.10317886620759964,0.9523809552192688
l_curve_1,996,0.1029701828956604,0.9523809552192688
l_curve_1,997,0.10275827348232269,0.9523809552192688
l_curve_1,998,0.10252011567354202,0.9523809552192688
l_curve_1,999,0.10239850729703903,0.9523809552192688
l_curve_1,1000,0.1022401675581932,0.9523809552192688
l_curve_1,1000,0.1022401675581932,0.9523809552192688
