client,round,loss,accuracy
l_curve_3,1,0.8163482546806335,0.375
l_curve_3,2,0.8107355833053589,0.375
l_curve_3,3,0.8052266836166382,0.375
l_curve_3,4,0.7997704744338989,0.375
l_curve_3,5,0.7943704128265381,0.375
l_curve_3,6,0.7890969514846802,0.375
l_curve_3,7,0.7838870286941528,0.375
l_curve_3,8,0.7787225842475891,0.375
l_curve_3,9,0.7736895084381104,0.375
l_curve_3,10,0.7688175439834595,0.375
l_curve_3,11,0.7639243602752686,0.375
l_curve_3,12,0.7591918110847473,0.375
l_curve_3,13,0.7545300126075745,0.375
l_curve_3,14,0.7498911619186401,0.375
l_curve_3,15,0.7453410625457764,0.375
l_curve_3,16,0.7408291697502136,0.375
l_curve_3,17,0.7364153861999512,0.375
l_curve_3,18,0.7321054935455322,0.375
l_curve_3,19,0.7278262376785278,0.375
l_curve_3,20,0.7236483097076416,0.4375
l_curve_3,21,0.7195817232131958,0.4375
l_curve_3,22,0.7156091332435608,0.4375
l_curve_3,23,0.7116798758506775,0.4375
l_curve_3,24,0.7078086733818054,0.5
l_curve_3,25,0.7040067911148071,0.5
l_curve_3,26,0.7003081440925598,0.5
l_curve_3,27,0.696632981300354,0.5
l_curve_3,28,0.6930736303329468,0.5
l_curve_3,29,0.689504861831665,0.5
l_curve_3,30,0.6860787272453308,0.5
l_curve_3,31,0.6826577186584473,0.5
l_curve_3,32,0.6793151497840881,0.5
l_curve_3,33,0.676048755645752,0.5
l_curve_3,34,0.6729225516319275,0.5
l_curve_3,35,0.6697890758514404,0.5
l_curve_3,36,0.666708767414093,0.5
l_curve_3,37,0.663654088973999,0.5625
l_curve_3,38,0.6606535315513611,0.5625
l_curve_3,39,0.6576915979385376,0.5625
l_curve_3,40,0.6548160314559937,0.5625
l_curve_3,41,0.6519367694854736,0.5625
l_curve_3,42,0.6491391658782959,0.5625
l_curve_3,43,0.6463764309883118,0.5625
l_curve_3,44,0.6436718702316284,0.5625
l_curve_3,45,0.6410244107246399,0.5625
l_curve_3,46,0.6383602023124695,0.5625
l_curve_3,47,0.6357404589653015,0.5625
l_curve_3,48,0.6331813335418701,0.5625
l_curve_3,49,0.6306452751159668,0.5625
l_curve_3,50,0.628180742263794,0.5625
l_curve_3,51,0.6257579326629639,0.5625
l_curve_3,52,0.6233600974082947,0.5625
l_curve_3,53,0.6209525465965271,0.5625
l_curve_3,54,0.618605375289917,0.5625
l_curve_3,55,0.6162784099578857,0.5625
l_curve_3,56,0.6139662265777588,0.5625
l_curve_3,57,0.6116822361946106,0.5625
l_curve_3,58,0.6093895435333252,0.5625
l_curve_3,59,0.607170820236206,0.5625
l_curve_3,60,0.6049551963806152,0.625
l_curve_3,61,0.6027967929840088,0.6875
l_curve_3,62,0.6006665229797363,0.6875
l_curve_3,63,0.5985171794891357,0.6875
l_curve_3,64,0.5963941812515259,0.6875
l_curve_3,65,0.5943158864974976,0.6875
l_curve_3,66,0.5921933054924011,0.6875
l_curve_3,67,0.5900988578796387,0.6875
l_curve_3,68,0.5880657434463501,0.6875
l_curve_3,69,0.5860649943351746,0.75
l_curve_3,70,0.5840682983398438,0.75
l_curve_3,71,0.5821254253387451,0.75
l_curve_3,72,0.5801438689231873,0.8125
l_curve_3,73,0.5781327486038208,0.8125
l_curve_3,74,0.5762170553207397,0.8125
l_curve_3,75,0.5743299722671509,0.8125
l_curve_3,76,0.5724091529846191,0.8125
l_curve_3,77,0.5705252885818481,0.8125
l_curve_3,78,0.5686661601066589,0.8125
l_curve_3,79,0.56678307056427,0.8125
l_curve_3,80,0.5649033784866333,0.8125
l_curve_3,81,0.5630559921264648,0.8125
l_curve_3,82,0.5612363219261169,0.8125
l_curve_3,83,0.5594537258148193,0.8125
l_curve_3,84,0.5576748847961426,0.8125
l_curve_3,85,0.555895209312439,0.8125
l_curve_3,86,0.5541393160820007,0.8125
l_curve_3,87,0.5523375868797302,0.8125
l_curve_3,88,0.5505614876747131,0.8125
l_curve_3,89,0.5488288402557373,0.8125
l_curve_3,90,0.547095537185669,0.8125
l_curve_3,91,0.5453698039054871,0.8125
l_curve_3,92,0.5436393022537231,0.8125
l_curve_3,93,0.5419150590896606,0.8125
l_curve_3,94,0.5401908755302429,0.8125
l_curve_3,95,0.5385092496871948,0.8125
l_curve_3,96,0.5368475914001465,0.8125
l_curve_3,97,0.5352181792259216,0.8125
l_curve_3,98,0.5335886478424072,0.875
l_curve_3,99,0.5319359302520752,0.875
l_curve_3,100,0.5302261710166931,0.875
l_curve_3,101,0.5285862684249878,0.875
l_curve_3,102,0.5269738435745239,0.875
l_curve_3,103,0.5253427028656006,0.875
l_curve_3,104,0.5237082242965698,0.875
l_curve_3,105,0.5221329927444458,0.875
l_curve_3,106,0.520550012588501,0.875
l_curve_3,107,0.5189993381500244,0.875
l_curve_3,108,0.5174306035041809,0.875
l_curve_3,109,0.515831708908081,0.875
l_curve_3,110,0.5142931938171387,0.875
l_curve_3,111,0.5127443075180054,0.875
l_curve_3,112,0.5112177729606628,0.875
l_curve_3,113,0.5096886157989502,0.875
l_curve_3,114,0.5081446170806885,0.875
l_curve_3,115,0.5066118836402893,0.875
l_curve_3,116,0.5051059722900391,0.875
l_curve_3,117,0.503594696521759,0.875
l_curve_3,118,0.5020785927772522,0.875
l_curve_3,119,0.5005940198898315,0.875
l_curve_3,120,0.4991243779659271,0.875
l_curve_3,121,0.49766361713409424,0.875
l_curve_3,122,0.49621811509132385,0.875
l_curve_3,123,0.4947754442691803,0.875
l_curve_3,124,0.4933919608592987,0.875
l_curve_3,125,0.49198317527770996,0.875
l_curve_3,126,0.4905572533607483,0.875
l_curve_3,127,0.4891330301761627,0.875
l_curve_3,128,0.4877350628376007,0.875
l_curve_3,129,0.48635348677635193,0.875
l_curve_3,130,0.4849550724029541,0.875
l_curve_3,131,0.4835864305496216,0.875
l_curve_3,132,0.4822008013725281,0.875
l_curve_3,133,0.4808795154094696,0.875
l_curve_3,134,0.4795556962490082,0.875
l_curve_3,135,0.47823405265808105,0.875
l_curve_3,136,0.4768909215927124,0.875
l_curve_3,137,0.4755813479423523,0.875
l_curve_3,138,0.47425180673599243,0.875
l_curve_3,139,0.47297805547714233,0.875
l_curve_3,140,0.4716954529285431,0.875
l_curve_3,141,0.47041386365890503,0.875
l_curve_3,142,0.4691166281700134,0.875
l_curve_3,143,0.46786263585090637,0.875
l_curve_3,144,0.46661120653152466,0.875
l_curve_3,145,0.46539306640625,0.875
l_curve_3,146,0.46415477991104126,0.875
l_curve_3,147,0.46291717886924744,0.875
l_curve_3,148,0.4616855978965759,0.875
l_curve_3,149,0.4604834020137787,0.875
l_curve_3,150,0.4592900276184082,0.875
l_curve_3,151,0.45809441804885864,0.875
l_curve_3,152,0.4569118022918701,0.875
l_curve_3,153,0.45576679706573486,0.875
l_curve_3,154,0.45462465286254883,0.875
l_curve_3,155,0.4534951448440552,0.875
l_curve_3,156,0.4523371458053589,0.875
l_curve_3,157,0.4512271583080292,0.875
l_curve_3,158,0.4501262307167053,0.875
l_curve_3,159,0.4489673674106598,0.875
l_curve_3,160,0.44783949851989746,0.875
l_curve_3,161,0.446707546710968,0.875
l_curve_3,162,0.4455976188182831,0.875
l_curve_3,163,0.44451361894607544,0.875
l_curve_3,164,0.4434159994125366,0.875
l_curve_3,165,0.44234567880630493,0.875
l_curve_3,166,0.44130852818489075,0.875
l_curve_3,167,0.44028812646865845,0.875
l_curve_3,168,0.4392598569393158,0.875
l_curve_3,169,0.43823540210723877,0.875
l_curve_3,170,0.43715399503707886,0.875
l_curve_3,171,0.43612104654312134,0.875
l_curve_3,172,0.43514060974121094,0.875
l_curve_3,173,0.434133917093277,0.875
l_curve_3,174,0.4331100583076477,0.875
l_curve_3,175,0.4321492612361908,0.875
l_curve_3,176,0.431140661239624,0.875
l_curve_3,177,0.4301460385322571,0.875
l_curve_3,178,0.4292004704475403,0.875
l_curve_3,179,0.4282383918762207,0.875
l_curve_3,180,0.4272746443748474,0.875
l_curve_3,181,0.4262586832046509,0.875
l_curve_3,182,0.4253339171409607,0.875
l_curve_3,183,0.4244043827056885,0.875
l_curve_3,184,0.42346543073654175,0.875
l_curve_3,185,0.4225168228149414,0.875
l_curve_3,186,0.42159199714660645,0.875
l_curve_3,187,0.42071762681007385,0.875
l_curve_3,188,0.419809490442276,0.875
l_curve_3,189,0.4189203083515167,0.875
l_curve_3,190,0.41800665855407715,0.875
l_curve_3,191,0.41713935136795044,0.875
l_curve_3,192,0.41625720262527466,0.875
l_curve_3,193,0.41544637084007263,0.875
l_curve_3,194,0.41460055112838745,0.875
l_curve_3,195,0.41376858949661255,0.875
l_curve_3,196,0.4129329025745392,0.875
l_curve_3,197,0.4120931029319763,0.875
l_curve_3,198,0.41125163435935974,0.875
l_curve_3,199,0.41038990020751953,0.875
l_curve_3,200,0.4095684587955475,0.875
l_curve_3,201,0.408741295337677,0.875
l_curve_3,202,0.407876193523407,0.875
l_curve_3,203,0.40710729360580444,0.875
l_curve_3,204,0.4063090682029724,0.875
l_curve_3,205,0.40551260113716125,0.875
l_curve_3,206,0.40472522377967834,0.875
l_curve_3,207,0.40391141176223755,0.875
l_curve_3,208,0.4031175971031189,0.875
l_curve_3,209,0.402332603931427,0.875
l_curve_3,210,0.40158724784851074,0.875
l_curve_3,211,0.40078842639923096,0.875
l_curve_3,212,0.40003111958503723,0.875
l_curve_3,213,0.39928048849105835,0.875
l_curve_3,214,0.3984997272491455,0.875
l_curve_3,215,0.39772915840148926,0.875
l_curve_3,216,0.39696168899536133,0.875
l_curve_3,217,0.3962232172489166,0.875
l_curve_3,218,0.39549946784973145,0.875
l_curve_3,219,0.39483052492141724,0.875
l_curve_3,220,0.3941417336463928,0.875
l_curve_3,221,0.3934023380279541,0.875
l_curve_3,222,0.39269202947616577,0.875
l_curve_3,223,0.3920174241065979,0.875
l_curve_3,224,0.39126408100128174,0.875
l_curve_3,225,0.39055097103118896,0.875
l_curve_3,226,0.3898465633392334,0.875
l_curve_3,227,0.38910284638404846,0.875
l_curve_3,228,0.38839900493621826,0.875
l_curve_3,229,0.38769951462745667,0.875
l_curve_3,230,0.38704296946525574,0.875
l_curve_3,231,0.3863425850868225,0.875
l_curve_3,232,0.38566887378692627,0.875
l_curve_3,233,0.38502705097198486,0.875
l_curve_3,234,0.38435953855514526,0.875
l_curve_3,235,0.38369378447532654,0.875
l_curve_3,236,0.3830697536468506,0.875
l_curve_3,237,0.3824138641357422,0.875
l_curve_3,238,0.3818151652812958,0.875
l_curve_3,239,0.3811488151550293,0.875
l_curve_3,240,0.3804851472377777,0.875
l_curve_3,241,0.37980684638023376,0.875
l_curve_3,242,0.37919291853904724,0.875
l_curve_3,243,0.3785548508167267,0.875
l_curve_3,244,0.3779276907444,0.875
l_curve_3,245,0.3772914409637451,0.875
l_curve_3,246,0.3766264319419861,0.875
l_curve_3,247,0.37599867582321167,0.875
l_curve_3,248,0.3753438889980316,0.875
l_curve_3,249,0.37474074959754944,0.875
l_curve_3,250,0.3741675615310669,0.875
l_curve_3,251,0.37356799840927124,0.875
l_curve_3,252,0.37297528982162476,0.875
l_curve_3,253,0.3723602592945099,0.875
l_curve_3,254,0.3717604875564575,0.875
l_curve_3,255,0.3711835741996765,0.875
l_curve_3,256,0.37057173252105713,0.875
l_curve_3,257,0.3699556589126587,0.875
l_curve_3,258,0.36936983466148376,0.875
l_curve_3,259,0.3687683045864105,0.875
l_curve_3,260,0.368175745010376,0.875
l_curve_3,261,0.3675754964351654,0.875
l_curve_3,262,0.36702850461006165,0.875
l_curve_3,263,0.3664492964744568,0.875
l_curve_3,264,0.36584463715553284,0.875
l_curve_3,265,0.36528289318084717,0.875
l_curve_3,266,0.3647153377532959,0.875
l_curve_3,267,0.36418747901916504,0.875
l_curve_3,268,0.3636632561683655,0.875
l_curve_3,269,0.36311760544776917,0.875
l_curve_3,270,0.3625708818435669,0.875
l_curve_3,271,0.3620138168334961,0.875
l_curve_3,272,0.3614155054092407,0.875
l_curve_3,273,0.3608807325363159,0.875
l_curve_3,274,0.36036986112594604,0.875
l_curve_3,275,0.3598017692565918,0.875
l_curve_3,276,0.35928839445114136,0.875
l_curve_3,277,0.35878828167915344,0.875
l_curve_3,278,0.35824865102767944,0.875
l_curve_3,279,0.35767436027526855,0.875
l_curve_3,280,0.35716724395751953,0.875
l_curve_3,281,0.35670769214630127,0.875
l_curve_3,282,0.3561522960662842,0.875
l_curve_3,283,0.3556288480758667,0.875
l_curve_3,284,0.35507798194885254,0.875
l_curve_3,285,0.35454392433166504,0.875
l_curve_3,286,0.35401949286460876,0.875
l_curve_3,287,0.3535003960132599,0.875
l_curve_3,288,0.3530139923095703,0.875
l_curve_3,289,0.35244637727737427,0.875
l_curve_3,290,0.3519650101661682,0.875
l_curve_3,291,0.3514542579650879,0.875
l_curve_3,292,0.3509150743484497,0.875
l_curve_3,293,0.35046929121017456,0.875
l_curve_3,294,0.34996724128723145,0.875
l_curve_3,295,0.3494923412799835,0.875
l_curve_3,296,0.3490031361579895,0.875
l_curve_3,297,0.34850239753723145,0.875
l_curve_3,298,0.34797006845474243,0.875
l_curve_3,299,0.3474615216255188,0.875
l_curve_3,300,0.34698641300201416,0.875
l_curve_3,301,0.34652432799339294,0.875
l_curve_3,302,0.34609532356262207,0.875
l_curve_3,303,0.34560704231262207,0.875
l_curve_3,304,0.34509462118148804,0.875
l_curve_3,305,0.34463781118392944,0.875
l_curve_3,306,0.3441508710384369,0.875
l_curve_3,307,0.34369951486587524,0.875
l_curve_3,308,0.34323668479919434,0.875
l_curve_3,309,0.3427973687648773,0.875
l_curve_3,310,0.342326819896698,0.875
l_curve_3,311,0.3418411910533905,0.875
l_curve_3,312,0.3413546681404114,0.875
l_curve_3,313,0.3409159183502197,0.875
l_curve_3,314,0.34051868319511414,0.875
l_curve_3,315,0.34006041288375854,0.875
l_curve_3,316,0.3395729064941406,0.875
l_curve_3,317,0.3390820622444153,0.875
l_curve_3,318,0.33864641189575195,0.875
l_curve_3,319,0.33824971318244934,0.875
l_curve_3,320,0.3378103971481323,0.875
l_curve_3,321,0.33736491203308105,0.875
l_curve_3,322,0.33697938919067383,0.875
l_curve_3,323,0.33654648065567017,0.875
l_curve_3,324,0.33615750074386597,0.875
l_curve_3,325,0.3356940746307373,0.875
l_curve_3,326,0.33526092767715454,0.875
l_curve_3,327,0.3347886800765991,0.875
l_curve_3,328,0.33430641889572144,0.875
l_curve_3,329,0.33391326665878296,0.875
l_curve_3,330,0.33347421884536743,0.875
l_curve_3,331,0.3330434262752533,0.875
l_curve_3,332,0.3325751721858978,0.875
l_curve_3,333,0.33214640617370605,0.875
l_curve_3,334,0.3317495286464691,0.875
l_curve_3,335,0.33127909898757935,0.875
l_curve_3,336,0.3308669328689575,0.875
l_curve_3,337,0.33048489689826965,0.875
l_curve_3,338,0.33007684350013733,0.875
l_curve_3,339,0.3296359181404114,0.875
l_curve_3,340,0.3292059898376465,0.875
l_curve_3,341,0.3287927508354187,0.875
l_curve_3,342,0.32834726572036743,0.875
l_curve_3,343,0.3279254138469696,0.875
l_curve_3,344,0.32754018902778625,0.875
l_curve_3,345,0.32716789841651917,0.875
l_curve_3,346,0.3267713785171509,0.875
l_curve_3,347,0.3263799548149109,0.875
l_curve_3,348,0.32600927352905273,0.875
l_curve_3,349,0.32557421922683716,0.875
l_curve_3,350,0.32513150572776794,0.875
l_curve_3,351,0.3247120678424835,0.875
l_curve_3,352,0.3243740499019623,0.875
l_curve_3,353,0.3239808678627014,0.875
l_curve_3,354,0.3236522674560547,0.875
l_curve_3,355,0.32321301102638245,0.875
l_curve_3,356,0.3228221833705902,0.875
l_curve_3,357,0.32243674993515015,0.875
l_curve_3,358,0.32208603620529175,0.875
l_curve_3,359,0.32171350717544556,0.875
l_curve_3,360,0.321382999420166,0.875
l_curve_3,361,0.3210369944572449,0.875
l_curve_3,362,0.3206230103969574,0.875
l_curve_3,363,0.32026052474975586,0.875
l_curve_3,364,0.3198736310005188,0.875
l_curve_3,365,0.31949424743652344,0.875
l_curve_3,366,0.31915000081062317,0.875
l_curve_3,367,0.3187958300113678,0.875
l_curve_3,368,0.3184604048728943,0.875
l_curve_3,369,0.31809431314468384,0.875
l_curve_3,370,0.317748099565506,0.875
l_curve_3,371,0.3173941373825073,0.875
l_curve_3,372,0.31701338291168213,0.875
l_curve_3,373,0.3167213201522827,0.875
l_curve_3,374,0.3163936734199524,0.875
l_curve_3,375,0.316012442111969,0.875
l_curve_3,376,0.31566163897514343,0.875
l_curve_3,377,0.3152776062488556,0.875
l_curve_3,378,0.3148963153362274,0.875
l_curve_3,379,0.3145674765110016,0.875
l_curve_3,380,0.3142428696155548,0.875
l_curve_3,381,0.3139150142669678,0.875
l_curve_3,382,0.3135458827018738,0.875
l_curve_3,383,0.31326067447662354,0.875
l_curve_3,384,0.31292396783828735,0.875
l_curve_3,385,0.3126155734062195,0.875
l_curve_3,386,0.3122698962688446,0.875
l_curve_3,387,0.31191933155059814,0.875
l_curve_3,388,0.311574250459671,0.875
l_curve_3,389,0.3112647235393524,0.875
l_curve_3,390,0.31093692779541016,0.875
l_curve_3,391,0.3106303811073303,0.875
l_curve_3,392,0.31028223037719727,0.875
l_curve_3,393,0.3099035620689392,0.875
l_curve_3,394,0.3095928430557251,0.875
l_curve_3,395,0.3092521131038666,0.875
l_curve_3,396,0.3089541494846344,0.875
l_curve_3,397,0.30858367681503296,0.875
l_curve_3,398,0.30825674533843994,0.875
l_curve_3,399,0.3079696297645569,0.875
l_curve_3,400,0.3076767921447754,0.875
l_curve_3,401,0.3073608875274658,0.875
l_curve_3,402,0.30701932311058044,0.875
l_curve_3,403,0.3067875802516937,0.875
l_curve_3,404,0.3064509332180023,0.875
l_curve_3,405,0.3061259388923645,0.875
l_curve_3,406,0.3057634234428406,0.875
l_curve_3,407,0.3054833710193634,0.875
l_curve_3,408,0.30517181754112244,0.875
l_curve_3,409,0.30486297607421875,0.875
l_curve_3,410,0.3045687675476074,0.875
l_curve_3,411,0.30425333976745605,0.875
l_curve_3,412,0.30392324924468994,0.875
l_curve_3,413,0.30366188287734985,0.9375
l_curve_3,414,0.3033737242221832,0.9375
l_curve_3,415,0.3030902147293091,0.9375
l_curve_3,416,0.30279120802879333,0.9375
l_curve_3,417,0.3025246858596802,0.9375
l_curve_3,418,0.30219587683677673,0.9375
l_curve_3,419,0.3019164502620697,0.9375
l_curve_3,420,0.3015916645526886,0.9375
l_curve_3,421,0.30128344893455505,0.9375
l_curve_3,422,0.301048219203949,0.9375
l_curve_3,423,0.300741970539093,0.9375
l_curve_3,424,0.3004119396209717,0.9375
l_curve_3,425,0.3001382350921631,0.9375
l_curve_3,426,0.2998505234718323,0.9375
l_curve_3,427,0.299599289894104,0.9375
l_curve_3,428,0.2993076741695404,0.9375
l_curve_3,429,0.2990357279777527,0.9375
l_curve_3,430,0.2987796664237976,0.9375
l_curve_3,431,0.2985263764858246,0.9375
l_curve_3,432,0.2981990575790405,0.9375
l_curve_3,433,0.2978934645652771,0.9375
l_curve_3,434,0.2975902557373047,0.9375
l_curve_3,435,0.2972993850708008,0.9375
l_curve_3,436,0.29702842235565186,0.9375
l_curve_3,437,0.29678142070770264,0.9375
l_curve_3,438,0.2964983880519867,0.9375
l_curve_3,439,0.29626768827438354,0.9375
l_curve_3,440,0.29600828886032104,0.9375
l_curve_3,441,0.2957598567008972,0.9375
l_curve_3,442,0.2954944968223572,0.9375
l_curve_3,443,0.29523783922195435,0.9375
l_curve_3,444,0.29497191309928894,0.9375
l_curve_3,445,0.29473572969436646,0.9375
l_curve_3,446,0.2944844961166382,0.9375
l_curve_3,447,0.2941894233226776,0.9375
l_curve_3,448,0.293981671333313,0.9375
l_curve_3,449,0.29364049434661865,0.9375
l_curve_3,450,0.2933846116065979,0.9375
l_curve_3,451,0.2931402325630188,0.9375
l_curve_3,452,0.29291844367980957,0.9375
l_curve_3,453,0.2926621437072754,0.9375
l_curve_3,454,0.2924425005912781,0.9375
l_curve_3,455,0.29216456413269043,0.9375
l_curve_3,456,0.29193371534347534,0.9375
l_curve_3,457,0.2916935682296753,0.9375
l_curve_3,458,0.2914752960205078,0.9375
l_curve_3,459,0.29124805331230164,0.9375
l_curve_3,460,0.29099929332733154,0.9375
l_curve_3,461,0.2907385230064392,0.9375
l_curve_3,462,0.29049110412597656,0.9375
l_curve_3,463,0.2902401089668274,0.9375
l_curve_3,464,0.29000863432884216,0.9375
l_curve_3,465,0.28984516859054565,0.9375
l_curve_3,466,0.2896122932434082,0.9375
l_curve_3,467,0.28936535120010376,0.9375
l_curve_3,468,0.28913870453834534,0.9375
l_curve_3,469,0.2888967990875244,0.9375
l_curve_3,470,0.28868192434310913,0.9375
l_curve_3,471,0.2884538173675537,0.9375
l_curve_3,472,0.28815141320228577,0.9375
l_curve_3,473,0.28791946172714233,0.9375
l_curve_3,474,0.2876785695552826,0.9375
l_curve_3,475,0.28740817308425903,0.9375
l_curve_3,476,0.28722137212753296,0.9375
l_curve_3,477,0.2869965434074402,0.9375
l_curve_3,478,0.28682392835617065,0.9375
l_curve_3,479,0.2866353690624237,0.9375
l_curve_3,480,0.2864420413970947,0.9375
l_curve_3,481,0.2862132489681244,0.9375
l_curve_3,482,0.2860128581523895,0.9375
l_curve_3,483,0.2857654392719269,0.9375
l_curve_3,484,0.28554821014404297,0.9375
l_curve_3,485,0.28537243604660034,0.9375
l_curve_3,486,0.2851771116256714,0.9375
l_curve_3,487,0.28496721386909485,0.9375
l_curve_3,488,0.2847461700439453,0.9375
l_curve_3,489,0.2845166027545929,0.9375
l_curve_3,490,0.2843559980392456,0.9375
l_curve_3,491,0.28416603803634644,0.9375
l_curve_3,492,0.2839815616607666,0.9375
l_curve_3,493,0.2837338447570801,0.9375
l_curve_3,494,0.2835434079170227,0.9375
l_curve_3,495,0.28333109617233276,0.9375
l_curve_3,496,0.28309768438339233,0.9375
l_curve_3,497,0.2829190492630005,0.9375
l_curve_3,498,0.28269851207733154,0.9375
l_curve_3,499,0.2825385332107544,0.9375
l_curve_3,500,0.28234273195266724,0.9375
l_curve_3,501,0.2821332812309265,0.9375
l_curve_3,502,0.28194963932037354,0.9375
l_curve_3,503,0.28175875544548035,0.9375
l_curve_3,504,0.2815297245979309,0.9375
l_curve_3,505,0.2813325822353363,0.9375
l_curve_3,506,0.2811277508735657,0.9375
l_curve_3,507,0.2809569239616394,0.9375
l_curve_3,508,0.28073665499687195,0.9375
l_curve_3,509,0.2805233299732208,0.9375
l_curve_3,510,0.280338853597641,0.9375
l_curve_3,511,0.28015992045402527,0.9375
l_curve_3,512,0.27995169162750244,0.9375
l_curve_3,513,0.27976202964782715,0.9375
l_curve_3,514,0.2795647978782654,0.9375
l_curve_3,515,0.2793973684310913,0.9375
l_curve_3,516,0.27922073006629944,0.9375
l_curve_3,517,0.27907615900039673,0.9375
l_curve_3,518,0.2789026200771332,0.9375
l_curve_3,519,0.27868640422821045,0.9375
l_curve_3,520,0.27851924300193787,0.9375
l_curve_3,521,0.2783294916152954,0.9375
l_curve_3,522,0.2782037854194641,0.9375
l_curve_3,523,0.27806299924850464,0.9375
l_curve_3,524,0.27787256240844727,0.9375
l_curve_3,525,0.2777320444583893,0.9375
l_curve_3,526,0.2775769829750061,0.9375
l_curve_3,527,0.27740734815597534,0.9375
l_curve_3,528,0.27729201316833496,0.9375
l_curve_3,529,0.2770886719226837,0.9375
l_curve_3,530,0.276877760887146,0.9375
l_curve_3,531,0.2767331004142761,0.9375
l_curve_3,532,0.27653244137763977,0.9375
l_curve_3,533,0.2763148844242096,0.9375
l_curve_3,534,0.2762266993522644,0.9375
l_curve_3,535,0.27602988481521606,0.9375
l_curve_3,536,0.27584704756736755,0.9375
l_curve_3,537,0.2756982147693634,0.9375
l_curve_3,538,0.2755683660507202,0.9375
l_curve_3,539,0.27547574043273926,0.9375
l_curve_3,540,0.2753072679042816,0.9375
l_curve_3,541,0.2751474380493164,0.9375
l_curve_3,542,0.27500632405281067,0.9375
l_curve_3,543,0.2748369574546814,0.9375
l_curve_3,544,0.274738073348999,0.9375
l_curve_3,545,0.2745787501335144,0.9375
l_curve_3,546,0.2744520306587219,0.9375
l_curve_3,547,0.274259477853775,0.9375
l_curve_3,548,0.27412429451942444,0.9375
l_curve_3,549,0.27392515540122986,0.9375
l_curve_3,550,0.27374130487442017,0.9375
l_curve_3,551,0.27359434962272644,0.9375
l_curve_3,552,0.2734590470790863,0.9375
l_curve_3,553,0.273389995098114,0.9375
l_curve_3,554,0.2732672691345215,0.9375
l_curve_3,555,0.27309560775756836,0.9375
l_curve_3,556,0.27296027541160583,0.9375
l_curve_3,557,0.2728584110736847,0.9375
l_curve_3,558,0.2727234959602356,0.9375
l_curve_3,559,0.2725660800933838,0.9375
l_curve_3,560,0.27244067192077637,0.9375
l_curve_3,561,0.2722829580307007,0.9375
l_curve_3,562,0.27220726013183594,0.9375
l_curve_3,563,0.27205216884613037,0.9375
l_curve_3,564,0.2718774974346161,0.9375
l_curve_3,565,0.2716560363769531,0.9375
l_curve_3,566,0.27154338359832764,0.9375
l_curve_3,567,0.2714717388153076,0.9375
l_curve_3,568,0.27134519815444946,0.9375
l_curve_3,569,0.27118200063705444,0.9375
l_curve_3,570,0.27105921506881714,0.9375
l_curve_3,571,0.2709481120109558,0.9375
l_curve_3,572,0.2707764506340027,0.9375
l_curve_3,573,0.27063626050949097,0.9375
l_curve_3,574,0.27048560976982117,0.9375
l_curve_3,575,0.2703937292098999,0.9375
l_curve_3,576,0.2702963352203369,0.9375
l_curve_3,577,0.2702171504497528,0.9375
l_curve_3,578,0.27007585763931274,0.9375
l_curve_3,579,0.26995649933815,0.9375
l_curve_3,580,0.26976627111434937,0.9375
l_curve_3,581,0.26967599987983704,0.9375
l_curve_3,582,0.2695281505584717,0.9375
l_curve_3,583,0.2694351375102997,0.9375
l_curve_3,584,0.26931464672088623,0.9375
l_curve_3,585,0.2692563831806183,0.9375
l_curve_3,586,0.2691015303134918,0.9375
l_curve_3,587,0.26895976066589355,0.9375
l_curve_3,588,0.2688245177268982,0.9375
l_curve_3,589,0.2686219811439514,0.9375
l_curve_3,590,0.268483430147171,0.9375
l_curve_3,591,0.2684011161327362,0.9375
l_curve_3,592,0.2683626413345337,0.9375
l_curve_3,593,0.268246054649353,0.9375
l_curve_3,594,0.2681306302547455,0.9375
l_curve_3,595,0.2680385708808899,0.9375
l_curve_3,596,0.2679309546947479,0.9375
l_curve_3,597,0.26783668994903564,0.9375
l_curve_3,598,0.2676926255226135,0.9375
l_curve_3,599,0.2675692141056061,0.9375
l_curve_3,600,0.26747339963912964,0.9375
l_curve_3,601,0.26734036207199097,0.9375
l_curve_3,602,0.2672058045864105,0.9375
l_curve_3,603,0.267187237739563,0.9375
l_curve_3,604,0.26707085967063904,0.9375
l_curve_3,605,0.2669423818588257,0.9375
l_curve_3,606,0.2668878138065338,0.9375
l_curve_3,607,0.26677653193473816,0.9375
l_curve_3,608,0.26668328046798706,0.9375
l_curve_3,609,0.2665850520133972,0.9375
l_curve_3,610,0.2664654552936554,0.9375
l_curve_3,611,0.26630446314811707,0.9375
l_curve_3,612,0.2662368416786194,0.9375
l_curve_3,613,0.26609790325164795,0.9375
l_curve_3,614,0.2660086452960968,0.9375
l_curve_3,615,0.2659585475921631,0.9375
l_curve_3,616,0.2658798098564148,0.9375
l_curve_3,617,0.26583871245384216,0.9375
l_curve_3,618,0.265733927488327,0.9375
l_curve_3,619,0.26564478874206543,0.9375
l_curve_3,620,0.26555997133255005,0.9375
l_curve_3,621,0.265453577041626,0.9375
l_curve_3,622,0.2653818130493164,0.9375
l_curve_3,623,0.2653231620788574,0.9375
l_curve_3,624,0.2652149498462677,0.9375
l_curve_3,625,0.26510903239250183,0.9375
l_curve_3,626,0.26501893997192383,0.9375
l_curve_3,627,0.264898419380188,0.9375
l_curve_3,628,0.26477712392807007,0.9375
l_curve_3,629,0.26470696926116943,0.9375
l_curve_3,630,0.2646443843841553,0.9375
l_curve_3,631,0.2645367383956909,0.9375
l_curve_3,632,0.26444560289382935,0.9375
l_curve_3,633,0.2643985152244568,0.9375
l_curve_3,634,0.2643422484397888,0.9375
l_curve_3,635,0.26425856351852417,0.9375
l_curve_3,636,0.2641417980194092,0.9375
l_curve_3,637,0.264045774936676,0.9375
l_curve_3,638,0.2639503479003906,0.9375
l_curve_3,639,0.26388347148895264,0.9375
l_curve_3,640,0.2637890577316284,0.9375
l_curve_3,641,0.2636321187019348,0.9375
l_curve_3,642,0.2635487914085388,0.9375
l_curve_3,643,0.2634371519088745,0.9375
l_curve_3,644,0.26342397928237915,0.9375
l_curve_3,645,0.26331019401550293,0.9375
l_curve_3,646,0.26322489976882935,0.9375
l_curve_3,647,0.2631537914276123,0.9375
l_curve_3,648,0.2631109356880188,0.9375
l_curve_3,649,0.26298999786376953,0.9375
l_curve_3,650,0.2629317045211792,0.9375
l_curve_3,651,0.26287198066711426,0.9375
l_curve_3,652,0.26277968287467957,0.9375
l_curve_3,653,0.26274585723876953,0.9375
l_curve_3,654,0.26266515254974365,0.9375
l_curve_3,655,0.26254960894584656,0.9375
l_curve_3,656,0.2624426484107971,0.9375
l_curve_3,657,0.26241129636764526,0.9375
l_curve_3,658,0.26233965158462524,0.9375
l_curve_3,659,0.2622703015804291,0.9375
l_curve_3,660,0.26224884390830994,0.9375
l_curve_3,661,0.2621546983718872,0.9375
l_curve_3,662,0.26213377714157104,0.9375
l_curve_3,663,0.2620956301689148,0.9375
l_curve_3,664,0.26197582483291626,0.9375
l_curve_3,665,0.2618944048881531,0.9375
l_curve_3,666,0.26178011298179626,0.9375
l_curve_3,667,0.2617821991443634,0.9375
l_curve_3,668,0.2616768479347229,0.9375
l_curve_3,669,0.2616780400276184,0.9375
l_curve_3,670,0.261604368686676,0.9375
l_curve_3,671,0.26152530312538147,0.9375
l_curve_3,672,0.2614816129207611,0.9375
l_curve_3,673,0.2613801658153534,0.9375
l_curve_3,674,0.2613147497177124,0.9375
l_curve_3,675,0.26129525899887085,0.9375
l_curve_3,676,0.2612537443637848,0.9375
l_curve_3,677,0.26121169328689575,0.9375
l_curve_3,678,0.261207640171051,0.9375
l_curve_3,679,0.2611200213432312,0.9375
l_curve_3,680,0.26102617383003235,0.9375
l_curve_3,681,0.26097047328948975,0.9375
l_curve_3,682,0.2608189582824707,0.9375
l_curve_3,683,0.26077014207839966,0.9375
l_curve_3,684,0.26075616478919983,0.9375
l_curve_3,685,0.26068344712257385,0.9375
l_curve_3,686,0.2606428861618042,0.9375
l_curve_3,687,0.26059749722480774,0.9375
l_curve_3,688,0.26056262850761414,0.9375
l_curve_3,689,0.2605457305908203,0.9375
l_curve_3,690,0.26050883531570435,0.9375
l_curve_3,691,0.2604682445526123,0.9375
l_curve_3,692,0.26047009229660034,0.9375
l_curve_3,693,0.2604427933692932,0.9375
l_curve_3,694,0.26037895679473877,0.9375
l_curve_3,695,0.2603549361228943,0.9375
l_curve_3,696,0.26033487915992737,0.9375
l_curve_3,697,0.26020750403404236,0.9375
l_curve_3,698,0.2601466476917267,0.9375
l_curve_3,699,0.26008841395378113,0.9375
l_curve_3,700,0.26007574796676636,0.9375
l_curve_3,701,0.2599961459636688,0.9375
l_curve_3,702,0.2599726915359497,0.9375
l_curve_3,703,0.25988349318504333,0.9375
l_curve_3,704,0.2598109543323517,0.9375
l_curve_3,705,0.25971347093582153,0.9375
l_curve_3,706,0.25957635045051575,0.9375
l_curve_3,707,0.2595716416835785,0.9375
l_curve_3,708,0.25956660509109497,0.9375
l_curve_3,709,0.25952640175819397,0.9375
l_curve_3,710,0.25946512818336487,0.9375
l_curve_3,711,0.2593614161014557,0.9375
l_curve_3,712,0.25925809144973755,0.9375
l_curve_3,713,0.25926846265792847,0.9375
l_curve_3,714,0.2592141330242157,0.9375
l_curve_3,715,0.25919196009635925,0.9375
l_curve_3,716,0.2591347098350525,0.9375
l_curve_3,717,0.25905776023864746,0.9375
l_curve_3,718,0.258983314037323,0.9375
l_curve_3,719,0.25893598794937134,0.9375
l_curve_3,720,0.25892210006713867,0.9375
l_curve_3,721,0.25885826349258423,0.9375
l_curve_3,722,0.2587912380695343,0.9375
l_curve_3,723,0.25881075859069824,0.9375
l_curve_3,724,0.2587037682533264,0.9375
l_curve_3,725,0.25870344042778015,0.9375
l_curve_3,726,0.25863006711006165,0.9375
l_curve_3,727,0.2585930824279785,0.9375
l_curve_3,728,0.2586146593093872,0.9375
l_curve_3,729,0.2585907578468323,0.9375
l_curve_3,730,0.2585659325122833,0.9375
l_curve_3,731,0.25853973627090454,0.9375
l_curve_3,732,0.2584644556045532,0.9375
l_curve_3,733,0.2584230899810791,0.9375
l_curve_3,734,0.25841566920280457,0.9375
l_curve_3,735,0.2584226727485657,0.9375
l_curve_3,736,0.2582981586456299,0.9375
l_curve_3,737,0.2582709789276123,0.9375
l_curve_3,738,0.25823158025741577,0.9375
l_curve_3,739,0.2581958472728729,0.9375
l_curve_3,740,0.2581906318664551,0.9375
l_curve_3,741,0.25823500752449036,0.9375
l_curve_3,742,0.2581869661808014,0.9375
l_curve_3,743,0.25811970233917236,0.9375
l_curve_3,744,0.2580481767654419,0.9375
l_curve_3,745,0.2580680549144745,0.9375
l_curve_3,746,0.2580106854438782,0.9375
l_curve_3,747,0.257946640253067,0.9375
l_curve_3,748,0.25793957710266113,0.9375
l_curve_3,749,0.25785964727401733,0.9375
l_curve_3,750,0.2578618824481964,0.9375
l_curve_3,751,0.2578504979610443,0.9375
l_curve_3,752,0.25782498717308044,0.9375
l_curve_3,753,0.2578471899032593,0.9375
l_curve_3,754,0.25774356722831726,0.9375
l_curve_3,755,0.2577381730079651,0.9375
l_curve_3,756,0.2577197551727295,0.9375
l_curve_3,757,0.25761163234710693,0.9375
l_curve_3,758,0.25760161876678467,0.9375
l_curve_3,759,0.25765103101730347,0.9375
l_curve_3,760,0.25766721367836,0.9375
l_curve_3,761,0.2576558589935303,0.9375
l_curve_3,762,0.25763875246047974,0.9375
l_curve_3,763,0.2576234042644501,0.9375
l_curve_3,764,0.2575804591178894,0.9375
l_curve_3,765,0.2575657367706299,0.9375
l_curve_3,766,0.25758129358291626,0.9375
l_curve_3,767,0.25757351517677307,0.9375
l_curve_3,768,0.2574908137321472,0.9375
l_curve_3,769,0.25747150182724,0.9375
l_curve_3,770,0.2574669122695923,0.9375
l_curve_3,771,0.25740620493888855,0.9375
l_curve_3,772,0.2573172450065613,0.9375
l_curve_3,773,0.2572196424007416,0.9375
l_curve_3,774,0.25718069076538086,0.9375
l_curve_3,775,0.2571508288383484,0.9375
l_curve_3,776,0.2571486830711365,0.9375
l_curve_3,777,0.25712335109710693,0.9375
l_curve_3,778,0.25709840655326843,0.9375
l_curve_3,779,0.25704896450042725,0.9375
l_curve_3,780,0.2569752037525177,0.9375
l_curve_3,781,0.25692737102508545,0.9375
l_curve_3,782,0.25691163539886475,0.9375
l_curve_3,783,0.25686389207839966,0.9375
l_curve_3,784,0.2567968964576721,0.9375
l_curve_3,785,0.25678586959838867,0.9375
l_curve_3,786,0.25681570172309875,0.9375
l_curve_3,787,0.25677648186683655,0.9375
l_curve_3,788,0.25679364800453186,0.9375
l_curve_3,789,0.25677868723869324,0.9375
l_curve_3,790,0.25678551197052,0.9375
l_curve_3,791,0.2568119168281555,0.9375
l_curve_3,792,0.2567747235298157,0.9375
l_curve_3,793,0.25672438740730286,0.9375
l_curve_3,794,0.2566680908203125,0.9375
l_curve_3,795,0.25670793652534485,0.9375
l_curve_3,796,0.2566380500793457,0.9375
l_curve_3,797,0.2565881609916687,0.9375
l_curve_3,798,0.2566479444503784,0.9375
l_curve_3,799,0.25666505098342896,0.9375
l_curve_3,800,0.2566279172897339,0.9375
l_curve_3,801,0.2565692365169525,0.9375
l_curve_3,802,0.2565858066082001,0.9375
l_curve_3,803,0.2565877139568329,0.9375
l_curve_3,804,0.2565769553184509,0.9375
l_curve_3,805,0.25653669238090515,0.9375
l_curve_3,806,0.256520539522171,0.9375
l_curve_3,807,0.2565011978149414,0.9375
l_curve_3,808,0.25649842619895935,0.9375
l_curve_3,809,0.2564269006252289,0.9375
l_curve_3,810,0.2564318776130676,0.9375
l_curve_3,811,0.256428599357605,0.9375
l_curve_3,812,0.25641393661499023,0.9375
l_curve_3,813,0.25641798973083496,0.9375
l_curve_3,814,0.25645774602890015,0.9375
l_curve_3,815,0.256409615278244,0.9375
l_curve_3,816,0.2563589811325073,0.9375
l_curve_3,817,0.25631624460220337,0.9375
l_curve_3,818,0.2562962770462036,0.9375
l_curve_3,819,0.2563072443008423,0.9375
l_curve_3,820,0.25631627440452576,0.9375
l_curve_3,821,0.25624167919158936,0.9375
l_curve_3,822,0.2562256455421448,0.9375
l_curve_3,823,0.25621289014816284,0.9375
l_curve_3,824,0.25624221563339233,0.9375
l_curve_3,825,0.256294846534729,0.9375
l_curve_3,826,0.2562692165374756,0.9375
l_curve_3,827,0.25624650716781616,0.9375
l_curve_3,828,0.25623762607574463,0.9375
l_curve_3,829,0.25615906715393066,0.9375
l_curve_3,830,0.2561474144458771,0.9375
l_curve_3,831,0.2561132311820984,0.9375
l_curve_3,832,0.25611501932144165,0.9375
l_curve_3,833,0.2560976445674896,0.9375
l_curve_3,834,0.25604256987571716,0.9375
l_curve_3,835,0.25604677200317383,0.9375
l_curve_3,836,0.25603535771369934,0.9375
l_curve_3,837,0.2560086250305176,0.9375
l_curve_3,838,0.2559564709663391,0.9375
l_curve_3,839,0.25600168108940125,0.9375
l_curve_3,840,0.255919873714447,0.9375
l_curve_3,841,0.255869060754776,0.9375
l_curve_3,842,0.25588154792785645,0.9375
l_curve_3,843,0.25582221150398254,0.9375
l_curve_3,844,0.2557598352432251,0.9375
l_curve_3,845,0.2557705044746399,0.9375
l_curve_3,846,0.2557540833950043,0.9375
l_curve_3,847,0.2557189464569092,0.9375
l_curve_3,848,0.2557718753814697,0.9375
l_curve_3,849,0.2557562589645386,0.9375
l_curve_3,850,0.255740761756897,0.9375
l_curve_3,851,0.25577351450920105,0.9375
l_curve_3,852,0.2557218074798584,0.9375
l_curve_3,853,0.25574490427970886,0.9375
l_curve_3,854,0.255777508020401,0.9375
l_curve_3,855,0.25577980279922485,0.9375
l_curve_3,856,0.2557985782623291,0.9375
l_curve_3,857,0.25575900077819824,0.9375
l_curve_3,858,0.2557501792907715,0.9375
l_curve_3,859,0.2557127773761749,0.9375
l_curve_3,860,0.25574609637260437,0.9375
l_curve_3,861,0.2557104825973511,0.9375
l_curve_3,862,0.2557668089866638,0.9375
l_curve_3,863,0.25584083795547485,0.9375
l_curve_3,864,0.25576984882354736,0.9375
l_curve_3,865,0.25575149059295654,0.9375
l_curve_3,866,0.25565797090530396,0.9375
l_curve_3,867,0.255615770816803,0.9375
l_curve_3,868,0.2555878758430481,0.9375
l_curve_3,869,0.25561627745628357,0.9375
l_curve_3,870,0.2555694878101349,0.9375
l_curve_3,871,0.2555336654186249,0.9375
l_curve_3,872,0.25556379556655884,0.9375
l_curve_3,873,0.25555357336997986,0.9375
l_curve_3,874,0.2555592656135559,0.9375
l_curve_3,875,0.2555944621562958,0.9375
l_curve_3,876,0.25552883744239807,0.9375
l_curve_3,877,0.2554504871368408,0.9375
l_curve_3,878,0.2554454505443573,0.9375
l_curve_3,879,0.2555287480354309,0.9375
l_curve_3,880,0.2555772066116333,0.9375
l_curve_3,881,0.2555595338344574,0.9375
l_curve_3,882,0.2555816173553467,0.9375
l_curve_3,883,0.255474716424942,0.9375
l_curve_3,884,0.25539255142211914,0.9375
l_curve_3,885,0.25539910793304443,0.9375
l_curve_3,886,0.2554006576538086,0.9375
l_curve_3,887,0.25539064407348633,0.9375
l_curve_3,888,0.2553565204143524,0.9375
l_curve_3,889,0.2553336024284363,0.9375
l_curve_3,890,0.25535640120506287,0.9375
l_curve_3,891,0.25535500049591064,0.9375
l_curve_3,892,0.2553521990776062,0.9375
l_curve_3,893,0.25529128313064575,0.9375
l_curve_3,894,0.2552727460861206,0.9375
l_curve_3,895,0.2552797198295593,0.9375
l_curve_3,896,0.25524622201919556,0.9375
l_curve_3,897,0.2552609443664551,0.9375
l_curve_3,898,0.25523072481155396,0.9375
l_curve_3,899,0.25518468022346497,0.9375
l_curve_3,900,0.25523751974105835,0.9375
l_curve_3,901,0.2552480399608612,0.9375
l_curve_3,902,0.255281001329422,0.9375
l_curve_3,903,0.25531578063964844,0.9375
l_curve_3,904,0.2552310824394226,0.9375
l_curve_3,905,0.2551962733268738,0.9375
l_curve_3,906,0.2551414668560028,0.9375
l_curve_3,907,0.25513923168182373,0.9375
l_curve_3,908,0.2551526427268982,0.9375
l_curve_3,909,0.25517958402633667,0.9375
l_curve_3,910,0.2551928758621216,0.9375
l_curve_3,911,0.2551952600479126,0.9375
l_curve_3,912,0.2551645338535309,0.9375
l_curve_3,913,0.25514766573905945,0.9375
l_curve_3,914,0.25511905550956726,0.9375
l_curve_3,915,0.25522580742836,0.9375
l_curve_3,916,0.25519901514053345,0.9375
l_curve_3,917,0.25518226623535156,0.9375
l_curve_3,918,0.25510501861572266,0.9375
l_curve_3,919,0.2551274299621582,0.9375
l_curve_3,920,0.25506722927093506,0.9375
l_curve_3,921,0.2550143301486969,0.9375
l_curve_3,922,0.25503772497177124,0.9375
l_curve_3,923,0.2550320327281952,0.9375
l_curve_3,924,0.2549540400505066,0.9375
l_curve_3,925,0.25491297245025635,0.9375
l_curve_3,926,0.25490158796310425,0.9375
l_curve_3,927,0.2549097537994385,0.9375
l_curve_3,928,0.2549796998500824,0.9375
l_curve_3,929,0.254955530166626,0.9375
l_curve_3,930,0.25499677658081055,0.9375
l_curve_3,931,0.2550702393054962,0.9375
l_curve_3,932,0.25509709119796753,0.9375
l_curve_3,933,0.25510144233703613,0.9375
l_curve_3,934,0.25509709119796753,0.9375
l_curve_3,935,0.2550996243953705,0.9375
l_curve_3,936,0.25510668754577637,0.9375
l_curve_3,937,0.25504958629608154,0.9375
l_curve_3,938,0.2550504207611084,0.9375
l_curve_3,939,0.25512436032295227,0.9375
l_curve_3,940,0.2551388740539551,0.9375
l_curve_3,941,0.25507450103759766,0.9375
l_curve_3,942,0.2550397217273712,0.9375
l_curve_3,943,0.2550356984138489,0.9375
l_curve_3,944,0.255077987909317,0.9375
l_curve_3,945,0.25505998730659485,0.9375
l_curve_3,946,0.2550763487815857,0.9375
l_curve_3,947,0.2550956904888153,0.9375
l_curve_3,948,0.25502634048461914,0.9375
l_curve_3,949,0.2550225257873535,0.9375
l_curve_3,950,0.2550160586833954,0.9375
l_curve_3,951,0.25495052337646484,0.9375
l_curve_3,952,0.25491395592689514,0.9375
l_curve_3,953,0.25492966175079346,0.9375
l_curve_3,954,0.2548946440219879,0.9375
l_curve_3,955,0.2549073398113251,0.9375
l_curve_3,956,0.25487449765205383,0.9375
l_curve_3,957,0.2548573315143585,0.9375
l_curve_3,958,0.2549383044242859,0.9375
l_curve_3,959,0.25501197576522827,0.9375
l_curve_3,960,0.25500741600990295,0.9375
l_curve_3,961,0.25509822368621826,0.9375
l_curve_3,962,0.2550419867038727,0.9375
l_curve_3,963,0.2550373375415802,0.9375
l_curve_3,964,0.25496894121170044,0.9375
l_curve_3,965,0.2549343705177307,0.9375
l_curve_3,966,0.2549459934234619,0.9375
l_curve_3,967,0.25492092967033386,0.9375
l_curve_3,968,0.2548888623714447,0.9375
l_curve_3,969,0.2549208104610443,0.9375
l_curve_3,970,0.25487881898880005,0.9375
l_curve_3,971,0.25477761030197144,0.9375
l_curve_3,972,0.2547208070755005,0.9375
l_curve_3,973,0.25472092628479004,0.9375
l_curve_3,974,0.254698246717453,0.9375
l_curve_3,975,0.254705011844635,0.9375
l_curve_3,976,0.25476595759391785,0.9375
l_curve_3,977,0.2547461986541748,0.9375
l_curve_3,978,0.25471824407577515,0.9375
l_curve_3,979,0.25476181507110596,0.9375
l_curve_3,980,0.2547486126422882,0.9375
l_curve_3,981,0.2547774910926819,0.9375
l_curve_3,982,0.2547934055328369,0.9375
l_curve_3,983,0.25476616621017456,0.9375
l_curve_3,984,0.25473129749298096,0.9375
l_curve_3,985,0.2546825706958771,0.9375
l_curve_3,986,0.2546885907649994,0.9375
l_curve_3,987,0.25467342138290405,0.9375
l_curve_3,988,0.25471264123916626,0.9375
l_curve_3,989,0.2547070384025574,0.9375
l_curve_3,990,0.25466883182525635,0.9375
l_curve_3,991,0.25468116998672485,0.9375
l_curve_3,992,0.2546622157096863,0.9375
l_curve_3,993,0.254682719707489,0.9375
l_curve_3,994,0.2546570301055908,0.9375
l_curve_3,995,0.25470849871635437,0.9375
l_curve_3,996,0.25469884276390076,0.9375
l_curve_3,997,0.2547053098678589,0.9375
l_curve_3,998,0.2546396851539612,0.9375
l_curve_3,999,0.25466951727867126,0.9375
l_curve_3,1000,0.25466546416282654,0.9375
l_curve_3,1001,0.25466352701187134,0.9375
l_curve_3,1002,0.2546822428703308,0.9375
l_curve_3,1003,0.2547912299633026,0.9375
l_curve_3,1004,0.25474512577056885,0.9375
l_curve_3,1005,0.25480780005455017,0.9375
l_curve_3,1006,0.2547152042388916,0.9375
l_curve_3,1007,0.25464048981666565,0.9375
l_curve_3,1008,0.25466617941856384,0.9375
l_curve_3,1009,0.2546905279159546,0.9375
l_curve_3,1010,0.254653662443161,0.9375
l_curve_3,1011,0.254643976688385,0.9375
l_curve_3,1012,0.2546728849411011,0.9375
l_curve_3,1013,0.25458431243896484,0.9375
l_curve_3,1014,0.2546306252479553,0.9375
l_curve_3,1015,0.2545754611492157,0.9375
l_curve_3,1016,0.2545504570007324,0.9375
l_curve_3,1017,0.2545243799686432,0.9375
l_curve_3,1018,0.25455623865127563,0.9375
l_curve_3,1019,0.2545860707759857,0.9375
l_curve_3,1020,0.25460684299468994,0.9375
l_curve_3,1021,0.25458091497421265,0.9375
l_curve_3,1022,0.2546771168708801,0.9375
l_curve_3,1023,0.25470438599586487,0.9375
l_curve_3,1024,0.25464093685150146,0.9375
l_curve_3,1025,0.2545892596244812,0.9375
l_curve_3,1026,0.2545226514339447,0.9375
l_curve_3,1027,0.2545417547225952,0.9375
l_curve_3,1028,0.25451594591140747,0.9375
l_curve_3,1029,0.2545009255409241,0.9375
l_curve_3,1030,0.2544889450073242,0.9375
l_curve_3,1031,0.25448137521743774,0.9375
l_curve_3,1032,0.25450950860977173,0.9375
l_curve_3,1033,0.2544718086719513,0.9375
l_curve_3,1034,0.25446292757987976,0.9375
l_curve_3,1035,0.2544707953929901,0.9375
l_curve_3,1036,0.2544390559196472,0.9375
l_curve_3,1037,0.2544558346271515,0.9375
l_curve_3,1038,0.2543918192386627,0.9375
l_curve_3,1039,0.25432392954826355,0.9375
l_curve_3,1040,0.25430577993392944,0.9375
l_curve_3,1041,0.25432196259498596,0.9375
l_curve_3,1042,0.2543213367462158,0.9375
l_curve_3,1043,0.25434353947639465,0.9375
l_curve_3,1044,0.25436097383499146,0.9375
l_curve_3,1045,0.25434979796409607,0.9375
l_curve_3,1046,0.25429320335388184,0.9375
l_curve_3,1047,0.25435030460357666,0.9375
l_curve_3,1048,0.25437891483306885,0.9375
l_curve_3,1049,0.2543438673019409,0.9375
l_curve_3,1050,0.25439783930778503,0.9375
l_curve_3,1051,0.25434231758117676,0.9375
l_curve_3,1052,0.2542972266674042,0.9375
l_curve_3,1053,0.2542925179004669,0.9375
l_curve_3,1054,0.2542765438556671,0.9375
l_curve_3,1055,0.25429603457450867,0.9375
l_curve_3,1056,0.2542991638183594,0.9375
l_curve_3,1057,0.25430813431739807,0.9375
l_curve_3,1058,0.2543443739414215,0.9375
l_curve_3,1059,0.25434380769729614,0.9375
l_curve_3,1060,0.25431394577026367,0.9375
l_curve_3,1061,0.25427719950675964,0.9375
l_curve_3,1062,0.2542540729045868,0.9375
l_curve_3,1063,0.2542409896850586,0.9375
l_curve_3,1064,0.25423580408096313,0.9375
l_curve_3,1065,0.254194051027298,0.9375
l_curve_3,1066,0.25422367453575134,0.9375
l_curve_3,1067,0.2542300224304199,0.9375
l_curve_3,1068,0.2542673349380493,0.9375
l_curve_3,1069,0.25417590141296387,0.9375
l_curve_3,1070,0.2542062997817993,0.9375
l_curve_3,1071,0.25427448749542236,0.9375
l_curve_3,1072,0.25421905517578125,0.9375
l_curve_3,1073,0.25425300002098083,0.9375
l_curve_3,1074,0.2542027533054352,0.9375
l_curve_3,1075,0.25422006845474243,0.9375
l_curve_3,1076,0.2542577385902405,0.9375
l_curve_3,1077,0.25425082445144653,0.9375
l_curve_3,1078,0.2543102502822876,0.9375
l_curve_3,1079,0.25425922870635986,0.9375
l_curve_3,1080,0.2541920244693756,0.9375
l_curve_3,1081,0.25417593121528625,0.9375
l_curve_3,1082,0.25419700145721436,0.9375
l_curve_3,1083,0.25417470932006836,0.9375
l_curve_3,1084,0.2541261315345764,0.9375
l_curve_3,1085,0.25408610701560974,0.9375
l_curve_3,1086,0.2540643811225891,0.9375
l_curve_3,1087,0.2539709210395813,0.9375
l_curve_3,1088,0.2540610432624817,0.9375
l_curve_3,1089,0.2541055679321289,0.9375
l_curve_3,1090,0.2540355622768402,0.9375
l_curve_3,1091,0.25395962595939636,0.9375
l_curve_3,1092,0.2539466619491577,0.9375
l_curve_3,1093,0.25390851497650146,0.9375
l_curve_3,1094,0.2538779675960541,0.9375
l_curve_3,1095,0.2539042830467224,0.9375
l_curve_3,1096,0.2538420855998993,0.9375
l_curve_3,1097,0.25380757451057434,0.9375
l_curve_3,1098,0.25387638807296753,0.9375
l_curve_3,1099,0.2538604438304901,0.9375
l_curve_3,1100,0.2539418339729309,0.9375
l_curve_3,1101,0.2539544701576233,0.9375
l_curve_3,1102,0.25395485758781433,0.9375
l_curve_3,1103,0.2539459466934204,0.9375
l_curve_3,1104,0.25394028425216675,0.9375
l_curve_3,1105,0.25387993454933167,0.9375
l_curve_3,1106,0.25382035970687866,0.9375
l_curve_3,1107,0.25373807549476624,0.9375
l_curve_3,1108,0.2536463141441345,0.9375
l_curve_3,1109,0.253625750541687,0.9375
l_curve_3,1110,0.25373774766921997,0.9375
l_curve_3,1111,0.25378718972206116,0.9375
l_curve_3,1112,0.2537844479084015,0.9375
l_curve_3,1113,0.2539060711860657,0.9375
l_curve_3,1114,0.2538681626319885,0.9375
l_curve_3,1115,0.25378942489624023,0.9375
l_curve_3,1116,0.25378090143203735,0.9375
l_curve_3,1117,0.253720760345459,0.9375
l_curve_3,1118,0.2537738084793091,0.9375
l_curve_3,1119,0.25381696224212646,0.9375
l_curve_3,1120,0.2538411021232605,0.9375
l_curve_3,1121,0.25381988286972046,0.9375
l_curve_3,1122,0.25381824374198914,0.9375
l_curve_3,1123,0.25377917289733887,0.9375
l_curve_3,1124,0.2538447976112366,0.9375
l_curve_3,1125,0.2538186311721802,0.9375
l_curve_3,1126,0.2537008225917816,0.9375
l_curve_3,1127,0.25369831919670105,0.9375
l_curve_3,1128,0.25370991230010986,0.9375
l_curve_3,1129,0.2537023425102234,0.9375
l_curve_3,1130,0.25367268919944763,0.9375
l_curve_3,1131,0.25378063321113586,0.9375
l_curve_3,1132,0.25376057624816895,0.9375
l_curve_3,1133,0.25375819206237793,0.9375
l_curve_3,1134,0.2536512017250061,0.9375
l_curve_3,1135,0.2536294460296631,0.9375
l_curve_3,1136,0.253568172454834,0.9375
l_curve_3,1137,0.25347352027893066,0.9375
l_curve_3,1138,0.2534824013710022,0.9375
l_curve_3,1139,0.2534475326538086,0.9375
l_curve_3,1140,0.25346553325653076,0.9375
l_curve_3,1141,0.2533956468105316,0.9375
l_curve_3,1142,0.2533928155899048,0.9375
l_curve_3,1143,0.25345954298973083,0.9375
l_curve_3,1144,0.2534341812133789,0.9375
l_curve_3,1145,0.25337308645248413,0.9375
l_curve_3,1146,0.25331535935401917,0.9375
l_curve_3,1147,0.2533171772956848,0.9375
l_curve_3,1148,0.2534172534942627,0.9375
l_curve_3,1149,0.25341641902923584,0.9375
l_curve_3,1150,0.2534445524215698,0.9375
l_curve_3,1151,0.2533855438232422,0.9375
l_curve_3,1152,0.2533661127090454,0.9375
l_curve_3,1153,0.2533712685108185,0.9375
l_curve_3,1154,0.25333699584007263,0.9375
l_curve_3,1155,0.25332111120224,0.9375
l_curve_3,1156,0.2533685266971588,0.9375
l_curve_3,1157,0.25341492891311646,0.9375
l_curve_3,1158,0.25339895486831665,0.9375
l_curve_3,1159,0.253406286239624,0.9375
l_curve_3,1160,0.2534668743610382,0.9375
l_curve_3,1161,0.25337934494018555,0.9375
l_curve_3,1162,0.25332242250442505,0.9375
l_curve_3,1163,0.25336408615112305,0.9375
l_curve_3,1164,0.2533668279647827,0.9375
l_curve_3,1165,0.253342866897583,0.9375
l_curve_3,1166,0.2533274292945862,0.9375
l_curve_3,1167,0.2533036470413208,0.9375
l_curve_3,1168,0.25325438380241394,0.9375
l_curve_3,1169,0.2531960606575012,0.9375
l_curve_3,1170,0.2532399296760559,0.9375
l_curve_3,1171,0.2532390356063843,0.9375
l_curve_3,1172,0.25323808193206787,0.9375
l_curve_3,1173,0.25319260358810425,0.9375
l_curve_3,1174,0.2532580494880676,0.9375
l_curve_3,1175,0.25322967767715454,0.9375
l_curve_3,1176,0.2531662881374359,0.9375
l_curve_3,1177,0.25318315625190735,0.9375
l_curve_3,1178,0.2531523108482361,0.9375
l_curve_3,1179,0.253099262714386,0.9375
l_curve_3,1180,0.2530410587787628,0.9375
l_curve_3,1181,0.25313717126846313,0.9375
l_curve_3,1182,0.25311797857284546,0.9375
l_curve_3,1183,0.2531124949455261,0.9375
l_curve_3,1184,0.25303423404693604,0.9375
l_curve_3,1185,0.253080815076828,0.9375
l_curve_3,1186,0.25304508209228516,0.9375
l_curve_3,1187,0.2530039846897125,0.9375
l_curve_3,1188,0.2530154883861542,0.9375
l_curve_3,1189,0.253009557723999,0.9375
l_curve_3,1190,0.2529500126838684,0.9375
l_curve_3,1191,0.25289398431777954,0.9375
l_curve_3,1192,0.25287511944770813,0.9375
l_curve_3,1193,0.25282058119773865,0.9375
l_curve_3,1194,0.2528568506240845,0.9375
l_curve_3,1195,0.25284305214881897,0.9375
l_curve_3,1196,0.25278541445732117,0.9375
l_curve_3,1197,0.252804160118103,0.9375
l_curve_3,1198,0.2527938485145569,0.9375
l_curve_3,1199,0.2527473568916321,0.9375
l_curve_3,1200,0.2527449429035187,0.9375
l_curve_3,1201,0.2527913451194763,0.9375
l_curve_3,1202,0.2527746260166168,0.9375
l_curve_3,1203,0.2527432143688202,0.9375
l_curve_3,1204,0.2527991533279419,0.9375
l_curve_3,1205,0.2528168559074402,0.9375
l_curve_3,1206,0.2528373599052429,0.9375
l_curve_3,1207,0.25277024507522583,0.9375
l_curve_3,1208,0.252763956785202,0.9375
l_curve_3,1209,0.25270524621009827,0.9375
l_curve_3,1210,0.2527267336845398,0.9375
l_curve_3,1211,0.2526220381259918,0.9375
l_curve_3,1212,0.2525823414325714,0.9375
l_curve_3,1213,0.2526301443576813,0.9375
l_curve_3,1214,0.2525824308395386,0.9375
l_curve_3,1215,0.2525814473628998,0.9375
l_curve_3,1216,0.2525203227996826,0.9375
l_curve_3,1217,0.2525106370449066,0.9375
l_curve_3,1218,0.2525140047073364,0.9375
l_curve_3,1219,0.25244849920272827,0.9375
l_curve_3,1220,0.25244656205177307,0.9375
l_curve_3,1221,0.2523842453956604,0.9375
l_curve_3,1222,0.2524017095565796,0.9375
l_curve_3,1223,0.2523943781852722,0.9375
l_curve_3,1224,0.2523752748966217,0.9375
l_curve_3,1225,0.2524047791957855,0.9375
l_curve_3,1226,0.25237932801246643,0.9375
l_curve_3,1227,0.2524240016937256,0.9375
l_curve_3,1228,0.25235530734062195,0.9375
l_curve_3,1229,0.25230395793914795,0.9375
l_curve_3,1230,0.2523152232170105,0.9375
l_curve_3,1231,0.2523329257965088,0.9375
l_curve_3,1232,0.25230443477630615,0.9375
l_curve_3,1233,0.25229203701019287,0.9375
l_curve_3,1234,0.25222349166870117,0.9375
l_curve_3,1235,0.2521708011627197,0.9375
l_curve_3,1236,0.2521384358406067,0.9375
l_curve_3,1237,0.25211310386657715,0.9375
l_curve_3,1238,0.2521187663078308,0.9375
l_curve_3,1239,0.2521411180496216,0.9375
l_curve_3,1240,0.25215965509414673,0.9375
l_curve_3,1241,0.25216907262802124,0.9375
l_curve_3,1242,0.25210627913475037,0.9375
l_curve_3,1243,0.2521163821220398,0.9375
l_curve_3,1244,0.25219064950942993,0.9375
l_curve_3,1245,0.252211332321167,0.9375
l_curve_3,1246,0.25221002101898193,0.9375
l_curve_3,1247,0.2521257996559143,0.9375
l_curve_3,1248,0.25213509798049927,0.9375
l_curve_3,1249,0.25216972827911377,0.9375
l_curve_3,1250,0.25208842754364014,0.9375
l_curve_3,1251,0.25210335850715637,0.9375
l_curve_3,1252,0.2520354390144348,0.9375
l_curve_3,1253,0.25208157300949097,0.9375
l_curve_3,1254,0.25201740860939026,0.9375
l_curve_3,1255,0.2519058585166931,0.9375
l_curve_3,1256,0.25188353657722473,0.9375
l_curve_3,1257,0.25181394815444946,0.9375
l_curve_3,1258,0.2518296241760254,0.9375
l_curve_3,1259,0.2517924904823303,0.9375
l_curve_3,1260,0.25179624557495117,0.9375
l_curve_3,1261,0.25181931257247925,0.9375
l_curve_3,1262,0.25177693367004395,0.9375
l_curve_3,1263,0.25175368785858154,0.9375
l_curve_3,1264,0.2517143189907074,0.9375
l_curve_3,1265,0.2516871988773346,0.9375
l_curve_3,1266,0.2516702711582184,0.9375
l_curve_3,1267,0.2517027258872986,0.9375
l_curve_3,1268,0.2517429292201996,0.9375
l_curve_3,1269,0.2516975402832031,0.9375
l_curve_3,1270,0.25176018476486206,0.9375
l_curve_3,1271,0.25165894627571106,0.9375
l_curve_3,1272,0.2515929639339447,0.9375
l_curve_3,1273,0.25164273381233215,0.9375
l_curve_3,1274,0.25168877840042114,0.9375
l_curve_3,1275,0.2516692578792572,0.9375
l_curve_3,1276,0.25164562463760376,0.9375
l_curve_3,1277,0.2516695559024811,0.9375
l_curve_3,1278,0.2516250014305115,0.9375
l_curve_3,1279,0.2515598237514496,0.9375
l_curve_3,1280,0.25157299637794495,0.9375
l_curve_3,1281,0.251596063375473,0.9375
l_curve_3,1282,0.25151655077934265,0.9375
l_curve_3,1283,0.25153616070747375,0.9375
l_curve_3,1284,0.2514815032482147,0.9375
l_curve_3,1285,0.25149327516555786,0.9375
l_curve_3,1286,0.2514359951019287,0.9375
l_curve_3,1287,0.251503586769104,0.9375
l_curve_3,1288,0.2515426576137543,0.9375
l_curve_3,1289,0.2515988349914551,0.9375
l_curve_3,1290,0.2515536844730377,0.9375
l_curve_3,1291,0.2515386939048767,0.9375
l_curve_3,1292,0.2514582872390747,0.9375
l_curve_3,1293,0.25142693519592285,0.9375
l_curve_3,1294,0.25140440464019775,0.9375
l_curve_3,1295,0.2512965202331543,0.9375
l_curve_3,1296,0.2512202560901642,0.9375
l_curve_3,1297,0.25123360753059387,0.9375
l_curve_3,1298,0.2511694133281708,0.9375
l_curve_3,1299,0.2512289583683014,0.9375
l_curve_3,1300,0.25119560956954956,0.9375
l_curve_3,1301,0.2512393295764923,0.9375
l_curve_3,1302,0.2512150704860687,0.9375
l_curve_3,1303,0.251117467880249,0.9375
l_curve_3,1304,0.25113949179649353,0.9375
l_curve_3,1305,0.2510676383972168,0.9375
l_curve_3,1306,0.25101664662361145,0.9375
l_curve_3,1307,0.25092247128486633,0.9375
l_curve_3,1308,0.2509467601776123,0.9375
l_curve_3,1309,0.25092893838882446,0.9375
l_curve_3,1310,0.2508352994918823,0.9375
l_curve_3,1311,0.25086599588394165,0.9375
l_curve_3,1312,0.2508164346218109,0.9375
l_curve_3,1313,0.25084397196769714,0.9375
l_curve_3,1314,0.2507658004760742,0.9375
l_curve_3,1315,0.2507704496383667,0.9375
l_curve_3,1316,0.25072240829467773,0.9375
l_curve_3,1317,0.2507416605949402,0.9375
l_curve_3,1318,0.2507385313510895,0.9375
l_curve_3,1319,0.25075143575668335,0.9375
l_curve_3,1320,0.2506866753101349,0.9375
l_curve_3,1321,0.25077250599861145,0.9375
l_curve_3,1322,0.2507871389389038,0.9375
l_curve_3,1323,0.2508317828178406,0.9375
l_curve_3,1324,0.2507983148097992,0.9375
l_curve_3,1325,0.2507106363773346,0.9375
l_curve_3,1326,0.25066137313842773,0.9375
l_curve_3,1327,0.2506089210510254,0.9375
l_curve_3,1328,0.2505480945110321,0.9375
l_curve_3,1329,0.2505299150943756,0.9375
l_curve_3,1330,0.2504854202270508,0.9375
l_curve_3,1331,0.25049978494644165,0.9375
l_curve_3,1332,0.2505717873573303,0.9375
l_curve_3,1333,0.2504808306694031,0.9375
l_curve_3,1334,0.2504628002643585,0.9375
l_curve_3,1335,0.25041794776916504,0.9375
l_curve_3,1336,0.25043824315071106,0.9375
l_curve_3,1337,0.25041428208351135,0.9375
l_curve_3,1338,0.25033992528915405,0.9375
l_curve_3,1339,0.2503042221069336,0.9375
l_curve_3,1340,0.2503085434436798,0.9375
l_curve_3,1341,0.2502751052379608,0.9375
l_curve_3,1342,0.25024378299713135,0.9375
l_curve_3,1343,0.2502933442592621,0.9375
l_curve_3,1344,0.2503482401371002,0.9375
l_curve_3,1345,0.25026118755340576,0.9375
l_curve_3,1346,0.25020551681518555,0.9375
l_curve_3,1347,0.2501605153083801,0.9375
l_curve_3,1348,0.25013941526412964,0.9375
l_curve_3,1349,0.2501322627067566,0.9375
l_curve_3,1350,0.2501267194747925,0.9375
l_curve_3,1351,0.249985933303833,0.9375
l_curve_3,1352,0.2500099241733551,0.9375
l_curve_3,1353,0.24995239078998566,0.9375
l_curve_3,1354,0.24995321035385132,0.9375
l_curve_3,1355,0.24992060661315918,0.9375
l_curve_3,1356,0.24991518259048462,0.9375
l_curve_3,1357,0.249907448887825,0.9375
l_curve_3,1358,0.24986708164215088,0.9375
l_curve_3,1359,0.24986110627651215,0.9375
l_curve_3,1360,0.24990668892860413,0.9375
l_curve_3,1361,0.24991878867149353,0.9375
l_curve_3,1362,0.24976128339767456,0.9375
l_curve_3,1363,0.24977530539035797,0.9375
l_curve_3,1364,0.24978777766227722,0.9375
l_curve_3,1365,0.24976515769958496,0.9375
l_curve_3,1366,0.24972279369831085,0.9375
l_curve_3,1367,0.24972911179065704,0.9375
l_curve_3,1368,0.24957922101020813,0.9375
l_curve_3,1369,0.24955445528030396,0.9375
l_curve_3,1370,0.24954497814178467,0.9375
l_curve_3,1371,0.2494821399450302,0.9375
l_curve_3,1372,0.2495003342628479,0.9375
l_curve_3,1373,0.24946987628936768,0.9375
l_curve_3,1374,0.2494000494480133,0.9375
l_curve_3,1375,0.2493974268436432,0.9375
l_curve_3,1376,0.24934569001197815,0.9375
l_curve_3,1377,0.24941253662109375,0.9375
l_curve_3,1378,0.24938572943210602,0.9375
l_curve_3,1379,0.24939142167568207,0.9375
l_curve_3,1380,0.24944880604743958,0.9375
l_curve_3,1381,0.24942535161972046,0.9375
l_curve_3,1382,0.24929115176200867,0.9375
l_curve_3,1383,0.2493225485086441,0.9375
l_curve_3,1384,0.24928399920463562,0.9375
l_curve_3,1385,0.24919326603412628,0.9375
l_curve_3,1386,0.24920639395713806,0.9375
l_curve_3,1387,0.24912236630916595,0.9375
l_curve_3,1388,0.24915288388729095,0.9375
l_curve_3,1389,0.24915675818920135,0.9375
l_curve_3,1390,0.24912475049495697,0.9375
l_curve_3,1391,0.24907483160495758,0.9375
l_curve_3,1392,0.24900303781032562,0.9375
l_curve_3,1393,0.24902713298797607,0.9375
l_curve_3,1394,0.2490130215883255,0.9375
l_curve_3,1395,0.24896304309368134,0.9375
l_curve_3,1396,0.2489417940378189,0.9375
l_curve_3,1397,0.2488550990819931,0.9375
l_curve_3,1398,0.24882355332374573,0.9375
l_curve_3,1399,0.24886994063854218,0.9375
l_curve_3,1400,0.24888616800308228,0.9375
l_curve_3,1401,0.24881157279014587,0.9375
l_curve_3,1402,0.24874426424503326,0.9375
l_curve_3,1403,0.24869631230831146,0.9375
l_curve_3,1404,0.24873216450214386,0.9375
l_curve_3,1405,0.2487124651670456,0.9375
l_curve_3,1406,0.248691588640213,0.9375
l_curve_3,1407,0.2487373948097229,0.9375
l_curve_3,1408,0.24864670634269714,0.9375
l_curve_3,1409,0.24869155883789062,0.9375
l_curve_3,1410,0.24867156147956848,0.9375
l_curve_3,1411,0.2485082745552063,0.9375
l_curve_3,1412,0.24849462509155273,0.9375
l_curve_3,1413,0.2484951913356781,0.9375
l_curve_3,1414,0.2485489845275879,0.9375
l_curve_3,1415,0.2485734075307846,0.9375
l_curve_3,1416,0.2485731691122055,0.9375
l_curve_3,1417,0.2484615296125412,0.9375
l_curve_3,1418,0.24840757250785828,0.9375
l_curve_3,1419,0.2483227550983429,0.9375
l_curve_3,1420,0.2483425736427307,0.9375
l_curve_3,1421,0.2483225017786026,0.9375
l_curve_3,1422,0.24832811951637268,0.9375
l_curve_3,1423,0.24828532338142395,0.9375
l_curve_3,1424,0.24821527302265167,0.9375
l_curve_3,1425,0.24820640683174133,0.9375
l_curve_3,1426,0.24810126423835754,0.9375
l_curve_3,1427,0.2480860948562622,0.9375
l_curve_3,1428,0.24803666770458221,0.9375
l_curve_3,1429,0.24805805087089539,0.9375
l_curve_3,1430,0.2480732500553131,0.9375
l_curve_3,1431,0.24801313877105713,0.9375
l_curve_3,1432,0.24798931181430817,0.9375
l_curve_3,1433,0.24797622859477997,0.9375
l_curve_3,1434,0.24797531962394714,0.9375
l_curve_3,1435,0.2479187250137329,0.9375
l_curve_3,1436,0.24793094396591187,0.9375
l_curve_3,1437,0.24780729413032532,0.9375
l_curve_3,1438,0.24780882894992828,0.9375
l_curve_3,1439,0.24782313406467438,0.9375
l_curve_3,1440,0.2479151487350464,0.9375
l_curve_3,1441,0.2478734254837036,0.9375
l_curve_3,1442,0.24781081080436707,0.9375
l_curve_3,1443,0.2477184534072876,0.9375
l_curve_3,1444,0.24769465625286102,0.9375
l_curve_3,1445,0.2476186603307724,0.9375
l_curve_3,1446,0.24760356545448303,0.9375
l_curve_3,1447,0.24760094285011292,0.9375
l_curve_3,1448,0.24758264422416687,0.9375
l_curve_3,1449,0.2475758194923401,0.9375
l_curve_3,1450,0.24764348566532135,0.9375
l_curve_3,1451,0.24756766855716705,0.9375
l_curve_3,1452,0.24745886027812958,0.9375
l_curve_3,1453,0.24742257595062256,0.9375
l_curve_3,1454,0.24733491241931915,0.9375
l_curve_3,1455,0.24727711081504822,0.9375
l_curve_3,1456,0.24724192917346954,0.9375
l_curve_3,1457,0.2472316026687622,0.9375
l_curve_3,1458,0.24731872975826263,0.9375
l_curve_3,1459,0.2472963035106659,0.9375
l_curve_3,1460,0.2472025454044342,0.9375
l_curve_3,1461,0.24718520045280457,0.9375
l_curve_3,1462,0.24716147780418396,0.9375
l_curve_3,1463,0.24714228510856628,0.9375
l_curve_3,1464,0.2470737099647522,0.9375
l_curve_3,1465,0.24700918793678284,0.9375
l_curve_3,1466,0.24699623882770538,0.9375
l_curve_3,1467,0.24689888954162598,0.9375
l_curve_3,1468,0.24696311354637146,0.9375
l_curve_3,1469,0.24698834121227264,0.9375
l_curve_3,1470,0.2469661682844162,0.9375
l_curve_3,1471,0.24694356322288513,0.9375
l_curve_3,1472,0.24676215648651123,0.9375
l_curve_3,1473,0.24674487113952637,0.9375
l_curve_3,1474,0.2468002736568451,0.9375
l_curve_3,1475,0.24686986207962036,0.9375
l_curve_3,1476,0.2468005120754242,0.9375
l_curve_3,1477,0.2467104196548462,0.9375
l_curve_3,1478,0.24659240245819092,0.9375
l_curve_3,1479,0.24654580652713776,0.9375
l_curve_3,1480,0.24649518728256226,0.9375
l_curve_3,1481,0.24651417136192322,0.9375
l_curve_3,1482,0.2465100884437561,0.9375
l_curve_3,1483,0.24645835161209106,0.9375
l_curve_3,1484,0.24640724062919617,0.9375
l_curve_3,1485,0.2464086264371872,0.9375
l_curve_3,1486,0.2462855577468872,0.9375
l_curve_3,1487,0.2462671846151352,0.9375
l_curve_3,1488,0.24630527198314667,0.9375
l_curve_3,1489,0.24627692997455597,0.9375
l_curve_3,1490,0.24622514843940735,0.9375
l_curve_3,1491,0.2461734414100647,0.9375
l_curve_3,1492,0.24616211652755737,0.9375
l_curve_3,1493,0.2461981177330017,0.9375
l_curve_3,1494,0.2461143434047699,0.9375
l_curve_3,1495,0.2460097074508667,0.9375
l_curve_3,1496,0.2459309995174408,0.9375
l_curve_3,1497,0.2458607256412506,0.9375
l_curve_3,1498,0.24594607949256897,0.9375
l_curve_3,1499,0.245955690741539,0.9375
l_curve_3,1500,0.24593877792358398,0.9375
l_curve_3,1501,0.2459142953157425,0.9375
l_curve_3,1502,0.2458958625793457,0.9375
l_curve_3,1503,0.24578064680099487,0.9375
l_curve_3,1504,0.24577967822551727,0.9375
l_curve_3,1505,0.24575278162956238,0.9375
l_curve_3,1506,0.2456774115562439,0.9375
l_curve_3,1507,0.24574482440948486,0.9375
l_curve_3,1508,0.24579381942749023,0.9375
l_curve_3,1509,0.2457095980644226,0.9375
l_curve_3,1510,0.24565407633781433,0.9375
l_curve_3,1511,0.24564804136753082,0.9375
l_curve_3,1512,0.24560728669166565,0.9375
l_curve_3,1513,0.24555513262748718,0.9375
l_curve_3,1514,0.24550800025463104,0.9375
l_curve_3,1515,0.24543221294879913,0.9375
l_curve_3,1516,0.24532154202461243,0.9375
l_curve_3,1517,0.24538461863994598,0.9375
l_curve_3,1518,0.24539074301719666,0.9375
l_curve_3,1519,0.24538736045360565,0.9375
l_curve_3,1520,0.24533608555793762,0.9375
l_curve_3,1521,0.24524682760238647,0.9375
l_curve_3,1522,0.2452009916305542,0.9375
l_curve_3,1523,0.24506986141204834,0.9375
l_curve_3,1524,0.24495843052864075,0.9375
l_curve_3,1525,0.244924396276474,0.9375
l_curve_3,1526,0.24488665163516998,0.9375
l_curve_3,1527,0.24491062760353088,0.9375
l_curve_3,1528,0.2449152171611786,0.9375
l_curve_3,1529,0.24492914974689484,0.9375
l_curve_3,1530,0.24479341506958008,0.9375
l_curve_3,1531,0.24473723769187927,0.9375
l_curve_3,1532,0.24466224014759064,0.9375
l_curve_3,1533,0.2446911633014679,0.9375
l_curve_3,1534,0.2447362095117569,0.9375
l_curve_3,1535,0.24477633833885193,0.9375
l_curve_3,1536,0.24480663239955902,0.9375
l_curve_3,1537,0.24471086263656616,0.9375
l_curve_3,1538,0.24456065893173218,0.9375
l_curve_3,1539,0.24451997876167297,0.9375
l_curve_3,1540,0.24445943534374237,0.9375
l_curve_3,1541,0.24445581436157227,0.9375
l_curve_3,1542,0.24439585208892822,0.9375
l_curve_3,1543,0.2444116771221161,0.9375
l_curve_3,1544,0.2444106638431549,0.9375
l_curve_3,1545,0.24433505535125732,0.9375
l_curve_3,1546,0.2443784922361374,0.9375
l_curve_3,1547,0.2442985475063324,0.9375
l_curve_3,1548,0.24420374631881714,0.9375
l_curve_3,1549,0.24410441517829895,0.9375
l_curve_3,1550,0.24409547448158264,0.9375
l_curve_3,1551,0.2440432459115982,0.9375
l_curve_3,1552,0.2439795732498169,0.9375
l_curve_3,1553,0.24395543336868286,0.9375
l_curve_3,1554,0.24391913414001465,0.9375
l_curve_3,1555,0.243893101811409,0.9375
l_curve_3,1556,0.24389466643333435,0.9375
l_curve_3,1557,0.24394850432872772,0.9375
l_curve_3,1558,0.2439589947462082,0.9375
l_curve_3,1559,0.24396172165870667,0.9375
l_curve_3,1560,0.24388349056243896,0.9375
l_curve_3,1561,0.2438807487487793,0.9375
l_curve_3,1562,0.24372252821922302,0.9375
l_curve_3,1563,0.24374443292617798,0.9375
l_curve_3,1564,0.2437162548303604,0.9375
l_curve_3,1565,0.24358507990837097,0.9375
l_curve_3,1566,0.24347995221614838,0.9375
l_curve_3,1567,0.2434004545211792,0.9375
l_curve_3,1568,0.24334371089935303,0.9375
l_curve_3,1569,0.24328701198101044,0.9375
l_curve_3,1570,0.24324175715446472,0.9375
l_curve_3,1571,0.24309521913528442,0.9375
l_curve_3,1572,0.24307040870189667,0.9375
l_curve_3,1573,0.2430914044380188,0.9375
l_curve_3,1574,0.2430572807788849,0.9375
l_curve_3,1575,0.24296195805072784,0.9375
l_curve_3,1576,0.24307987093925476,0.9375
l_curve_3,1577,0.24306946992874146,0.9375
l_curve_3,1578,0.24307236075401306,0.9375
l_curve_3,1579,0.24303311109542847,0.9375
l_curve_3,1580,0.24307207763195038,0.9375
l_curve_3,1581,0.24306344985961914,0.9375
l_curve_3,1582,0.24301283061504364,0.9375
l_curve_3,1583,0.24293763935565948,0.9375
l_curve_3,1584,0.2427903264760971,0.9375
l_curve_3,1585,0.2427901029586792,0.9375
l_curve_3,1586,0.24274615943431854,0.9375
l_curve_3,1587,0.24267444014549255,0.9375
l_curve_3,1588,0.24267588555812836,0.9375
l_curve_3,1589,0.2426471710205078,0.9375
l_curve_3,1590,0.24257797002792358,0.9375
l_curve_3,1591,0.2424994260072708,0.9375
l_curve_3,1592,0.2424178421497345,0.9375
l_curve_3,1593,0.24234414100646973,0.9375
l_curve_3,1594,0.24233105778694153,0.9375
l_curve_3,1595,0.24224816262722015,0.9375
l_curve_3,1596,0.24222224950790405,0.9375
l_curve_3,1597,0.2422548234462738,0.9375
l_curve_3,1598,0.24221104383468628,0.9375
l_curve_3,1599,0.24214696884155273,0.9375
l_curve_3,1600,0.2420690357685089,0.9375
l_curve_3,1601,0.24201953411102295,0.9375
l_curve_3,1602,0.24192193150520325,0.9375
l_curve_3,1603,0.24191388487815857,0.9375
l_curve_3,1604,0.24186411499977112,0.9375
l_curve_3,1605,0.24187397956848145,0.9375
l_curve_3,1606,0.2418142557144165,0.9375
l_curve_3,1607,0.2418169379234314,0.9375
l_curve_3,1608,0.24174311757087708,0.9375
l_curve_3,1609,0.24174092710018158,0.9375
l_curve_3,1610,0.24167174100875854,0.9375
l_curve_3,1611,0.24159711599349976,0.9375
l_curve_3,1612,0.24156434834003448,0.9375
l_curve_3,1613,0.2415490448474884,0.9375
l_curve_3,1614,0.24146927893161774,0.9375
l_curve_3,1615,0.24138805270195007,0.9375
l_curve_3,1616,0.24125263094902039,0.9375
l_curve_3,1617,0.2413444221019745,0.9375
l_curve_3,1618,0.24128180742263794,0.9375
l_curve_3,1619,0.2412368357181549,0.9375
l_curve_3,1620,0.24115708470344543,0.9375
l_curve_3,1621,0.24108006060123444,0.9375
l_curve_3,1622,0.24098916351795197,0.9375
l_curve_3,1623,0.24097827076911926,0.9375
l_curve_3,1624,0.2409268170595169,0.9375
l_curve_3,1625,0.2409248650074005,0.9375
l_curve_3,1626,0.2408677339553833,0.9375
l_curve_3,1627,0.24086269736289978,0.9375
l_curve_3,1628,0.24080350995063782,0.9375
l_curve_3,1629,0.24079692363739014,0.9375
l_curve_3,1630,0.24078179895877838,0.9375
l_curve_3,1631,0.24069122970104218,0.9375
l_curve_3,1632,0.24063052237033844,0.9375
l_curve_3,1633,0.2405119687318802,0.9375
l_curve_3,1634,0.24051187932491302,0.9375
l_curve_3,1635,0.24047815799713135,0.9375
l_curve_3,1636,0.24050292372703552,0.9375
l_curve_3,1637,0.24039560556411743,0.9375
l_curve_3,1638,0.24034471809864044,0.9375
l_curve_3,1639,0.2403552234172821,0.9375
l_curve_3,1640,0.2403249442577362,0.9375
l_curve_3,1641,0.24035373330116272,0.9375
l_curve_3,1642,0.2403578758239746,0.9375
l_curve_3,1643,0.24025478959083557,0.9375
l_curve_3,1644,0.2402510643005371,0.9375
l_curve_3,1645,0.24019363522529602,0.9375
l_curve_3,1646,0.24022150039672852,0.9375
l_curve_3,1647,0.2401057928800583,0.9375
l_curve_3,1648,0.23999828100204468,0.9375
l_curve_3,1649,0.23985075950622559,0.9375
l_curve_3,1650,0.23978209495544434,0.9375
l_curve_3,1651,0.23974500596523285,0.9375
l_curve_3,1652,0.2396923005580902,0.9375
l_curve_3,1653,0.2396509200334549,0.9375
l_curve_3,1654,0.23964923620224,0.9375
l_curve_3,1655,0.23966625332832336,0.9375
l_curve_3,1656,0.23958557844161987,0.9375
l_curve_3,1657,0.23947729170322418,0.9375
l_curve_3,1658,0.23940229415893555,0.9375
l_curve_3,1659,0.23932376503944397,0.9375
l_curve_3,1660,0.23934054374694824,0.9375
l_curve_3,1661,0.23930855095386505,0.9375
l_curve_3,1662,0.23926395177841187,0.9375
l_curve_3,1663,0.2392740249633789,0.9375
l_curve_3,1664,0.23926247656345367,0.9375
l_curve_3,1665,0.2391933649778366,0.9375
l_curve_3,1666,0.23911987245082855,0.9375
l_curve_3,1667,0.23899628221988678,0.9375
l_curve_3,1668,0.2390131801366806,0.9375
l_curve_3,1669,0.23898150026798248,0.9375
l_curve_3,1670,0.2388477772474289,0.9375
l_curve_3,1671,0.2387092411518097,0.9375
l_curve_3,1672,0.23869185149669647,0.9375
l_curve_3,1673,0.23868799209594727,0.9375
l_curve_3,1674,0.23871779441833496,0.9375
l_curve_3,1675,0.23864540457725525,0.9375
l_curve_3,1676,0.23857226967811584,0.9375
l_curve_3,1677,0.23852385580539703,0.9375
l_curve_3,1678,0.23850323259830475,0.9375
l_curve_3,1679,0.23846006393432617,0.9375
l_curve_3,1680,0.23845404386520386,0.9375
l_curve_3,1681,0.2383873462677002,0.9375
l_curve_3,1682,0.2383529245853424,0.9375
l_curve_3,1683,0.2382507026195526,0.9375
l_curve_3,1684,0.2381986677646637,0.9375
l_curve_3,1685,0.23814883828163147,0.9375
l_curve_3,1686,0.2381005883216858,0.9375
l_curve_3,1687,0.23803552985191345,0.9375
l_curve_3,1688,0.2379811704158783,0.9375
l_curve_3,1689,0.2378944754600525,0.9375
l_curve_3,1690,0.23788124322891235,0.9375
l_curve_3,1691,0.23779048025608063,0.9375
l_curve_3,1692,0.23765698075294495,0.9375
l_curve_3,1693,0.23766016960144043,0.9375
l_curve_3,1694,0.23762424290180206,0.9375
l_curve_3,1695,0.23747693002223969,0.9375
l_curve_3,1696,0.23733755946159363,0.9375
l_curve_3,1697,0.2373940348625183,0.9375
l_curve_3,1698,0.23734097182750702,0.9375
l_curve_3,1699,0.23721954226493835,0.9375
l_curve_3,1700,0.23717138171195984,0.9375
l_curve_3,1701,0.23714087903499603,0.9375
l_curve_3,1702,0.23699253797531128,0.9375
l_curve_3,1703,0.23705580830574036,0.9375
l_curve_3,1704,0.23705512285232544,0.9375
l_curve_3,1705,0.23694446682929993,0.9375
l_curve_3,1706,0.23691242933273315,0.9375
l_curve_3,1707,0.2367662787437439,0.9375
l_curve_3,1708,0.23683340847492218,0.9375
l_curve_3,1709,0.23671221733093262,0.9375
l_curve_3,1710,0.2366630733013153,0.9375
l_curve_3,1711,0.2365538477897644,0.9375
l_curve_3,1712,0.23649415373802185,0.9375
l_curve_3,1713,0.23648877441883087,0.9375
l_curve_3,1714,0.23644471168518066,0.9375
l_curve_3,1715,0.23651137948036194,0.9375
l_curve_3,1716,0.23646466434001923,0.9375
l_curve_3,1717,0.2364024519920349,0.9375
l_curve_3,1718,0.2362767457962036,0.9375
l_curve_3,1719,0.23624512553215027,0.9375
l_curve_3,1720,0.23622018098831177,0.9375
l_curve_3,1721,0.23619608581066132,0.9375
l_curve_3,1722,0.23614847660064697,0.9375
l_curve_3,1723,0.23598572611808777,0.9375
l_curve_3,1724,0.2358866035938263,0.9375
l_curve_3,1725,0.2358349710702896,0.9375
l_curve_3,1726,0.23576103150844574,0.9375
l_curve_3,1727,0.23569932579994202,0.9375
l_curve_3,1728,0.23568153381347656,0.9375
l_curve_3,1729,0.23565489053726196,0.9375
l_curve_3,1730,0.23555439710617065,0.9375
l_curve_3,1731,0.2354753166437149,0.9375
l_curve_3,1732,0.23543503880500793,0.9375
l_curve_3,1733,0.23531574010849,0.9375
l_curve_3,1734,0.23531021177768707,0.9375
l_curve_3,1735,0.23524317145347595,0.9375
l_curve_3,1736,0.2352055013179779,0.9375
l_curve_3,1737,0.23527459800243378,0.9375
l_curve_3,1738,0.2351679503917694,0.9375
l_curve_3,1739,0.23509913682937622,0.9375
l_curve_3,1740,0.2350165843963623,0.9375
l_curve_3,1741,0.23492684960365295,0.9375
l_curve_3,1742,0.2347879558801651,0.9375
l_curve_3,1743,0.2347937524318695,0.9375
l_curve_3,1744,0.23473350703716278,0.9375
l_curve_3,1745,0.23460060358047485,0.9375
l_curve_3,1746,0.23460638523101807,0.9375
l_curve_3,1747,0.23459014296531677,0.9375
l_curve_3,1748,0.23441271483898163,0.9375
l_curve_3,1749,0.23439380526542664,0.9375
l_curve_3,1750,0.23438730835914612,0.9375
l_curve_3,1751,0.23426784574985504,0.9375
l_curve_3,1752,0.23432275652885437,0.9375
l_curve_3,1753,0.23414142429828644,0.9375
l_curve_3,1754,0.23413687944412231,0.9375
l_curve_3,1755,0.23408713936805725,0.9375
l_curve_3,1756,0.23399582505226135,0.9375
l_curve_3,1757,0.2339591681957245,0.9375
l_curve_3,1758,0.233916774392128,0.9375
l_curve_3,1759,0.2338712513446808,0.9375
l_curve_3,1760,0.2338603287935257,0.9375
l_curve_3,1761,0.2337324321269989,0.9375
l_curve_3,1762,0.23369064927101135,0.9375
l_curve_3,1763,0.23353713750839233,0.9375
l_curve_3,1764,0.2334754467010498,0.9375
l_curve_3,1765,0.23346473276615143,0.9375
l_curve_3,1766,0.2333618551492691,0.9375
l_curve_3,1767,0.23336508870124817,0.9375
l_curve_3,1768,0.23328936100006104,0.9375
l_curve_3,1769,0.23315784335136414,0.9375
l_curve_3,1770,0.2331419736146927,0.9375
l_curve_3,1771,0.23301303386688232,0.9375
l_curve_3,1772,0.2330136001110077,0.9375
l_curve_3,1773,0.23295858502388,0.9375
l_curve_3,1774,0.23286813497543335,0.9375
l_curve_3,1775,0.2327622026205063,0.9375
l_curve_3,1776,0.2327488660812378,0.9375
l_curve_3,1777,0.23268721997737885,0.9375
l_curve_3,1778,0.23257258534431458,0.9375
l_curve_3,1779,0.2324896603822708,0.9375
l_curve_3,1780,0.23239105939865112,0.9375
l_curve_3,1781,0.2323344349861145,0.9375
l_curve_3,1782,0.23233675956726074,0.9375
l_curve_3,1783,0.23228803277015686,0.9375
l_curve_3,1784,0.2322579324245453,0.9375
l_curve_3,1785,0.23218105733394623,0.9375
l_curve_3,1786,0.23209303617477417,0.9375
l_curve_3,1787,0.2320040762424469,0.9375
l_curve_3,1788,0.23197367787361145,0.9375
l_curve_3,1789,0.23185281455516815,0.9375
l_curve_3,1790,0.23182177543640137,0.9375
l_curve_3,1791,0.2317057102918625,0.9375
l_curve_3,1792,0.23165298998355865,0.9375
l_curve_3,1793,0.23152674734592438,0.9375
l_curve_3,1794,0.2314944714307785,0.9375
l_curve_3,1795,0.23136864602565765,0.9375
l_curve_3,1796,0.2312803417444229,0.9375
l_curve_3,1797,0.23118959367275238,0.9375
l_curve_3,1798,0.23111334443092346,0.9375
l_curve_3,1799,0.2310510277748108,0.9375
l_curve_3,1800,0.23102997243404388,0.9375
l_curve_3,1801,0.230920672416687,0.9375
l_curve_3,1802,0.23084892332553864,0.9375
l_curve_3,1803,0.2307736873626709,0.9375
l_curve_3,1804,0.2306814342737198,0.9375
l_curve_3,1805,0.2306312918663025,0.9375
l_curve_3,1806,0.23059077560901642,0.9375
l_curve_3,1807,0.23043383657932281,0.9375
l_curve_3,1808,0.23036010563373566,0.9375
l_curve_3,1809,0.23035021126270294,0.9375
l_curve_3,1810,0.2301952838897705,0.9375
l_curve_3,1811,0.23016689717769623,0.9375
l_curve_3,1812,0.23002587258815765,0.9375
l_curve_3,1813,0.23000890016555786,0.9375
l_curve_3,1814,0.2299932986497879,0.9375
l_curve_3,1815,0.2299993485212326,0.9375
l_curve_3,1816,0.22997431457042694,0.9375
l_curve_3,1817,0.22984705865383148,0.9375
l_curve_3,1818,0.22984075546264648,0.9375
l_curve_3,1819,0.22973176836967468,0.9375
l_curve_3,1820,0.22959953546524048,0.9375
l_curve_3,1821,0.22953779995441437,0.9375
l_curve_3,1822,0.22940562665462494,0.9375
l_curve_3,1823,0.22939440608024597,0.9375
l_curve_3,1824,0.2293386459350586,0.9375
l_curve_3,1825,0.2292899787425995,0.9375
l_curve_3,1826,0.22924107313156128,0.9375
l_curve_3,1827,0.2291315644979477,0.9375
l_curve_3,1828,0.22908811271190643,0.9375
l_curve_3,1829,0.2290903627872467,0.9375
l_curve_3,1830,0.22897879779338837,0.9375
l_curve_3,1831,0.22889959812164307,0.9375
l_curve_3,1832,0.2288195639848709,0.9375
l_curve_3,1833,0.2287280261516571,0.9375
l_curve_3,1834,0.22860872745513916,0.9375
l_curve_3,1835,0.22857379913330078,0.9375
l_curve_3,1836,0.2284775674343109,0.9375
l_curve_3,1837,0.22847570478916168,0.9375
l_curve_3,1838,0.22839407622814178,0.9375
l_curve_3,1839,0.22829669713974,0.9375
l_curve_3,1840,0.2281317263841629,0.9375
l_curve_3,1841,0.22807088494300842,0.9375
l_curve_3,1842,0.22796589136123657,0.9375
l_curve_3,1843,0.22792378067970276,0.9375
l_curve_3,1844,0.22792084515094757,0.9375
l_curve_3,1845,0.22781725227832794,0.9375
l_curve_3,1846,0.22766342759132385,0.9375
l_curve_3,1847,0.22758638858795166,0.9375
l_curve_3,1848,0.22745192050933838,0.9375
l_curve_3,1849,0.22738724946975708,0.9375
l_curve_3,1850,0.2273309826850891,0.9375
l_curve_3,1851,0.22734667360782623,0.9375
l_curve_3,1852,0.22730986773967743,0.9375
l_curve_3,1853,0.22727902233600616,0.9375
l_curve_3,1854,0.22720202803611755,0.9375
l_curve_3,1855,0.2270089089870453,0.9375
l_curve_3,1856,0.22682970762252808,0.9375
l_curve_3,1857,0.22671319544315338,0.9375
l_curve_3,1858,0.22666630148887634,0.9375
l_curve_3,1859,0.2266213595867157,0.9375
l_curve_3,1860,0.22651070356369019,0.9375
l_curve_3,1861,0.22641322016716003,0.9375
l_curve_3,1862,0.2262745350599289,0.9375
l_curve_3,1863,0.2261752337217331,0.9375
l_curve_3,1864,0.22602339088916779,0.9375
l_curve_3,1865,0.22594955563545227,0.9375
l_curve_3,1866,0.22591140866279602,0.9375
l_curve_3,1867,0.22586998343467712,0.9375
l_curve_3,1868,0.22572165727615356,0.9375
l_curve_3,1869,0.2257251888513565,0.9375
l_curve_3,1870,0.22566038370132446,0.9375
l_curve_3,1871,0.22562608122825623,0.9375
l_curve_3,1872,0.22555086016654968,0.9375
l_curve_3,1873,0.22540923953056335,0.9375
l_curve_3,1874,0.22535309195518494,0.9375
l_curve_3,1875,0.2252873182296753,0.9375
l_curve_3,1876,0.22525960206985474,0.9375
l_curve_3,1877,0.2252293825149536,0.9375
l_curve_3,1878,0.22516795992851257,0.9375
l_curve_3,1879,0.22513817250728607,0.9375
l_curve_3,1880,0.22497007250785828,0.9375
l_curve_3,1881,0.22472155094146729,0.9375
l_curve_3,1882,0.22462862730026245,0.9375
l_curve_3,1883,0.22456608712673187,0.9375
l_curve_3,1884,0.22449932992458344,0.9375
l_curve_3,1885,0.22430887818336487,0.9375
l_curve_3,1886,0.22421137988567352,0.9375
l_curve_3,1887,0.2241595834493637,0.9375
l_curve_3,1888,0.22403070330619812,0.9375
l_curve_3,1889,0.2238965630531311,0.9375
l_curve_3,1890,0.22383707761764526,0.9375
l_curve_3,1891,0.22381910681724548,0.9375
l_curve_3,1892,0.22371838986873627,0.9375
l_curve_3,1893,0.22347022593021393,0.9375
l_curve_3,1894,0.22345273196697235,0.9375
l_curve_3,1895,0.2233431041240692,0.9375
l_curve_3,1896,0.2233409583568573,0.9375
l_curve_3,1897,0.223261296749115,0.9375
l_curve_3,1898,0.22317716479301453,0.9375
l_curve_3,1899,0.2231515347957611,0.9375
l_curve_3,1900,0.22305360436439514,0.9375
l_curve_3,1901,0.22297611832618713,0.9375
l_curve_3,1902,0.2229526937007904,0.9375
l_curve_3,1903,0.22289879620075226,0.9375
l_curve_3,1904,0.22288332879543304,0.9375
l_curve_3,1905,0.22265733778476715,0.9375
l_curve_3,1906,0.22255513072013855,0.9375
l_curve_3,1907,0.22237426042556763,0.9375
l_curve_3,1908,0.22223906219005585,0.9375
l_curve_3,1909,0.2221945971250534,0.9375
l_curve_3,1910,0.22214365005493164,0.9375
l_curve_3,1911,0.2220308631658554,0.9375
l_curve_3,1912,0.2219013273715973,0.9375
l_curve_3,1913,0.22179964184761047,0.9375
l_curve_3,1914,0.22173385322093964,0.9375
l_curve_3,1915,0.22167183458805084,0.9375
l_curve_3,1916,0.22165022790431976,0.9375
l_curve_3,1917,0.22158242762088776,0.9375
l_curve_3,1918,0.22143036127090454,0.9375
l_curve_3,1919,0.22134961187839508,0.9375
l_curve_3,1920,0.22112691402435303,0.9375
l_curve_3,1921,0.22098810970783234,0.9375
l_curve_3,1922,0.2209329456090927,0.9375
l_curve_3,1923,0.22070740163326263,0.9375
l_curve_3,1924,0.2206200808286667,0.9375
l_curve_3,1925,0.22061088681221008,0.9375
l_curve_3,1926,0.2204716056585312,0.9375
l_curve_3,1927,0.22043250501155853,0.9375
l_curve_3,1928,0.22030940651893616,0.9375
l_curve_3,1929,0.22019696235656738,0.9375
l_curve_3,1930,0.22008582949638367,0.9375
l_curve_3,1931,0.21992315351963043,0.9375
l_curve_3,1932,0.21977952122688293,0.9375
l_curve_3,1933,0.21965666115283966,0.9375
l_curve_3,1934,0.2196086049079895,0.9375
l_curve_3,1935,0.21951758861541748,0.9375
l_curve_3,1936,0.21941637992858887,0.9375
l_curve_3,1937,0.2193731814622879,0.9375
l_curve_3,1938,0.2192613035440445,0.9375
l_curve_3,1939,0.21911528706550598,0.9375
l_curve_3,1940,0.21903303265571594,0.9375
l_curve_3,1941,0.21891285479068756,0.9375
l_curve_3,1942,0.21876606345176697,0.9375
l_curve_3,1943,0.21864020824432373,0.9375
l_curve_3,1944,0.21846522390842438,0.9375
l_curve_3,1945,0.21835917234420776,0.9375
l_curve_3,1946,0.21838563680648804,0.9375
l_curve_3,1947,0.2182937115430832,0.9375
l_curve_3,1948,0.21812020242214203,0.9375
l_curve_3,1949,0.21807555854320526,0.9375
l_curve_3,1950,0.21797674894332886,0.9375
l_curve_3,1951,0.21780206263065338,0.9375
l_curve_3,1952,0.21772503852844238,0.9375
l_curve_3,1953,0.21764671802520752,0.9375
l_curve_3,1954,0.2175700068473816,0.9375
l_curve_3,1955,0.21739792823791504,0.9375
l_curve_3,1956,0.21731457114219666,0.9375
l_curve_3,1957,0.21721580624580383,0.9375
l_curve_3,1958,0.2170504331588745,0.9375
l_curve_3,1959,0.21697033941745758,0.9375
l_curve_3,1960,0.21689899265766144,0.9375
l_curve_3,1961,0.21681299805641174,0.9375
l_curve_3,1962,0.21670104563236237,0.9375
l_curve_3,1963,0.21657206118106842,0.9375
l_curve_3,1964,0.2165127396583557,0.9375
l_curve_3,1965,0.21643966436386108,0.9375
l_curve_3,1966,0.2163391411304474,0.9375
l_curve_3,1967,0.21626414358615875,0.9375
l_curve_3,1968,0.21607929468154907,0.9375
l_curve_3,1969,0.2159438133239746,0.9375
l_curve_3,1970,0.21583984792232513,0.9375
l_curve_3,1971,0.2157367765903473,0.9375
l_curve_3,1972,0.21567212045192719,0.9375
l_curve_3,1973,0.2155187726020813,0.9375
l_curve_3,1974,0.21537891030311584,0.9375
l_curve_3,1975,0.21528109908103943,0.9375
l_curve_3,1976,0.2151566445827484,0.9375
l_curve_3,1977,0.21500205993652344,0.9375
l_curve_3,1978,0.2148900032043457,0.9375
l_curve_3,1979,0.21463721990585327,0.9375
l_curve_3,1980,0.21454520523548126,0.9375
l_curve_3,1981,0.21452854573726654,0.9375
l_curve_3,1982,0.21443134546279907,0.9375
l_curve_3,1983,0.2142915576696396,0.9375
l_curve_3,1984,0.2141536921262741,0.9375
l_curve_3,1985,0.21401292085647583,0.9375
l_curve_3,1986,0.2139856070280075,0.9375
l_curve_3,1987,0.2138623595237732,0.9375
l_curve_3,1988,0.21371807157993317,0.9375
l_curve_3,1989,0.21360647678375244,0.9375
l_curve_3,1990,0.21356439590454102,0.9375
l_curve_3,1991,0.2133943885564804,0.9375
l_curve_3,1992,0.21335309743881226,0.9375
l_curve_3,1993,0.2131928652524948,0.9375
l_curve_3,1994,0.2130807340145111,0.9375
l_curve_3,1995,0.21290017664432526,0.9375
l_curve_3,1996,0.21281476318836212,0.9375
l_curve_3,1997,0.212785005569458,0.9375
l_curve_3,1998,0.21268756687641144,0.9375
l_curve_3,1999,0.2126213014125824,0.9375
l_curve_3,2000,0.21248182654380798,0.9375
l_curve_3,2000,0.21248182654380798,0.9375
