client,round,loss,accuracy
nofed,1,0.7169597148895264,0.609375
nofed,2,0.7029560208320618,0.609375
nofed,3,0.6894998550415039,0.640625
nofed,4,0.6767107844352722,0.640625
nofed,5,0.664559006690979,0.640625
nofed,6,0.6527450680732727,0.6875
nofed,7,0.6417135000228882,0.703125
nofed,8,0.6309092044830322,0.734375
nofed,9,0.6208381652832031,0.734375
nofed,10,0.6110744476318359,0.734375
nofed,11,0.6014078855514526,0.75
nofed,12,0.5923336148262024,0.75
nofed,13,0.5834789276123047,0.75
nofed,14,0.5751416683197021,0.734375
nofed,15,0.5669156908988953,0.734375
nofed,16,0.5590335130691528,0.75
nofed,17,0.5513440370559692,0.734375
nofed,18,0.5438597202301025,0.765625
nofed,19,0.5366425514221191,0.78125
nofed,20,0.5295639634132385,0.78125
nofed,21,0.5226118564605713,0.796875
nofed,22,0.5158838033676147,0.796875
nofed,23,0.5092040300369263,0.796875
nofed,24,0.5027206540107727,0.796875
nofed,25,0.49647074937820435,0.828125
nofed,26,0.49022188782691956,0.84375
nofed,27,0.484191358089447,0.84375
nofed,28,0.4782150983810425,0.859375
nofed,29,0.47231513261795044,0.859375
nofed,30,0.4664458632469177,0.875
nofed,31,0.46075552701950073,0.875
nofed,32,0.45508745312690735,0.875
nofed,33,0.4495386481285095,0.875
nofed,34,0.44411396980285645,0.875
nofed,35,0.4387207627296448,0.875
nofed,36,0.4334419071674347,0.890625
nofed,37,0.42821744084358215,0.890625
nofed,38,0.4229995608329773,0.890625
nofed,39,0.4178852438926697,0.890625
nofed,40,0.41280674934387207,0.890625
nofed,41,0.40784740447998047,0.890625
nofed,42,0.4030602276325226,0.890625
nofed,43,0.3982480764389038,0.890625
nofed,44,0.3935667872428894,0.890625
nofed,45,0.3889458477497101,0.890625
nofed,46,0.38433724641799927,0.890625
nofed,47,0.3798721432685852,0.890625
nofed,48,0.37557393312454224,0.890625
nofed,49,0.3713091015815735,0.890625
nofed,50,0.3670509457588196,0.890625
nofed,51,0.362787663936615,0.890625
nofed,52,0.3587605953216553,0.890625
nofed,53,0.3547207713127136,0.890625
nofed,54,0.3508662283420563,0.890625
nofed,55,0.3471241593360901,0.890625
nofed,56,0.34336262941360474,0.890625
nofed,57,0.33977019786834717,0.890625
nofed,58,0.3362615704536438,0.890625
nofed,59,0.33291491866111755,0.890625
nofed,60,0.3294968605041504,0.890625
nofed,61,0.32624101638793945,0.890625
nofed,62,0.3230801224708557,0.890625
nofed,63,0.3199574947357178,0.890625
nofed,64,0.3169250786304474,0.890625
nofed,65,0.3139777183532715,0.890625
nofed,66,0.31121647357940674,0.890625
nofed,67,0.3084431290626526,0.890625
nofed,68,0.3058583736419678,0.890625
nofed,69,0.3031979203224182,0.890625
nofed,70,0.30067411065101624,0.890625
nofed,71,0.29828011989593506,0.890625
nofed,72,0.2959282100200653,0.890625
nofed,73,0.2936106324195862,0.890625
nofed,74,0.2913622558116913,0.890625
nofed,75,0.289233922958374,0.890625
nofed,76,0.2871682345867157,0.890625
nofed,77,0.28522372245788574,0.890625
nofed,78,0.28332608938217163,0.890625
nofed,79,0.2814287841320038,0.890625
nofed,80,0.2796212434768677,0.890625
nofed,81,0.2778395116329193,0.890625
nofed,82,0.276170939207077,0.890625
nofed,83,0.2745363116264343,0.890625
nofed,84,0.2729719281196594,0.890625
nofed,85,0.2713983654975891,0.890625
nofed,86,0.26994484663009644,0.890625
nofed,87,0.2685360312461853,0.890625
nofed,88,0.2671285569667816,0.890625
nofed,89,0.2657936215400696,0.890625
nofed,90,0.26451021432876587,0.890625
nofed,91,0.26322734355926514,0.890625
nofed,92,0.26195958256721497,0.890625
nofed,93,0.2607971727848053,0.890625
nofed,94,0.2596430480480194,0.890625
nofed,95,0.25852417945861816,0.890625
nofed,96,0.25749409198760986,0.890625
nofed,97,0.25643953680992126,0.890625
nofed,98,0.2554536461830139,0.890625
nofed,99,0.2544618844985962,0.890625
nofed,100,0.25351497530937195,0.890625
nofed,101,0.2526289224624634,0.890625
nofed,102,0.25170889496803284,0.890625
nofed,103,0.2508155107498169,0.890625
nofed,104,0.2500101625919342,0.890625
nofed,105,0.24919939041137695,0.890625
nofed,106,0.2483656108379364,0.890625
nofed,107,0.2476016730070114,0.890625
nofed,108,0.24684275686740875,0.890625
nofed,109,0.2461528182029724,0.890625
nofed,110,0.24540361762046814,0.890625
nofed,111,0.2447102665901184,0.890625
nofed,112,0.24403595924377441,0.890625
nofed,113,0.2433771789073944,0.890625
nofed,114,0.24269679188728333,0.890625
nofed,115,0.2421272099018097,0.890625
nofed,116,0.24151764810085297,0.890625
nofed,117,0.24087882041931152,0.890625
nofed,118,0.24030286073684692,0.890625
nofed,119,0.2397107183933258,0.890625
nofed,120,0.23917056620121002,0.890625
nofed,121,0.2386082410812378,0.890625
nofed,122,0.23807017505168915,0.890625
nofed,123,0.23756566643714905,0.890625
nofed,124,0.23705565929412842,0.890625
nofed,125,0.23649439215660095,0.890625
nofed,126,0.23606891930103302,0.890625
nofed,127,0.2356298863887787,0.890625
nofed,128,0.23515060544013977,0.890625
nofed,129,0.23470951616764069,0.890625
nofed,130,0.23423828184604645,0.890625
nofed,131,0.23382607102394104,0.890625
nofed,132,0.23338192701339722,0.890625
nofed,133,0.23295217752456665,0.890625
nofed,134,0.2326354831457138,0.890625
nofed,135,0.23220941424369812,0.890625
nofed,136,0.23179398477077484,0.890625
nofed,137,0.23134994506835938,0.890625
nofed,138,0.230942964553833,0.890625
nofed,139,0.23060104250907898,0.890625
nofed,140,0.23026306927204132,0.890625
nofed,141,0.22990591824054718,0.890625
nofed,142,0.22948725521564484,0.890625
nofed,143,0.22911009192466736,0.890625
nofed,144,0.22881226241588593,0.890625
nofed,145,0.22842371463775635,0.890625
nofed,146,0.2281111478805542,0.890625
nofed,147,0.2277829647064209,0.890625
nofed,148,0.22750630974769592,0.890625
nofed,149,0.22714295983314514,0.890625
nofed,150,0.22684739530086517,0.890625
nofed,151,0.22659486532211304,0.890625
nofed,152,0.22624336183071136,0.890625
nofed,153,0.2259337157011032,0.890625
nofed,154,0.2256728708744049,0.890625
nofed,155,0.22535285353660583,0.890625
nofed,156,0.22508104145526886,0.890625
nofed,157,0.22474831342697144,0.890625
nofed,158,0.22445173561573029,0.890625
nofed,159,0.22418491542339325,0.890625
nofed,160,0.22389370203018188,0.890625
nofed,161,0.22362767159938812,0.890625
nofed,162,0.22329577803611755,0.890625
nofed,163,0.22309164702892303,0.890625
nofed,164,0.22283266484737396,0.890625
nofed,165,0.2225950062274933,0.890625
nofed,166,0.22237493097782135,0.890625
nofed,167,0.2220475822687149,0.890625
nofed,168,0.22179155051708221,0.890625
nofed,169,0.2215246558189392,0.890625
nofed,170,0.22131292521953583,0.890625
nofed,171,0.2210935652256012,0.890625
nofed,172,0.22089463472366333,0.890625
nofed,173,0.22058400511741638,0.890625
nofed,174,0.220357745885849,0.890625
nofed,175,0.22008419036865234,0.890625
nofed,176,0.2199120670557022,0.890625
nofed,177,0.21965423226356506,0.890625
nofed,178,0.219387024641037,0.890625
nofed,179,0.2192138135433197,0.890625
nofed,180,0.2189682126045227,0.890625
nofed,181,0.21869534254074097,0.890625
nofed,182,0.21848252415657043,0.890625
nofed,183,0.21825605630874634,0.890625
nofed,184,0.21809959411621094,0.890625
nofed,185,0.217881441116333,0.890625
nofed,186,0.2176578938961029,0.890625
nofed,187,0.21743406355381012,0.890625
nofed,188,0.21722003817558289,0.890625
nofed,189,0.216957688331604,0.890625
nofed,190,0.21673528850078583,0.890625
nofed,191,0.2165520340204239,0.890625
nofed,192,0.2163589596748352,0.890625
nofed,193,0.21615345776081085,0.890625
nofed,194,0.21595484018325806,0.890625
nofed,195,0.21574226021766663,0.890625
nofed,196,0.2155759632587433,0.890625
nofed,197,0.21536137163639069,0.890625
nofed,198,0.21515950560569763,0.890625
nofed,199,0.2149612009525299,0.890625
nofed,200,0.21466663479804993,0.890625
nofed,201,0.2144474983215332,0.890625
nofed,202,0.21425127983093262,0.890625
nofed,203,0.21407893300056458,0.890625
nofed,204,0.2139185070991516,0.890625
nofed,205,0.21372941136360168,0.890625
nofed,206,0.21354275941848755,0.890625
nofed,207,0.2133149802684784,0.890625
nofed,208,0.2131374180316925,0.890625
nofed,209,0.21302448213100433,0.890625
nofed,210,0.21272677183151245,0.890625
nofed,211,0.21252736449241638,0.890625
nofed,212,0.2124071568250656,0.890625
nofed,213,0.21223117411136627,0.890625
nofed,214,0.2119535505771637,0.890625
nofed,215,0.211741641163826,0.890625
nofed,216,0.2115260660648346,0.890625
nofed,217,0.2113720178604126,0.890625
nofed,218,0.21123629808425903,0.890625
nofed,219,0.21094483137130737,0.890625
nofed,220,0.21074151992797852,0.890625
nofed,221,0.2105942964553833,0.890625
nofed,222,0.21042945981025696,0.890625
nofed,223,0.2103126347064972,0.890625
nofed,224,0.2101166844367981,0.890625
nofed,225,0.20984473824501038,0.890625
nofed,226,0.20969265699386597,0.890625
nofed,227,0.20944586396217346,0.890625
nofed,228,0.20938299596309662,0.890625
nofed,229,0.20914871990680695,0.890625
nofed,230,0.20892925560474396,0.890625
nofed,231,0.20873725414276123,0.890625
nofed,232,0.20859043300151825,0.890625
nofed,233,0.20836448669433594,0.890625
nofed,234,0.20827537775039673,0.890625
nofed,235,0.2079618126153946,0.890625
nofed,236,0.20774595439434052,0.890625
nofed,237,0.20746856927871704,0.890625
nofed,238,0.20727062225341797,0.890625
nofed,239,0.20706050097942352,0.890625
nofed,240,0.20688745379447937,0.890625
nofed,241,0.20670068264007568,0.890625
nofed,242,0.20663651823997498,0.890625
nofed,243,0.20641298592090607,0.890625
nofed,244,0.20633327960968018,0.890625
nofed,245,0.2060868740081787,0.890625
nofed,246,0.20582106709480286,0.890625
nofed,247,0.20564526319503784,0.890625
nofed,248,0.20550517737865448,0.890625
nofed,249,0.20530478656291962,0.890625
nofed,250,0.20503965020179749,0.890625
nofed,251,0.20483744144439697,0.890625
nofed,252,0.20456832647323608,0.890625
nofed,253,0.20434890687465668,0.890625
nofed,254,0.20425663888454437,0.890625
nofed,255,0.20404309034347534,0.890625
nofed,256,0.20383523404598236,0.890625
nofed,257,0.20358309149742126,0.890625
nofed,258,0.20345205068588257,0.890625
nofed,259,0.20317745208740234,0.890625
nofed,260,0.20305678248405457,0.890625
nofed,261,0.20284214615821838,0.890625
nofed,262,0.2026272714138031,0.890625
nofed,263,0.20238207280635834,0.890625
nofed,264,0.20209476351737976,0.890625
nofed,265,0.20187583565711975,0.890625
nofed,266,0.20166683197021484,0.890625
nofed,267,0.20143043994903564,0.890625
nofed,268,0.20117124915122986,0.890625
nofed,269,0.2010246366262436,0.890625
nofed,270,0.20085793733596802,0.890625
nofed,271,0.20062392950057983,0.890625
nofed,272,0.20049835741519928,0.890625
nofed,273,0.20015567541122437,0.890625
nofed,274,0.19981110095977783,0.890625
nofed,275,0.1996227204799652,0.890625
nofed,276,0.19943420588970184,0.890625
nofed,277,0.1991487592458725,0.890625
nofed,278,0.19887477159500122,0.890625
nofed,279,0.19863678514957428,0.890625
nofed,280,0.19836582243442535,0.890625
nofed,281,0.1982066035270691,0.890625
nofed,282,0.19800005853176117,0.890625
nofed,283,0.19771182537078857,0.890625
nofed,284,0.19746753573417664,0.890625
nofed,285,0.19711612164974213,0.890625
nofed,286,0.19679352641105652,0.890625
nofed,287,0.1965978592634201,0.890625
nofed,288,0.1962880790233612,0.890625
nofed,289,0.19609713554382324,0.890625
nofed,290,0.1956862509250641,0.890625
nofed,291,0.1954565942287445,0.890625
nofed,292,0.1951492726802826,0.890625
nofed,293,0.19496577978134155,0.890625
nofed,294,0.1946270614862442,0.890625
nofed,295,0.1942906677722931,0.890625
nofed,296,0.19403894245624542,0.890625
nofed,297,0.19375388324260712,0.890625
nofed,298,0.19349266588687897,0.890625
nofed,299,0.19321374595165253,0.890625
nofed,300,0.1927780658006668,0.890625
nofed,301,0.1925445944070816,0.890625
nofed,302,0.19223567843437195,0.890625
nofed,303,0.19195356965065002,0.890625
nofed,304,0.19153808057308197,0.890625
nofed,305,0.1911509931087494,0.890625
nofed,306,0.19086919724941254,0.890625
nofed,307,0.19067946076393127,0.890625
nofed,308,0.19035524129867554,0.890625
nofed,309,0.18998779356479645,0.890625
nofed,310,0.18973469734191895,0.890625
nofed,311,0.18934309482574463,0.890625
nofed,312,0.1889580488204956,0.890625
nofed,313,0.18862108886241913,0.890625
nofed,314,0.1882021725177765,0.890625
nofed,315,0.18784986436367035,0.890625
nofed,316,0.18750256299972534,0.890625
nofed,317,0.18709269165992737,0.890625
nofed,318,0.18672212958335876,0.890625
nofed,319,0.18637005984783173,0.890625
nofed,320,0.1859857439994812,0.890625
nofed,321,0.18572813272476196,0.890625
nofed,322,0.18529829382896423,0.890625
nofed,323,0.18499529361724854,0.890625
nofed,324,0.18458840250968933,0.890625
nofed,325,0.18422216176986694,0.890625
nofed,326,0.18383735418319702,0.890625
nofed,327,0.18335717916488647,0.890625
nofed,328,0.18292999267578125,0.890625
nofed,329,0.18255126476287842,0.890625
nofed,330,0.18218159675598145,0.890625
nofed,331,0.18180717527866364,0.890625
nofed,332,0.18138879537582397,0.890625
nofed,333,0.18098652362823486,0.890625
nofed,334,0.18056151270866394,0.890625
nofed,335,0.1800948530435562,0.890625
nofed,336,0.17979061603546143,0.890625
nofed,337,0.1793336272239685,0.890625
nofed,338,0.17890231311321259,0.890625
nofed,339,0.1785426288843155,0.890625
nofed,340,0.17812591791152954,0.890625
nofed,341,0.17767244577407837,0.890625
nofed,342,0.1771836280822754,0.890625
nofed,343,0.17671969532966614,0.890625
nofed,344,0.17635101079940796,0.890625
nofed,345,0.1758556067943573,0.890625
nofed,346,0.1754673272371292,0.890625
nofed,347,0.17501172423362732,0.890625
nofed,348,0.17460429668426514,0.890625
nofed,349,0.17419950664043427,0.890625
nofed,350,0.17372190952301025,0.890625
nofed,351,0.17324864864349365,0.890625
nofed,352,0.17278535664081573,0.890625
nofed,353,0.17231544852256775,0.890625
nofed,354,0.17189480364322662,0.890625
nofed,355,0.17135053873062134,0.890625
nofed,356,0.1708630919456482,0.890625
nofed,357,0.17036961019039154,0.890625
nofed,358,0.16990768909454346,0.890625
nofed,359,0.16940942406654358,0.890625
nofed,360,0.1689557433128357,0.890625
nofed,361,0.16847142577171326,0.890625
nofed,362,0.16803663969039917,0.890625
nofed,363,0.16763187944889069,0.890625
nofed,364,0.16714626550674438,0.890625
nofed,365,0.16659551858901978,0.890625
nofed,366,0.16611039638519287,0.890625
nofed,367,0.1655810922384262,0.890625
nofed,368,0.16509079933166504,0.890625
nofed,369,0.164544016122818,0.890625
nofed,370,0.16404423117637634,0.890625
nofed,371,0.16354142129421234,0.890625
nofed,372,0.1630450189113617,0.890625
nofed,373,0.16257718205451965,0.890625
nofed,374,0.16205409169197083,0.890625
nofed,375,0.16153696179389954,0.890625
nofed,376,0.16106343269348145,0.890625
nofed,377,0.16055603325366974,0.890625
nofed,378,0.15999183058738708,0.921875
nofed,379,0.15948894619941711,0.921875
nofed,380,0.15896838903427124,0.921875
nofed,381,0.15839603543281555,0.921875
nofed,382,0.15788628160953522,0.921875
nofed,383,0.15727587044239044,0.921875
nofed,384,0.1567579209804535,0.921875
nofed,385,0.15620747208595276,0.921875
nofed,386,0.15568697452545166,0.921875
nofed,387,0.15517166256904602,0.921875
nofed,388,0.1546759009361267,0.921875
nofed,389,0.1541568487882614,0.921875
nofed,390,0.1535952240228653,0.921875
nofed,391,0.15309245884418488,0.921875
nofed,392,0.1525045782327652,0.921875
nofed,393,0.15194353461265564,0.921875
nofed,394,0.15137669444084167,0.921875
nofed,395,0.15080487728118896,0.921875
nofed,396,0.15023818612098694,0.921875
nofed,397,0.149708554148674,0.921875
nofed,398,0.14914055168628693,0.921875
nofed,399,0.14856934547424316,0.921875
nofed,400,0.14805923402309418,0.921875
nofed,401,0.14752638339996338,0.921875
nofed,402,0.14698877930641174,0.921875
nofed,403,0.1464378535747528,0.921875
nofed,404,0.14586777985095978,0.921875
nofed,405,0.1452758014202118,0.921875
nofed,406,0.14475759863853455,0.921875
nofed,407,0.14422476291656494,0.921875
nofed,408,0.1435990184545517,0.921875
nofed,409,0.1430443972349167,0.9375
nofed,410,0.142473965883255,0.9375
nofed,411,0.14190319180488586,0.9375
nofed,412,0.14133314788341522,0.9375
nofed,413,0.14081916213035583,0.9375
nofed,414,0.14024050533771515,0.9375
nofed,415,0.1396988481283188,0.9375
nofed,416,0.13916824758052826,0.9375
nofed,417,0.13858023285865784,0.9375
nofed,418,0.138010635972023,0.9375
nofed,419,0.13740018010139465,0.9375
nofed,420,0.1368473321199417,0.9375
nofed,421,0.13631665706634521,0.9375
nofed,422,0.13575559854507446,0.9375
nofed,423,0.1352144181728363,0.9375
nofed,424,0.13461743295192719,0.9375
nofed,425,0.13402996957302094,0.9375
nofed,426,0.13349708914756775,0.9375
nofed,427,0.13295389711856842,0.9375
nofed,428,0.13241876661777496,0.9375
nofed,429,0.13182967901229858,0.9375
nofed,430,0.131285160779953,0.9375
nofed,431,0.13075010478496552,0.953125
nofed,432,0.1302006095647812,0.953125
nofed,433,0.12963677942752838,0.953125
nofed,434,0.12908616662025452,0.953125
nofed,435,0.12852683663368225,0.953125
nofed,436,0.12798891961574554,0.953125
nofed,437,0.12742933630943298,0.953125
nofed,438,0.12688809633255005,0.953125
nofed,439,0.12635377049446106,0.953125
nofed,440,0.12580597400665283,0.953125
nofed,441,0.1252443790435791,0.953125
nofed,442,0.12468668818473816,0.953125
nofed,443,0.12415674328804016,0.953125
nofed,444,0.12359055876731873,0.953125
nofed,445,0.12305951118469238,0.96875
nofed,446,0.12249982357025146,0.96875
nofed,447,0.12194782495498657,0.96875
nofed,448,0.12142921984195709,0.96875
nofed,449,0.12089984118938446,0.96875
nofed,450,0.12038546055555344,0.96875
nofed,451,0.11984750628471375,0.96875
nofed,452,0.11930593103170395,0.96875
nofed,453,0.11878654360771179,0.96875
nofed,454,0.11821290850639343,0.96875
nofed,455,0.1177043691277504,0.96875
nofed,456,0.11716694384813309,0.96875
nofed,457,0.11663691699504852,0.96875
nofed,458,0.11614702641963959,0.96875
nofed,459,0.11563337594270706,0.96875
nofed,460,0.1150796115398407,0.96875
nofed,461,0.11456628143787384,0.96875
nofed,462,0.11406157910823822,0.96875
nofed,463,0.11354899406433105,0.96875
nofed,464,0.11303284764289856,0.96875
nofed,465,0.11252965778112411,0.96875
nofed,466,0.11203830689191818,0.96875
nofed,467,0.11150838434696198,0.96875
nofed,468,0.11101620644330978,0.96875
nofed,469,0.1105051189661026,0.96875
nofed,470,0.11002109944820404,0.96875
nofed,471,0.10951580107212067,0.96875
nofed,472,0.10899590700864792,0.96875
nofed,473,0.1085197776556015,0.96875
nofed,474,0.10801863670349121,0.96875
nofed,475,0.10752689838409424,0.96875
nofed,476,0.10703735798597336,0.96875
nofed,477,0.1065603494644165,0.96875
nofed,478,0.10604334622621536,0.96875
nofed,479,0.10555607080459595,0.96875
nofed,480,0.10508345067501068,0.96875
nofed,481,0.10463066399097443,0.96875
nofed,482,0.10414169728755951,0.96875
nofed,483,0.10366231948137283,0.96875
nofed,484,0.10320310294628143,0.96875
nofed,485,0.10271062701940536,0.96875
nofed,486,0.10227315127849579,0.96875
nofed,487,0.10179072618484497,0.96875
nofed,488,0.10130181908607483,0.96875
nofed,489,0.10081940144300461,0.96875
nofed,490,0.10036424547433853,0.96875
nofed,491,0.09992364794015884,0.96875
nofed,492,0.09944458305835724,0.96875
nofed,493,0.0989958792924881,0.96875
nofed,494,0.09854763001203537,0.984375
nofed,495,0.09809806942939758,0.984375
nofed,496,0.09764126688241959,0.984375
nofed,497,0.09721001237630844,0.984375
nofed,498,0.09677770733833313,0.984375
nofed,499,0.09631156921386719,0.984375
nofed,500,0.09584005922079086,0.984375
nofed,501,0.09543738514184952,0.984375
nofed,502,0.09498044103384018,0.984375
nofed,503,0.09456612169742584,0.984375
nofed,504,0.09412078559398651,0.984375
nofed,505,0.09366053342819214,0.984375
nofed,506,0.09323617815971375,0.984375
nofed,507,0.0927903950214386,0.984375
nofed,508,0.0923532247543335,0.984375
nofed,509,0.09194062650203705,0.984375
nofed,510,0.09152847528457642,0.984375
nofed,511,0.09111897647380829,0.984375
nofed,512,0.09070510417222977,0.984375
nofed,513,0.09025444835424423,0.984375
nofed,514,0.08982819318771362,0.984375
nofed,515,0.08943916112184525,0.984375
nofed,516,0.08906874060630798,0.984375
nofed,517,0.08867109566926956,0.984375
nofed,518,0.08824022114276886,0.984375
nofed,519,0.08784623444080353,0.984375
nofed,520,0.08736791461706161,0.984375
nofed,521,0.08695179224014282,0.984375
nofed,522,0.08656271547079086,0.984375
nofed,523,0.08617803454399109,0.984375
nofed,524,0.08579286932945251,0.984375
nofed,525,0.08539889007806778,0.984375
nofed,526,0.08498570322990417,0.984375
nofed,527,0.0846288800239563,0.984375
nofed,528,0.0842437893152237,0.984375
nofed,529,0.08384339511394501,1.0
nofed,530,0.08344169706106186,1.0
nofed,531,0.08305997401475906,1.0
nofed,532,0.08267083764076233,1.0
nofed,533,0.08227714896202087,1.0
nofed,534,0.08192075788974762,1.0
nofed,535,0.0815340057015419,1.0
nofed,536,0.08118394017219543,1.0
nofed,537,0.08082792162895203,1.0
nofed,538,0.08049269765615463,1.0
nofed,539,0.08007290959358215,1.0
nofed,540,0.07968718558549881,1.0
nofed,541,0.07931444048881531,1.0
nofed,542,0.07896805554628372,1.0
nofed,543,0.0786040872335434,1.0
nofed,544,0.07825230062007904,1.0
nofed,545,0.07790081948041916,1.0
nofed,546,0.07749565690755844,1.0
nofed,547,0.07713419198989868,1.0
nofed,548,0.07674697041511536,1.0
nofed,549,0.07643087208271027,1.0
nofed,550,0.07607124000787735,1.0
nofed,551,0.07574410736560822,1.0
nofed,552,0.07541187852621078,1.0
nofed,553,0.07510559260845184,1.0
nofed,554,0.07475434243679047,1.0
nofed,555,0.07439963519573212,1.0
nofed,556,0.07402999699115753,1.0
nofed,557,0.07366034388542175,1.0
nofed,558,0.07336963713169098,1.0
nofed,559,0.07302267849445343,1.0
nofed,560,0.07270345091819763,1.0
nofed,561,0.0723462775349617,1.0
nofed,562,0.07202955335378647,1.0
nofed,563,0.07170184701681137,1.0
nofed,564,0.07141891121864319,1.0
nofed,565,0.07107919454574585,1.0
nofed,566,0.07075199484825134,1.0
nofed,567,0.07041071355342865,1.0
nofed,568,0.07011228054761887,1.0
nofed,569,0.06983492523431778,1.0
nofed,570,0.06947891414165497,1.0
nofed,571,0.06916569173336029,1.0
nofed,572,0.06886817514896393,1.0
nofed,573,0.06854051351547241,1.0
nofed,574,0.06827028095722198,1.0
nofed,575,0.06791742146015167,1.0
nofed,576,0.06755755841732025,1.0
nofed,577,0.06726151704788208,1.0
nofed,578,0.06698469817638397,1.0
nofed,579,0.06667735427618027,1.0
nofed,580,0.06644172221422195,1.0
nofed,581,0.06613180041313171,1.0
nofed,582,0.06578610092401505,1.0
nofed,583,0.0654868558049202,1.0
nofed,584,0.06522326171398163,1.0
nofed,585,0.06494353711605072,1.0
nofed,586,0.06464403122663498,1.0
nofed,587,0.06428031623363495,1.0
nofed,588,0.0640709400177002,1.0
nofed,589,0.06381330639123917,1.0
nofed,590,0.06349314749240875,1.0
nofed,591,0.0632006973028183,1.0
nofed,592,0.06290443241596222,1.0
nofed,593,0.06262414157390594,1.0
nofed,594,0.062329553067684174,1.0
nofed,595,0.06205442547798157,1.0
nofed,596,0.06181144341826439,1.0
nofed,597,0.061475858092308044,1.0
nofed,598,0.06122339516878128,1.0
nofed,599,0.06101633608341217,1.0
nofed,600,0.06068413332104683,1.0
nofed,601,0.06040157377719879,1.0
nofed,602,0.060132868587970734,1.0
nofed,603,0.05986452475190163,1.0
nofed,604,0.05960688367486,1.0
nofed,605,0.059317998588085175,1.0
nofed,606,0.05909677967429161,1.0
nofed,607,0.058807067573070526,1.0
nofed,608,0.058595214039087296,1.0
nofed,609,0.05829910933971405,1.0
nofed,610,0.058026496320962906,1.0
nofed,611,0.0577169731259346,1.0
nofed,612,0.05752328410744667,1.0
nofed,613,0.057312291115522385,1.0
nofed,614,0.05701306089758873,1.0
nofed,615,0.056729644536972046,1.0
nofed,616,0.05650888755917549,1.0
nofed,617,0.05630768835544586,1.0
nofed,618,0.056083060801029205,1.0
nofed,619,0.05576903000473976,1.0
nofed,620,0.055581994354724884,1.0
nofed,621,0.055340953171253204,1.0
nofed,622,0.0550956130027771,1.0
nofed,623,0.054828714579343796,1.0
nofed,624,0.05465412884950638,1.0
nofed,625,0.05432639271020889,1.0
nofed,626,0.05411020666360855,1.0
nofed,627,0.053833022713661194,1.0
nofed,628,0.05354718118906021,1.0
nofed,629,0.05331994593143463,1.0
nofed,630,0.05308583378791809,1.0
nofed,631,0.05291218310594559,1.0
nofed,632,0.05273135378956795,1.0
nofed,633,0.052494533360004425,1.0
nofed,634,0.05220927298069,1.0
nofed,635,0.05205418914556503,1.0
nofed,636,0.051759421825408936,1.0
nofed,637,0.05151288956403732,1.0
nofed,638,0.05129663646221161,1.0
nofed,639,0.05110311135649681,1.0
nofed,640,0.050901059061288834,1.0
nofed,641,0.05066288262605667,1.0
nofed,642,0.05048119276762009,1.0
nofed,643,0.05028039216995239,1.0
nofed,644,0.04996519535779953,1.0
nofed,645,0.04975094273686409,1.0
nofed,646,0.04954332485795021,1.0
nofed,647,0.04935097694396973,1.0
nofed,648,0.0491148978471756,1.0
nofed,649,0.04889596998691559,1.0
nofed,650,0.04871710389852524,1.0
nofed,651,0.04852648451924324,1.0
nofed,652,0.048359669744968414,1.0
nofed,653,0.04815658926963806,1.0
nofed,654,0.04791678115725517,1.0
nofed,655,0.04767677187919617,1.0
nofed,656,0.047467976808547974,1.0
nofed,657,0.04728660732507706,1.0
nofed,658,0.04705203324556351,1.0
nofed,659,0.046865519136190414,1.0
nofed,660,0.046723492443561554,1.0
nofed,661,0.04642479866743088,1.0
nofed,662,0.04616047441959381,1.0
nofed,663,0.04599711298942566,1.0
nofed,664,0.04582027718424797,1.0
nofed,665,0.04566619172692299,1.0
nofed,666,0.045487090945243835,1.0
nofed,667,0.045338574796915054,1.0
nofed,668,0.04512401297688484,1.0
nofed,669,0.044943999499082565,1.0
nofed,670,0.044693246483802795,1.0
nofed,671,0.04448298364877701,1.0
nofed,672,0.04426668956875801,1.0
nofed,673,0.044176679104566574,1.0
nofed,674,0.04400136321783066,1.0
nofed,675,0.04387444257736206,1.0
nofed,676,0.043550096452236176,1.0
nofed,677,0.04336325824260712,1.0
nofed,678,0.04320134222507477,1.0
nofed,679,0.043015263974666595,1.0
nofed,680,0.042807113379240036,1.0
nofed,681,0.04270264878869057,1.0
nofed,682,0.04255127161741257,1.0
nofed,683,0.04230692237615585,1.0
nofed,684,0.04209684208035469,1.0
nofed,685,0.04196151718497276,1.0
nofed,686,0.041811130940914154,1.0
nofed,687,0.041630011051893234,1.0
nofed,688,0.0414486862719059,1.0
nofed,689,0.041313327848911285,1.0
nofed,690,0.04114031791687012,1.0
nofed,691,0.0409461185336113,1.0
nofed,692,0.04073002561926842,1.0
nofed,693,0.040561553090810776,1.0
nofed,694,0.040385182946920395,1.0
nofed,695,0.040207989513874054,1.0
nofed,696,0.040079765021800995,1.0
nofed,697,0.039914146065711975,1.0
nofed,698,0.03973005712032318,1.0
nofed,699,0.03956298902630806,1.0
nofed,700,0.0394219271838665,1.0
nofed,701,0.039278436452150345,1.0
nofed,702,0.03913819417357445,1.0
nofed,703,0.038953132927417755,1.0
nofed,704,0.038753580302000046,1.0
nofed,705,0.038555338978767395,1.0
nofed,706,0.03847262263298035,1.0
nofed,707,0.03826746344566345,1.0
nofed,708,0.03807491064071655,1.0
nofed,709,0.03792823106050491,1.0
nofed,710,0.03773738071322441,1.0
nofed,711,0.03759302571415901,1.0
nofed,712,0.03750201687216759,1.0
nofed,713,0.037277400493621826,1.0
nofed,714,0.03718049079179764,1.0
nofed,715,0.03701407462358475,1.0
nofed,716,0.03691130876541138,1.0
nofed,717,0.03674726188182831,1.0
nofed,718,0.036538753658533096,1.0
nofed,719,0.03637787327170372,1.0
nofed,720,0.0362311527132988,1.0
nofed,721,0.03604317456483841,1.0
nofed,722,0.03589708358049393,1.0
nofed,723,0.035790059715509415,1.0
nofed,724,0.03576880693435669,1.0
nofed,725,0.03553014248609543,1.0
nofed,726,0.03536812588572502,1.0
nofed,727,0.035246193408966064,1.0
nofed,728,0.03513432294130325,1.0
nofed,729,0.03490893542766571,1.0
nofed,730,0.03481300175189972,1.0
nofed,731,0.0347420796751976,1.0
nofed,732,0.03458433970808983,1.0
nofed,733,0.03440263867378235,1.0
nofed,734,0.03425885736942291,1.0
nofed,735,0.03410859778523445,1.0
nofed,736,0.03396344184875488,1.0
nofed,737,0.03375275433063507,1.0
nofed,738,0.033655352890491486,1.0
nofed,739,0.03358408436179161,1.0
nofed,740,0.03336690366268158,1.0
nofed,741,0.03325390815734863,1.0
nofed,742,0.033111121505498886,1.0
nofed,743,0.03301558271050453,1.0
nofed,744,0.032882966101169586,1.0
nofed,745,0.03273545205593109,1.0
nofed,746,0.03264698386192322,1.0
nofed,747,0.03251808136701584,1.0
nofed,748,0.0323641300201416,1.0
nofed,749,0.03222084045410156,1.0
nofed,750,0.03207911178469658,1.0
nofed,751,0.03197433054447174,1.0
nofed,752,0.03188853710889816,1.0
nofed,753,0.031728826463222504,1.0
nofed,754,0.031574785709381104,1.0
nofed,755,0.03144639730453491,1.0
nofed,756,0.03129835054278374,1.0
nofed,757,0.031118623912334442,1.0
nofed,758,0.03106238879263401,1.0
nofed,759,0.03094211034476757,1.0
nofed,760,0.0307957474142313,1.0
nofed,761,0.030709154903888702,1.0
nofed,762,0.030676569789648056,1.0
nofed,763,0.030440518632531166,1.0
nofed,764,0.03032609075307846,1.0
nofed,765,0.030229616910219193,1.0
nofed,766,0.030137985944747925,1.0
nofed,767,0.029985543340444565,1.0
nofed,768,0.029878711327910423,1.0
nofed,769,0.029749605804681778,1.0
nofed,770,0.029682468622922897,1.0
nofed,771,0.029539361596107483,1.0
nofed,772,0.02940773218870163,1.0
nofed,773,0.029276685789227486,1.0
nofed,774,0.029159948229789734,1.0
nofed,775,0.02899741195142269,1.0
nofed,776,0.028882112354040146,1.0
nofed,777,0.028864167630672455,1.0
nofed,778,0.028730522841215134,1.0
nofed,779,0.028585677966475487,1.0
nofed,780,0.028489667922258377,1.0
nofed,781,0.028360415250062943,1.0
nofed,782,0.02829037234187126,1.0
nofed,783,0.028105605393648148,1.0
nofed,784,0.028084132820367813,1.0
nofed,785,0.027883239090442657,1.0
nofed,786,0.027784503996372223,1.0
nofed,787,0.02768605574965477,1.0
nofed,788,0.027589410543441772,1.0
nofed,789,0.027431849390268326,1.0
nofed,790,0.02739611268043518,1.0
nofed,791,0.02728065848350525,1.0
nofed,792,0.02710619568824768,1.0
nofed,793,0.02701876312494278,1.0
nofed,794,0.026909127831459045,1.0
nofed,795,0.02694041281938553,1.0
nofed,796,0.026883594691753387,1.0
nofed,797,0.026690568774938583,1.0
nofed,798,0.026524633169174194,1.0
nofed,799,0.026491960510611534,1.0
nofed,800,0.026323262602090836,1.0
nofed,801,0.026184722781181335,1.0
nofed,802,0.02611805871129036,1.0
nofed,803,0.02599329873919487,1.0
nofed,804,0.025961309671401978,1.0
nofed,805,0.025907205417752266,1.0
nofed,806,0.025720980018377304,1.0
nofed,807,0.025642305612564087,1.0
nofed,808,0.025531157851219177,1.0
nofed,809,0.025400862097740173,1.0
nofed,810,0.0253361277282238,1.0
nofed,811,0.025267409160733223,1.0
nofed,812,0.025151044130325317,1.0
nofed,813,0.02509533427655697,1.0
nofed,814,0.02499256283044815,1.0
nofed,815,0.02491363137960434,1.0
nofed,816,0.02479756996035576,1.0
nofed,817,0.02464049868285656,1.0
nofed,818,0.024494828656315804,1.0
nofed,819,0.024448972195386887,1.0
nofed,820,0.024361170828342438,1.0
nofed,821,0.024304840713739395,1.0
nofed,822,0.024237681180238724,1.0
nofed,823,0.024162866175174713,1.0
nofed,824,0.024084173142910004,1.0
nofed,825,0.023887746036052704,1.0
nofed,826,0.023805122822523117,1.0
nofed,827,0.02373557724058628,1.0
nofed,828,0.023701753467321396,1.0
nofed,829,0.02357335388660431,1.0
nofed,830,0.02350195311009884,1.0
nofed,831,0.023382453247904778,1.0
nofed,832,0.02334512583911419,1.0
nofed,833,0.02318701148033142,1.0
nofed,834,0.023071419447660446,1.0
nofed,835,0.02301245927810669,1.0
nofed,836,0.023006662726402283,1.0
nofed,837,0.022888364270329475,1.0
nofed,838,0.02276226133108139,1.0
nofed,839,0.022714754566550255,1.0
nofed,840,0.02260103076696396,1.0
nofed,841,0.022528231143951416,1.0
nofed,842,0.02242542989552021,1.0
nofed,843,0.022302107885479927,1.0
nofed,844,0.02232297696173191,1.0
nofed,845,0.0222121924161911,1.0
nofed,846,0.022139454260468483,1.0
nofed,847,0.022046372294425964,1.0
nofed,848,0.022036956623196602,1.0
nofed,849,0.021945640444755554,1.0
nofed,850,0.021801132708787918,1.0
nofed,851,0.021720077842473984,1.0
nofed,852,0.02163107693195343,1.0
nofed,853,0.021498147398233414,1.0
nofed,854,0.02143460139632225,1.0
nofed,855,0.021378159523010254,1.0
nofed,856,0.02127639390528202,1.0
nofed,857,0.021275918930768967,1.0
nofed,858,0.02116302028298378,1.0
nofed,859,0.021092478185892105,1.0
nofed,860,0.021048298105597496,1.0
nofed,861,0.02099042944610119,1.0
nofed,862,0.02082766219973564,1.0
nofed,863,0.02079715207219124,1.0
nofed,864,0.020748134702444077,1.0
nofed,865,0.020593665540218353,1.0
nofed,866,0.020567262545228004,1.0
nofed,867,0.02042749524116516,1.0
nofed,868,0.020400796085596085,1.0
nofed,869,0.020331131294369698,1.0
nofed,870,0.020214252173900604,1.0
nofed,871,0.020205248147249222,1.0
nofed,872,0.020019974559545517,1.0
nofed,873,0.019978750497102737,1.0
nofed,874,0.019972577691078186,1.0
nofed,875,0.019949283450841904,1.0
nofed,876,0.01980614848434925,1.0
nofed,877,0.019743721932172775,1.0
nofed,878,0.019670825451612473,1.0
nofed,879,0.019646625965833664,1.0
nofed,880,0.019564930349588394,1.0
nofed,881,0.019445646554231644,1.0
nofed,882,0.019380372017621994,1.0
nofed,883,0.019280169159173965,1.0
nofed,884,0.01923532597720623,1.0
nofed,885,0.01917048916220665,1.0
nofed,886,0.019117318093776703,1.0
nofed,887,0.019035454839468002,1.0
nofed,888,0.018966371193528175,1.0
nofed,889,0.018900861963629723,1.0
nofed,890,0.018838610500097275,1.0
nofed,891,0.018723364919424057,1.0
nofed,892,0.018700554966926575,1.0
nofed,893,0.018614117056131363,1.0
nofed,894,0.01861800067126751,1.0
nofed,895,0.01852387562394142,1.0
nofed,896,0.01837301254272461,1.0
nofed,897,0.018298566341400146,1.0
nofed,898,0.01824777200818062,1.0
nofed,899,0.018212908878922462,1.0
nofed,900,0.018120747059583664,1.0
nofed,901,0.018093876540660858,1.0
nofed,902,0.018049316480755806,1.0
nofed,903,0.018047034740447998,1.0
nofed,904,0.017914103344082832,1.0
nofed,905,0.017877137288451195,1.0
nofed,906,0.01781112141907215,1.0
nofed,907,0.017750052735209465,1.0
nofed,908,0.017647594213485718,1.0
nofed,909,0.017640691250562668,1.0
nofed,910,0.017536021769046783,1.0
nofed,911,0.017511310055851936,1.0
nofed,912,0.017446663230657578,1.0
nofed,913,0.017425891011953354,1.0
nofed,914,0.017313288524746895,1.0
nofed,915,0.01718774065375328,1.0
nofed,916,0.01719088852405548,1.0
nofed,917,0.017123419791460037,1.0
nofed,918,0.017060033977031708,1.0
nofed,919,0.0169490035623312,1.0
nofed,920,0.01692979969084263,1.0
nofed,921,0.01683703623712063,1.0
nofed,922,0.01678277924656868,1.0
nofed,923,0.016722403466701508,1.0
nofed,924,0.016706105321645737,1.0
nofed,925,0.016627227887511253,1.0
nofed,926,0.016502054408192635,1.0
nofed,927,0.016561197116971016,1.0
nofed,928,0.016544373705983162,1.0
nofed,929,0.016368627548217773,1.0
nofed,930,0.01631011813879013,1.0
nofed,931,0.01631668023765087,1.0
nofed,932,0.016270827502012253,1.0
nofed,933,0.016143711283802986,1.0
nofed,934,0.016113169491291046,1.0
nofed,935,0.016092482954263687,1.0
nofed,936,0.01607932150363922,1.0
nofed,937,0.015957806259393692,1.0
nofed,938,0.015936262905597687,1.0
nofed,939,0.015893038362264633,1.0
nofed,940,0.01585143245756626,1.0
nofed,941,0.01571645215153694,1.0
nofed,942,0.015665363520383835,1.0
nofed,943,0.015652228146791458,1.0
nofed,944,0.01557832956314087,1.0
nofed,945,0.015497243031859398,1.0
nofed,946,0.01546243205666542,1.0
nofed,947,0.015446164645254612,1.0
nofed,948,0.01534661278128624,1.0
nofed,949,0.01530100405216217,1.0
nofed,950,0.015214774757623672,1.0
nofed,951,0.015127239748835564,1.0
nofed,952,0.015116711147129536,1.0
nofed,953,0.015128442086279392,1.0
nofed,954,0.01511609461158514,1.0
nofed,955,0.0150336604565382,1.0
nofed,956,0.015018997713923454,1.0
nofed,957,0.014922548085451126,1.0
nofed,958,0.014898139052093029,1.0
nofed,959,0.014904933050274849,1.0
nofed,960,0.014801181852817535,1.0
nofed,961,0.014691823162138462,1.0
nofed,962,0.014704449102282524,1.0
nofed,963,0.014662319794297218,1.0
nofed,964,0.014564081095159054,1.0
nofed,965,0.014470015652477741,1.0
nofed,966,0.01443222351372242,1.0
nofed,967,0.014339257031679153,1.0
nofed,968,0.014317207969725132,1.0
nofed,969,0.014321256428956985,1.0
nofed,970,0.014326421543955803,1.0
nofed,971,0.014235565438866615,1.0
nofed,972,0.014234634116292,1.0
nofed,973,0.014131512492895126,1.0
nofed,974,0.014076653867959976,1.0
nofed,975,0.014020401984453201,1.0
nofed,976,0.014028249308466911,1.0
nofed,977,0.013955585658550262,1.0
nofed,978,0.01395771186798811,1.0
nofed,979,0.01387941837310791,1.0
nofed,980,0.013824657537043095,1.0
nofed,981,0.013739259913563728,1.0
nofed,982,0.013712034560739994,1.0
nofed,983,0.013654438778758049,1.0
nofed,984,0.013510926626622677,1.0
nofed,985,0.013463498093187809,1.0
nofed,986,0.01345136296004057,1.0
nofed,987,0.013475226238369942,1.0
nofed,988,0.013416384346783161,1.0
nofed,989,0.013304920867085457,1.0
nofed,990,0.013306564651429653,1.0
nofed,991,0.013301774859428406,1.0
nofed,992,0.013257999904453754,1.0
nofed,993,0.013254720717668533,1.0
nofed,994,0.013189556077122688,1.0
nofed,995,0.013180278241634369,1.0
nofed,996,0.013098619878292084,1.0
nofed,997,0.013043014332652092,1.0
nofed,998,0.013021335937082767,1.0
nofed,999,0.012918362393975258,1.0
nofed,1000,0.012954704463481903,1.0
nofed,1001,0.012856675311923027,1.0
nofed,1002,0.012845227494835854,1.0
nofed,1003,0.012741238810122013,1.0
nofed,1004,0.012672238051891327,1.0
nofed,1005,0.012667076662182808,1.0
nofed,1006,0.01267337892204523,1.0
nofed,1007,0.012636303901672363,1.0
nofed,1008,0.012585828080773354,1.0
nofed,1009,0.012568652629852295,1.0
nofed,1010,0.012510612607002258,1.0
nofed,1011,0.012396030128002167,1.0
nofed,1012,0.012339109554886818,1.0
nofed,1013,0.01232957374304533,1.0
nofed,1014,0.012358175590634346,1.0
nofed,1015,0.012334204278886318,1.0
nofed,1016,0.012251404114067554,1.0
nofed,1017,0.012284727767109871,1.0
nofed,1018,0.01220752764493227,1.0
nofed,1019,0.012120366096496582,1.0
nofed,1020,0.012087790295481682,1.0
nofed,1021,0.012025874108076096,1.0
nofed,1022,0.012062085792422295,1.0
nofed,1023,0.011960027739405632,1.0
nofed,1024,0.011905677616596222,1.0
nofed,1025,0.011836961843073368,1.0
nofed,1026,0.011815947480499744,1.0
nofed,1027,0.011833900585770607,1.0
nofed,1028,0.011873811483383179,1.0
nofed,1029,0.01179316733032465,1.0
nofed,1030,0.011748077347874641,1.0
nofed,1031,0.011690979823470116,1.0
nofed,1032,0.011642217636108398,1.0
nofed,1033,0.011570041999220848,1.0
nofed,1034,0.011526078917086124,1.0
nofed,1035,0.011487135663628578,1.0
nofed,1036,0.01149606890976429,1.0
nofed,1037,0.011406357400119305,1.0
nofed,1038,0.011366079561412334,1.0
nofed,1039,0.011322389356791973,1.0
nofed,1040,0.011335698887705803,1.0
nofed,1041,0.01129352580755949,1.0
nofed,1042,0.011320419609546661,1.0
nofed,1043,0.011235401034355164,1.0
nofed,1044,0.011247183196246624,1.0
nofed,1045,0.011167693883180618,1.0
nofed,1046,0.011114513501524925,1.0
nofed,1047,0.011124521493911743,1.0
nofed,1048,0.011050703935325146,1.0
nofed,1049,0.01100734993815422,1.0
nofed,1050,0.010985581204295158,1.0
nofed,1051,0.010921917855739594,1.0
nofed,1052,0.0109088821336627,1.0
nofed,1053,0.010886091738939285,1.0
nofed,1054,0.010840890929102898,1.0
nofed,1055,0.010847140103578568,1.0
nofed,1056,0.010808717459440231,1.0
nofed,1057,0.010734064504504204,1.0
nofed,1058,0.01073246356099844,1.0
nofed,1059,0.010720305144786835,1.0
nofed,1060,0.01073203980922699,1.0
nofed,1061,0.01065005362033844,1.0
nofed,1062,0.010590903460979462,1.0
nofed,1063,0.010466516017913818,1.0
nofed,1064,0.010496472008526325,1.0
nofed,1065,0.010405298322439194,1.0
nofed,1066,0.010406245477497578,1.0
nofed,1067,0.010401450097560883,1.0
nofed,1068,0.01040002889931202,1.0
nofed,1069,0.010352901183068752,1.0
nofed,1070,0.010278687812387943,1.0
nofed,1071,0.010249229148030281,1.0
nofed,1072,0.01025460846722126,1.0
nofed,1073,0.010216804221272469,1.0
nofed,1074,0.010192278772592545,1.0
nofed,1075,0.010120101273059845,1.0
nofed,1076,0.01014118641614914,1.0
nofed,1077,0.01010995451360941,1.0
nofed,1078,0.010112153366208076,1.0
nofed,1079,0.010040096938610077,1.0
nofed,1080,0.00998728722333908,1.0
nofed,1081,0.009936574846506119,1.0
nofed,1082,0.009872742928564548,1.0
nofed,1083,0.00986913125962019,1.0
nofed,1084,0.009825075976550579,1.0
nofed,1085,0.009846635162830353,1.0
nofed,1086,0.00977969728410244,1.0
nofed,1087,0.009805465117096901,1.0
nofed,1088,0.009811515919864178,1.0
nofed,1089,0.009742936119437218,1.0
nofed,1090,0.009728292934596539,1.0
nofed,1091,0.009632078930735588,1.0
nofed,1092,0.009595564566552639,1.0
nofed,1093,0.009566569700837135,1.0
nofed,1094,0.00956692360341549,1.0
nofed,1095,0.009581644088029861,1.0
nofed,1096,0.009506955742835999,1.0
nofed,1097,0.009428639896214008,1.0
nofed,1098,0.009477132000029087,1.0
nofed,1099,0.009419167414307594,1.0
nofed,1100,0.009369618259370327,1.0
nofed,1101,0.009304383769631386,1.0
nofed,1102,0.009367894381284714,1.0
nofed,1103,0.00926514994353056,1.0
nofed,1104,0.0092560313642025,1.0
nofed,1105,0.009279271587729454,1.0
nofed,1106,0.0091944495216012,1.0
nofed,1107,0.009230081923305988,1.0
nofed,1108,0.009212253615260124,1.0
nofed,1109,0.00917816162109375,1.0
nofed,1110,0.009121526032686234,1.0
nofed,1111,0.009137914516031742,1.0
nofed,1112,0.009057200513780117,1.0
nofed,1113,0.00901868287473917,1.0
nofed,1114,0.008979826234281063,1.0
nofed,1115,0.008963553234934807,1.0
nofed,1116,0.00894933007657528,1.0
nofed,1117,0.008906636387109756,1.0
nofed,1118,0.008914859965443611,1.0
nofed,1119,0.008932491764426231,1.0
nofed,1120,0.008826201781630516,1.0
nofed,1121,0.008765961974859238,1.0
nofed,1122,0.008736077696084976,1.0
nofed,1123,0.00871087983250618,1.0
nofed,1124,0.008767200633883476,1.0
nofed,1125,0.008659180253744125,1.0
nofed,1126,0.008677640929818153,1.0
nofed,1127,0.008627058006823063,1.0
nofed,1128,0.008585568517446518,1.0
nofed,1129,0.008647610433399677,1.0
nofed,1130,0.008567568846046925,1.0
nofed,1131,0.008506327867507935,1.0
nofed,1132,0.008534159511327744,1.0
nofed,1133,0.008577918633818626,1.0
nofed,1134,0.008513732813298702,1.0
nofed,1135,0.008497945964336395,1.0
nofed,1136,0.008438599295914173,1.0
nofed,1137,0.008361632004380226,1.0
nofed,1138,0.008342428132891655,1.0
nofed,1139,0.008341515436768532,1.0
nofed,1140,0.00831459742039442,1.0
nofed,1141,0.008296333253383636,1.0
nofed,1142,0.008283769711852074,1.0
nofed,1143,0.008223949000239372,1.0
nofed,1144,0.008204540237784386,1.0
nofed,1145,0.008208749815821648,1.0
nofed,1146,0.008204974234104156,1.0
nofed,1147,0.00817817822098732,1.0
nofed,1148,0.008179698139429092,1.0
nofed,1149,0.008057227358222008,1.0
nofed,1150,0.008030364289879799,1.0
nofed,1151,0.008033659309148788,1.0
nofed,1152,0.007989741861820221,1.0
nofed,1153,0.008038533851504326,1.0
nofed,1154,0.008052934892475605,1.0
nofed,1155,0.008003278635442257,1.0
nofed,1156,0.007937616668641567,1.0
nofed,1157,0.007943432778120041,1.0
nofed,1158,0.007877841591835022,1.0
nofed,1159,0.007848784327507019,1.0
nofed,1160,0.007793031632900238,1.0
nofed,1161,0.007798276841640472,1.0
nofed,1162,0.007752059027552605,1.0
nofed,1163,0.007712299004197121,1.0
nofed,1164,0.007665509358048439,1.0
nofed,1165,0.007741375360637903,1.0
nofed,1166,0.007683724630624056,1.0
nofed,1167,0.007703315932303667,1.0
nofed,1168,0.007687533274292946,1.0
nofed,1169,0.007686778903007507,1.0
nofed,1170,0.007667839992791414,1.0
nofed,1171,0.007606625556945801,1.0
nofed,1172,0.007567399647086859,1.0
nofed,1173,0.007506443187594414,1.0
nofed,1174,0.007534126751124859,1.0
nofed,1175,0.007506138179451227,1.0
nofed,1176,0.007468851283192635,1.0
nofed,1177,0.007442982867360115,1.0
nofed,1178,0.007399120833724737,1.0
nofed,1179,0.007412442937493324,1.0
nofed,1180,0.0073920260183513165,1.0
nofed,1181,0.0073432400822639465,1.0
nofed,1182,0.007363755255937576,1.0
nofed,1183,0.007344717159867287,1.0
nofed,1184,0.007319805212318897,1.0
nofed,1185,0.007322737015783787,1.0
nofed,1186,0.007300721015781164,1.0
nofed,1187,0.007260502781718969,1.0
nofed,1188,0.0072659580036997795,1.0
nofed,1189,0.007195999380201101,1.0
nofed,1190,0.0072111873887479305,1.0
nofed,1191,0.007220678962767124,1.0
nofed,1192,0.0071546658873558044,1.0
nofed,1193,0.007090217433869839,1.0
nofed,1194,0.0070435660891234875,1.0
nofed,1195,0.0070875259116292,1.0
nofed,1196,0.00704528484493494,1.0
nofed,1197,0.007077471353113651,1.0
nofed,1198,0.0069845011457800865,1.0
nofed,1199,0.006948637776076794,1.0
nofed,1200,0.006958559155464172,1.0
nofed,1201,0.006920065730810165,1.0
nofed,1202,0.00697077764198184,1.0
nofed,1203,0.006944760680198669,1.0
nofed,1204,0.006894985213875771,1.0
nofed,1205,0.006813105195760727,1.0
nofed,1206,0.006828563287854195,1.0
nofed,1207,0.006852822843939066,1.0
nofed,1208,0.006831051781773567,1.0
nofed,1209,0.006798487156629562,1.0
nofed,1210,0.0067591541446745396,1.0
nofed,1211,0.006739241536706686,1.0
nofed,1212,0.006711052730679512,1.0
nofed,1213,0.00675521744415164,1.0
nofed,1214,0.006769388448446989,1.0
nofed,1215,0.006728870794177055,1.0
nofed,1216,0.006663847249001265,1.0
nofed,1217,0.006651288364082575,1.0
nofed,1218,0.006608359515666962,1.0
nofed,1219,0.006625396199524403,1.0
nofed,1220,0.006612884346395731,1.0
nofed,1221,0.006549894344061613,1.0
nofed,1222,0.0065396795980632305,1.0
nofed,1223,0.006489918567240238,1.0
nofed,1224,0.00648750364780426,1.0
nofed,1225,0.0064742895774543285,1.0
nofed,1226,0.006430753041058779,1.0
nofed,1227,0.006422846578061581,1.0
nofed,1228,0.006485793739557266,1.0
nofed,1229,0.006475550122559071,1.0
nofed,1230,0.006413955707103014,1.0
nofed,1231,0.006414146162569523,1.0
nofed,1232,0.006356575060635805,1.0
nofed,1233,0.0063237156718969345,1.0
nofed,1234,0.006331421434879303,1.0
nofed,1235,0.006350425072014332,1.0
nofed,1236,0.006294946186244488,1.0
nofed,1237,0.006299333646893501,1.0
nofed,1238,0.006289904471486807,1.0
nofed,1239,0.00626519788056612,1.0
nofed,1240,0.006239399313926697,1.0
nofed,1241,0.006191292777657509,1.0
nofed,1242,0.006196523085236549,1.0
nofed,1243,0.006157996132969856,1.0
nofed,1244,0.006147546693682671,1.0
nofed,1245,0.006148491986095905,1.0
nofed,1246,0.006060017738491297,1.0
nofed,1247,0.006103812716901302,1.0
nofed,1248,0.006129388697445393,1.0
nofed,1249,0.0060911625623703,1.0
nofed,1250,0.006043237634003162,1.0
nofed,1251,0.005999237298965454,1.0
nofed,1252,0.00602708850055933,1.0
nofed,1253,0.006026603281497955,1.0
nofed,1254,0.006024125963449478,1.0
nofed,1255,0.0059854574501514435,1.0
nofed,1256,0.005976981949061155,1.0
nofed,1257,0.005977284163236618,1.0
nofed,1258,0.0059150331653654575,1.0
nofed,1259,0.005945941433310509,1.0
nofed,1260,0.005918907932937145,1.0
nofed,1261,0.005889846011996269,1.0
nofed,1262,0.005864758975803852,1.0
nofed,1263,0.005841602571308613,1.0
nofed,1264,0.005805066786706448,1.0
nofed,1265,0.005780790001153946,1.0
nofed,1266,0.005782101769000292,1.0
nofed,1267,0.005791060626506805,1.0
nofed,1268,0.005789477843791246,1.0
nofed,1269,0.005755433347076178,1.0
nofed,1270,0.005770399700850248,1.0
nofed,1271,0.005720236338675022,1.0
nofed,1272,0.005683135241270065,1.0
nofed,1273,0.0056798430159688,1.0
nofed,1274,0.00565072987228632,1.0
nofed,1275,0.005651854909956455,1.0
nofed,1276,0.005645120516419411,1.0
nofed,1277,0.005614614114165306,1.0
nofed,1278,0.005570853129029274,1.0
nofed,1279,0.00553398160263896,1.0
nofed,1280,0.005552994087338448,1.0
nofed,1281,0.005535276606678963,1.0
nofed,1282,0.005521309562027454,1.0
nofed,1283,0.005517106037586927,1.0
nofed,1284,0.005535272415727377,1.0
nofed,1285,0.005501294508576393,1.0
nofed,1286,0.005506318993866444,1.0
nofed,1287,0.005456568673253059,1.0
nofed,1288,0.005427269265055656,1.0
nofed,1289,0.005453861318528652,1.0
nofed,1290,0.005464313551783562,1.0
nofed,1291,0.00544321071356535,1.0
nofed,1292,0.00541317742317915,1.0
nofed,1293,0.00537405489012599,1.0
nofed,1294,0.00538092665374279,1.0
nofed,1295,0.005322223529219627,1.0
nofed,1296,0.005352488718926907,1.0
nofed,1297,0.005348293110728264,1.0
nofed,1298,0.005275215487927198,1.0
nofed,1299,0.005279880948364735,1.0
nofed,1300,0.005283411592245102,1.0
nofed,1301,0.005269299261271954,1.0
nofed,1302,0.005256296135485172,1.0
nofed,1303,0.005274287890642881,1.0
nofed,1304,0.005243462044745684,1.0
nofed,1305,0.005236668977886438,1.0
nofed,1306,0.005202062893658876,1.0
nofed,1307,0.005206520203500986,1.0
nofed,1308,0.005179877392947674,1.0
nofed,1309,0.005158599466085434,1.0
nofed,1310,0.005149381700903177,1.0
nofed,1311,0.005125870928168297,1.0
nofed,1312,0.0050732712261378765,1.0
nofed,1313,0.005048136226832867,1.0
nofed,1314,0.0050782025791704655,1.0
nofed,1315,0.005093385465443134,1.0
nofed,1316,0.005055190064013004,1.0
nofed,1317,0.005016990005970001,1.0
nofed,1318,0.004997116047888994,1.0
nofed,1319,0.004996638745069504,1.0
nofed,1320,0.005005497019737959,1.0
nofed,1321,0.005020913667976856,1.0
nofed,1322,0.004992261528968811,1.0
nofed,1323,0.00494608748704195,1.0
nofed,1324,0.004936470650136471,1.0
nofed,1325,0.0049574291333556175,1.0
nofed,1326,0.004956629127264023,1.0
nofed,1327,0.0049092452973127365,1.0
nofed,1328,0.0048833200708031654,1.0
nofed,1329,0.004888365976512432,1.0
nofed,1330,0.004881922621279955,1.0
nofed,1331,0.004903432913124561,1.0
nofed,1332,0.004828362260013819,1.0
nofed,1333,0.0048784129321575165,1.0
nofed,1334,0.004872998222708702,1.0
nofed,1335,0.004818323999643326,1.0
nofed,1336,0.0047960299998521805,1.0
nofed,1337,0.004755449015647173,1.0
nofed,1338,0.004757110029459,1.0
nofed,1339,0.004716495051980019,1.0
nofed,1340,0.0047294097021222115,1.0
nofed,1341,0.004733130801469088,1.0
nofed,1342,0.004731719382107258,1.0
nofed,1343,0.004702380858361721,1.0
nofed,1344,0.0046981330960989,1.0
nofed,1345,0.004725239239633083,1.0
nofed,1346,0.004709239117801189,1.0
nofed,1347,0.004667047876864672,1.0
nofed,1348,0.004612287040799856,1.0
nofed,1349,0.0046288915909826756,1.0
nofed,1350,0.004604324232786894,1.0
nofed,1351,0.0045711807906627655,1.0
nofed,1352,0.004626404959708452,1.0
nofed,1353,0.004592830780893564,1.0
nofed,1354,0.0045838430523872375,1.0
nofed,1355,0.004581179469823837,1.0
nofed,1356,0.004509812220931053,1.0
nofed,1357,0.004499335773289204,1.0
nofed,1358,0.004517546854913235,1.0
nofed,1359,0.0045526763424277306,1.0
nofed,1360,0.004490781109780073,1.0
nofed,1361,0.004502774216234684,1.0
nofed,1362,0.004463288001716137,1.0
nofed,1363,0.004483648110181093,1.0
nofed,1364,0.004432106390595436,1.0
nofed,1365,0.004474147222936153,1.0
nofed,1366,0.004459529649466276,1.0
nofed,1367,0.0044342270120978355,1.0
nofed,1368,0.004442908335477114,1.0
nofed,1369,0.0044403704814612865,1.0
nofed,1370,0.004419082310050726,1.0
nofed,1371,0.0043712882325053215,1.0
nofed,1372,0.004374800715595484,1.0
nofed,1373,0.004370109178125858,1.0
nofed,1374,0.004352876916527748,1.0
nofed,1375,0.004341605119407177,1.0
nofed,1376,0.004313246347010136,1.0
nofed,1377,0.004310984164476395,1.0
nofed,1378,0.004282794892787933,1.0
nofed,1379,0.004278386011719704,1.0
nofed,1380,0.0042225876823067665,1.0
nofed,1381,0.004187753424048424,1.0
nofed,1382,0.004233501851558685,1.0
nofed,1383,0.0042238980531692505,1.0
nofed,1384,0.004241932183504105,1.0
nofed,1385,0.004242081195116043,1.0
nofed,1386,0.004225659184157848,1.0
nofed,1387,0.004222491756081581,1.0
nofed,1388,0.004227619618177414,1.0
nofed,1389,0.004200386814773083,1.0
nofed,1390,0.004186139442026615,1.0
nofed,1391,0.004156074952334166,1.0
nofed,1392,0.004130573943257332,1.0
nofed,1393,0.004104037769138813,1.0
nofed,1394,0.004087843932211399,1.0
nofed,1395,0.004067230969667435,1.0
nofed,1396,0.004057525657117367,1.0
nofed,1397,0.004043350927531719,1.0
nofed,1398,0.004069529473781586,1.0
nofed,1399,0.004075193777680397,1.0
nofed,1400,0.004070814233273268,1.0
nofed,1401,0.00407633651047945,1.0
nofed,1402,0.004061399959027767,1.0
nofed,1403,0.00404390087351203,1.0
nofed,1404,0.004047619178891182,1.0
nofed,1405,0.004018284380435944,1.0
nofed,1406,0.004003169946372509,1.0
nofed,1407,0.0040001897141337395,1.0
nofed,1408,0.003946173004806042,1.0
nofed,1409,0.003978959284722805,1.0
nofed,1410,0.0039725396782159805,1.0
nofed,1411,0.003994745202362537,1.0
nofed,1412,0.003973257727921009,1.0
nofed,1413,0.003943726886063814,1.0
nofed,1414,0.003942522685974836,1.0
nofed,1415,0.0038977954536676407,1.0
nofed,1416,0.00389981921762228,1.0
nofed,1417,0.0039038013201206923,1.0
nofed,1418,0.003906312398612499,1.0
nofed,1419,0.003862654324620962,1.0
nofed,1420,0.003849573666229844,1.0
nofed,1421,0.0038485827390104532,1.0
nofed,1422,0.003846234641969204,1.0
nofed,1423,0.003840492572635412,1.0
nofed,1424,0.0038448995910584927,1.0
nofed,1425,0.003807999659329653,1.0
nofed,1426,0.0038341053295880556,1.0
nofed,1427,0.0038309316150844097,1.0
nofed,1428,0.0038117500953376293,1.0
nofed,1429,0.0037681148387491703,1.0
nofed,1430,0.0037630207370966673,1.0
nofed,1431,0.0037307236343622208,1.0
nofed,1432,0.003714790102094412,1.0
nofed,1433,0.0037334314547479153,1.0
nofed,1434,0.003763127140700817,1.0
nofed,1435,0.0037291590124368668,1.0
nofed,1436,0.003704614005982876,1.0
nofed,1437,0.003680461086332798,1.0
nofed,1438,0.0036685983650386333,1.0
nofed,1439,0.003693419974297285,1.0
nofed,1440,0.0036517800763249397,1.0
nofed,1441,0.0036623948253691196,1.0
nofed,1442,0.003655647160485387,1.0
nofed,1443,0.003644238691776991,1.0
nofed,1444,0.003629096318036318,1.0
nofed,1445,0.0036441381089389324,1.0
nofed,1446,0.0036378633230924606,1.0
nofed,1447,0.0036168480291962624,1.0
nofed,1448,0.0036281037610024214,1.0
nofed,1449,0.0035879972856491804,1.0
nofed,1450,0.0036219595931470394,1.0
nofed,1451,0.0035660122521221638,1.0
nofed,1452,0.0035705561749637127,1.0
nofed,1453,0.0035392511636018753,1.0
nofed,1454,0.003565961727872491,1.0
nofed,1455,0.003561254357919097,1.0
nofed,1456,0.0035544447600841522,1.0
nofed,1457,0.003573156427592039,1.0
nofed,1458,0.0035487511195242405,1.0
nofed,1459,0.0035208137705922127,1.0
nofed,1460,0.003509954549372196,1.0
nofed,1461,0.00348211289383471,1.0
nofed,1462,0.0034905881620943546,1.0
nofed,1463,0.0035089161247015,1.0
nofed,1464,0.003499793354421854,1.0
nofed,1465,0.003472342621535063,1.0
nofed,1466,0.0034406103659421206,1.0
nofed,1467,0.0034131049178540707,1.0
nofed,1468,0.0034317998215556145,1.0
nofed,1469,0.0034405170008540154,1.0
nofed,1470,0.0034234710037708282,1.0
nofed,1471,0.0034120359923690557,1.0
nofed,1472,0.0033631492406129837,1.0
nofed,1473,0.0033969127107411623,1.0
nofed,1474,0.003355757798999548,1.0
nofed,1475,0.0033935061655938625,1.0
nofed,1476,0.003375373547896743,1.0
nofed,1477,0.003374500432983041,1.0
nofed,1478,0.0033423355780541897,1.0
nofed,1479,0.0033527398481965065,1.0
nofed,1480,0.0033178767189383507,1.0
nofed,1481,0.0033332130406051874,1.0
nofed,1482,0.003331114538013935,1.0
nofed,1483,0.003288853447884321,1.0
nofed,1484,0.0032673648092895746,1.0
nofed,1485,0.0032637729309499264,1.0
nofed,1486,0.0032909889705479145,1.0
nofed,1487,0.0032877796329557896,1.0
nofed,1488,0.0032715960405766964,1.0
nofed,1489,0.0032738239970058203,1.0
nofed,1490,0.0032661540899425745,1.0
nofed,1491,0.003251858288422227,1.0
nofed,1492,0.0032427541445940733,1.0
nofed,1493,0.00322009832598269,1.0
nofed,1494,0.0032025552354753017,1.0
nofed,1495,0.003197974991053343,1.0
nofed,1496,0.0032122365664690733,1.0
nofed,1497,0.003213976975530386,1.0
nofed,1498,0.0032017254270613194,1.0
nofed,1499,0.003199211321771145,1.0
nofed,1500,0.003171095158904791,1.0
nofed,1501,0.0031653225887566805,1.0
nofed,1502,0.0031775115057826042,1.0
nofed,1503,0.003167934250086546,1.0
nofed,1504,0.003128722310066223,1.0
nofed,1505,0.003102507209405303,1.0
nofed,1506,0.0031279223039746284,1.0
nofed,1507,0.0031109873671084642,1.0
nofed,1508,0.0031302752904593945,1.0
nofed,1509,0.0031307940371334553,1.0
nofed,1510,0.003106568707153201,1.0
nofed,1511,0.003119524335488677,1.0
nofed,1512,0.0031116127502173185,1.0
nofed,1513,0.0031077079474925995,1.0
nofed,1514,0.0030890137422829866,1.0
nofed,1515,0.003104504430666566,1.0
nofed,1516,0.003095068037509918,1.0
nofed,1517,0.0030563264153897762,1.0
nofed,1518,0.0030268719419837,1.0
nofed,1519,0.003024033037945628,1.0
nofed,1520,0.0030280370265245438,1.0
nofed,1521,0.0030062319710850716,1.0
nofed,1522,0.0030281036160886288,1.0
nofed,1523,0.0030139517039060593,1.0
nofed,1524,0.002994435140863061,1.0
nofed,1525,0.003003568621352315,1.0
nofed,1526,0.0030129607766866684,1.0
nofed,1527,0.003011045977473259,1.0
nofed,1528,0.003003601683303714,1.0
nofed,1529,0.0029702347237616777,1.0
nofed,1530,0.0029795069713145494,1.0
nofed,1531,0.0029277289286255836,1.0
nofed,1532,0.002944507636129856,1.0
nofed,1533,0.0029162592254579067,1.0
nofed,1534,0.0029337552841752768,1.0
nofed,1535,0.0029161269776523113,1.0
nofed,1536,0.002925405977293849,1.0
nofed,1537,0.0029309673700481653,1.0
nofed,1538,0.002929318929091096,1.0
nofed,1539,0.0028948080725967884,1.0
nofed,1540,0.002911570016294718,1.0
nofed,1541,0.0028618827927857637,1.0
nofed,1542,0.00287352642044425,1.0
nofed,1543,0.002863079309463501,1.0
nofed,1544,0.0028775229584425688,1.0
nofed,1545,0.002879590494558215,1.0
nofed,1546,0.002869914285838604,1.0
nofed,1547,0.0028403920587152243,1.0
nofed,1548,0.002804521471261978,1.0
nofed,1549,0.0027877376414835453,1.0
nofed,1550,0.002801870461553335,1.0
nofed,1551,0.0028105820529162884,1.0
nofed,1552,0.002837755251675844,1.0
nofed,1553,0.0028208233416080475,1.0
nofed,1554,0.0028158577624708414,1.0
nofed,1555,0.002824697643518448,1.0
nofed,1556,0.002791299019008875,1.0
nofed,1557,0.002759433351457119,1.0
nofed,1558,0.0027844859287142754,1.0
nofed,1559,0.002762420102953911,1.0
nofed,1560,0.0027800353709608316,1.0
nofed,1561,0.0027533434331417084,1.0
nofed,1562,0.0027696467004716396,1.0
nofed,1563,0.0027294117026031017,1.0
nofed,1564,0.0027200491167604923,1.0
nofed,1565,0.0027060192078351974,1.0
nofed,1566,0.0027304301038384438,1.0
nofed,1567,0.0027046012692153454,1.0
nofed,1568,0.0027023344300687313,1.0
nofed,1569,0.002719488926231861,1.0
nofed,1570,0.0026998938992619514,1.0
nofed,1571,0.0026942549739032984,1.0
nofed,1572,0.0026928160805255175,1.0
nofed,1573,0.0026680580340325832,1.0
nofed,1574,0.0026615760289132595,1.0
nofed,1575,0.0026618922129273415,1.0
nofed,1576,0.0026509463787078857,1.0
nofed,1577,0.0026727868244051933,1.0
nofed,1578,0.002679071854799986,1.0
nofed,1579,0.002679035533219576,1.0
nofed,1580,0.0026586244348436594,1.0
nofed,1581,0.0026502932887524366,1.0
nofed,1582,0.002638802397996187,1.0
nofed,1583,0.0025935336016118526,1.0
nofed,1584,0.0025950181297957897,1.0
nofed,1585,0.002582506276667118,1.0
nofed,1586,0.0025917806196957827,1.0
nofed,1587,0.0026063888799399137,1.0
nofed,1588,0.002598094753921032,1.0
nofed,1589,0.0026049192529171705,1.0
nofed,1590,0.0026008086279034615,1.0
nofed,1591,0.0025956504978239536,1.0
nofed,1592,0.0025923876091837883,1.0
nofed,1593,0.002568546449765563,1.0
nofed,1594,0.002562061883509159,1.0
nofed,1595,0.002561944769695401,1.0
nofed,1596,0.0025390437804162502,1.0
nofed,1597,0.0025328558403998613,1.0
nofed,1598,0.0025145993568003178,1.0
nofed,1599,0.0025361254811286926,1.0
nofed,1600,0.002530339639633894,1.0
nofed,1601,0.0025197374634444714,1.0
nofed,1602,0.0024940241128206253,1.0
nofed,1603,0.00250687962397933,1.0
nofed,1604,0.0024652681313455105,1.0
nofed,1605,0.002489966806024313,1.0
nofed,1606,0.0025096717290580273,1.0
nofed,1607,0.0024933554232120514,1.0
nofed,1608,0.002460845746099949,1.0
nofed,1609,0.0024780912790447474,1.0
nofed,1610,0.0024729303549975157,1.0
nofed,1611,0.0024390141479671,1.0
nofed,1612,0.0024544978514313698,1.0
nofed,1613,0.002465323079377413,1.0
nofed,1614,0.0024496575351804495,1.0
nofed,1615,0.0024372320622205734,1.0
nofed,1616,0.002412430476397276,1.0
nofed,1617,0.002412634901702404,1.0
nofed,1618,0.0024187914095818996,1.0
nofed,1619,0.0024229958653450012,1.0
nofed,1620,0.002401043428108096,1.0
nofed,1621,0.0024215136654675007,1.0
nofed,1622,0.0024097443092614412,1.0
nofed,1623,0.0024088192731142044,1.0
nofed,1624,0.002387193962931633,1.0
nofed,1625,0.0023830526042729616,1.0
nofed,1626,0.0023605329915881157,1.0
nofed,1627,0.002371355425566435,1.0
nofed,1628,0.0023776046000421047,1.0
nofed,1629,0.002386811887845397,1.0
nofed,1630,0.0023860486689954996,1.0
nofed,1631,0.002361126709729433,1.0
nofed,1632,0.0023395996540784836,1.0
nofed,1633,0.002339583821594715,1.0
nofed,1634,0.0023645414039492607,1.0
nofed,1635,0.002356812125071883,1.0
nofed,1636,0.002341420855373144,1.0
nofed,1637,0.0022946440149098635,1.0
nofed,1638,0.0023205713368952274,1.0
nofed,1639,0.0022752590011805296,1.0
nofed,1640,0.00228253286331892,1.0
nofed,1641,0.0023096452932804823,1.0
nofed,1642,0.0022989031858742237,1.0
nofed,1643,0.002300891326740384,1.0
nofed,1644,0.0022744564339518547,1.0
nofed,1645,0.002274496480822563,1.0
nofed,1646,0.0022814818657934666,1.0
nofed,1647,0.0022585419937968254,1.0
nofed,1648,0.002249271608889103,1.0
nofed,1649,0.0022662803530693054,1.0
nofed,1650,0.002285198774188757,1.0
nofed,1651,0.0022727230098098516,1.0
nofed,1652,0.0022367173805832863,1.0
nofed,1653,0.0022357359994202852,1.0
nofed,1654,0.0022336402907967567,1.0
nofed,1655,0.0022272297646850348,1.0
nofed,1656,0.002207295736297965,1.0
nofed,1657,0.002195734530687332,1.0
nofed,1658,0.0022411406971514225,1.0
nofed,1659,0.0022426508367061615,1.0
nofed,1660,0.0022291895002126694,1.0
nofed,1661,0.0022123917005956173,1.0
nofed,1662,0.0021853013895452023,1.0
nofed,1663,0.00218653935007751,1.0
nofed,1664,0.00220096274279058,1.0
nofed,1665,0.0021957377903163433,1.0
nofed,1666,0.002180212875828147,1.0
nofed,1667,0.002195230918005109,1.0
nofed,1668,0.0021890911739319563,1.0
nofed,1669,0.0021729618310928345,1.0
nofed,1670,0.002164857229217887,1.0
nofed,1671,0.0021371827460825443,1.0
nofed,1672,0.0021302460227161646,1.0
nofed,1673,0.0021385736763477325,1.0
nofed,1674,0.00211920659057796,1.0
nofed,1675,0.0021395813673734665,1.0
nofed,1676,0.0021281831432133913,1.0
nofed,1677,0.002148360013961792,1.0
nofed,1678,0.0021295794285833836,1.0
nofed,1679,0.002150696236640215,1.0
nofed,1680,0.0021451895590871572,1.0
nofed,1681,0.002123997313901782,1.0
nofed,1682,0.002085841028019786,1.0
nofed,1683,0.002095830161124468,1.0
nofed,1684,0.00211262796074152,1.0
nofed,1685,0.0020887977443635464,1.0
nofed,1686,0.002068551257252693,1.0
nofed,1687,0.00207590963691473,1.0
nofed,1688,0.0020650317892432213,1.0
nofed,1689,0.0020872782915830612,1.0
nofed,1690,0.0020895875059068203,1.0
nofed,1691,0.0020627384074032307,1.0
nofed,1692,0.0020382232032716274,1.0
nofed,1693,0.002041193190962076,1.0
nofed,1694,0.002060818951576948,1.0
nofed,1695,0.0020658373832702637,1.0
nofed,1696,0.0020686581265181303,1.0
nofed,1697,0.002067927271127701,1.0
nofed,1698,0.0020546219311654568,1.0
nofed,1699,0.0020288885571062565,1.0
nofed,1700,0.0020398248452693224,1.0
nofed,1701,0.0020182663574814796,1.0
nofed,1702,0.0019958873745054007,1.0
nofed,1703,0.00199132040143013,1.0
nofed,1704,0.001989940647035837,1.0
nofed,1705,0.0020074150525033474,1.0
nofed,1706,0.002016317332163453,1.0
nofed,1707,0.0019990282598882914,1.0
nofed,1708,0.0020157054532319307,1.0
nofed,1709,0.002003666013479233,1.0
nofed,1710,0.0019802888855338097,1.0
nofed,1711,0.0020061961840838194,1.0
nofed,1712,0.0019917218014597893,1.0
nofed,1713,0.0019581748638302088,1.0
nofed,1714,0.0019742045551538467,1.0
nofed,1715,0.0019605655688792467,1.0
nofed,1716,0.0019379272125661373,1.0
nofed,1717,0.001932030078023672,1.0
nofed,1718,0.0019528232514858246,1.0
nofed,1719,0.0019418328301981091,1.0
nofed,1720,0.001950750476680696,1.0
nofed,1721,0.0019292242359369993,1.0
nofed,1722,0.001950990641489625,1.0
nofed,1723,0.001933257794007659,1.0
nofed,1724,0.0019445826765149832,1.0
nofed,1725,0.0019380743615329266,1.0
nofed,1726,0.0019171645399183035,1.0
nofed,1727,0.00188641925342381,1.0
nofed,1728,0.0019068294204771519,1.0
nofed,1729,0.001919170725159347,1.0
nofed,1730,0.0019106282852590084,1.0
nofed,1731,0.0019175016786903143,1.0
nofed,1732,0.0019186208955943584,1.0
nofed,1733,0.0019145618425682187,1.0
nofed,1734,0.0018966273637488484,1.0
nofed,1735,0.0018728577997535467,1.0
nofed,1736,0.0018719368381425738,1.0
nofed,1737,0.0018546601058915257,1.0
nofed,1738,0.0018703942187130451,1.0
nofed,1739,0.0018887865589931607,1.0
nofed,1740,0.0018416255479678512,1.0
nofed,1741,0.0018762133549898863,1.0
nofed,1742,0.0018778231460601091,1.0
nofed,1743,0.001864008721895516,1.0
nofed,1744,0.0018692982848733664,1.0
nofed,1745,0.001856437767855823,1.0
nofed,1746,0.0018412848003208637,1.0
nofed,1747,0.001840103417634964,1.0
nofed,1748,0.00183907151222229,1.0
nofed,1749,0.0018279063515365124,1.0
nofed,1750,0.0018383590504527092,1.0
nofed,1751,0.0018312637694180012,1.0
nofed,1752,0.0017949298489838839,1.0
nofed,1753,0.001793626812286675,1.0
nofed,1754,0.0017955583753064275,1.0
nofed,1755,0.0017886054702103138,1.0
nofed,1756,0.0018076524138450623,1.0
nofed,1757,0.0017946972511708736,1.0
nofed,1758,0.001797788543626666,1.0
nofed,1759,0.0017993925139307976,1.0
nofed,1760,0.0018054806860163808,1.0
nofed,1761,0.0017924157436937094,1.0
nofed,1762,0.0017634432297199965,1.0
nofed,1763,0.0017801872454583645,1.0
nofed,1764,0.0017903337720781565,1.0
nofed,1765,0.0017838694620877504,1.0
nofed,1766,0.0017712082481011748,1.0
nofed,1767,0.0017721226904541254,1.0
nofed,1768,0.0017752305138856173,1.0
nofed,1769,0.0017552352510392666,1.0
nofed,1770,0.0017356978496536613,1.0
nofed,1771,0.0017645409097895026,1.0
nofed,1772,0.0017746208468452096,1.0
nofed,1773,0.0017490277532488108,1.0
nofed,1774,0.0017571654170751572,1.0
nofed,1775,0.0017568274633958936,1.0
nofed,1776,0.0017462933901697397,1.0
nofed,1777,0.001705539645627141,1.0
nofed,1778,0.00168525124900043,1.0
nofed,1779,0.0017058626981452107,1.0
nofed,1780,0.001719123451039195,1.0
nofed,1781,0.0017319105099886656,1.0
nofed,1782,0.0016959772910922766,1.0
nofed,1783,0.0016931842546910048,1.0
nofed,1784,0.0017066322034224868,1.0
nofed,1785,0.0017149184131994843,1.0
nofed,1786,0.00170542998239398,1.0
nofed,1787,0.001703718793578446,1.0
nofed,1788,0.0016882973723113537,1.0
nofed,1789,0.001674479222856462,1.0
nofed,1790,0.0016787722706794739,1.0
nofed,1791,0.0016699876869097352,1.0
nofed,1792,0.001691497047431767,1.0
nofed,1793,0.0016950152348726988,1.0
nofed,1794,0.001678421045653522,1.0
nofed,1795,0.0016762471059337258,1.0
nofed,1796,0.0016663908027112484,1.0
nofed,1797,0.0016621255781501532,1.0
nofed,1798,0.0016688101459294558,1.0
nofed,1799,0.0016782518941909075,1.0
nofed,1800,0.0016677366802468896,1.0
nofed,1801,0.0016499070916324854,1.0
nofed,1802,0.0016478478210046887,1.0
nofed,1803,0.001652456820011139,1.0
nofed,1804,0.0016368331853300333,1.0
nofed,1805,0.0016361551824957132,1.0
nofed,1806,0.0016238484531641006,1.0
nofed,1807,0.0016288097249343991,1.0
nofed,1808,0.0016059782356023788,1.0
nofed,1809,0.0016002123011276126,1.0
nofed,1810,0.0016046285163611174,1.0
nofed,1811,0.001593313761986792,1.0
nofed,1812,0.0015840306878089905,1.0
nofed,1813,0.0015994575805962086,1.0
nofed,1814,0.0016194627387449145,1.0
nofed,1815,0.00160994753241539,1.0
nofed,1816,0.001616189954802394,1.0
nofed,1817,0.001606600359082222,1.0
nofed,1818,0.0015959233278408647,1.0
nofed,1819,0.001603147480636835,1.0
nofed,1820,0.0015892257215455174,1.0
nofed,1821,0.0016019742470234632,1.0
nofed,1822,0.0015947301872074604,1.0
nofed,1823,0.001585125457495451,1.0
nofed,1824,0.001573009300045669,1.0
nofed,1825,0.0015696424525231123,1.0
nofed,1826,0.0015530716627836227,1.0
nofed,1827,0.0015446280594915152,1.0
nofed,1828,0.0015523240435868502,1.0
nofed,1829,0.001549804350361228,1.0
nofed,1830,0.00153535814024508,1.0
nofed,1831,0.0015256303595378995,1.0
nofed,1832,0.0015555790159851313,1.0
nofed,1833,0.0015547906514257193,1.0
nofed,1834,0.0015641346108168364,1.0
nofed,1835,0.0015448788180947304,1.0
nofed,1836,0.0015527540817856789,1.0
nofed,1837,0.0015396587550640106,1.0
nofed,1838,0.0015337668592110276,1.0
nofed,1839,0.0015338633675128222,1.0
nofed,1840,0.001546997344121337,1.0
nofed,1841,0.0015282097738236189,1.0
nofed,1842,0.0015448981430381536,1.0
nofed,1843,0.0015185025986284018,1.0
nofed,1844,0.001536675845272839,1.0
nofed,1845,0.0015267340932041407,1.0
nofed,1846,0.00152509193867445,1.0
nofed,1847,0.0015070689842104912,1.0
nofed,1848,0.0014979266561567783,1.0
nofed,1849,0.0014976355014368892,1.0
nofed,1850,0.0014969808980822563,1.0
nofed,1851,0.0014902462717145681,1.0
nofed,1852,0.0014952587662264705,1.0
nofed,1853,0.0014780990313738585,1.0
nofed,1854,0.0014706023503094912,1.0
nofed,1855,0.001491958973929286,1.0
nofed,1856,0.0014980236301198602,1.0
nofed,1857,0.0014852811582386494,1.0
nofed,1858,0.001471084775403142,1.0
nofed,1859,0.0014469736488536,1.0
nofed,1860,0.0014682707842439413,1.0
nofed,1861,0.0014710177201777697,1.0
nofed,1862,0.0014658353757113218,1.0
nofed,1863,0.0014764857478439808,1.0
nofed,1864,0.00147300458047539,1.0
nofed,1865,0.0014455236960202456,1.0
nofed,1866,0.0014456259086728096,1.0
nofed,1867,0.0014602838782593608,1.0
nofed,1868,0.0014424390392377973,1.0
nofed,1869,0.0014381997752934694,1.0
nofed,1870,0.0014532945351675153,1.0
nofed,1871,0.0014259681338444352,1.0
nofed,1872,0.001420826418325305,1.0
nofed,1873,0.0014311089180409908,1.0
nofed,1874,0.0014113688375800848,1.0
nofed,1875,0.001400795765221119,1.0
nofed,1876,0.0014067135052755475,1.0
nofed,1877,0.0013947586994618177,1.0
nofed,1878,0.0014035445638000965,1.0
nofed,1879,0.001423550769686699,1.0
nofed,1880,0.001408701529726386,1.0
nofed,1881,0.0014276662841439247,1.0
nofed,1882,0.0014404235407710075,1.0
nofed,1883,0.0014265807112678885,1.0
nofed,1884,0.0014127533650025725,1.0
nofed,1885,0.0014072409830987453,1.0
nofed,1886,0.0014131942298263311,1.0
nofed,1887,0.0014104577712714672,1.0
nofed,1888,0.0014076229417696595,1.0
nofed,1889,0.0013938259799033403,1.0
nofed,1890,0.0013710090424865484,1.0
nofed,1891,0.0013627526350319386,1.0
nofed,1892,0.0013733366504311562,1.0
nofed,1893,0.0013904732186347246,1.0
nofed,1894,0.001366341020911932,1.0
nofed,1895,0.0013857248704880476,1.0
nofed,1896,0.0013682188000530005,1.0
nofed,1897,0.0013639754615724087,1.0
nofed,1898,0.0013687130995094776,1.0
nofed,1899,0.001366582466289401,1.0
nofed,1900,0.001356431981548667,1.0
nofed,1901,0.0013560897205024958,1.0
nofed,1902,0.0013300701975822449,1.0
nofed,1903,0.0013396497815847397,1.0
nofed,1904,0.0013230572221800685,1.0
nofed,1905,0.0013356918934732676,1.0
nofed,1906,0.0013451448176056147,1.0
nofed,1907,0.001340892631560564,1.0
nofed,1908,0.0013436810113489628,1.0
nofed,1909,0.0013507879339158535,1.0
nofed,1910,0.0013609546003863215,1.0
nofed,1911,0.0013372666435316205,1.0
nofed,1912,0.0013180645182728767,1.0
nofed,1913,0.001324535463936627,1.0
nofed,1914,0.001336079672910273,1.0
nofed,1915,0.0013331638183444738,1.0
nofed,1916,0.0013224263675510883,1.0
nofed,1917,0.0013054471928626299,1.0
nofed,1918,0.0013060930650681257,1.0
nofed,1919,0.0013043478829786181,1.0
nofed,1920,0.0013042573118582368,1.0
nofed,1921,0.0013182024704292417,1.0
nofed,1922,0.0013040810590609908,1.0
nofed,1923,0.0013142189709469676,1.0
nofed,1924,0.0012995840515941381,1.0
nofed,1925,0.0012932006502524018,1.0
nofed,1926,0.0012806255836039782,1.0
nofed,1927,0.001301719807088375,1.0
nofed,1928,0.0012940618908032775,1.0
nofed,1929,0.0012833342188969254,1.0
nofed,1930,0.0012963160406798124,1.0
nofed,1931,0.001278551178984344,1.0
nofed,1932,0.0012670462019741535,1.0
nofed,1933,0.0012960489839315414,1.0
nofed,1934,0.001298329560086131,1.0
nofed,1935,0.001275181188248098,1.0
nofed,1936,0.0012774993665516376,1.0
nofed,1937,0.0012746585998684168,1.0
nofed,1938,0.0012810229090973735,1.0
nofed,1939,0.0012491106754168868,1.0
nofed,1940,0.0012415878009051085,1.0
nofed,1941,0.0012434530071914196,1.0
nofed,1942,0.0012534464476630092,1.0
nofed,1943,0.0012529426021501422,1.0
nofed,1944,0.001253990107215941,1.0
nofed,1945,0.001264236168935895,1.0
nofed,1946,0.001265825587324798,1.0
nofed,1947,0.0012620175257325172,1.0
nofed,1948,0.0012502634199336171,1.0
nofed,1949,0.0012418486876413226,1.0
nofed,1950,0.001253605238161981,1.0
nofed,1951,0.0012549037346616387,1.0
nofed,1952,0.0012326739961281419,1.0
nofed,1953,0.0012397535610944033,1.0
nofed,1954,0.0012415585806593299,1.0
nofed,1955,0.0012435377575457096,1.0
nofed,1956,0.0012316008796915412,1.0
nofed,1957,0.0012191330315545201,1.0
nofed,1958,0.0012060905573889613,1.0
nofed,1959,0.0012124836212024093,1.0
nofed,1960,0.0012177543248981237,1.0
nofed,1961,0.0011911974288523197,1.0
nofed,1962,0.0012108758091926575,1.0
nofed,1963,0.001212847651913762,1.0
nofed,1964,0.0011954476358368993,1.0
nofed,1965,0.0012007133336737752,1.0
nofed,1966,0.0011975421803072095,1.0
nofed,1967,0.001214906806126237,1.0
nofed,1968,0.001208328758366406,1.0
nofed,1969,0.0011942797573283315,1.0
nofed,1970,0.001202304381877184,1.0
nofed,1971,0.0011866637505590916,1.0
nofed,1972,0.0011679967865347862,1.0
nofed,1973,0.0011733847204595804,1.0
nofed,1974,0.001186442794278264,1.0
nofed,1975,0.0011933749774470925,1.0
nofed,1976,0.0011673786211758852,1.0
nofed,1977,0.0011670790845528245,1.0
nofed,1978,0.0011859425576403737,1.0
nofed,1979,0.0012029872741550207,1.0
nofed,1980,0.001178038539364934,1.0
nofed,1981,0.001181720057502389,1.0
nofed,1982,0.0011865049600601196,1.0
nofed,1983,0.0011687029618769884,1.0
nofed,1984,0.0011613084934651852,1.0
nofed,1985,0.0011752843856811523,1.0
nofed,1986,0.0011650044471025467,1.0
nofed,1987,0.0011424575932323933,1.0
nofed,1988,0.0011545404559001327,1.0
nofed,1989,0.001158887636847794,1.0
nofed,1990,0.001137445797212422,1.0
nofed,1991,0.0011575687676668167,1.0
nofed,1992,0.0011605999898165464,1.0
nofed,1993,0.001159023493528366,1.0
nofed,1994,0.0011566393077373505,1.0
nofed,1995,0.0011538757244125009,1.0
nofed,1996,0.001136665465310216,1.0
nofed,1997,0.0011348468251526356,1.0
nofed,1998,0.0011255511781200767,1.0
nofed,1999,0.001136289443820715,1.0
