client,round,loss,accuracy
l_curve_0,1,1.0915840864181519,0.523809552192688
l_curve_0,2,1.054685354232788,0.523809552192688
l_curve_0,3,1.0191748142242432,0.523809552192688
l_curve_0,4,0.9849003553390503,0.523809552192688
l_curve_0,5,0.9522250890731812,0.523809552192688
l_curve_0,6,0.921541690826416,0.523809552192688
l_curve_0,7,0.892459511756897,0.523809552192688
l_curve_0,8,0.8648870587348938,0.523809552192688
l_curve_0,9,0.839203953742981,0.523809552192688
l_curve_0,10,0.8153542280197144,0.523809552192688
l_curve_0,11,0.7931574583053589,0.523809552192688
l_curve_0,12,0.7727451324462891,0.523809552192688
l_curve_0,13,0.7540079951286316,0.5714285969734192
l_curve_0,14,0.7368091344833374,0.6190476417541504
l_curve_0,15,0.7212691307067871,0.6190476417541504
l_curve_0,16,0.7072831988334656,0.6190476417541504
l_curve_0,17,0.6945780515670776,0.6190476417541504
l_curve_0,18,0.6832024455070496,0.6190476417541504
l_curve_0,19,0.6730122566223145,0.6190476417541504
l_curve_0,20,0.6637576222419739,0.6190476417541504
l_curve_0,21,0.6552833318710327,0.6190476417541504
l_curve_0,22,0.6475661993026733,0.6190476417541504
l_curve_0,23,0.6405089497566223,0.6190476417541504
l_curve_0,24,0.6340562701225281,0.6666666865348816
l_curve_0,25,0.6281088590621948,0.6666666865348816
l_curve_0,26,0.6226595044136047,0.6666666865348816
l_curve_0,27,0.6174960136413574,0.7142857313156128
l_curve_0,28,0.6125435829162598,0.7142857313156128
l_curve_0,29,0.6078980565071106,0.7142857313156128
l_curve_0,30,0.6034289002418518,0.7142857313156128
l_curve_0,31,0.5991074442863464,0.7142857313156128
l_curve_0,32,0.5949789881706238,0.7142857313156128
l_curve_0,33,0.590967059135437,0.6666666865348816
l_curve_0,34,0.5870763063430786,0.6666666865348816
l_curve_0,35,0.5832719802856445,0.6666666865348816
l_curve_0,36,0.5794796943664551,0.6666666865348816
l_curve_0,37,0.5757582783699036,0.6666666865348816
l_curve_0,38,0.5721440315246582,0.6666666865348816
l_curve_0,39,0.5685539245605469,0.6190476417541504
l_curve_0,40,0.5650504231452942,0.6190476417541504
l_curve_0,41,0.5615789294242859,0.6190476417541504
l_curve_0,42,0.5581648945808411,0.6190476417541504
l_curve_0,43,0.5547962188720703,0.6190476417541504
l_curve_0,44,0.5514876246452332,0.6190476417541504
l_curve_0,45,0.5481655597686768,0.6190476417541504
l_curve_0,46,0.5449109673500061,0.6190476417541504
l_curve_0,47,0.5416936278343201,0.6190476417541504
l_curve_0,48,0.5385058522224426,0.6190476417541504
l_curve_0,49,0.5353607535362244,0.6190476417541504
l_curve_0,50,0.5322350859642029,0.6190476417541504
l_curve_0,51,0.5291610360145569,0.6190476417541504
l_curve_0,52,0.5261232256889343,0.6190476417541504
l_curve_0,53,0.5231335759162903,0.6190476417541504
l_curve_0,54,0.5201553106307983,0.6190476417541504
l_curve_0,55,0.5171833038330078,0.6190476417541504
l_curve_0,56,0.5142655372619629,0.6190476417541504
l_curve_0,57,0.5113463401794434,0.6190476417541504
l_curve_0,58,0.5084829926490784,0.6190476417541504
l_curve_0,59,0.5056643486022949,0.6190476417541504
l_curve_0,60,0.5028650164604187,0.6190476417541504
l_curve_0,61,0.5001147985458374,0.6190476417541504
l_curve_0,62,0.497361958026886,0.6666666865348816
l_curve_0,63,0.4946422576904297,0.6666666865348816
l_curve_0,64,0.49193301796913147,0.6666666865348816
l_curve_0,65,0.48927098512649536,0.6666666865348816
l_curve_0,66,0.4866633713245392,0.6666666865348816
l_curve_0,67,0.4840734601020813,0.6666666865348816
l_curve_0,68,0.4815499782562256,0.6666666865348816
l_curve_0,69,0.4790811538696289,0.6666666865348816
l_curve_0,70,0.4765988290309906,0.6666666865348816
l_curve_0,71,0.4741428792476654,0.6666666865348816
l_curve_0,72,0.4717227518558502,0.6666666865348816
l_curve_0,73,0.46934664249420166,0.6666666865348816
l_curve_0,74,0.46700841188430786,0.6666666865348816
l_curve_0,75,0.46465030312538147,0.6666666865348816
l_curve_0,76,0.46228235960006714,0.6666666865348816
l_curve_0,77,0.45993492007255554,0.6666666865348816
l_curve_0,78,0.4576680362224579,0.6666666865348816
l_curve_0,79,0.45538094639778137,0.6666666865348816
l_curve_0,80,0.4531041979789734,0.7142857313156128
l_curve_0,81,0.4508626163005829,0.7142857313156128
l_curve_0,82,0.44863009452819824,0.7142857313156128
l_curve_0,83,0.4463942348957062,0.7142857313156128
l_curve_0,84,0.44416218996047974,0.7142857313156128
l_curve_0,85,0.4419439733028412,0.7142857313156128
l_curve_0,86,0.4397854506969452,0.7142857313156128
l_curve_0,87,0.4375850260257721,0.7142857313156128
l_curve_0,88,0.435395747423172,0.7142857313156128
l_curve_0,89,0.43322092294692993,0.7142857313156128
l_curve_0,90,0.4310058057308197,0.7142857313156128
l_curve_0,91,0.4288175702095032,0.7142857313156128
l_curve_0,92,0.4266815781593323,0.7142857313156128
l_curve_0,93,0.42448824644088745,0.7142857313156128
l_curve_0,94,0.4223089814186096,0.7142857313156128
l_curve_0,95,0.4201582074165344,0.7142857313156128
l_curve_0,96,0.4179312288761139,0.7142857313156128
l_curve_0,97,0.4157050848007202,0.7142857313156128
l_curve_0,98,0.41353416442871094,0.761904776096344
l_curve_0,99,0.4113941192626953,0.761904776096344
l_curve_0,100,0.4091499447822571,0.761904776096344
l_curve_0,101,0.40687787532806396,0.761904776096344
l_curve_0,102,0.4046022891998291,0.761904776096344
l_curve_0,103,0.4022749960422516,0.761904776096344
l_curve_0,104,0.39996951818466187,0.761904776096344
l_curve_0,105,0.39763274788856506,0.761904776096344
l_curve_0,106,0.3953026235103607,0.761904776096344
l_curve_0,107,0.39299148321151733,0.761904776096344
l_curve_0,108,0.3905394375324249,0.761904776096344
l_curve_0,109,0.3880584239959717,0.8095238208770752
l_curve_0,110,0.3855292797088623,0.8095238208770752
l_curve_0,111,0.3830353915691376,0.8095238208770752
l_curve_0,112,0.38046586513519287,0.8095238208770752
l_curve_0,113,0.3778725564479828,0.8095238208770752
l_curve_0,114,0.37522706389427185,0.8095238208770752
l_curve_0,115,0.3726164400577545,0.8095238208770752
l_curve_0,116,0.3700086176395416,0.8095238208770752
l_curve_0,117,0.36739104986190796,0.8095238208770752
l_curve_0,118,0.3647124171257019,0.8095238208770752
l_curve_0,119,0.3620425760746002,0.8095238208770752
l_curve_0,120,0.3593203127384186,0.8095238208770752
l_curve_0,121,0.3566017746925354,0.8095238208770752
l_curve_0,122,0.3539077937602997,0.8095238208770752
l_curve_0,123,0.3512086868286133,0.8095238208770752
l_curve_0,124,0.34847328066825867,0.8095238208770752
l_curve_0,125,0.3457585573196411,0.8095238208770752
l_curve_0,126,0.34308865666389465,0.8095238208770752
l_curve_0,127,0.3403700292110443,0.8571428656578064
l_curve_0,128,0.3376332223415375,0.8571428656578064
l_curve_0,129,0.33492791652679443,0.8571428656578064
l_curve_0,130,0.3322545886039734,0.8571428656578064
l_curve_0,131,0.3295777440071106,0.8571428656578064
l_curve_0,132,0.32697242498397827,0.8571428656578064
l_curve_0,133,0.32440340518951416,0.8571428656578064
l_curve_0,134,0.3219042718410492,0.8571428656578064
l_curve_0,135,0.3194531500339508,0.8571428656578064
l_curve_0,136,0.31700968742370605,0.8571428656578064
l_curve_0,137,0.31464409828186035,0.8571428656578064
l_curve_0,138,0.3122686743736267,0.8571428656578064
l_curve_0,139,0.30992940068244934,0.8571428656578064
l_curve_0,140,0.3076407015323639,0.8571428656578064
l_curve_0,141,0.305442214012146,0.8571428656578064
l_curve_0,142,0.3032743036746979,0.8571428656578064
l_curve_0,143,0.30111953616142273,0.8571428656578064
l_curve_0,144,0.2990119457244873,0.8571428656578064
l_curve_0,145,0.29696863889694214,0.8571428656578064
l_curve_0,146,0.2949564754962921,0.8571428656578064
l_curve_0,147,0.29296165704727173,0.8571428656578064
l_curve_0,148,0.29104915261268616,0.8571428656578064
l_curve_0,149,0.28923529386520386,0.8571428656578064
l_curve_0,150,0.2874331474304199,0.8571428656578064
l_curve_0,151,0.28566455841064453,0.8571428656578064
l_curve_0,152,0.28390955924987793,0.8571428656578064
l_curve_0,153,0.28221240639686584,0.8571428656578064
l_curve_0,154,0.280539870262146,0.8571428656578064
l_curve_0,155,0.27894869446754456,0.8571428656578064
l_curve_0,156,0.2773749828338623,0.8571428656578064
l_curve_0,157,0.2758241295814514,0.8571428656578064
l_curve_0,158,0.2743402123451233,0.8571428656578064
l_curve_0,159,0.2728736400604248,0.8571428656578064
l_curve_0,160,0.2714526057243347,0.8571428656578064
l_curve_0,161,0.2700927257537842,0.8571428656578064
l_curve_0,162,0.2688169479370117,0.8571428656578064
l_curve_0,163,0.26753267645835876,0.8571428656578064
l_curve_0,164,0.2661953866481781,0.8571428656578064
l_curve_0,165,0.2649024724960327,0.8571428656578064
l_curve_0,166,0.2636911869049072,0.8571428656578064
l_curve_0,167,0.26252999901771545,0.8571428656578064
l_curve_0,168,0.26141053438186646,0.8571428656578064
l_curve_0,169,0.26031965017318726,0.8571428656578064
l_curve_0,170,0.25929054617881775,0.8571428656578064
l_curve_0,171,0.2582348883152008,0.8571428656578064
l_curve_0,172,0.2571941912174225,0.8571428656578064
l_curve_0,173,0.25626322627067566,0.8571428656578064
l_curve_0,174,0.255360871553421,0.8571428656578064
l_curve_0,175,0.25448504090309143,0.8571428656578064
l_curve_0,176,0.25358232855796814,0.8571428656578064
l_curve_0,177,0.25271227955818176,0.8571428656578064
l_curve_0,178,0.25185689330101013,0.8571428656578064
l_curve_0,179,0.2510042190551758,0.8571428656578064
l_curve_0,180,0.2502840459346771,0.8571428656578064
l_curve_0,181,0.24953702092170715,0.8571428656578064
l_curve_0,182,0.24885441362857819,0.8571428656578064
l_curve_0,183,0.24814358353614807,0.8571428656578064
l_curve_0,184,0.24752238392829895,0.8571428656578064
l_curve_0,185,0.2469143122434616,0.8571428656578064
l_curve_0,186,0.2462509721517563,0.8571428656578064
l_curve_0,187,0.245579332113266,0.8571428656578064
l_curve_0,188,0.2449941635131836,0.8571428656578064
l_curve_0,189,0.24432699382305145,0.8571428656578064
l_curve_0,190,0.24374301731586456,0.8571428656578064
l_curve_0,191,0.24319589138031006,0.8571428656578064
l_curve_0,192,0.24268177151679993,0.8571428656578064
l_curve_0,193,0.24211493134498596,0.8571428656578064
l_curve_0,194,0.24156686663627625,0.8571428656578064
l_curve_0,195,0.24096561968326569,0.8571428656578064
l_curve_0,196,0.24043643474578857,0.8571428656578064
l_curve_0,197,0.23985719680786133,0.8571428656578064
l_curve_0,198,0.2394600361585617,0.8571428656578064
l_curve_0,199,0.2389439344406128,0.8571428656578064
l_curve_0,200,0.23844191431999207,0.8571428656578064
l_curve_0,201,0.23801873624324799,0.8571428656578064
l_curve_0,202,0.2376640886068344,0.8571428656578064
l_curve_0,203,0.23723293840885162,0.8571428656578064
l_curve_0,204,0.23677730560302734,0.8571428656578064
l_curve_0,205,0.23637083172798157,0.8571428656578064
l_curve_0,206,0.23595719039440155,0.8571428656578064
l_curve_0,207,0.23553717136383057,0.8571428656578064
l_curve_0,208,0.2351963222026825,0.8571428656578064
l_curve_0,209,0.23489387333393097,0.8571428656578064
l_curve_0,210,0.234641894698143,0.8571428656578064
l_curve_0,211,0.23429086804389954,0.8571428656578064
l_curve_0,212,0.2340218424797058,0.8571428656578064
l_curve_0,213,0.2337363064289093,0.8571428656578064
l_curve_0,214,0.23333756625652313,0.8571428656578064
l_curve_0,215,0.23295705020427704,0.8571428656578064
l_curve_0,216,0.23257091641426086,0.8571428656578064
l_curve_0,217,0.2322482168674469,0.8571428656578064
l_curve_0,218,0.23194637894630432,0.8571428656578064
l_curve_0,219,0.23160907626152039,0.8571428656578064
l_curve_0,220,0.23131664097309113,0.8571428656578064
l_curve_0,221,0.23097935318946838,0.8571428656578064
l_curve_0,222,0.23071102797985077,0.8571428656578064
l_curve_0,223,0.23046009242534637,0.8571428656578064
l_curve_0,224,0.2301945686340332,0.8571428656578064
l_curve_0,225,0.22996947169303894,0.8571428656578064
l_curve_0,226,0.22973719239234924,0.8571428656578064
l_curve_0,227,0.22951415181159973,0.8571428656578064
l_curve_0,228,0.2292778193950653,0.8571428656578064
l_curve_0,229,0.22899536788463593,0.8571428656578064
l_curve_0,230,0.22875268757343292,0.8571428656578064
l_curve_0,231,0.22846321761608124,0.8571428656578064
l_curve_0,232,0.22813783586025238,0.8571428656578064
l_curve_0,233,0.22781503200531006,0.8571428656578064
l_curve_0,234,0.22758224606513977,0.8571428656578064
l_curve_0,235,0.22728821635246277,0.8571428656578064
l_curve_0,236,0.22699716687202454,0.8571428656578064
l_curve_0,237,0.22675371170043945,0.8571428656578064
l_curve_0,238,0.2264559119939804,0.8571428656578064
l_curve_0,239,0.22625061869621277,0.8571428656578064
l_curve_0,240,0.22598369419574738,0.8571428656578064
l_curve_0,241,0.2257002890110016,0.8571428656578064
l_curve_0,242,0.22544944286346436,0.8571428656578064
l_curve_0,243,0.2251853197813034,0.8571428656578064
l_curve_0,244,0.22497303783893585,0.8571428656578064
l_curve_0,245,0.22466318309307098,0.8571428656578064
l_curve_0,246,0.22429543733596802,0.8571428656578064
l_curve_0,247,0.22386737167835236,0.8571428656578064
l_curve_0,248,0.22350002825260162,0.8571428656578064
l_curve_0,249,0.22316038608551025,0.8571428656578064
l_curve_0,250,0.22296719253063202,0.8571428656578064
l_curve_0,251,0.22262732684612274,0.8571428656578064
l_curve_0,252,0.2223140001296997,0.8571428656578064
l_curve_0,253,0.22206054627895355,0.8571428656578064
l_curve_0,254,0.22185693681240082,0.8571428656578064
l_curve_0,255,0.22165779769420624,0.8571428656578064
l_curve_0,256,0.22144708037376404,0.8571428656578064
l_curve_0,257,0.2211945801973343,0.8571428656578064
l_curve_0,258,0.22090734541416168,0.8571428656578064
l_curve_0,259,0.22056643664836884,0.8571428656578064
l_curve_0,260,0.2202349603176117,0.8571428656578064
l_curve_0,261,0.21986024081707,0.8571428656578064
l_curve_0,262,0.21962851285934448,0.8571428656578064
l_curve_0,263,0.21939685940742493,0.8571428656578064
l_curve_0,264,0.2191212922334671,0.8571428656578064
l_curve_0,265,0.2187676727771759,0.8571428656578064
l_curve_0,266,0.2184835821390152,0.8571428656578064
l_curve_0,267,0.21809829771518707,0.8571428656578064
l_curve_0,268,0.2177252322435379,0.8571428656578064
l_curve_0,269,0.2174944430589676,0.8571428656578064
l_curve_0,270,0.21728549897670746,0.8571428656578064
l_curve_0,271,0.2169508934020996,0.8571428656578064
l_curve_0,272,0.21664202213287354,0.8571428656578064
l_curve_0,273,0.21633203327655792,0.8571428656578064
l_curve_0,274,0.2159987837076187,0.8571428656578064
l_curve_0,275,0.2156408578157425,0.8571428656578064
l_curve_0,276,0.21524207293987274,0.8571428656578064
l_curve_0,277,0.21486732363700867,0.8571428656578064
l_curve_0,278,0.21446895599365234,0.8571428656578064
l_curve_0,279,0.21420694887638092,0.8571428656578064
l_curve_0,280,0.21391943097114563,0.8571428656578064
l_curve_0,281,0.21362942457199097,0.8571428656578064
l_curve_0,282,0.213447704911232,0.8571428656578064
l_curve_0,283,0.21316632628440857,0.8571428656578064
l_curve_0,284,0.21287047863006592,0.8571428656578064
l_curve_0,285,0.21243758499622345,0.8571428656578064
l_curve_0,286,0.21200764179229736,0.8571428656578064
l_curve_0,287,0.211692214012146,0.8571428656578064
l_curve_0,288,0.21135251224040985,0.8571428656578064
l_curve_0,289,0.21104994416236877,0.8571428656578064
l_curve_0,290,0.2107847034931183,0.8571428656578064
l_curve_0,291,0.21050192415714264,0.8571428656578064
l_curve_0,292,0.21024630963802338,0.8571428656578064
l_curve_0,293,0.20996150374412537,0.8571428656578064
l_curve_0,294,0.20964054763317108,0.8571428656578064
l_curve_0,295,0.2093368023633957,0.8571428656578064
l_curve_0,296,0.20898683369159698,0.8571428656578064
l_curve_0,297,0.2087152600288391,0.8571428656578064
l_curve_0,298,0.20841632783412933,0.8571428656578064
l_curve_0,299,0.2081327885389328,0.8571428656578064
l_curve_0,300,0.20776315033435822,0.8571428656578064
l_curve_0,301,0.20742389559745789,0.8571428656578064
l_curve_0,302,0.2071213722229004,0.8571428656578064
l_curve_0,303,0.2067985087633133,0.8571428656578064
l_curve_0,304,0.20648987591266632,0.8571428656578064
l_curve_0,305,0.20607216656208038,0.8571428656578064
l_curve_0,306,0.20569416880607605,0.8571428656578064
l_curve_0,307,0.20532695949077606,0.8571428656578064
l_curve_0,308,0.2050003558397293,0.8571428656578064
l_curve_0,309,0.204733207821846,0.9047619104385376
l_curve_0,310,0.2044970691204071,0.9047619104385376
l_curve_0,311,0.20423337817192078,0.9047619104385376
l_curve_0,312,0.20396843552589417,0.9047619104385376
l_curve_0,313,0.20361804962158203,0.9047619104385376
l_curve_0,314,0.20326389372348785,0.9047619104385376
l_curve_0,315,0.20294298231601715,0.9047619104385376
l_curve_0,316,0.20253193378448486,0.9047619104385376
l_curve_0,317,0.20220234990119934,0.9047619104385376
l_curve_0,318,0.201978862285614,0.9047619104385376
l_curve_0,319,0.20170648396015167,0.9047619104385376
l_curve_0,320,0.20133645832538605,0.9047619104385376
l_curve_0,321,0.20092837512493134,0.9047619104385376
l_curve_0,322,0.20059894025325775,0.9047619104385376
l_curve_0,323,0.20022305846214294,0.9047619104385376
l_curve_0,324,0.19982224702835083,0.9047619104385376
l_curve_0,325,0.1994723379611969,0.9047619104385376
l_curve_0,326,0.19918619096279144,0.9047619104385376
l_curve_0,327,0.19889341294765472,0.9047619104385376
l_curve_0,328,0.1986451894044876,0.9047619104385376
l_curve_0,329,0.19839932024478912,0.9047619104385376
l_curve_0,330,0.19815842807292938,0.9047619104385376
l_curve_0,331,0.19772779941558838,0.9047619104385376
l_curve_0,332,0.19731980562210083,0.9047619104385376
l_curve_0,333,0.19700510799884796,0.9047619104385376
l_curve_0,334,0.19661656022071838,0.9047619104385376
l_curve_0,335,0.19622738659381866,0.9047619104385376
l_curve_0,336,0.19592325389385223,0.9047619104385376
l_curve_0,337,0.19560155272483826,0.9047619104385376
l_curve_0,338,0.1952824592590332,0.9047619104385376
l_curve_0,339,0.19502873718738556,0.9047619104385376
l_curve_0,340,0.1946989893913269,0.9047619104385376
l_curve_0,341,0.19426091015338898,0.9047619104385376
l_curve_0,342,0.19389191269874573,0.9047619104385376
l_curve_0,343,0.19353272020816803,0.9047619104385376
l_curve_0,344,0.19330771267414093,0.9047619104385376
l_curve_0,345,0.19296707212924957,0.9047619104385376
l_curve_0,346,0.19269241392612457,0.9047619104385376
l_curve_0,347,0.1923045814037323,0.9047619104385376
l_curve_0,348,0.19199402630329132,0.9047619104385376
l_curve_0,349,0.19152984023094177,0.9047619104385376
l_curve_0,350,0.19113363325595856,0.9047619104385376
l_curve_0,351,0.19092723727226257,0.9047619104385376
l_curve_0,352,0.19062696397304535,0.9047619104385376
l_curve_0,353,0.19019140303134918,0.9047619104385376
l_curve_0,354,0.18982809782028198,0.9047619104385376
l_curve_0,355,0.18950635194778442,0.9047619104385376
l_curve_0,356,0.18915808200836182,0.9047619104385376
l_curve_0,357,0.18881966173648834,0.9047619104385376
l_curve_0,358,0.18837471306324005,0.9047619104385376
l_curve_0,359,0.18794012069702148,0.9047619104385376
l_curve_0,360,0.1875779926776886,0.9047619104385376
l_curve_0,361,0.18729913234710693,0.9047619104385376
l_curve_0,362,0.18692202866077423,0.9047619104385376
l_curve_0,363,0.1864689737558365,0.9047619104385376
l_curve_0,364,0.1860983967781067,0.9047619104385376
l_curve_0,365,0.18573355674743652,0.9047619104385376
l_curve_0,366,0.1854066550731659,0.9047619104385376
l_curve_0,367,0.18501709401607513,0.9047619104385376
l_curve_0,368,0.18463976681232452,0.9047619104385376
l_curve_0,369,0.1843075007200241,0.9047619104385376
l_curve_0,370,0.18386393785476685,0.9047619104385376
l_curve_0,371,0.18347179889678955,0.9047619104385376
l_curve_0,372,0.1831175535917282,0.9047619104385376
l_curve_0,373,0.18280503153800964,0.9047619104385376
l_curve_0,374,0.1824854612350464,0.9047619104385376
l_curve_0,375,0.18204352259635925,0.9047619104385376
l_curve_0,376,0.18160100281238556,0.9047619104385376
l_curve_0,377,0.1812211275100708,0.9047619104385376
l_curve_0,378,0.18087224662303925,0.9047619104385376
l_curve_0,379,0.18046672642230988,0.9047619104385376
l_curve_0,380,0.18011166155338287,0.9047619104385376
l_curve_0,381,0.17973434925079346,0.9047619104385376
l_curve_0,382,0.17927081882953644,0.9047619104385376
l_curve_0,383,0.17885389924049377,0.9047619104385376
l_curve_0,384,0.17844288051128387,0.9047619104385376
l_curve_0,385,0.17806078493595123,0.9047619104385376
l_curve_0,386,0.17768079042434692,0.9047619104385376
l_curve_0,387,0.17731311917304993,0.9047619104385376
l_curve_0,388,0.1769615262746811,0.9047619104385376
l_curve_0,389,0.17662517726421356,0.9047619104385376
l_curve_0,390,0.17621681094169617,0.9047619104385376
l_curve_0,391,0.1757693588733673,0.9047619104385376
l_curve_0,392,0.17537428438663483,0.9047619104385376
l_curve_0,393,0.1749853789806366,0.9047619104385376
l_curve_0,394,0.17462623119354248,0.9047619104385376
l_curve_0,395,0.17421257495880127,0.9047619104385376
l_curve_0,396,0.1738353818655014,0.9047619104385376
l_curve_0,397,0.17344307899475098,0.9047619104385376
l_curve_0,398,0.17308828234672546,0.9047619104385376
l_curve_0,399,0.17269767820835114,0.9047619104385376
l_curve_0,400,0.17232029139995575,0.9047619104385376
l_curve_0,401,0.17187975347042084,0.9047619104385376
l_curve_0,402,0.1713634878396988,0.9047619104385376
l_curve_0,403,0.17088580131530762,0.9523809552192688
l_curve_0,404,0.17043372988700867,0.9523809552192688
l_curve_0,405,0.17002736032009125,0.9523809552192688
l_curve_0,406,0.1696539968252182,0.9523809552192688
l_curve_0,407,0.16922947764396667,0.9523809552192688
l_curve_0,408,0.16877052187919617,0.9523809552192688
l_curve_0,409,0.16834905743598938,0.9523809552192688
l_curve_0,410,0.16796019673347473,0.9523809552192688
l_curve_0,411,0.16756370663642883,0.9523809552192688
l_curve_0,412,0.1672167032957077,0.9523809552192688
l_curve_0,413,0.1667872965335846,0.9523809552192688
l_curve_0,414,0.16639739274978638,0.9523809552192688
l_curve_0,415,0.16599881649017334,0.9523809552192688
l_curve_0,416,0.1655723601579666,0.9523809552192688
l_curve_0,417,0.16519714891910553,0.9523809552192688
l_curve_0,418,0.1648230254650116,0.9523809552192688
l_curve_0,419,0.16438418626785278,0.9523809552192688
l_curve_0,420,0.1640118956565857,0.9523809552192688
l_curve_0,421,0.16368110477924347,0.9523809552192688
l_curve_0,422,0.16327574849128723,0.9523809552192688
l_curve_0,423,0.1628609597682953,0.9523809552192688
l_curve_0,424,0.162465438246727,0.9523809552192688
l_curve_0,425,0.16206471621990204,0.9523809552192688
l_curve_0,426,0.16153481602668762,0.9523809552192688
l_curve_0,427,0.16107222437858582,0.9523809552192688
l_curve_0,428,0.16065143048763275,0.9523809552192688
l_curve_0,429,0.1603274941444397,0.9523809552192688
l_curve_0,430,0.1598968505859375,0.9523809552192688
l_curve_0,431,0.15946276485919952,0.9523809552192688
l_curve_0,432,0.15908387303352356,0.9523809552192688
l_curve_0,433,0.15867425501346588,0.9523809552192688
l_curve_0,434,0.15831756591796875,0.9523809552192688
l_curve_0,435,0.15792496502399445,0.9523809552192688
l_curve_0,436,0.15745489299297333,0.9523809552192688
l_curve_0,437,0.15701496601104736,0.9523809552192688
l_curve_0,438,0.15654495358467102,0.9523809552192688
l_curve_0,439,0.1561390608549118,0.9523809552192688
l_curve_0,440,0.15575993061065674,0.9523809552192688
l_curve_0,441,0.1552600860595703,0.9523809552192688
l_curve_0,442,0.1547902375459671,0.9523809552192688
l_curve_0,443,0.15440337359905243,0.9523809552192688
l_curve_0,444,0.15396611392498016,0.9523809552192688
l_curve_0,445,0.15354254841804504,0.9523809552192688
l_curve_0,446,0.15306632220745087,0.9523809552192688
l_curve_0,447,0.15263397991657257,0.9523809552192688
l_curve_0,448,0.1522480696439743,0.9523809552192688
l_curve_0,449,0.15179991722106934,0.9523809552192688
l_curve_0,450,0.15143641829490662,0.9523809552192688
l_curve_0,451,0.15098299086093903,0.9523809552192688
l_curve_0,452,0.15053004026412964,0.9523809552192688
l_curve_0,453,0.15008486807346344,0.9523809552192688
l_curve_0,454,0.14963692426681519,0.9523809552192688
l_curve_0,455,0.14930012822151184,0.9523809552192688
l_curve_0,456,0.14889846742153168,0.9523809552192688
l_curve_0,457,0.14837151765823364,0.9523809552192688
l_curve_0,458,0.14793364703655243,0.9523809552192688
l_curve_0,459,0.1475115716457367,0.9523809552192688
l_curve_0,460,0.14716880023479462,1.0
l_curve_0,461,0.1467815488576889,1.0
l_curve_0,462,0.14631693065166473,1.0
l_curve_0,463,0.145843505859375,1.0
l_curve_0,464,0.1453789323568344,1.0
l_curve_0,465,0.14490580558776855,1.0
l_curve_0,466,0.14444240927696228,1.0
l_curve_0,467,0.14401566982269287,1.0
l_curve_0,468,0.14365309476852417,1.0
l_curve_0,469,0.14325714111328125,1.0
l_curve_0,470,0.1429435908794403,1.0
l_curve_0,471,0.14252854883670807,1.0
l_curve_0,472,0.14205992221832275,1.0
l_curve_0,473,0.14161188900470734,1.0
l_curve_0,474,0.1411495804786682,1.0
l_curve_0,475,0.14069971442222595,1.0
l_curve_0,476,0.14037278294563293,1.0
l_curve_0,477,0.13995006680488586,1.0
l_curve_0,478,0.1394818276166916,1.0
l_curve_0,479,0.1390507072210312,1.0
l_curve_0,480,0.138615682721138,1.0
l_curve_0,481,0.1381208300590515,1.0
l_curve_0,482,0.13762091100215912,1.0
l_curve_0,483,0.13727527856826782,1.0
l_curve_0,484,0.13684433698654175,1.0
l_curve_0,485,0.1363799273967743,1.0
l_curve_0,486,0.13591493666172028,1.0
l_curve_0,487,0.13547798991203308,1.0
l_curve_0,488,0.13508816063404083,1.0
l_curve_0,489,0.13471800088882446,1.0
l_curve_0,490,0.13435494899749756,1.0
l_curve_0,491,0.13391949236392975,1.0
l_curve_0,492,0.1334717869758606,1.0
l_curve_0,493,0.1331426352262497,1.0
l_curve_0,494,0.13276100158691406,1.0
l_curve_0,495,0.1323442906141281,1.0
l_curve_0,496,0.13206644356250763,1.0
l_curve_0,497,0.13164980709552765,1.0
l_curve_0,498,0.13127180933952332,1.0
l_curve_0,499,0.1307666003704071,1.0
l_curve_0,500,0.13029558956623077,1.0
l_curve_0,501,0.12983708083629608,1.0
l_curve_0,502,0.1293613612651825,1.0
l_curve_0,503,0.1289784163236618,1.0
l_curve_0,504,0.12864606082439423,1.0
l_curve_0,505,0.128306046128273,1.0
l_curve_0,506,0.127995565533638,1.0
l_curve_0,507,0.12761983275413513,1.0
l_curve_0,508,0.1272047758102417,1.0
l_curve_0,509,0.12665414810180664,1.0
l_curve_0,510,0.12616536021232605,1.0
l_curve_0,511,0.12569141387939453,1.0
l_curve_0,512,0.1252499669790268,1.0
l_curve_0,513,0.12480876594781876,1.0
l_curve_0,514,0.12438678741455078,1.0
l_curve_0,515,0.1239946037530899,1.0
l_curve_0,516,0.12355323135852814,1.0
l_curve_0,517,0.12312228232622147,1.0
l_curve_0,518,0.1228005662560463,1.0
l_curve_0,519,0.12244842201471329,1.0
l_curve_0,520,0.1220739558339119,1.0
l_curve_0,521,0.12166476249694824,1.0
l_curve_0,522,0.12124986946582794,1.0
l_curve_0,523,0.12091187387704849,1.0
l_curve_0,524,0.12059000879526138,1.0
l_curve_0,525,0.12020843476057053,1.0
l_curve_0,526,0.11980132758617401,1.0
l_curve_0,527,0.11934804916381836,1.0
l_curve_0,528,0.11895329505205154,1.0
l_curve_0,529,0.11860454827547073,1.0
l_curve_0,530,0.11831261217594147,1.0
l_curve_0,531,0.11796921491622925,1.0
l_curve_0,532,0.11762946844100952,1.0
l_curve_0,533,0.11726698279380798,1.0
l_curve_0,534,0.11683134734630585,1.0
l_curve_0,535,0.11642644554376602,1.0
l_curve_0,536,0.11608869582414627,1.0
l_curve_0,537,0.11565286666154861,1.0
l_curve_0,538,0.11528008431196213,1.0
l_curve_0,539,0.11488483101129532,1.0
l_curve_0,540,0.11452421545982361,1.0
l_curve_0,541,0.11427508294582367,1.0
l_curve_0,542,0.11403107643127441,1.0
l_curve_0,543,0.11373233795166016,1.0
l_curve_0,544,0.11328734457492828,1.0
l_curve_0,545,0.11292663961648941,1.0
l_curve_0,546,0.11250486969947815,1.0
l_curve_0,547,0.11212853342294693,1.0
l_curve_0,548,0.11185982078313828,1.0
l_curve_0,549,0.11152426153421402,1.0
l_curve_0,550,0.11117573827505112,1.0
l_curve_0,551,0.11071604490280151,1.0
l_curve_0,552,0.11025291681289673,1.0
l_curve_0,553,0.10988612473011017,1.0
l_curve_0,554,0.10941626131534576,1.0
l_curve_0,555,0.10908090323209763,1.0
l_curve_0,556,0.10870833694934845,1.0
l_curve_0,557,0.10834726691246033,1.0
l_curve_0,558,0.10798252373933792,1.0
l_curve_0,559,0.10762997716665268,1.0
l_curve_0,560,0.10732182115316391,1.0
l_curve_0,561,0.10698429495096207,1.0
l_curve_0,562,0.10669411718845367,1.0
l_curve_0,563,0.10642220824956894,1.0
l_curve_0,564,0.10601843148469925,1.0
l_curve_0,565,0.1056772843003273,1.0
l_curve_0,566,0.10534035414457321,1.0
l_curve_0,567,0.10503681749105453,1.0
l_curve_0,568,0.10466285049915314,1.0
l_curve_0,569,0.10425841063261032,1.0
l_curve_0,570,0.10401783883571625,1.0
l_curve_0,571,0.10369075834751129,1.0
l_curve_0,572,0.10335863381624222,1.0
l_curve_0,573,0.10292760282754898,1.0
l_curve_0,574,0.10257164388895035,1.0
l_curve_0,575,0.10218910872936249,1.0
l_curve_0,576,0.10192045569419861,1.0
l_curve_0,577,0.10157376527786255,1.0
l_curve_0,578,0.10124750435352325,1.0
l_curve_0,579,0.1009615957736969,1.0
l_curve_0,580,0.10068720579147339,1.0
l_curve_0,581,0.10042929649353027,1.0
l_curve_0,582,0.10012893378734589,1.0
l_curve_0,583,0.09983517229557037,1.0
l_curve_0,584,0.09945449233055115,1.0
l_curve_0,585,0.09912659972906113,1.0
l_curve_0,586,0.09873951226472855,1.0
l_curve_0,587,0.0983157530426979,1.0
l_curve_0,588,0.09805367141962051,1.0
l_curve_0,589,0.09781704843044281,1.0
l_curve_0,590,0.0974654108285904,1.0
l_curve_0,591,0.09717851877212524,1.0
l_curve_0,592,0.09688740968704224,1.0
l_curve_0,593,0.09660705924034119,1.0
l_curve_0,594,0.09627938270568848,1.0
l_curve_0,595,0.09601765871047974,1.0
l_curve_0,596,0.09573221206665039,1.0
l_curve_0,597,0.09545018523931503,1.0
l_curve_0,598,0.09514831006526947,1.0
l_curve_0,599,0.09472110867500305,1.0
l_curve_0,600,0.09435640275478363,1.0
l_curve_0,601,0.09405592828989029,1.0
l_curve_0,602,0.0937141478061676,1.0
l_curve_0,603,0.09337562322616577,1.0
l_curve_0,604,0.0930597186088562,1.0
l_curve_0,605,0.09282325208187103,1.0
l_curve_0,606,0.09258558601140976,1.0
l_curve_0,607,0.09231279790401459,1.0
l_curve_0,608,0.09198812395334244,1.0
l_curve_0,609,0.09170796722173691,1.0
l_curve_0,610,0.09146317094564438,1.0
l_curve_0,611,0.091250479221344,1.0
l_curve_0,612,0.09100989252328873,1.0
l_curve_0,613,0.09074219316244125,1.0
l_curve_0,614,0.09046266973018646,1.0
l_curve_0,615,0.09017311036586761,1.0
l_curve_0,616,0.08985231816768646,1.0
l_curve_0,617,0.08957072347402573,1.0
l_curve_0,618,0.08927075564861298,1.0
l_curve_0,619,0.08899344503879547,1.0
l_curve_0,620,0.08868517726659775,1.0
l_curve_0,621,0.08836346119642258,1.0
l_curve_0,622,0.0880490392446518,1.0
l_curve_0,623,0.08772321045398712,1.0
l_curve_0,624,0.08746939152479172,1.0
l_curve_0,625,0.08724533766508102,1.0
l_curve_0,626,0.08700404316186905,1.0
l_curve_0,627,0.086613729596138,1.0
l_curve_0,628,0.08625795692205429,1.0
l_curve_0,629,0.08600614219903946,1.0
l_curve_0,630,0.08579565584659576,1.0
l_curve_0,631,0.08554452657699585,1.0
l_curve_0,632,0.08536794036626816,1.0
l_curve_0,633,0.08522337675094604,1.0
l_curve_0,634,0.08496731519699097,1.0
l_curve_0,635,0.08464411646127701,1.0
l_curve_0,636,0.08430829644203186,1.0
l_curve_0,637,0.08401057869195938,1.0
l_curve_0,638,0.08376940339803696,1.0
l_curve_0,639,0.08355461061000824,1.0
l_curve_0,640,0.08331748098134995,1.0
l_curve_0,641,0.0831381306052208,1.0
l_curve_0,642,0.08294686675071716,1.0
l_curve_0,643,0.08264056593179703,1.0
l_curve_0,644,0.08236359059810638,1.0
l_curve_0,645,0.08206889778375626,1.0
l_curve_0,646,0.08184579759836197,1.0
l_curve_0,647,0.08162581920623779,1.0
l_curve_0,648,0.08136595785617828,1.0
l_curve_0,649,0.08112326264381409,1.0
l_curve_0,650,0.08083685487508774,1.0
l_curve_0,651,0.08063267171382904,1.0
l_curve_0,652,0.08044922351837158,1.0
l_curve_0,653,0.08019091188907623,1.0
l_curve_0,654,0.07990264892578125,1.0
l_curve_0,655,0.07969637960195541,1.0
l_curve_0,656,0.07949267327785492,1.0
l_curve_0,657,0.07918216288089752,1.0
l_curve_0,658,0.07890688627958298,1.0
l_curve_0,659,0.07862528413534164,1.0
l_curve_0,660,0.07844221591949463,1.0
l_curve_0,661,0.07822713255882263,1.0
l_curve_0,662,0.07798435539007187,1.0
l_curve_0,663,0.07780430465936661,1.0
l_curve_0,664,0.07760940492153168,1.0
l_curve_0,665,0.0773007795214653,1.0
l_curve_0,666,0.07715537399053574,1.0
l_curve_0,667,0.07692974805831909,1.0
l_curve_0,668,0.07662446051836014,1.0
l_curve_0,669,0.0763593316078186,1.0
l_curve_0,670,0.07612239569425583,1.0
l_curve_0,671,0.07590330392122269,1.0
l_curve_0,672,0.07565876096487045,1.0
l_curve_0,673,0.07549301534891129,1.0
l_curve_0,674,0.07527118176221848,1.0
l_curve_0,675,0.07505500316619873,1.0
l_curve_0,676,0.07482097297906876,1.0
l_curve_0,677,0.07470398396253586,1.0
l_curve_0,678,0.07447541505098343,1.0
l_curve_0,679,0.07421015202999115,1.0
l_curve_0,680,0.07393234223127365,1.0
l_curve_0,681,0.07366493344306946,1.0
l_curve_0,682,0.07342526316642761,1.0
l_curve_0,683,0.0732535719871521,1.0
l_curve_0,684,0.07303664833307266,1.0
l_curve_0,685,0.07279223203659058,1.0
l_curve_0,686,0.07259837538003922,1.0
l_curve_0,687,0.07236569374799728,1.0
l_curve_0,688,0.07220102101564407,1.0
l_curve_0,689,0.07197922468185425,1.0
l_curve_0,690,0.071757972240448,1.0
l_curve_0,691,0.07146312296390533,1.0
l_curve_0,692,0.07131572812795639,1.0
l_curve_0,693,0.0711590126156807,1.0
l_curve_0,694,0.07093371450901031,1.0
l_curve_0,695,0.07068295776844025,1.0
l_curve_0,696,0.07048918306827545,1.0
l_curve_0,697,0.07022476196289062,1.0
l_curve_0,698,0.06997450441122055,1.0
l_curve_0,699,0.06975305825471878,1.0
l_curve_0,700,0.06956765800714493,1.0
l_curve_0,701,0.06940529495477676,1.0
l_curve_0,702,0.06923092156648636,1.0
l_curve_0,703,0.06902758032083511,1.0
l_curve_0,704,0.068814717233181,1.0
l_curve_0,705,0.06862203031778336,1.0
l_curve_0,706,0.06843336671590805,1.0
l_curve_0,707,0.06827758997678757,1.0
l_curve_0,708,0.06810887902975082,1.0
l_curve_0,709,0.06793507933616638,1.0
l_curve_0,710,0.0677482858300209,1.0
l_curve_0,711,0.06751401722431183,1.0
l_curve_0,712,0.06730741262435913,1.0
l_curve_0,713,0.06716328859329224,1.0
l_curve_0,714,0.0669991597533226,1.0
l_curve_0,715,0.06681779772043228,1.0
l_curve_0,716,0.06659356504678726,1.0
l_curve_0,717,0.06640690565109253,1.0
l_curve_0,718,0.06620807200670242,1.0
l_curve_0,719,0.06598378717899323,1.0
l_curve_0,720,0.06579045206308365,1.0
l_curve_0,721,0.06564141064882278,1.0
l_curve_0,722,0.06545104086399078,1.0
l_curve_0,723,0.06522402167320251,1.0
l_curve_0,724,0.06500355899333954,1.0
l_curve_0,725,0.06478662043809891,1.0
l_curve_0,726,0.06457378715276718,1.0
l_curve_0,727,0.06434246152639389,1.0
l_curve_0,728,0.06422606855630875,1.0
l_curve_0,729,0.06404994428157806,1.0
l_curve_0,730,0.06392262130975723,1.0
l_curve_0,731,0.063738152384758,1.0
l_curve_0,732,0.06360773742198944,1.0
l_curve_0,733,0.06348620355129242,1.0
l_curve_0,734,0.06330381333827972,1.0
l_curve_0,735,0.06314893811941147,1.0
l_curve_0,736,0.06302729994058609,1.0
l_curve_0,737,0.06294358521699905,1.0
l_curve_0,738,0.06279611587524414,1.0
l_curve_0,739,0.06263134628534317,1.0
l_curve_0,740,0.06248223036527634,1.0
l_curve_0,741,0.06224246695637703,1.0
l_curve_0,742,0.06209053471684456,1.0
l_curve_0,743,0.06191257759928703,1.0
l_curve_0,744,0.06169780716300011,1.0
l_curve_0,745,0.06148618832230568,1.0
l_curve_0,746,0.061391036957502365,1.0
l_curve_0,747,0.06123487278819084,1.0
l_curve_0,748,0.06104741618037224,1.0
l_curve_0,749,0.060847293585538864,1.0
l_curve_0,750,0.06072061508893967,1.0
l_curve_0,751,0.060558948665857315,1.0
l_curve_0,752,0.06032515689730644,1.0
l_curve_0,753,0.060122448951005936,1.0
l_curve_0,754,0.059926312416791916,1.0
l_curve_0,755,0.05973131209611893,1.0
l_curve_0,756,0.059592731297016144,1.0
l_curve_0,757,0.059463489800691605,1.0
l_curve_0,758,0.059338558465242386,1.0
l_curve_0,759,0.059190791100263596,1.0
l_curve_0,760,0.05904383957386017,1.0
l_curve_0,761,0.05887866020202637,1.0
l_curve_0,762,0.058732978999614716,1.0
l_curve_0,763,0.05852481350302696,1.0
l_curve_0,764,0.05831972882151604,1.0
l_curve_0,765,0.0581313781440258,1.0
l_curve_0,766,0.057960521429777145,1.0
l_curve_0,767,0.057843249291181564,1.0
l_curve_0,768,0.057668425142765045,1.0
l_curve_0,769,0.05750652775168419,1.0
l_curve_0,770,0.05733026936650276,1.0
l_curve_0,771,0.05713699012994766,1.0
l_curve_0,772,0.05692271888256073,1.0
l_curve_0,773,0.05675840377807617,1.0
l_curve_0,774,0.05661531910300255,1.0
l_curve_0,775,0.056507207453250885,1.0
l_curve_0,776,0.05633371323347092,1.0
l_curve_0,777,0.056150633841753006,1.0
l_curve_0,778,0.055990565568208694,1.0
l_curve_0,779,0.05598898604512215,1.0
l_curve_0,780,0.05586090683937073,1.0
l_curve_0,781,0.05572262778878212,1.0
l_curve_0,782,0.055570073425769806,1.0
l_curve_0,783,0.055376190692186356,1.0
l_curve_0,784,0.05524277687072754,1.0
l_curve_0,785,0.055082667618989944,1.0
l_curve_0,786,0.054975420236587524,1.0
l_curve_0,787,0.05483200401067734,1.0
l_curve_0,788,0.05469464510679245,1.0
l_curve_0,789,0.054591912776231766,1.0
l_curve_0,790,0.05446876958012581,1.0
l_curve_0,791,0.05435694009065628,1.0
l_curve_0,792,0.05422711372375488,1.0
l_curve_0,793,0.05405831336975098,1.0
l_curve_0,794,0.05388511344790459,1.0
l_curve_0,795,0.05374844744801521,1.0
l_curve_0,796,0.05356374382972717,1.0
l_curve_0,797,0.053436391055583954,1.0
l_curve_0,798,0.053295522928237915,1.0
l_curve_0,799,0.053160861134529114,1.0
l_curve_0,800,0.05302223190665245,1.0
l_curve_0,801,0.05288369208574295,1.0
l_curve_0,802,0.05275166034698486,1.0
l_curve_0,803,0.05264538154006004,1.0
l_curve_0,804,0.052595432847738266,1.0
l_curve_0,805,0.052432525902986526,1.0
l_curve_0,806,0.052272729575634,1.0
l_curve_0,807,0.05212833359837532,1.0
l_curve_0,808,0.05195241421461105,1.0
l_curve_0,809,0.051742661744356155,1.0
l_curve_0,810,0.05151352286338806,1.0
l_curve_0,811,0.05132346600294113,1.0
l_curve_0,812,0.05118689686059952,1.0
l_curve_0,813,0.0510542206466198,1.0
l_curve_0,814,0.05094783753156662,1.0
l_curve_0,815,0.050838906317949295,1.0
l_curve_0,816,0.05075976997613907,1.0
l_curve_0,817,0.05062481760978699,1.0
l_curve_0,818,0.05050210654735565,1.0
l_curve_0,819,0.05039909482002258,1.0
l_curve_0,820,0.050247687846422195,1.0
l_curve_0,821,0.05011296272277832,1.0
l_curve_0,822,0.050098396837711334,1.0
l_curve_0,823,0.050066448748111725,1.0
l_curve_0,824,0.04993138834834099,1.0
l_curve_0,825,0.04974723979830742,1.0
l_curve_0,826,0.04957668483257294,1.0
l_curve_0,827,0.04947980120778084,1.0
l_curve_0,828,0.04940181225538254,1.0
l_curve_0,829,0.049279503524303436,1.0
l_curve_0,830,0.04911300167441368,1.0
l_curve_0,831,0.04897724837064743,1.0
l_curve_0,832,0.04880620911717415,1.0
l_curve_0,833,0.04861457645893097,1.0
l_curve_0,834,0.04849759861826897,1.0
l_curve_0,835,0.04835633561015129,1.0
l_curve_0,836,0.04826433211565018,1.0
l_curve_0,837,0.04815110191702843,1.0
l_curve_0,838,0.04803480952978134,1.0
l_curve_0,839,0.04786324501037598,1.0
l_curve_0,840,0.047777675092220306,1.0
l_curve_0,841,0.047675274312496185,1.0
l_curve_0,842,0.04755372554063797,1.0
l_curve_0,843,0.04742630571126938,1.0
l_curve_0,844,0.04730137810111046,1.0
l_curve_0,845,0.04717771336436272,1.0
l_curve_0,846,0.04709463194012642,1.0
l_curve_0,847,0.04695925489068031,1.0
l_curve_0,848,0.04689473658800125,1.0
l_curve_0,849,0.04677809029817581,1.0
l_curve_0,850,0.04661429300904274,1.0
l_curve_0,851,0.04652882367372513,1.0
l_curve_0,852,0.04646661505103111,1.0
l_curve_0,853,0.04630414396524429,1.0
l_curve_0,854,0.04620644822716713,1.0
l_curve_0,855,0.04612891003489494,1.0
l_curve_0,856,0.0459892675280571,1.0
l_curve_0,857,0.04580656811594963,1.0
l_curve_0,858,0.04572790861129761,1.0
l_curve_0,859,0.04561711102724075,1.0
l_curve_0,860,0.04555199295282364,1.0
l_curve_0,861,0.04549238085746765,1.0
l_curve_0,862,0.04534761235117912,1.0
l_curve_0,863,0.04519971087574959,1.0
l_curve_0,864,0.04518213868141174,1.0
l_curve_0,865,0.04513836279511452,1.0
l_curve_0,866,0.045095670968294144,1.0
l_curve_0,867,0.04498226195573807,1.0
l_curve_0,868,0.04485633969306946,1.0
l_curve_0,869,0.04478296637535095,1.0
l_curve_0,870,0.04466882720589638,1.0
l_curve_0,871,0.04453931376338005,1.0
l_curve_0,872,0.044385090470314026,1.0
l_curve_0,873,0.044283490628004074,1.0
l_curve_0,874,0.04417711868882179,1.0
l_curve_0,875,0.0440397746860981,1.0
l_curve_0,876,0.04388205334544182,1.0
l_curve_0,877,0.043770719319581985,1.0
l_curve_0,878,0.043645214289426804,1.0
l_curve_0,879,0.043552592396736145,1.0
l_curve_0,880,0.04346461221575737,1.0
l_curve_0,881,0.043380968272686005,1.0
l_curve_0,882,0.04326933994889259,1.0
l_curve_0,883,0.043092746287584305,1.0
l_curve_0,884,0.043014947324991226,1.0
l_curve_0,885,0.042985957115888596,1.0
l_curve_0,886,0.042995572090148926,1.0
l_curve_0,887,0.042974598705768585,1.0
l_curve_0,888,0.042839180678129196,1.0
l_curve_0,889,0.0426764152944088,1.0
l_curve_0,890,0.04259046912193298,1.0
l_curve_0,891,0.04252475127577782,1.0
l_curve_0,892,0.04239331930875778,1.0
l_curve_0,893,0.042250316590070724,1.0
l_curve_0,894,0.0421510748565197,1.0
l_curve_0,895,0.04208026081323624,1.0
l_curve_0,896,0.04200686886906624,1.0
l_curve_0,897,0.04186910763382912,1.0
l_curve_0,898,0.041772693395614624,1.0
l_curve_0,899,0.041601188480854034,1.0
l_curve_0,900,0.04140370339155197,1.0
l_curve_0,901,0.04133925214409828,1.0
l_curve_0,902,0.04131787270307541,1.0
l_curve_0,903,0.041317302733659744,1.0
l_curve_0,904,0.041229646652936935,1.0
l_curve_0,905,0.04109315574169159,1.0
l_curve_0,906,0.04097435995936394,1.0
l_curve_0,907,0.04094049334526062,1.0
l_curve_0,908,0.040835171937942505,1.0
l_curve_0,909,0.040788691490888596,1.0
l_curve_0,910,0.040700629353523254,1.0
l_curve_0,911,0.04052407294511795,1.0
l_curve_0,912,0.040425170212984085,1.0
l_curve_0,913,0.04040802642703056,1.0
l_curve_0,914,0.0402660146355629,1.0
l_curve_0,915,0.04011809080839157,1.0
l_curve_0,916,0.04002412408590317,1.0
l_curve_0,917,0.04001042619347572,1.0
l_curve_0,918,0.03999532014131546,1.0
l_curve_0,919,0.039887435734272,1.0
l_curve_0,920,0.03979719430208206,1.0
l_curve_0,921,0.039665915071964264,1.0
l_curve_0,922,0.03959960490465164,1.0
l_curve_0,923,0.03948536515235901,1.0
l_curve_0,924,0.03944762051105499,1.0
l_curve_0,925,0.039296120405197144,1.0
l_curve_0,926,0.03923916071653366,1.0
l_curve_0,927,0.03911694884300232,1.0
l_curve_0,928,0.03906802833080292,1.0
l_curve_0,929,0.038929231464862823,1.0
l_curve_0,930,0.038761693984270096,1.0
l_curve_0,931,0.0386289544403553,1.0
l_curve_0,932,0.038556892424821854,1.0
l_curve_0,933,0.038503993302583694,1.0
l_curve_0,934,0.03834903985261917,1.0
l_curve_0,935,0.0382767952978611,1.0
l_curve_0,936,0.038143791258335114,1.0
l_curve_0,937,0.03803432732820511,1.0
l_curve_0,938,0.03799974173307419,1.0
l_curve_0,939,0.03794793784618378,1.0
l_curve_0,940,0.037878211587667465,1.0
l_curve_0,941,0.03778081387281418,1.0
l_curve_0,942,0.03777486830949783,1.0
l_curve_0,943,0.037695884704589844,1.0
l_curve_0,944,0.037576884031295776,1.0
l_curve_0,945,0.03752318397164345,1.0
l_curve_0,946,0.03748760744929314,1.0
l_curve_0,947,0.03742237016558647,1.0
l_curve_0,948,0.037352245301008224,1.0
l_curve_0,949,0.03725678473711014,1.0
l_curve_0,950,0.037167467176914215,1.0
l_curve_0,951,0.03704040125012398,1.0
l_curve_0,952,0.036947865039110184,1.0
l_curve_0,953,0.036893390119075775,1.0
l_curve_0,954,0.036827996373176575,1.0
l_curve_0,955,0.03677357733249664,1.0
l_curve_0,956,0.03675030916929245,1.0
l_curve_0,957,0.03668304905295372,1.0
l_curve_0,958,0.03659697622060776,1.0
l_curve_0,959,0.03650202229619026,1.0
l_curve_0,960,0.036438725888729095,1.0
l_curve_0,961,0.03634100407361984,1.0
l_curve_0,962,0.03623034805059433,1.0
l_curve_0,963,0.03610967472195625,1.0
l_curve_0,964,0.03600337356328964,1.0
l_curve_0,965,0.035910382866859436,1.0
l_curve_0,966,0.0358867347240448,1.0
l_curve_0,967,0.03583730384707451,1.0
l_curve_0,968,0.035798124969005585,1.0
l_curve_0,969,0.035756755620241165,1.0
l_curve_0,970,0.035624708980321884,1.0
l_curve_0,971,0.035453181713819504,1.0
l_curve_0,972,0.03536154702305794,1.0
l_curve_0,973,0.035279981791973114,1.0
l_curve_0,974,0.035256579518318176,1.0
l_curve_0,975,0.035186007618904114,1.0
l_curve_0,976,0.0351300984621048,1.0
l_curve_0,977,0.03503087908029556,1.0
l_curve_0,978,0.03492482751607895,1.0
l_curve_0,979,0.034848615527153015,1.0
l_curve_0,980,0.03473219275474548,1.0
l_curve_0,981,0.034617338329553604,1.0
l_curve_0,982,0.034521546214818954,1.0
l_curve_0,983,0.0344240739941597,1.0
l_curve_0,984,0.034441761672496796,1.0
l_curve_0,985,0.034449465572834015,1.0
l_curve_0,986,0.034391406923532486,1.0
l_curve_0,987,0.034309618175029755,1.0
l_curve_0,988,0.03419551998376846,1.0
l_curve_0,989,0.03410685062408447,1.0
l_curve_0,990,0.03404492884874344,1.0
l_curve_0,991,0.034028369933366776,1.0
l_curve_0,992,0.03396909683942795,1.0
l_curve_0,993,0.03394163399934769,1.0
l_curve_0,994,0.03386635705828667,1.0
l_curve_0,995,0.033809565007686615,1.0
l_curve_0,996,0.03373880684375763,1.0
l_curve_0,997,0.033627960830926895,1.0
l_curve_0,998,0.03348264470696449,1.0
l_curve_0,999,0.033373937010765076,1.0
l_curve_0,1000,0.03341556340456009,1.0
l_curve_0,1000,0.03341556340456009,1.0
