client,round,loss,accuracy
l_curve_0,1,0.6838542222976685,0.523809552192688
l_curve_0,2,0.6786772608757019,0.523809552192688
l_curve_0,3,0.6736419796943665,0.523809552192688
l_curve_0,4,0.6685594320297241,0.523809552192688
l_curve_0,5,0.6633355617523193,0.523809552192688
l_curve_0,6,0.6579697728157043,0.523809552192688
l_curve_0,7,0.652428388595581,0.523809552192688
l_curve_0,8,0.6465471982955933,0.5714285969734192
l_curve_0,9,0.640347421169281,0.6190476417541504
l_curve_0,10,0.6338237524032593,0.6666666865348816
l_curve_0,11,0.6270573139190674,0.761904776096344
l_curve_0,12,0.6199566125869751,0.761904776096344
l_curve_0,13,0.6124613881111145,0.761904776096344
l_curve_0,14,0.6047523021697998,0.761904776096344
l_curve_0,15,0.5967362523078918,0.761904776096344
l_curve_0,16,0.5885130763053894,0.761904776096344
l_curve_0,17,0.5800274014472961,0.761904776096344
l_curve_0,18,0.5714079737663269,0.761904776096344
l_curve_0,19,0.5627785921096802,0.8095238208770752
l_curve_0,20,0.5539788007736206,0.8095238208770752
l_curve_0,21,0.5451784729957581,0.8571428656578064
l_curve_0,22,0.536507248878479,0.9047619104385376
l_curve_0,23,0.5277962684631348,0.9523809552192688
l_curve_0,24,0.5191412568092346,0.9523809552192688
l_curve_0,25,0.5106451511383057,0.9523809552192688
l_curve_0,26,0.5023235082626343,0.9523809552192688
l_curve_0,27,0.4942840337753296,0.9523809552192688
l_curve_0,28,0.4866609573364258,0.9523809552192688
l_curve_0,29,0.4792206287384033,0.9523809552192688
l_curve_0,30,0.4720723330974579,0.9523809552192688
l_curve_0,31,0.4652306139469147,0.9523809552192688
l_curve_0,32,0.45869576930999756,0.9523809552192688
l_curve_0,33,0.4522826671600342,0.9523809552192688
l_curve_0,34,0.4465387463569641,0.9523809552192688
l_curve_0,35,0.4411977231502533,0.9523809552192688
l_curve_0,36,0.43604952096939087,0.9523809552192688
l_curve_0,37,0.43101978302001953,0.9523809552192688
l_curve_0,38,0.4264099597930908,0.9523809552192688
l_curve_0,39,0.42199379205703735,0.9523809552192688
l_curve_0,40,0.41806870698928833,0.9523809552192688
l_curve_0,41,0.41430315375328064,0.9523809552192688
l_curve_0,42,0.41075214743614197,0.9047619104385376
l_curve_0,43,0.4076778292655945,0.9047619104385376
l_curve_0,44,0.404899537563324,0.9047619104385376
l_curve_0,45,0.4020932912826538,0.9047619104385376
l_curve_0,46,0.39959603548049927,0.9047619104385376
l_curve_0,47,0.39744696021080017,0.8571428656578064
l_curve_0,48,0.39544954895973206,0.8571428656578064
l_curve_0,49,0.3936471939086914,0.8571428656578064
l_curve_0,50,0.39162296056747437,0.8571428656578064
l_curve_0,51,0.3898269236087799,0.8571428656578064
l_curve_0,52,0.3883635699748993,0.8571428656578064
l_curve_0,53,0.3871205747127533,0.8571428656578064
l_curve_0,54,0.38602587580680847,0.8571428656578064
l_curve_0,55,0.38485389947891235,0.8571428656578064
l_curve_0,56,0.38418328762054443,0.8571428656578064
l_curve_0,57,0.38382992148399353,0.8095238208770752
l_curve_0,58,0.38349515199661255,0.8095238208770752
l_curve_0,59,0.38321390748023987,0.8095238208770752
l_curve_0,60,0.3829345703125,0.8095238208770752
l_curve_0,61,0.38298553228378296,0.761904776096344
l_curve_0,62,0.3831959366798401,0.761904776096344
l_curve_0,63,0.38334155082702637,0.761904776096344
l_curve_0,64,0.3833905756473541,0.8095238208770752
l_curve_0,65,0.3838813006877899,0.8095238208770752
l_curve_0,66,0.384445458650589,0.8095238208770752
l_curve_0,67,0.385211318731308,0.8095238208770752
l_curve_0,68,0.38562044501304626,0.8571428656578064
l_curve_0,69,0.38607487082481384,0.8571428656578064
l_curve_0,70,0.38695967197418213,0.8571428656578064
l_curve_0,71,0.3877193033695221,0.8571428656578064
l_curve_0,72,0.38824722170829773,0.8571428656578064
l_curve_0,73,0.38917064666748047,0.8571428656578064
l_curve_0,74,0.3903762400150299,0.8095238208770752
l_curve_0,75,0.3914854824542999,0.8095238208770752
l_curve_0,76,0.3925963044166565,0.8095238208770752
l_curve_0,77,0.3936503231525421,0.8095238208770752
l_curve_0,78,0.3948170840740204,0.8095238208770752
l_curve_0,79,0.39578232169151306,0.8095238208770752
l_curve_0,80,0.396944135427475,0.8095238208770752
l_curve_0,81,0.3979792296886444,0.8095238208770752
l_curve_0,82,0.39916911721229553,0.8095238208770752
l_curve_0,83,0.40042877197265625,0.8095238208770752
l_curve_0,84,0.4022199213504791,0.8095238208770752
l_curve_0,85,0.40401729941368103,0.8095238208770752
l_curve_0,86,0.405388742685318,0.8095238208770752
l_curve_0,87,0.40652403235435486,0.8095238208770752
l_curve_0,88,0.40787288546562195,0.8095238208770752
l_curve_0,89,0.4090382158756256,0.8095238208770752
l_curve_0,90,0.41040706634521484,0.8095238208770752
l_curve_0,91,0.41219744086265564,0.8095238208770752
l_curve_0,92,0.4140947759151459,0.8095238208770752
l_curve_0,93,0.41568270325660706,0.8095238208770752
l_curve_0,94,0.4167225658893585,0.8095238208770752
l_curve_0,95,0.41789698600769043,0.761904776096344
l_curve_0,96,0.4195747375488281,0.761904776096344
l_curve_0,97,0.4218598008155823,0.761904776096344
l_curve_0,98,0.4237044155597687,0.761904776096344
l_curve_0,99,0.4252844750881195,0.761904776096344
l_curve_0,100,0.4268752634525299,0.761904776096344
l_curve_0,101,0.42791011929512024,0.761904776096344
l_curve_0,102,0.4290320873260498,0.761904776096344
l_curve_0,103,0.4301054775714874,0.761904776096344
l_curve_0,104,0.4315236508846283,0.761904776096344
l_curve_0,105,0.4331187307834625,0.761904776096344
l_curve_0,106,0.4348513185977936,0.761904776096344
l_curve_0,107,0.43676453828811646,0.761904776096344
l_curve_0,108,0.43852952122688293,0.761904776096344
l_curve_0,109,0.440002977848053,0.761904776096344
l_curve_0,110,0.44178539514541626,0.761904776096344
l_curve_0,111,0.4439127743244171,0.761904776096344
l_curve_0,112,0.4461407959461212,0.761904776096344
l_curve_0,113,0.44792288541793823,0.761904776096344
l_curve_0,114,0.4497068524360657,0.761904776096344
l_curve_0,115,0.4513618052005768,0.761904776096344
l_curve_0,116,0.45277854800224304,0.761904776096344
l_curve_0,117,0.454591304063797,0.761904776096344
l_curve_0,118,0.4566696286201477,0.761904776096344
l_curve_0,119,0.45824599266052246,0.761904776096344
l_curve_0,120,0.4599940776824951,0.761904776096344
l_curve_0,121,0.46169859170913696,0.761904776096344
l_curve_0,122,0.4631645679473877,0.761904776096344
l_curve_0,123,0.46412336826324463,0.761904776096344
l_curve_0,124,0.4650316834449768,0.761904776096344
l_curve_0,125,0.4662984311580658,0.761904776096344
l_curve_0,126,0.4674556255340576,0.761904776096344
l_curve_0,127,0.4692031741142273,0.761904776096344
l_curve_0,128,0.47111764550209045,0.761904776096344
l_curve_0,129,0.47221556305885315,0.761904776096344
l_curve_0,130,0.4737398028373718,0.761904776096344
l_curve_0,131,0.47536563873291016,0.761904776096344
l_curve_0,132,0.47739338874816895,0.761904776096344
l_curve_0,133,0.47966447472572327,0.761904776096344
l_curve_0,134,0.48146992921829224,0.761904776096344
l_curve_0,135,0.4825327396392822,0.761904776096344
l_curve_0,136,0.48427289724349976,0.761904776096344
l_curve_0,137,0.4865073561668396,0.761904776096344
l_curve_0,138,0.48847147822380066,0.761904776096344
l_curve_0,139,0.4899160861968994,0.761904776096344
l_curve_0,140,0.4914652109146118,0.761904776096344
l_curve_0,141,0.4932064414024353,0.761904776096344
l_curve_0,142,0.49501654505729675,0.761904776096344
l_curve_0,143,0.49671512842178345,0.761904776096344
l_curve_0,144,0.4983592629432678,0.761904776096344
l_curve_0,145,0.5000038146972656,0.761904776096344
l_curve_0,146,0.5018824338912964,0.761904776096344
l_curve_0,147,0.5039867758750916,0.761904776096344
l_curve_0,148,0.5054746866226196,0.761904776096344
l_curve_0,149,0.5072768330574036,0.761904776096344
l_curve_0,150,0.50909823179245,0.761904776096344
l_curve_0,151,0.5108080506324768,0.761904776096344
l_curve_0,152,0.5124343633651733,0.761904776096344
l_curve_0,153,0.5141474604606628,0.761904776096344
l_curve_0,154,0.5150565505027771,0.761904776096344
l_curve_0,155,0.5166921019554138,0.761904776096344
l_curve_0,156,0.5184721946716309,0.761904776096344
l_curve_0,157,0.5198373198509216,0.761904776096344
l_curve_0,158,0.5216308236122131,0.761904776096344
l_curve_0,159,0.5235121846199036,0.761904776096344
l_curve_0,160,0.5250285863876343,0.761904776096344
l_curve_0,161,0.5269999504089355,0.761904776096344
l_curve_0,162,0.5292090177536011,0.761904776096344
l_curve_0,163,0.5314921140670776,0.761904776096344
l_curve_0,164,0.5338736772537231,0.761904776096344
l_curve_0,165,0.5356277227401733,0.761904776096344
l_curve_0,166,0.5377042889595032,0.761904776096344
l_curve_0,167,0.5392605066299438,0.761904776096344
l_curve_0,168,0.5402319431304932,0.761904776096344
l_curve_0,169,0.5417472124099731,0.761904776096344
l_curve_0,170,0.5435522198677063,0.761904776096344
l_curve_0,171,0.5450378060340881,0.761904776096344
l_curve_0,172,0.5468306541442871,0.761904776096344
l_curve_0,173,0.548665463924408,0.761904776096344
l_curve_0,174,0.55077064037323,0.761904776096344
l_curve_0,175,0.553013265132904,0.761904776096344
l_curve_0,176,0.5552099943161011,0.761904776096344
l_curve_0,177,0.5571808815002441,0.761904776096344
l_curve_0,178,0.5591195225715637,0.761904776096344
l_curve_0,179,0.5606333613395691,0.761904776096344
l_curve_0,180,0.5621642470359802,0.761904776096344
l_curve_0,181,0.5633145570755005,0.761904776096344
l_curve_0,182,0.5654813051223755,0.761904776096344
l_curve_0,183,0.5676358342170715,0.761904776096344
l_curve_0,184,0.569891095161438,0.761904776096344
l_curve_0,185,0.5719107389450073,0.761904776096344
l_curve_0,186,0.5738740563392639,0.761904776096344
l_curve_0,187,0.5754031538963318,0.761904776096344
l_curve_0,188,0.5770543217658997,0.761904776096344
l_curve_0,189,0.579044759273529,0.761904776096344
l_curve_0,190,0.5808844566345215,0.761904776096344
l_curve_0,191,0.5818025469779968,0.761904776096344
l_curve_0,192,0.5830568671226501,0.761904776096344
l_curve_0,193,0.5847689509391785,0.761904776096344
l_curve_0,194,0.5869070887565613,0.761904776096344
l_curve_0,195,0.5879985094070435,0.761904776096344
l_curve_0,196,0.58955317735672,0.761904776096344
l_curve_0,197,0.5917986035346985,0.761904776096344
l_curve_0,198,0.5933548808097839,0.7142857313156128
l_curve_0,199,0.5957583785057068,0.7142857313156128
l_curve_0,200,0.5975531935691833,0.7142857313156128
l_curve_0,201,0.5992884039878845,0.7142857313156128
l_curve_0,202,0.6012693643569946,0.7142857313156128
l_curve_0,203,0.6029228568077087,0.7142857313156128
l_curve_0,204,0.6050025224685669,0.7142857313156128
l_curve_0,205,0.6067458391189575,0.7142857313156128
l_curve_0,206,0.6085482239723206,0.7142857313156128
l_curve_0,207,0.610078752040863,0.7142857313156128
l_curve_0,208,0.6117678284645081,0.7142857313156128
l_curve_0,209,0.613331139087677,0.7142857313156128
l_curve_0,210,0.6147958040237427,0.7142857313156128
l_curve_0,211,0.6161599159240723,0.7142857313156128
l_curve_0,212,0.6178144216537476,0.7142857313156128
l_curve_0,213,0.619317352771759,0.7142857313156128
l_curve_0,214,0.6211888194084167,0.7142857313156128
l_curve_0,215,0.62275230884552,0.7142857313156128
l_curve_0,216,0.6244233250617981,0.7142857313156128
l_curve_0,217,0.6261563301086426,0.7142857313156128
l_curve_0,218,0.6276715397834778,0.7142857313156128
l_curve_0,219,0.628953218460083,0.7142857313156128
l_curve_0,220,0.6308295130729675,0.7142857313156128
l_curve_0,221,0.6321115493774414,0.7142857313156128
l_curve_0,222,0.6335318684577942,0.7142857313156128
l_curve_0,223,0.6350756883621216,0.7142857313156128
l_curve_0,224,0.6365747451782227,0.7142857313156128
l_curve_0,225,0.6379746198654175,0.7142857313156128
l_curve_0,226,0.6396960616111755,0.7142857313156128
l_curve_0,227,0.6415654420852661,0.7142857313156128
l_curve_0,228,0.6431413888931274,0.7142857313156128
l_curve_0,229,0.6444066762924194,0.7142857313156128
l_curve_0,230,0.645588219165802,0.7142857313156128
l_curve_0,231,0.646694004535675,0.7142857313156128
l_curve_0,232,0.6477354168891907,0.7142857313156128
l_curve_0,233,0.6488688588142395,0.7142857313156128
l_curve_0,234,0.6504734754562378,0.7142857313156128
l_curve_0,235,0.6523076891899109,0.7142857313156128
l_curve_0,236,0.6547207832336426,0.7142857313156128
l_curve_0,237,0.6563379168510437,0.7142857313156128
l_curve_0,238,0.6579651832580566,0.7142857313156128
l_curve_0,239,0.6585231423377991,0.7142857313156128
l_curve_0,240,0.6600809097290039,0.7142857313156128
l_curve_0,241,0.6611063480377197,0.7142857313156128
l_curve_0,242,0.6619166731834412,0.7142857313156128
l_curve_0,243,0.6623061895370483,0.7142857313156128
l_curve_0,244,0.6631311178207397,0.7142857313156128
l_curve_0,245,0.6641907095909119,0.7142857313156128
l_curve_0,246,0.665805459022522,0.7142857313156128
l_curve_0,247,0.6677847504615784,0.7142857313156128
l_curve_0,248,0.6681219935417175,0.7142857313156128
l_curve_0,249,0.6689019799232483,0.7142857313156128
l_curve_0,250,0.6701576113700867,0.7142857313156128
l_curve_0,251,0.6718809604644775,0.7142857313156128
l_curve_0,252,0.6739058494567871,0.7142857313156128
l_curve_0,253,0.675858199596405,0.7142857313156128
l_curve_0,254,0.6781182885169983,0.7142857313156128
l_curve_0,255,0.679754376411438,0.7142857313156128
l_curve_0,256,0.6802653074264526,0.7142857313156128
l_curve_0,257,0.6818236112594604,0.7142857313156128
l_curve_0,258,0.6831187009811401,0.7142857313156128
l_curve_0,259,0.6841832399368286,0.7142857313156128
l_curve_0,260,0.6848466396331787,0.7142857313156128
l_curve_0,261,0.6849045753479004,0.7142857313156128
l_curve_0,262,0.6860703825950623,0.7142857313156128
l_curve_0,263,0.6874105930328369,0.7142857313156128
l_curve_0,264,0.688252329826355,0.7142857313156128
l_curve_0,265,0.6889941096305847,0.7142857313156128
l_curve_0,266,0.6900050640106201,0.7142857313156128
l_curve_0,267,0.69142085313797,0.7142857313156128
l_curve_0,268,0.6925960183143616,0.7142857313156128
l_curve_0,269,0.6938527822494507,0.7142857313156128
l_curve_0,270,0.695402979850769,0.7142857313156128
l_curve_0,271,0.6959476470947266,0.7142857313156128
l_curve_0,272,0.6960705518722534,0.7142857313156128
l_curve_0,273,0.6964125037193298,0.7142857313156128
l_curve_0,274,0.696439802646637,0.7142857313156128
l_curve_0,275,0.6967504620552063,0.7142857313156128
l_curve_0,276,0.6973358392715454,0.7142857313156128
l_curve_0,277,0.6986561417579651,0.7142857313156128
l_curve_0,278,0.7002426981925964,0.7142857313156128
l_curve_0,279,0.7015262842178345,0.7142857313156128
l_curve_0,280,0.7024251222610474,0.7142857313156128
l_curve_0,281,0.7031086683273315,0.7142857313156128
l_curve_0,282,0.7039164304733276,0.7142857313156128
l_curve_0,283,0.7047252655029297,0.7142857313156128
l_curve_0,284,0.7050009965896606,0.7142857313156128
l_curve_0,285,0.7055983543395996,0.7142857313156128
l_curve_0,286,0.7067223787307739,0.7142857313156128
l_curve_0,287,0.7071899175643921,0.7142857313156128
l_curve_0,288,0.7069897651672363,0.7142857313156128
l_curve_0,289,0.7075252532958984,0.7142857313156128
l_curve_0,290,0.7083646059036255,0.7142857313156128
l_curve_0,291,0.7093326449394226,0.7142857313156128
l_curve_0,292,0.710652232170105,0.7142857313156128
l_curve_0,293,0.7117904424667358,0.7142857313156128
l_curve_0,294,0.7133269309997559,0.7142857313156128
l_curve_0,295,0.7145717144012451,0.7142857313156128
l_curve_0,296,0.7160372734069824,0.7142857313156128
l_curve_0,297,0.7173422574996948,0.7142857313156128
l_curve_0,298,0.717644214630127,0.7142857313156128
l_curve_0,299,0.7174458503723145,0.7142857313156128
l_curve_0,300,0.7181471586227417,0.7142857313156128
l_curve_0,301,0.7180899381637573,0.7142857313156128
l_curve_0,302,0.7187966108322144,0.7142857313156128
l_curve_0,303,0.7191183567047119,0.7142857313156128
l_curve_0,304,0.7190068364143372,0.7142857313156128
l_curve_0,305,0.7196620106697083,0.7142857313156128
l_curve_0,306,0.7197734117507935,0.7142857313156128
l_curve_0,307,0.7199719548225403,0.7142857313156128
l_curve_0,308,0.7207579016685486,0.7142857313156128
l_curve_0,309,0.7220709919929504,0.7142857313156128
l_curve_0,310,0.7228819727897644,0.7142857313156128
l_curve_0,311,0.7236946821212769,0.7142857313156128
l_curve_0,312,0.7248424291610718,0.7142857313156128
l_curve_0,313,0.725178062915802,0.7142857313156128
l_curve_0,314,0.7257639765739441,0.7142857313156128
l_curve_0,315,0.7267749309539795,0.7142857313156128
l_curve_0,316,0.727928876876831,0.7142857313156128
l_curve_0,317,0.7283186316490173,0.7142857313156128
l_curve_0,318,0.7284769415855408,0.7142857313156128
l_curve_0,319,0.7294742465019226,0.7142857313156128
l_curve_0,320,0.7299850583076477,0.7142857313156128
l_curve_0,321,0.7305781245231628,0.7142857313156128
l_curve_0,322,0.7304778695106506,0.7142857313156128
l_curve_0,323,0.7312442660331726,0.7142857313156128
l_curve_0,324,0.7316275835037231,0.7142857313156128
l_curve_0,325,0.7321479916572571,0.7142857313156128
l_curve_0,326,0.732746422290802,0.7142857313156128
l_curve_0,327,0.7332246899604797,0.7142857313156128
l_curve_0,328,0.7330363988876343,0.7142857313156128
l_curve_0,329,0.732782244682312,0.7142857313156128
l_curve_0,330,0.7334699630737305,0.7142857313156128
l_curve_0,331,0.7345617413520813,0.7142857313156128
l_curve_0,332,0.7354071736335754,0.7142857313156128
l_curve_0,333,0.735655665397644,0.7142857313156128
l_curve_0,334,0.7343782186508179,0.7142857313156128
l_curve_0,335,0.7342972755432129,0.7142857313156128
l_curve_0,336,0.7342499494552612,0.7142857313156128
l_curve_0,337,0.7345731258392334,0.7142857313156128
l_curve_0,338,0.7342242002487183,0.7142857313156128
l_curve_0,339,0.7348921895027161,0.7142857313156128
l_curve_0,340,0.7358580231666565,0.7142857313156128
l_curve_0,341,0.7362931370735168,0.7142857313156128
l_curve_0,342,0.7368567585945129,0.7142857313156128
l_curve_0,343,0.7372477650642395,0.7142857313156128
l_curve_0,344,0.7370747923851013,0.7142857313156128
l_curve_0,345,0.7371751666069031,0.7142857313156128
l_curve_0,346,0.7383624315261841,0.7142857313156128
l_curve_0,347,0.7396624684333801,0.6666666865348816
l_curve_0,348,0.739953339099884,0.6666666865348816
l_curve_0,349,0.7397177219390869,0.6666666865348816
l_curve_0,350,0.7394326329231262,0.7142857313156128
l_curve_0,351,0.7399309873580933,0.6666666865348816
l_curve_0,352,0.7409909963607788,0.6666666865348816
l_curve_0,353,0.740962564945221,0.6666666865348816
l_curve_0,354,0.7411455512046814,0.6666666865348816
l_curve_0,355,0.7413683533668518,0.6666666865348816
l_curve_0,356,0.7413326501846313,0.6666666865348816
l_curve_0,357,0.7416689991950989,0.6666666865348816
l_curve_0,358,0.7429925799369812,0.6666666865348816
l_curve_0,359,0.7433691620826721,0.6666666865348816
l_curve_0,360,0.7439103722572327,0.6666666865348816
l_curve_0,361,0.7433283925056458,0.6666666865348816
l_curve_0,362,0.7428039312362671,0.6666666865348816
l_curve_0,363,0.7429011464118958,0.6666666865348816
l_curve_0,364,0.7427815198898315,0.6666666865348816
l_curve_0,365,0.7435060739517212,0.6666666865348816
l_curve_0,366,0.744123637676239,0.6666666865348816
l_curve_0,367,0.7441218495368958,0.6666666865348816
l_curve_0,368,0.7453144788742065,0.6666666865348816
l_curve_0,369,0.7455371618270874,0.6666666865348816
l_curve_0,370,0.7453315854072571,0.6666666865348816
l_curve_0,371,0.7454047203063965,0.6666666865348816
l_curve_0,372,0.745953381061554,0.6666666865348816
l_curve_0,373,0.7465969920158386,0.6666666865348816
l_curve_0,374,0.7464010715484619,0.6666666865348816
l_curve_0,375,0.7461836934089661,0.6666666865348816
l_curve_0,376,0.7463762164115906,0.6666666865348816
l_curve_0,377,0.7464149594306946,0.6666666865348816
l_curve_0,378,0.7466198801994324,0.6666666865348816
l_curve_0,379,0.747120201587677,0.6666666865348816
l_curve_0,380,0.7473929524421692,0.6666666865348816
l_curve_0,381,0.7477672696113586,0.6666666865348816
l_curve_0,382,0.7479841709136963,0.6666666865348816
l_curve_0,383,0.7483035922050476,0.6666666865348816
l_curve_0,384,0.7483700513839722,0.6666666865348816
l_curve_0,385,0.7481690645217896,0.6666666865348816
l_curve_0,386,0.7487277388572693,0.6666666865348816
l_curve_0,387,0.7489752769470215,0.6666666865348816
l_curve_0,388,0.7486850619316101,0.6666666865348816
l_curve_0,389,0.7481924891471863,0.6666666865348816
l_curve_0,390,0.7479264140129089,0.6666666865348816
l_curve_0,391,0.748491644859314,0.6666666865348816
l_curve_0,392,0.7497072219848633,0.6666666865348816
l_curve_0,393,0.7502080798149109,0.6666666865348816
l_curve_0,394,0.7500364184379578,0.6666666865348816
l_curve_0,395,0.749818742275238,0.6666666865348816
l_curve_0,396,0.7501875758171082,0.6666666865348816
l_curve_0,397,0.7494102120399475,0.6666666865348816
l_curve_0,398,0.7492632865905762,0.6666666865348816
l_curve_0,399,0.7488593459129333,0.6666666865348816
l_curve_0,400,0.7490009069442749,0.6666666865348816
l_curve_0,401,0.7494511604309082,0.6666666865348816
l_curve_0,402,0.7498211860656738,0.6666666865348816
l_curve_0,403,0.7502238154411316,0.6666666865348816
l_curve_0,404,0.7505320310592651,0.6666666865348816
l_curve_0,405,0.7513866424560547,0.6666666865348816
l_curve_0,406,0.7519363164901733,0.6666666865348816
l_curve_0,407,0.752021849155426,0.6666666865348816
l_curve_0,408,0.752090334892273,0.6666666865348816
l_curve_0,409,0.7515673637390137,0.6666666865348816
l_curve_0,410,0.7512555718421936,0.6666666865348816
l_curve_0,411,0.750817060470581,0.6666666865348816
l_curve_0,412,0.7501241564750671,0.6666666865348816
l_curve_0,413,0.749639630317688,0.6666666865348816
l_curve_0,414,0.7501431703567505,0.6666666865348816
l_curve_0,415,0.7504515647888184,0.6666666865348816
l_curve_0,416,0.7513663172721863,0.6666666865348816
l_curve_0,417,0.7518239617347717,0.6666666865348816
l_curve_0,418,0.7524451017379761,0.6666666865348816
l_curve_0,419,0.7530387043952942,0.6666666865348816
l_curve_0,420,0.753031313419342,0.6666666865348816
l_curve_0,421,0.752980649471283,0.6666666865348816
l_curve_0,422,0.7534328699111938,0.6666666865348816
l_curve_0,423,0.7539832592010498,0.6666666865348816
l_curve_0,424,0.754544198513031,0.6666666865348816
l_curve_0,425,0.7542855143547058,0.6666666865348816
l_curve_0,426,0.7539535760879517,0.6666666865348816
l_curve_0,427,0.7540277242660522,0.6666666865348816
l_curve_0,428,0.754257082939148,0.6666666865348816
l_curve_0,429,0.7545257806777954,0.6666666865348816
l_curve_0,430,0.7549052238464355,0.6666666865348816
l_curve_0,431,0.7551857829093933,0.6666666865348816
l_curve_0,432,0.7557907104492188,0.6666666865348816
l_curve_0,433,0.7558438181877136,0.6666666865348816
l_curve_0,434,0.7560836672782898,0.6666666865348816
l_curve_0,435,0.7563614845275879,0.6666666865348816
l_curve_0,436,0.7558823227882385,0.6666666865348816
l_curve_0,437,0.7560495734214783,0.6666666865348816
l_curve_0,438,0.7558764219284058,0.6666666865348816
l_curve_0,439,0.7553583979606628,0.6666666865348816
l_curve_0,440,0.754845380783081,0.6666666865348816
l_curve_0,441,0.7542427778244019,0.6666666865348816
l_curve_0,442,0.7549954652786255,0.6666666865348816
l_curve_0,443,0.7554225921630859,0.6666666865348816
l_curve_0,444,0.7553098797798157,0.6666666865348816
l_curve_0,445,0.7556588053703308,0.6666666865348816
l_curve_0,446,0.7554858326911926,0.6666666865348816
l_curve_0,447,0.7549218535423279,0.6666666865348816
l_curve_0,448,0.7551370859146118,0.6666666865348816
l_curve_0,449,0.7548936009407043,0.6666666865348816
l_curve_0,450,0.7537575364112854,0.6666666865348816
l_curve_0,451,0.753509521484375,0.6666666865348816
l_curve_0,452,0.7537489533424377,0.6666666865348816
l_curve_0,453,0.7546815276145935,0.6666666865348816
l_curve_0,454,0.7555201649665833,0.6666666865348816
l_curve_0,455,0.755833625793457,0.6666666865348816
l_curve_0,456,0.7560173273086548,0.6666666865348816
l_curve_0,457,0.7559722065925598,0.6666666865348816
l_curve_0,458,0.755569577217102,0.6666666865348816
l_curve_0,459,0.7545821666717529,0.6666666865348816
l_curve_0,460,0.7543773651123047,0.6666666865348816
l_curve_0,461,0.7541442513465881,0.6666666865348816
l_curve_0,462,0.7548995018005371,0.6666666865348816
l_curve_0,463,0.7553045749664307,0.6666666865348816
l_curve_0,464,0.7552504539489746,0.6666666865348816
l_curve_0,465,0.755841076374054,0.6666666865348816
l_curve_0,466,0.755980372428894,0.6666666865348816
l_curve_0,467,0.756526529788971,0.6666666865348816
l_curve_0,468,0.7570164203643799,0.6666666865348816
l_curve_0,469,0.7578117847442627,0.6666666865348816
l_curve_0,470,0.7580692768096924,0.6666666865348816
l_curve_0,471,0.7570639252662659,0.6666666865348816
l_curve_0,472,0.7568623423576355,0.6666666865348816
l_curve_0,473,0.7565229535102844,0.6666666865348816
l_curve_0,474,0.7565875053405762,0.6666666865348816
l_curve_0,475,0.7567941546440125,0.6666666865348816
l_curve_0,476,0.7570523619651794,0.6666666865348816
l_curve_0,477,0.7569919228553772,0.6666666865348816
l_curve_0,478,0.7575595378875732,0.6666666865348816
l_curve_0,479,0.7574545741081238,0.6666666865348816
l_curve_0,480,0.7568041682243347,0.6666666865348816
l_curve_0,481,0.7565977573394775,0.6666666865348816
l_curve_0,482,0.7563859820365906,0.6666666865348816
l_curve_0,483,0.7562563419342041,0.6666666865348816
l_curve_0,484,0.7567805051803589,0.6666666865348816
l_curve_0,485,0.7564691305160522,0.6666666865348816
l_curve_0,486,0.7567254900932312,0.6666666865348816
l_curve_0,487,0.7566075921058655,0.6666666865348816
l_curve_0,488,0.7560690641403198,0.6666666865348816
l_curve_0,489,0.7558043599128723,0.6666666865348816
l_curve_0,490,0.7562628388404846,0.6666666865348816
l_curve_0,491,0.7567369341850281,0.6666666865348816
l_curve_0,492,0.757163941860199,0.6666666865348816
l_curve_0,493,0.7573819160461426,0.6666666865348816
l_curve_0,494,0.7578762173652649,0.6666666865348816
l_curve_0,495,0.757928729057312,0.6666666865348816
l_curve_0,496,0.7574808597564697,0.6666666865348816
l_curve_0,497,0.7575586438179016,0.6666666865348816
l_curve_0,498,0.757683277130127,0.6666666865348816
l_curve_0,499,0.7572379112243652,0.6666666865348816
l_curve_0,500,0.7571554183959961,0.6666666865348816
l_curve_0,501,0.7575928568840027,0.6666666865348816
l_curve_0,502,0.7576152682304382,0.6666666865348816
l_curve_0,503,0.7584662437438965,0.6666666865348816
l_curve_0,504,0.7589653134346008,0.6666666865348816
l_curve_0,505,0.7596473693847656,0.6666666865348816
l_curve_0,506,0.759248673915863,0.6666666865348816
l_curve_0,507,0.7592921853065491,0.6666666865348816
l_curve_0,508,0.7589436769485474,0.6666666865348816
l_curve_0,509,0.7591217160224915,0.6666666865348816
l_curve_0,510,0.7594698071479797,0.6666666865348816
l_curve_0,511,0.7597417235374451,0.6666666865348816
l_curve_0,512,0.7605721950531006,0.6666666865348816
l_curve_0,513,0.7612069249153137,0.6666666865348816
l_curve_0,514,0.7614130973815918,0.6666666865348816
l_curve_0,515,0.7613577246665955,0.6666666865348816
l_curve_0,516,0.7609578967094421,0.6666666865348816
l_curve_0,517,0.7605580687522888,0.6666666865348816
l_curve_0,518,0.7602103352546692,0.6666666865348816
l_curve_0,519,0.7598165273666382,0.6666666865348816
l_curve_0,520,0.7603629231452942,0.6666666865348816
l_curve_0,521,0.7609719038009644,0.6666666865348816
l_curve_0,522,0.7625699043273926,0.6666666865348816
l_curve_0,523,0.7632018327713013,0.6666666865348816
l_curve_0,524,0.7635009288787842,0.6666666865348816
l_curve_0,525,0.7633374333381653,0.6666666865348816
l_curve_0,526,0.762851357460022,0.6666666865348816
l_curve_0,527,0.7622348070144653,0.6666666865348816
l_curve_0,528,0.761694073677063,0.6666666865348816
l_curve_0,529,0.7613372802734375,0.6666666865348816
l_curve_0,530,0.7618260979652405,0.6666666865348816
l_curve_0,531,0.7622720003128052,0.6666666865348816
l_curve_0,532,0.76185542345047,0.6666666865348816
l_curve_0,533,0.76195228099823,0.6666666865348816
l_curve_0,534,0.7622708678245544,0.6666666865348816
l_curve_0,535,0.7618253231048584,0.6666666865348816
l_curve_0,536,0.7615600228309631,0.6666666865348816
l_curve_0,537,0.7608791589736938,0.6666666865348816
l_curve_0,538,0.7603533864021301,0.6666666865348816
l_curve_0,539,0.7609066963195801,0.6666666865348816
l_curve_0,540,0.7616260051727295,0.6666666865348816
l_curve_0,541,0.762121319770813,0.6666666865348816
l_curve_0,542,0.7626262903213501,0.6666666865348816
l_curve_0,543,0.7623600959777832,0.6666666865348816
l_curve_0,544,0.7626709938049316,0.6666666865348816
l_curve_0,545,0.7628368139266968,0.6666666865348816
l_curve_0,546,0.7625900506973267,0.6666666865348816
l_curve_0,547,0.7622596025466919,0.6666666865348816
l_curve_0,548,0.7621901631355286,0.6666666865348816
l_curve_0,549,0.7620744109153748,0.6666666865348816
l_curve_0,550,0.7614709138870239,0.6666666865348816
l_curve_0,551,0.7620065808296204,0.6666666865348816
l_curve_0,552,0.7622056007385254,0.6666666865348816
l_curve_0,553,0.762279212474823,0.6666666865348816
l_curve_0,554,0.7622073292732239,0.6666666865348816
l_curve_0,555,0.7617186903953552,0.6666666865348816
l_curve_0,556,0.7615488171577454,0.6666666865348816
l_curve_0,557,0.7622916102409363,0.6666666865348816
l_curve_0,558,0.7631347179412842,0.6666666865348816
l_curve_0,559,0.7637001872062683,0.6666666865348816
l_curve_0,560,0.7632336616516113,0.6666666865348816
l_curve_0,561,0.7633270025253296,0.6666666865348816
l_curve_0,562,0.7635040283203125,0.6666666865348816
l_curve_0,563,0.7632838487625122,0.6666666865348816
l_curve_0,564,0.7635717988014221,0.6666666865348816
l_curve_0,565,0.7636237144470215,0.6666666865348816
l_curve_0,566,0.76380455493927,0.6666666865348816
l_curve_0,567,0.7636304497718811,0.6666666865348816
l_curve_0,568,0.7632681727409363,0.6666666865348816
l_curve_0,569,0.7631983160972595,0.6666666865348816
l_curve_0,570,0.763759434223175,0.6666666865348816
l_curve_0,571,0.7641932964324951,0.6666666865348816
l_curve_0,572,0.764510452747345,0.6666666865348816
l_curve_0,573,0.7644751667976379,0.6666666865348816
l_curve_0,574,0.7647045850753784,0.6666666865348816
l_curve_0,575,0.764471709728241,0.6666666865348816
l_curve_0,576,0.7643671631813049,0.6666666865348816
l_curve_0,577,0.7644009590148926,0.6666666865348816
l_curve_0,578,0.7642000317573547,0.6666666865348816
l_curve_0,579,0.7640148401260376,0.6666666865348816
l_curve_0,580,0.7643269300460815,0.6666666865348816
l_curve_0,581,0.7644608020782471,0.6666666865348816
l_curve_0,582,0.7640131115913391,0.6666666865348816
l_curve_0,583,0.7638433575630188,0.6666666865348816
l_curve_0,584,0.7633155584335327,0.6666666865348816
l_curve_0,585,0.763184130191803,0.6666666865348816
l_curve_0,586,0.7626805305480957,0.6666666865348816
l_curve_0,587,0.7627984881401062,0.6666666865348816
l_curve_0,588,0.76299649477005,0.6666666865348816
l_curve_0,589,0.7630209922790527,0.6666666865348816
l_curve_0,590,0.7630389332771301,0.6666666865348816
l_curve_0,591,0.7633332014083862,0.6666666865348816
l_curve_0,592,0.7633413672447205,0.6666666865348816
l_curve_0,593,0.7631292939186096,0.6666666865348816
l_curve_0,594,0.7629944086074829,0.6666666865348816
l_curve_0,595,0.762560248374939,0.6666666865348816
l_curve_0,596,0.7629256248474121,0.6666666865348816
l_curve_0,597,0.7632522583007812,0.6666666865348816
l_curve_0,598,0.7631001472473145,0.6666666865348816
l_curve_0,599,0.7630022168159485,0.6666666865348816
l_curve_0,600,0.7631515264511108,0.6666666865348816
l_curve_0,601,0.7633500695228577,0.6666666865348816
l_curve_0,602,0.7637965083122253,0.6666666865348816
l_curve_0,603,0.7636382579803467,0.6666666865348816
l_curve_0,604,0.7635102868080139,0.6666666865348816
l_curve_0,605,0.7633788585662842,0.6666666865348816
l_curve_0,606,0.7631577849388123,0.6666666865348816
l_curve_0,607,0.7634978294372559,0.6666666865348816
l_curve_0,608,0.7635577321052551,0.6666666865348816
l_curve_0,609,0.7634842991828918,0.6666666865348816
l_curve_0,610,0.7636362910270691,0.6666666865348816
l_curve_0,611,0.7634497880935669,0.6666666865348816
l_curve_0,612,0.7635714411735535,0.6666666865348816
l_curve_0,613,0.7634875178337097,0.6666666865348816
l_curve_0,614,0.7629746198654175,0.6666666865348816
l_curve_0,615,0.7633059620857239,0.6666666865348816
l_curve_0,616,0.7632325291633606,0.6666666865348816
l_curve_0,617,0.7629449963569641,0.6666666865348816
l_curve_0,618,0.7629281282424927,0.6666666865348816
l_curve_0,619,0.7631878852844238,0.6666666865348816
l_curve_0,620,0.7633774876594543,0.6666666865348816
l_curve_0,621,0.7637715339660645,0.6666666865348816
l_curve_0,622,0.7641564607620239,0.6666666865348816
l_curve_0,623,0.7644643187522888,0.6666666865348816
l_curve_0,624,0.7647255659103394,0.6666666865348816
l_curve_0,625,0.7646840214729309,0.6666666865348816
l_curve_0,626,0.7641990184783936,0.6666666865348816
l_curve_0,627,0.763869047164917,0.6666666865348816
l_curve_0,628,0.7637117505073547,0.6666666865348816
l_curve_0,629,0.7638253569602966,0.6666666865348816
l_curve_0,630,0.7638264894485474,0.6666666865348816
l_curve_0,631,0.7636911273002625,0.6666666865348816
l_curve_0,632,0.7632895112037659,0.6666666865348816
l_curve_0,633,0.7632404565811157,0.6666666865348816
l_curve_0,634,0.7633354663848877,0.6666666865348816
l_curve_0,635,0.7631745338439941,0.6666666865348816
l_curve_0,636,0.7638546824455261,0.6666666865348816
l_curve_0,637,0.7639406323432922,0.6666666865348816
l_curve_0,638,0.7640267610549927,0.6666666865348816
l_curve_0,639,0.7641680836677551,0.6666666865348816
l_curve_0,640,0.763407826423645,0.6666666865348816
l_curve_0,641,0.7627615332603455,0.6666666865348816
l_curve_0,642,0.763302206993103,0.6666666865348816
l_curve_0,643,0.7636642456054688,0.6666666865348816
l_curve_0,644,0.763687252998352,0.6666666865348816
l_curve_0,645,0.7636709809303284,0.6666666865348816
l_curve_0,646,0.7640015482902527,0.6666666865348816
l_curve_0,647,0.7643904089927673,0.6666666865348816
l_curve_0,648,0.7641295194625854,0.6666666865348816
l_curve_0,649,0.7635279893875122,0.6666666865348816
l_curve_0,650,0.7627911567687988,0.6666666865348816
l_curve_0,651,0.7626332640647888,0.6666666865348816
l_curve_0,652,0.7626592516899109,0.6666666865348816
l_curve_0,653,0.762470543384552,0.6666666865348816
l_curve_0,654,0.7627832293510437,0.6666666865348816
l_curve_0,655,0.7630612254142761,0.6666666865348816
l_curve_0,656,0.7631447911262512,0.6666666865348816
l_curve_0,657,0.762804388999939,0.6666666865348816
l_curve_0,658,0.7625068426132202,0.6666666865348816
l_curve_0,659,0.7626873254776001,0.6666666865348816
l_curve_0,660,0.7630529999732971,0.6666666865348816
l_curve_0,661,0.7631039619445801,0.6666666865348816
l_curve_0,662,0.7628749012947083,0.6666666865348816
l_curve_0,663,0.7626473307609558,0.6666666865348816
l_curve_0,664,0.7619866132736206,0.6666666865348816
l_curve_0,665,0.7621138691902161,0.6666666865348816
l_curve_0,666,0.7618262767791748,0.6666666865348816
l_curve_0,667,0.7619627118110657,0.6666666865348816
l_curve_0,668,0.7621769905090332,0.6666666865348816
l_curve_0,669,0.762444794178009,0.6666666865348816
l_curve_0,670,0.7625987529754639,0.6666666865348816
l_curve_0,671,0.7624046802520752,0.6666666865348816
l_curve_0,672,0.7619984745979309,0.6666666865348816
l_curve_0,673,0.7626158595085144,0.6666666865348816
l_curve_0,674,0.763054609298706,0.6666666865348816
l_curve_0,675,0.7634589672088623,0.6666666865348816
l_curve_0,676,0.7633482813835144,0.6666666865348816
l_curve_0,677,0.7629200220108032,0.6666666865348816
l_curve_0,678,0.7622823119163513,0.6666666865348816
l_curve_0,679,0.7618862986564636,0.6666666865348816
l_curve_0,680,0.7619753479957581,0.6666666865348816
l_curve_0,681,0.7619053721427917,0.6666666865348816
l_curve_0,682,0.7623220086097717,0.6666666865348816
l_curve_0,683,0.7624343037605286,0.6666666865348816
l_curve_0,684,0.7625714540481567,0.6666666865348816
l_curve_0,685,0.7627566456794739,0.6666666865348816
l_curve_0,686,0.7624573707580566,0.6666666865348816
l_curve_0,687,0.7619832158088684,0.6666666865348816
l_curve_0,688,0.7624510526657104,0.6666666865348816
l_curve_0,689,0.762742817401886,0.6666666865348816
l_curve_0,690,0.7629533410072327,0.6666666865348816
l_curve_0,691,0.7634608149528503,0.6666666865348816
l_curve_0,692,0.7631962299346924,0.6666666865348816
l_curve_0,693,0.7625035643577576,0.6666666865348816
l_curve_0,694,0.7624180912971497,0.6666666865348816
l_curve_0,695,0.7625198364257812,0.6666666865348816
l_curve_0,696,0.7632737159729004,0.6666666865348816
l_curve_0,697,0.7640696167945862,0.6666666865348816
l_curve_0,698,0.7643759846687317,0.6666666865348816
l_curve_0,699,0.7641447186470032,0.6666666865348816
l_curve_0,700,0.763808012008667,0.6666666865348816
l_curve_0,701,0.7637158632278442,0.6666666865348816
l_curve_0,702,0.7631568908691406,0.6666666865348816
l_curve_0,703,0.7629662752151489,0.6666666865348816
l_curve_0,704,0.7633587121963501,0.6666666865348816
l_curve_0,705,0.7633116841316223,0.6666666865348816
l_curve_0,706,0.76324063539505,0.6666666865348816
l_curve_0,707,0.7630774974822998,0.6666666865348816
l_curve_0,708,0.7632428407669067,0.6666666865348816
l_curve_0,709,0.7628892064094543,0.6666666865348816
l_curve_0,710,0.7622904777526855,0.6666666865348816
l_curve_0,711,0.7618477940559387,0.6666666865348816
l_curve_0,712,0.7622209191322327,0.6666666865348816
l_curve_0,713,0.7628649473190308,0.6666666865348816
l_curve_0,714,0.7628120183944702,0.6666666865348816
l_curve_0,715,0.7627034187316895,0.6666666865348816
l_curve_0,716,0.7628899812698364,0.6666666865348816
l_curve_0,717,0.7625826001167297,0.6666666865348816
l_curve_0,718,0.7625616192817688,0.6666666865348816
l_curve_0,719,0.7619019746780396,0.6666666865348816
l_curve_0,720,0.7618542909622192,0.6666666865348816
l_curve_0,721,0.7619471549987793,0.6666666865348816
l_curve_0,722,0.7619447112083435,0.6666666865348816
l_curve_0,723,0.7618201375007629,0.6666666865348816
l_curve_0,724,0.7611681818962097,0.6666666865348816
l_curve_0,725,0.7605400085449219,0.6666666865348816
l_curve_0,726,0.7604807615280151,0.6666666865348816
l_curve_0,727,0.760788083076477,0.6666666865348816
l_curve_0,728,0.7609692811965942,0.6666666865348816
l_curve_0,729,0.7608519196510315,0.6666666865348816
l_curve_0,730,0.7606135606765747,0.6666666865348816
l_curve_0,731,0.760740339756012,0.6666666865348816
l_curve_0,732,0.7609475255012512,0.6666666865348816
l_curve_0,733,0.7610595226287842,0.6666666865348816
l_curve_0,734,0.7608641386032104,0.6666666865348816
l_curve_0,735,0.7605929374694824,0.6666666865348816
l_curve_0,736,0.7600598335266113,0.6666666865348816
l_curve_0,737,0.7599149942398071,0.6666666865348816
l_curve_0,738,0.7599507570266724,0.6666666865348816
l_curve_0,739,0.7599120140075684,0.6666666865348816
l_curve_0,740,0.7601419687271118,0.6666666865348816
l_curve_0,741,0.7602473497390747,0.6666666865348816
l_curve_0,742,0.7612206339836121,0.6666666865348816
l_curve_0,743,0.761489987373352,0.6666666865348816
l_curve_0,744,0.7616572380065918,0.6666666865348816
l_curve_0,745,0.7618281841278076,0.6666666865348816
l_curve_0,746,0.7615252733230591,0.6666666865348816
l_curve_0,747,0.7611753344535828,0.6666666865348816
l_curve_0,748,0.7611738443374634,0.6666666865348816
l_curve_0,749,0.7607389688491821,0.6666666865348816
l_curve_0,750,0.7603941559791565,0.6666666865348816
l_curve_0,751,0.7599095106124878,0.6666666865348816
l_curve_0,752,0.7592628598213196,0.6666666865348816
l_curve_0,753,0.7587772607803345,0.6666666865348816
l_curve_0,754,0.7589541673660278,0.6666666865348816
l_curve_0,755,0.7587752938270569,0.6666666865348816
l_curve_0,756,0.759128212928772,0.6666666865348816
l_curve_0,757,0.758958101272583,0.6666666865348816
l_curve_0,758,0.7593995332717896,0.6666666865348816
l_curve_0,759,0.759998619556427,0.6666666865348816
l_curve_0,760,0.7602224946022034,0.6666666865348816
l_curve_0,761,0.7605947852134705,0.6666666865348816
l_curve_0,762,0.7607304453849792,0.6666666865348816
l_curve_0,763,0.7602821588516235,0.6666666865348816
l_curve_0,764,0.7599719762802124,0.6666666865348816
l_curve_0,765,0.7592578530311584,0.6666666865348816
l_curve_0,766,0.7590026259422302,0.6666666865348816
l_curve_0,767,0.7584217190742493,0.6666666865348816
l_curve_0,768,0.758338212966919,0.6666666865348816
l_curve_0,769,0.7586836814880371,0.6666666865348816
l_curve_0,770,0.7587895393371582,0.6666666865348816
l_curve_0,771,0.758590579032898,0.6666666865348816
l_curve_0,772,0.7585077285766602,0.6666666865348816
l_curve_0,773,0.7583631277084351,0.6666666865348816
l_curve_0,774,0.7586377263069153,0.6666666865348816
l_curve_0,775,0.7585822939872742,0.6666666865348816
l_curve_0,776,0.7586187124252319,0.6666666865348816
l_curve_0,777,0.7584989666938782,0.6666666865348816
l_curve_0,778,0.758194088935852,0.6666666865348816
l_curve_0,779,0.7581318616867065,0.6666666865348816
l_curve_0,780,0.7579663395881653,0.6666666865348816
l_curve_0,781,0.7584898471832275,0.6666666865348816
l_curve_0,782,0.7590582370758057,0.6666666865348816
l_curve_0,783,0.7591511607170105,0.6666666865348816
l_curve_0,784,0.7590361833572388,0.6666666865348816
l_curve_0,785,0.7589213252067566,0.6666666865348816
l_curve_0,786,0.7591262459754944,0.6666666865348816
l_curve_0,787,0.7592331767082214,0.6666666865348816
l_curve_0,788,0.759253203868866,0.6666666865348816
l_curve_0,789,0.7589356303215027,0.6666666865348816
l_curve_0,790,0.7587018609046936,0.6666666865348816
l_curve_0,791,0.7590011954307556,0.6666666865348816
l_curve_0,792,0.7591426968574524,0.6666666865348816
l_curve_0,793,0.7588673830032349,0.6666666865348816
l_curve_0,794,0.758991539478302,0.6666666865348816
l_curve_0,795,0.7590566277503967,0.6666666865348816
l_curve_0,796,0.7590416669845581,0.6666666865348816
l_curve_0,797,0.7587542533874512,0.6666666865348816
l_curve_0,798,0.7585425972938538,0.6666666865348816
l_curve_0,799,0.7579835653305054,0.6666666865348816
l_curve_0,800,0.757391631603241,0.6666666865348816
l_curve_0,801,0.7574216723442078,0.6666666865348816
l_curve_0,802,0.7579914331436157,0.6666666865348816
l_curve_0,803,0.7573831677436829,0.6666666865348816
l_curve_0,804,0.75741046667099,0.6666666865348816
l_curve_0,805,0.7578467130661011,0.6666666865348816
l_curve_0,806,0.7581183910369873,0.6666666865348816
l_curve_0,807,0.7586387991905212,0.6666666865348816
l_curve_0,808,0.758866012096405,0.6666666865348816
l_curve_0,809,0.7586506605148315,0.6666666865348816
l_curve_0,810,0.7582764625549316,0.6666666865348816
l_curve_0,811,0.7578941583633423,0.6666666865348816
l_curve_0,812,0.7571954131126404,0.6666666865348816
l_curve_0,813,0.7568048238754272,0.6666666865348816
l_curve_0,814,0.7570104002952576,0.6666666865348816
l_curve_0,815,0.7572139501571655,0.6666666865348816
l_curve_0,816,0.7571410536766052,0.6666666865348816
l_curve_0,817,0.7567909955978394,0.6666666865348816
l_curve_0,818,0.7562505006790161,0.6666666865348816
l_curve_0,819,0.7564597129821777,0.6666666865348816
l_curve_0,820,0.7564433217048645,0.6666666865348816
l_curve_0,821,0.7561728358268738,0.6666666865348816
l_curve_0,822,0.7555692195892334,0.6666666865348816
l_curve_0,823,0.7558730840682983,0.6666666865348816
l_curve_0,824,0.756514847278595,0.6666666865348816
l_curve_0,825,0.7572033405303955,0.6666666865348816
l_curve_0,826,0.7577215433120728,0.6666666865348816
l_curve_0,827,0.75794517993927,0.6666666865348816
l_curve_0,828,0.7581412196159363,0.6666666865348816
l_curve_0,829,0.7584360241889954,0.6666666865348816
l_curve_0,830,0.7581711411476135,0.6666666865348816
l_curve_0,831,0.7577456831932068,0.6666666865348816
l_curve_0,832,0.7567782402038574,0.6666666865348816
l_curve_0,833,0.7563744783401489,0.6666666865348816
l_curve_0,834,0.7566821575164795,0.6666666865348816
l_curve_0,835,0.7568339109420776,0.6666666865348816
l_curve_0,836,0.7570185661315918,0.6666666865348816
l_curve_0,837,0.757043719291687,0.6666666865348816
l_curve_0,838,0.7569538354873657,0.6666666865348816
l_curve_0,839,0.7567993402481079,0.6666666865348816
l_curve_0,840,0.7565165758132935,0.6666666865348816
l_curve_0,841,0.7564603090286255,0.6666666865348816
l_curve_0,842,0.7566434144973755,0.6666666865348816
l_curve_0,843,0.7563560605049133,0.6666666865348816
l_curve_0,844,0.7562969923019409,0.6666666865348816
l_curve_0,845,0.7566407322883606,0.6666666865348816
l_curve_0,846,0.756652295589447,0.6666666865348816
l_curve_0,847,0.7567096948623657,0.6666666865348816
l_curve_0,848,0.7564650774002075,0.6666666865348816
l_curve_0,849,0.7569481134414673,0.6666666865348816
l_curve_0,850,0.7565211653709412,0.6666666865348816
l_curve_0,851,0.7564026117324829,0.6666666865348816
l_curve_0,852,0.7562215924263,0.6666666865348816
l_curve_0,853,0.7558308839797974,0.6666666865348816
l_curve_0,854,0.7552130818367004,0.6666666865348816
l_curve_0,855,0.7545509338378906,0.6666666865348816
l_curve_0,856,0.7545449733734131,0.6666666865348816
l_curve_0,857,0.7546690702438354,0.6666666865348816
l_curve_0,858,0.7547546625137329,0.6666666865348816
l_curve_0,859,0.7548437714576721,0.6666666865348816
l_curve_0,860,0.7547867298126221,0.6666666865348816
l_curve_0,861,0.7547757029533386,0.6666666865348816
l_curve_0,862,0.7547833919525146,0.6666666865348816
l_curve_0,863,0.7551426291465759,0.6666666865348816
l_curve_0,864,0.7553806900978088,0.6666666865348816
l_curve_0,865,0.7555935978889465,0.6666666865348816
l_curve_0,866,0.7556439638137817,0.6666666865348816
l_curve_0,867,0.7551218867301941,0.6666666865348816
l_curve_0,868,0.7550437450408936,0.6666666865348816
l_curve_0,869,0.7547292709350586,0.6666666865348816
l_curve_0,870,0.7542062997817993,0.6666666865348816
l_curve_0,871,0.753853976726532,0.6666666865348816
l_curve_0,872,0.7540320158004761,0.6666666865348816
l_curve_0,873,0.7542815804481506,0.6666666865348816
l_curve_0,874,0.7540618777275085,0.6666666865348816
l_curve_0,875,0.7542799711227417,0.6666666865348816
l_curve_0,876,0.7544740438461304,0.6666666865348816
l_curve_0,877,0.7549778819084167,0.6666666865348816
l_curve_0,878,0.75533527135849,0.6666666865348816
l_curve_0,879,0.7550906538963318,0.6666666865348816
l_curve_0,880,0.7547113299369812,0.6666666865348816
l_curve_0,881,0.755002498626709,0.6666666865348816
l_curve_0,882,0.754927396774292,0.6666666865348816
l_curve_0,883,0.7548774480819702,0.6666666865348816
l_curve_0,884,0.7553979754447937,0.6666666865348816
l_curve_0,885,0.7552503347396851,0.6666666865348816
l_curve_0,886,0.7552017569541931,0.6666666865348816
l_curve_0,887,0.7549456357955933,0.6666666865348816
l_curve_0,888,0.7546963691711426,0.6666666865348816
l_curve_0,889,0.7540947198867798,0.6666666865348816
l_curve_0,890,0.7540554404258728,0.6666666865348816
l_curve_0,891,0.7540124654769897,0.6666666865348816
l_curve_0,892,0.7536923289299011,0.6666666865348816
l_curve_0,893,0.7537209987640381,0.6666666865348816
l_curve_0,894,0.7537121772766113,0.6666666865348816
l_curve_0,895,0.7534626722335815,0.6666666865348816
l_curve_0,896,0.7536258101463318,0.6666666865348816
l_curve_0,897,0.753703236579895,0.6666666865348816
l_curve_0,898,0.7537102699279785,0.6666666865348816
l_curve_0,899,0.753585934638977,0.6666666865348816
l_curve_0,900,0.7537714242935181,0.6666666865348816
l_curve_0,901,0.7538036108016968,0.6666666865348816
l_curve_0,902,0.7538787126541138,0.6666666865348816
l_curve_0,903,0.7541512250900269,0.6666666865348816
l_curve_0,904,0.7540753483772278,0.6666666865348816
l_curve_0,905,0.753928542137146,0.6666666865348816
l_curve_0,906,0.7539244890213013,0.6666666865348816
l_curve_0,907,0.7540675401687622,0.6666666865348816
l_curve_0,908,0.7539271712303162,0.6666666865348816
l_curve_0,909,0.7543059587478638,0.6666666865348816
l_curve_0,910,0.7539370656013489,0.6666666865348816
l_curve_0,911,0.7541011571884155,0.6666666865348816
l_curve_0,912,0.7538281679153442,0.6666666865348816
l_curve_0,913,0.7535651326179504,0.6666666865348816
l_curve_0,914,0.7532299757003784,0.6666666865348816
l_curve_0,915,0.7527807354927063,0.6666666865348816
l_curve_0,916,0.7527666687965393,0.6666666865348816
l_curve_0,917,0.7528815269470215,0.6666666865348816
l_curve_0,918,0.7531008720397949,0.6666666865348816
l_curve_0,919,0.7531033754348755,0.6666666865348816
l_curve_0,920,0.753006637096405,0.6666666865348816
l_curve_0,921,0.7532896995544434,0.6666666865348816
l_curve_0,922,0.7531446218490601,0.6666666865348816
l_curve_0,923,0.7527849674224854,0.6666666865348816
l_curve_0,924,0.7529338002204895,0.6666666865348816
l_curve_0,925,0.752640426158905,0.6666666865348816
l_curve_0,926,0.7522363662719727,0.6666666865348816
l_curve_0,927,0.7519078254699707,0.6666666865348816
l_curve_0,928,0.7518526911735535,0.6666666865348816
l_curve_0,929,0.7518088817596436,0.6666666865348816
l_curve_0,930,0.7515496015548706,0.6666666865348816
l_curve_0,931,0.7516858577728271,0.6666666865348816
l_curve_0,932,0.751715898513794,0.6666666865348816
l_curve_0,933,0.7511504888534546,0.6666666865348816
l_curve_0,934,0.7507602572441101,0.6666666865348816
l_curve_0,935,0.7505248188972473,0.6666666865348816
l_curve_0,936,0.750273585319519,0.6666666865348816
l_curve_0,937,0.7507162690162659,0.6666666865348816
l_curve_0,938,0.7512298822402954,0.6666666865348816
l_curve_0,939,0.7513401508331299,0.6666666865348816
l_curve_0,940,0.7509629130363464,0.6666666865348816
l_curve_0,941,0.7509649395942688,0.6666666865348816
l_curve_0,942,0.7511339783668518,0.6666666865348816
l_curve_0,943,0.751214861869812,0.6666666865348816
l_curve_0,944,0.7515564560890198,0.6666666865348816
l_curve_0,945,0.7513658404350281,0.6666666865348816
l_curve_0,946,0.7509356737136841,0.6666666865348816
l_curve_0,947,0.7509990334510803,0.6666666865348816
l_curve_0,948,0.7512010931968689,0.6666666865348816
l_curve_0,949,0.7513255476951599,0.6666666865348816
l_curve_0,950,0.7513388395309448,0.6666666865348816
l_curve_0,951,0.7512498497962952,0.6666666865348816
l_curve_0,952,0.7515953779220581,0.6666666865348816
l_curve_0,953,0.7516940236091614,0.6666666865348816
l_curve_0,954,0.7514854073524475,0.6666666865348816
l_curve_0,955,0.7514798641204834,0.6666666865348816
l_curve_0,956,0.7511630058288574,0.6666666865348816
l_curve_0,957,0.7514100670814514,0.6666666865348816
l_curve_0,958,0.7512099146842957,0.6666666865348816
l_curve_0,959,0.7507627606391907,0.6666666865348816
l_curve_0,960,0.750873863697052,0.6666666865348816
l_curve_0,961,0.7506550550460815,0.6666666865348816
l_curve_0,962,0.750372588634491,0.6666666865348816
l_curve_0,963,0.7502543330192566,0.6666666865348816
l_curve_0,964,0.7503652572631836,0.6666666865348816
l_curve_0,965,0.7506926655769348,0.6666666865348816
l_curve_0,966,0.7507286667823792,0.6666666865348816
l_curve_0,967,0.7507495880126953,0.6666666865348816
l_curve_0,968,0.7513931393623352,0.6666666865348816
l_curve_0,969,0.7520077228546143,0.6666666865348816
l_curve_0,970,0.7522691488265991,0.6666666865348816
l_curve_0,971,0.7520674467086792,0.6666666865348816
l_curve_0,972,0.7511551976203918,0.6666666865348816
l_curve_0,973,0.7506875991821289,0.6666666865348816
l_curve_0,974,0.7506111264228821,0.6666666865348816
l_curve_0,975,0.7503800392150879,0.6666666865348816
l_curve_0,976,0.7502789497375488,0.6666666865348816
l_curve_0,977,0.7500999569892883,0.6666666865348816
l_curve_0,978,0.7499381899833679,0.6666666865348816
l_curve_0,979,0.7499037384986877,0.6666666865348816
l_curve_0,980,0.7496745586395264,0.6666666865348816
l_curve_0,981,0.7493472099304199,0.6666666865348816
l_curve_0,982,0.7493584752082825,0.6666666865348816
l_curve_0,983,0.7490029335021973,0.6666666865348816
l_curve_0,984,0.7487030029296875,0.6666666865348816
l_curve_0,985,0.74842369556427,0.6666666865348816
l_curve_0,986,0.7481040954589844,0.6666666865348816
l_curve_0,987,0.7479986548423767,0.6666666865348816
l_curve_0,988,0.7476488947868347,0.6666666865348816
l_curve_0,989,0.7474160194396973,0.6666666865348816
l_curve_0,990,0.7474347949028015,0.6666666865348816
l_curve_0,991,0.747528612613678,0.6666666865348816
l_curve_0,992,0.7481251955032349,0.6666666865348816
l_curve_0,993,0.7487021684646606,0.6666666865348816
l_curve_0,994,0.748993456363678,0.6666666865348816
l_curve_0,995,0.7491289973258972,0.6666666865348816
l_curve_0,996,0.7494677901268005,0.6666666865348816
l_curve_0,997,0.749405026435852,0.6666666865348816
l_curve_0,998,0.7496203184127808,0.6666666865348816
l_curve_0,999,0.7494351267814636,0.6666666865348816
l_curve_0,1000,0.7489056587219238,0.6666666865348816
l_curve_0,1000,0.7489056587219238,0.6666666865348816
