client,round,loss,accuracy
l_curve_2,1,0.6454970240592957,0.6190476417541504
l_curve_2,2,0.6421975493431091,0.6190476417541504
l_curve_2,3,0.6386178731918335,0.6190476417541504
l_curve_2,4,0.6344007849693298,0.6190476417541504
l_curve_2,5,0.6296482086181641,0.6190476417541504
l_curve_2,6,0.6244782209396362,0.6190476417541504
l_curve_2,7,0.6188908815383911,0.7142857313156128
l_curve_2,8,0.6126775145530701,0.7142857313156128
l_curve_2,9,0.6059908866882324,0.761904776096344
l_curve_2,10,0.5987465381622314,0.8095238208770752
l_curve_2,11,0.5914080739021301,0.8095238208770752
l_curve_2,12,0.5836437344551086,0.8095238208770752
l_curve_2,13,0.5753703117370605,0.8571428656578064
l_curve_2,14,0.5669859647750854,0.8571428656578064
l_curve_2,15,0.5583164691925049,0.8571428656578064
l_curve_2,16,0.5494762659072876,0.8571428656578064
l_curve_2,17,0.5403565764427185,0.8571428656578064
l_curve_2,18,0.5311973690986633,0.8571428656578064
l_curve_2,19,0.5221928358078003,0.8571428656578064
l_curve_2,20,0.5129367709159851,0.8571428656578064
l_curve_2,21,0.5037360191345215,0.8571428656578064
l_curve_2,22,0.4947647452354431,0.8571428656578064
l_curve_2,23,0.4857604205608368,0.8571428656578064
l_curve_2,24,0.47671717405319214,0.8571428656578064
l_curve_2,25,0.4678775370121002,0.9047619104385376
l_curve_2,26,0.4592268764972687,0.9047619104385376
l_curve_2,27,0.4508047103881836,0.9047619104385376
l_curve_2,28,0.44284138083457947,0.9047619104385376
l_curve_2,29,0.4349886178970337,0.9047619104385376
l_curve_2,30,0.42737051844596863,0.9047619104385376
l_curve_2,31,0.41999635100364685,0.9047619104385376
l_curve_2,32,0.4128546118736267,0.9047619104385376
l_curve_2,33,0.40575721859931946,0.9047619104385376
l_curve_2,34,0.3992878198623657,0.9047619104385376
l_curve_2,35,0.3931037485599518,0.9047619104385376
l_curve_2,36,0.38701730966567993,0.9047619104385376
l_curve_2,37,0.3809439241886139,0.9047619104385376
l_curve_2,38,0.3751957416534424,0.9047619104385376
l_curve_2,39,0.369559645652771,0.9047619104385376
l_curve_2,40,0.3642808794975281,0.9047619104385376
l_curve_2,41,0.35909226536750793,0.9047619104385376
l_curve_2,42,0.3540470004081726,0.9047619104385376
l_curve_2,43,0.3493277132511139,0.9047619104385376
l_curve_2,44,0.3447667956352234,0.9047619104385376
l_curve_2,45,0.3401944041252136,0.9047619104385376
l_curve_2,46,0.3358132839202881,0.9047619104385376
l_curve_2,47,0.3316774368286133,0.9047619104385376
l_curve_2,48,0.3276032507419586,0.9047619104385376
l_curve_2,49,0.3236275017261505,0.9047619104385376
l_curve_2,50,0.31961002945899963,0.9047619104385376
l_curve_2,51,0.3157460391521454,0.9047619104385376
l_curve_2,52,0.3120989501476288,0.9047619104385376
l_curve_2,53,0.30859264731407166,0.9047619104385376
l_curve_2,54,0.305163711309433,0.9047619104385376
l_curve_2,55,0.30170613527297974,0.9047619104385376
l_curve_2,56,0.2984793484210968,0.9523809552192688
l_curve_2,57,0.29541271924972534,0.9523809552192688
l_curve_2,58,0.292398601770401,0.9523809552192688
l_curve_2,59,0.289482980966568,0.9523809552192688
l_curve_2,60,0.28660351037979126,0.9523809552192688
l_curve_2,61,0.2838539779186249,0.9523809552192688
l_curve_2,62,0.2811965048313141,0.9523809552192688
l_curve_2,63,0.27857884764671326,0.9523809552192688
l_curve_2,64,0.2760000228881836,0.9523809552192688
l_curve_2,65,0.2735840976238251,0.9523809552192688
l_curve_2,66,0.2712024450302124,0.9523809552192688
l_curve_2,67,0.26894786953926086,0.9523809552192688
l_curve_2,68,0.2666199207305908,0.9523809552192688
l_curve_2,69,0.26436448097229004,0.9523809552192688
l_curve_2,70,0.2622341811656952,0.9523809552192688
l_curve_2,71,0.2600937485694885,0.9523809552192688
l_curve_2,72,0.2579788565635681,0.9523809552192688
l_curve_2,73,0.2559794485569,0.9523809552192688
l_curve_2,74,0.25410085916519165,0.9523809552192688
l_curve_2,75,0.25221699476242065,0.9523809552192688
l_curve_2,76,0.2503727376461029,0.9523809552192688
l_curve_2,77,0.2485472857952118,0.9523809552192688
l_curve_2,78,0.24677333235740662,0.9523809552192688
l_curve_2,79,0.24501219391822815,0.9523809552192688
l_curve_2,80,0.24331356585025787,0.9523809552192688
l_curve_2,81,0.24163857102394104,0.9523809552192688
l_curve_2,82,0.23999904096126556,0.9523809552192688
l_curve_2,83,0.23846535384655,0.9523809552192688
l_curve_2,84,0.23704484105110168,0.9523809552192688
l_curve_2,85,0.23567984998226166,0.9523809552192688
l_curve_2,86,0.23427052795886993,0.9523809552192688
l_curve_2,87,0.23285457491874695,0.9523809552192688
l_curve_2,88,0.23147912323474884,0.9523809552192688
l_curve_2,89,0.23010821640491486,0.9523809552192688
l_curve_2,90,0.22877059876918793,0.9523809552192688
l_curve_2,91,0.22753724455833435,0.9523809552192688
l_curve_2,92,0.22636525332927704,0.9523809552192688
l_curve_2,93,0.22514334321022034,0.9523809552192688
l_curve_2,94,0.2238619476556778,0.9523809552192688
l_curve_2,95,0.22263820469379425,0.9523809552192688
l_curve_2,96,0.22157973051071167,0.9523809552192688
l_curve_2,97,0.2206314355134964,0.9523809552192688
l_curve_2,98,0.21965530514717102,0.9523809552192688
l_curve_2,99,0.2186252325773239,0.9523809552192688
l_curve_2,100,0.21760134398937225,0.9523809552192688
l_curve_2,101,0.21648479998111725,0.9523809552192688
l_curve_2,102,0.2154477834701538,0.9523809552192688
l_curve_2,103,0.21443112194538116,0.9523809552192688
l_curve_2,104,0.21351727843284607,0.9523809552192688
l_curve_2,105,0.21266435086727142,0.9523809552192688
l_curve_2,106,0.21183577179908752,0.9523809552192688
l_curve_2,107,0.21105466783046722,0.9523809552192688
l_curve_2,108,0.2102658450603485,0.9523809552192688
l_curve_2,109,0.2094338983297348,0.9523809552192688
l_curve_2,110,0.2086951583623886,0.9523809552192688
l_curve_2,111,0.20801471173763275,0.9523809552192688
l_curve_2,112,0.20741674304008484,0.9523809552192688
l_curve_2,113,0.20675699412822723,0.9523809552192688
l_curve_2,114,0.20607930421829224,0.9523809552192688
l_curve_2,115,0.20538675785064697,0.9523809552192688
l_curve_2,116,0.20468559861183167,0.9523809552192688
l_curve_2,117,0.20412449538707733,0.9523809552192688
l_curve_2,118,0.20363318920135498,1.0
l_curve_2,119,0.2030697762966156,1.0
l_curve_2,120,0.20252354443073273,1.0
l_curve_2,121,0.20198002457618713,1.0
l_curve_2,122,0.20135636627674103,1.0
l_curve_2,123,0.20065797865390778,1.0
l_curve_2,124,0.19996581971645355,1.0
l_curve_2,125,0.19938205182552338,1.0
l_curve_2,126,0.19878344237804413,1.0
l_curve_2,127,0.19829164445400238,1.0
l_curve_2,128,0.19782023131847382,1.0
l_curve_2,129,0.1971895843744278,1.0
l_curve_2,130,0.19665482640266418,1.0
l_curve_2,131,0.1961783617734909,1.0
l_curve_2,132,0.19578635692596436,1.0
l_curve_2,133,0.19544708728790283,1.0
l_curve_2,134,0.19507062435150146,1.0
l_curve_2,135,0.19453611969947815,1.0
l_curve_2,136,0.19408543407917023,1.0
l_curve_2,137,0.1937529295682907,1.0
l_curve_2,138,0.19338317215442657,1.0
l_curve_2,139,0.19298817217350006,1.0
l_curve_2,140,0.19258444011211395,1.0
l_curve_2,141,0.19224223494529724,1.0
l_curve_2,142,0.19193483889102936,1.0
l_curve_2,143,0.19154222309589386,1.0
l_curve_2,144,0.19115984439849854,1.0
l_curve_2,145,0.19076043367385864,1.0
l_curve_2,146,0.19042061269283295,1.0
l_curve_2,147,0.1901225745677948,1.0
l_curve_2,148,0.18971668183803558,1.0
l_curve_2,149,0.18942831456661224,1.0
l_curve_2,150,0.18913839757442474,1.0
l_curve_2,151,0.18880844116210938,1.0
l_curve_2,152,0.18847452104091644,1.0
l_curve_2,153,0.18817217648029327,1.0
l_curve_2,154,0.18772614002227783,1.0
l_curve_2,155,0.18739597499370575,1.0
l_curve_2,156,0.18708910048007965,1.0
l_curve_2,157,0.18671204149723053,1.0
l_curve_2,158,0.1863756775856018,1.0
l_curve_2,159,0.18611326813697815,1.0
l_curve_2,160,0.18580879271030426,1.0
l_curve_2,161,0.18557259440422058,1.0
l_curve_2,162,0.18537719547748566,1.0
l_curve_2,163,0.18521569669246674,1.0
l_curve_2,164,0.1850430816411972,1.0
l_curve_2,165,0.18474805355072021,1.0
l_curve_2,166,0.18453676998615265,1.0
l_curve_2,167,0.18426558375358582,1.0
l_curve_2,168,0.18392308056354523,1.0
l_curve_2,169,0.18365029990673065,1.0
l_curve_2,170,0.18343135714530945,1.0
l_curve_2,171,0.1831517517566681,1.0
l_curve_2,172,0.18290109932422638,1.0
l_curve_2,173,0.18263547122478485,1.0
l_curve_2,174,0.1824376881122589,1.0
l_curve_2,175,0.1822906732559204,1.0
l_curve_2,176,0.18215100467205048,1.0
l_curve_2,177,0.18191121518611908,1.0
l_curve_2,178,0.1817895621061325,1.0
l_curve_2,179,0.18158882856369019,0.9523809552192688
l_curve_2,180,0.18133248388767242,0.9523809552192688
l_curve_2,181,0.18102844059467316,0.9523809552192688
l_curve_2,182,0.18085375428199768,0.9523809552192688
l_curve_2,183,0.18068385124206543,0.9523809552192688
l_curve_2,184,0.18058304488658905,0.9523809552192688
l_curve_2,185,0.18040543794631958,0.9523809552192688
l_curve_2,186,0.18023231625556946,0.9523809552192688
l_curve_2,187,0.18000070750713348,0.9523809552192688
l_curve_2,188,0.17975462973117828,0.9523809552192688
l_curve_2,189,0.17964167892932892,0.9523809552192688
l_curve_2,190,0.17952637374401093,0.9523809552192688
l_curve_2,191,0.1792195439338684,0.9523809552192688
l_curve_2,192,0.1789897084236145,0.9523809552192688
l_curve_2,193,0.17879946529865265,0.9523809552192688
l_curve_2,194,0.17868085205554962,0.9523809552192688
l_curve_2,195,0.1783536970615387,0.9523809552192688
l_curve_2,196,0.17815843224525452,0.9523809552192688
l_curve_2,197,0.17806261777877808,0.9523809552192688
l_curve_2,198,0.17787495255470276,0.9523809552192688
l_curve_2,199,0.1778346449136734,0.9523809552192688
l_curve_2,200,0.1777304708957672,0.9523809552192688
l_curve_2,201,0.17758667469024658,0.9523809552192688
l_curve_2,202,0.17750853300094604,0.9523809552192688
l_curve_2,203,0.17739146947860718,0.9523809552192688
l_curve_2,204,0.17736060917377472,0.9523809552192688
l_curve_2,205,0.17726005613803864,0.9523809552192688
l_curve_2,206,0.17721077799797058,0.9523809552192688
l_curve_2,207,0.17707790434360504,0.9523809552192688
l_curve_2,208,0.17695201933383942,0.9523809552192688
l_curve_2,209,0.17677025496959686,0.9523809552192688
l_curve_2,210,0.1766272932291031,0.9523809552192688
l_curve_2,211,0.17644326388835907,0.9523809552192688
l_curve_2,212,0.17633281648159027,0.9523809552192688
l_curve_2,213,0.17612941563129425,0.9523809552192688
l_curve_2,214,0.1760791540145874,0.9523809552192688
l_curve_2,215,0.17596790194511414,0.9523809552192688
l_curve_2,216,0.1758720427751541,0.9523809552192688
l_curve_2,217,0.17578472197055817,0.9523809552192688
l_curve_2,218,0.17570854723453522,0.9523809552192688
l_curve_2,219,0.1755579113960266,0.9523809552192688
l_curve_2,220,0.17548315227031708,0.9523809552192688
l_curve_2,221,0.17535686492919922,0.9523809552192688
l_curve_2,222,0.17523105442523956,0.9523809552192688
l_curve_2,223,0.17512868344783783,0.9523809552192688
l_curve_2,224,0.17500492930412292,0.9523809552192688
l_curve_2,225,0.17489302158355713,0.9523809552192688
l_curve_2,226,0.1748030185699463,0.9523809552192688
l_curve_2,227,0.17473909258842468,0.9523809552192688
l_curve_2,228,0.17464497685432434,0.9523809552192688
l_curve_2,229,0.1745075136423111,0.9523809552192688
l_curve_2,230,0.1744251698255539,0.9523809552192688
l_curve_2,231,0.17432038486003876,0.9523809552192688
l_curve_2,232,0.17414049804210663,0.9523809552192688
l_curve_2,233,0.17396129667758942,0.9523809552192688
l_curve_2,234,0.17387516796588898,0.9523809552192688
l_curve_2,235,0.17382492125034332,0.9523809552192688
l_curve_2,236,0.17388606071472168,0.9523809552192688
l_curve_2,237,0.17384247481822968,0.9523809552192688
l_curve_2,238,0.17381277680397034,0.9523809552192688
l_curve_2,239,0.17358234524726868,0.9523809552192688
l_curve_2,240,0.17352905869483948,0.9523809552192688
l_curve_2,241,0.17342284321784973,0.9523809552192688
l_curve_2,242,0.17328408360481262,0.9523809552192688
l_curve_2,243,0.17311261594295502,0.9523809552192688
l_curve_2,244,0.1730174720287323,0.9523809552192688
l_curve_2,245,0.17293184995651245,0.9523809552192688
l_curve_2,246,0.1728723645210266,0.9523809552192688
l_curve_2,247,0.17286431789398193,0.9523809552192688
l_curve_2,248,0.17267578840255737,0.9523809552192688
l_curve_2,249,0.17254309356212616,0.9523809552192688
l_curve_2,250,0.17253345251083374,0.9523809552192688
l_curve_2,251,0.1726047396659851,0.9523809552192688
l_curve_2,252,0.17271216213703156,0.9523809552192688
l_curve_2,253,0.1727665811777115,0.9523809552192688
l_curve_2,254,0.17286299169063568,0.9523809552192688
l_curve_2,255,0.1728598028421402,0.9523809552192688
l_curve_2,256,0.1727752387523651,0.9523809552192688
l_curve_2,257,0.17281831800937653,0.9523809552192688
l_curve_2,258,0.1728057861328125,0.9523809552192688
l_curve_2,259,0.17274777591228485,0.9523809552192688
l_curve_2,260,0.17266705632209778,0.9523809552192688
l_curve_2,261,0.17244073748588562,0.9523809552192688
l_curve_2,262,0.1724511831998825,0.9523809552192688
l_curve_2,263,0.17242757976055145,0.9523809552192688
l_curve_2,264,0.1723206788301468,0.9523809552192688
l_curve_2,265,0.17225655913352966,0.9523809552192688
l_curve_2,266,0.17220371961593628,0.9523809552192688
l_curve_2,267,0.1722732037305832,0.9523809552192688
l_curve_2,268,0.17229196429252625,0.9523809552192688
l_curve_2,269,0.1722324937582016,0.9523809552192688
l_curve_2,270,0.17226509749889374,0.9523809552192688
l_curve_2,271,0.1721327304840088,0.9523809552192688
l_curve_2,272,0.1719282865524292,0.9523809552192688
l_curve_2,273,0.1718163937330246,0.9523809552192688
l_curve_2,274,0.17169463634490967,0.9523809552192688
l_curve_2,275,0.17154709994792938,0.9523809552192688
l_curve_2,276,0.17149296402931213,0.9523809552192688
l_curve_2,277,0.17152449488639832,0.9523809552192688
l_curve_2,278,0.17165391147136688,0.9523809552192688
l_curve_2,279,0.1717061549425125,0.9523809552192688
l_curve_2,280,0.1716979444026947,0.9523809552192688
l_curve_2,281,0.17166568338871002,0.9523809552192688
l_curve_2,282,0.1716804951429367,0.9523809552192688
l_curve_2,283,0.1716553121805191,0.9523809552192688
l_curve_2,284,0.1715736836194992,0.9523809552192688
l_curve_2,285,0.17158451676368713,0.9523809552192688
l_curve_2,286,0.1716158092021942,0.9523809552192688
l_curve_2,287,0.17158225178718567,0.9523809552192688
l_curve_2,288,0.17145098745822906,0.9523809552192688
l_curve_2,289,0.1713762730360031,0.9523809552192688
l_curve_2,290,0.1713389903306961,0.9523809552192688
l_curve_2,291,0.17138071358203888,0.9523809552192688
l_curve_2,292,0.1714867502450943,0.9523809552192688
l_curve_2,293,0.17162759602069855,0.9523809552192688
l_curve_2,294,0.1717527061700821,0.9523809552192688
l_curve_2,295,0.17186011373996735,0.9523809552192688
l_curve_2,296,0.17192961275577545,0.9523809552192688
l_curve_2,297,0.17198976874351501,0.9523809552192688
l_curve_2,298,0.1719774752855301,0.9523809552192688
l_curve_2,299,0.17187093198299408,0.9523809552192688
l_curve_2,300,0.1718704253435135,0.9523809552192688
l_curve_2,301,0.17178018391132355,0.9523809552192688
l_curve_2,302,0.1717558354139328,0.9523809552192688
l_curve_2,303,0.17164447903633118,0.9523809552192688
l_curve_2,304,0.1715070903301239,0.9523809552192688
l_curve_2,305,0.17147554457187653,0.9523809552192688
l_curve_2,306,0.17131799459457397,0.9523809552192688
l_curve_2,307,0.17129985988140106,0.9523809552192688
l_curve_2,308,0.17130495607852936,0.9523809552192688
l_curve_2,309,0.17141103744506836,0.9523809552192688
l_curve_2,310,0.17143738269805908,0.9523809552192688
l_curve_2,311,0.17149397730827332,0.9523809552192688
l_curve_2,312,0.1716058999300003,0.9523809552192688
l_curve_2,313,0.17154376208782196,0.9523809552192688
l_curve_2,314,0.17155249416828156,0.9523809552192688
l_curve_2,315,0.17157112061977386,0.9523809552192688
l_curve_2,316,0.17167745530605316,0.9523809552192688
l_curve_2,317,0.17174628376960754,0.9523809552192688
l_curve_2,318,0.1717119663953781,0.9523809552192688
l_curve_2,319,0.17179596424102783,0.9523809552192688
l_curve_2,320,0.17178098857402802,0.9523809552192688
l_curve_2,321,0.17177213728427887,0.9523809552192688
l_curve_2,322,0.1716805249452591,0.9523809552192688
l_curve_2,323,0.1717546582221985,0.9523809552192688
l_curve_2,324,0.17176057398319244,0.9523809552192688
l_curve_2,325,0.17172440886497498,0.9523809552192688
l_curve_2,326,0.17169979214668274,0.9523809552192688
l_curve_2,327,0.17171041667461395,0.9523809552192688
l_curve_2,328,0.1716482788324356,0.9523809552192688
l_curve_2,329,0.17151929438114166,0.9523809552192688
l_curve_2,330,0.17153960466384888,0.9523809552192688
l_curve_2,331,0.17163658142089844,0.9523809552192688
l_curve_2,332,0.171629399061203,0.9523809552192688
l_curve_2,333,0.17149634659290314,0.9523809552192688
l_curve_2,334,0.17115971446037292,0.9523809552192688
l_curve_2,335,0.1710863560438156,0.9523809552192688
l_curve_2,336,0.17111222445964813,0.9523809552192688
l_curve_2,337,0.17111614346504211,0.9523809552192688
l_curve_2,338,0.1709521859884262,0.9523809552192688
l_curve_2,339,0.17095017433166504,0.9523809552192688
l_curve_2,340,0.1710994988679886,0.9523809552192688
l_curve_2,341,0.1711280196905136,0.9523809552192688
l_curve_2,342,0.17114222049713135,0.9523809552192688
l_curve_2,343,0.17107795178890228,0.9523809552192688
l_curve_2,344,0.17095820605754852,0.9523809552192688
l_curve_2,345,0.17084504663944244,0.9523809552192688
l_curve_2,346,0.17096154391765594,0.9523809552192688
l_curve_2,347,0.17105543613433838,0.9523809552192688
l_curve_2,348,0.17104628682136536,0.9523809552192688
l_curve_2,349,0.17097917199134827,0.9523809552192688
l_curve_2,350,0.17089425027370453,0.9523809552192688
l_curve_2,351,0.17090055346488953,0.9523809552192688
l_curve_2,352,0.1710468977689743,0.9523809552192688
l_curve_2,353,0.17102943360805511,0.9523809552192688
l_curve_2,354,0.17105697095394135,0.9523809552192688
l_curve_2,355,0.17113171517848969,0.9523809552192688
l_curve_2,356,0.17108482122421265,0.9523809552192688
l_curve_2,357,0.17111319303512573,0.9523809552192688
l_curve_2,358,0.1712873876094818,0.9523809552192688
l_curve_2,359,0.17121823132038116,0.9523809552192688
l_curve_2,360,0.17124596238136292,0.9523809552192688
l_curve_2,361,0.17108961939811707,0.9523809552192688
l_curve_2,362,0.17096200585365295,0.9523809552192688
l_curve_2,363,0.17089182138442993,0.9523809552192688
l_curve_2,364,0.17085511982440948,0.9523809552192688
l_curve_2,365,0.17090395092964172,0.9523809552192688
l_curve_2,366,0.17096588015556335,0.9523809552192688
l_curve_2,367,0.17097066342830658,0.9523809552192688
l_curve_2,368,0.17120496928691864,0.9523809552192688
l_curve_2,369,0.1713104248046875,0.9523809552192688
l_curve_2,370,0.1712552011013031,0.9523809552192688
l_curve_2,371,0.1712319701910019,0.9523809552192688
l_curve_2,372,0.17132727801799774,0.9523809552192688
l_curve_2,373,0.17140626907348633,0.9523809552192688
l_curve_2,374,0.17129160463809967,0.9523809552192688
l_curve_2,375,0.17118731141090393,0.9523809552192688
l_curve_2,376,0.1711028516292572,0.9523809552192688
l_curve_2,377,0.17099057137966156,0.9523809552192688
l_curve_2,378,0.17104676365852356,0.9523809552192688
l_curve_2,379,0.1711753010749817,0.9523809552192688
l_curve_2,380,0.1712307631969452,0.9523809552192688
l_curve_2,381,0.17123444378376007,0.9523809552192688
l_curve_2,382,0.17122657597064972,0.9523809552192688
l_curve_2,383,0.17122957110404968,0.9523809552192688
l_curve_2,384,0.17120908200740814,0.9523809552192688
l_curve_2,385,0.17117345333099365,0.9523809552192688
l_curve_2,386,0.17125928401947021,0.9523809552192688
l_curve_2,387,0.1712539941072464,0.9523809552192688
l_curve_2,388,0.17124740779399872,0.9523809552192688
l_curve_2,389,0.17110416293144226,0.9523809552192688
l_curve_2,390,0.171017587184906,0.9523809552192688
l_curve_2,391,0.1710367053747177,0.9523809552192688
l_curve_2,392,0.17115063965320587,0.9523809552192688
l_curve_2,393,0.17117688059806824,0.9523809552192688
l_curve_2,394,0.17108792066574097,0.9523809552192688
l_curve_2,395,0.17100872099399567,0.9523809552192688
l_curve_2,396,0.17101509869098663,0.9523809552192688
l_curve_2,397,0.17093540728092194,0.9523809552192688
l_curve_2,398,0.17088837921619415,0.9523809552192688
l_curve_2,399,0.17076456546783447,0.9523809552192688
l_curve_2,400,0.17078897356987,0.9523809552192688
l_curve_2,401,0.17086751759052277,0.9523809552192688
l_curve_2,402,0.17083723843097687,0.9523809552192688
l_curve_2,403,0.17083947360515594,0.9523809552192688
l_curve_2,404,0.17085321247577667,0.9523809552192688
l_curve_2,405,0.1709328442811966,0.9523809552192688
l_curve_2,406,0.1710439771413803,0.9523809552192688
l_curve_2,407,0.17101478576660156,0.9523809552192688
l_curve_2,408,0.1710442304611206,0.9523809552192688
l_curve_2,409,0.17099638283252716,0.9523809552192688
l_curve_2,410,0.17096427083015442,0.9523809552192688
l_curve_2,411,0.17082470655441284,0.9523809552192688
l_curve_2,412,0.1706399917602539,0.9523809552192688
l_curve_2,413,0.17043842375278473,0.9523809552192688
l_curve_2,414,0.17044615745544434,0.9523809552192688
l_curve_2,415,0.17045195400714874,0.9523809552192688
l_curve_2,416,0.17055438458919525,0.9523809552192688
l_curve_2,417,0.17055310308933258,0.9523809552192688
l_curve_2,418,0.17060329020023346,0.9523809552192688
l_curve_2,419,0.17069847881793976,0.9523809552192688
l_curve_2,420,0.17074653506278992,0.9523809552192688
l_curve_2,421,0.1707279533147812,0.9523809552192688
l_curve_2,422,0.1708836555480957,0.9523809552192688
l_curve_2,423,0.17101742327213287,0.9523809552192688
l_curve_2,424,0.17103822529315948,0.9523809552192688
l_curve_2,425,0.17091001570224762,0.9523809552192688
l_curve_2,426,0.17084605991840363,0.9523809552192688
l_curve_2,427,0.17084971070289612,0.9523809552192688
l_curve_2,428,0.17089559137821198,0.9523809552192688
l_curve_2,429,0.17091919481754303,0.9523809552192688
l_curve_2,430,0.17088660597801208,0.9523809552192688
l_curve_2,431,0.1709638088941574,0.9523809552192688
l_curve_2,432,0.17115262150764465,0.9523809552192688
l_curve_2,433,0.1711704134941101,0.9523809552192688
l_curve_2,434,0.17125919461250305,0.9523809552192688
l_curve_2,435,0.17129766941070557,0.9523809552192688
l_curve_2,436,0.17123742401599884,0.9523809552192688
l_curve_2,437,0.17116333544254303,0.9523809552192688
l_curve_2,438,0.1710902601480484,0.9523809552192688
l_curve_2,439,0.1709451675415039,0.9523809552192688
l_curve_2,440,0.17084245383739471,0.9523809552192688
l_curve_2,441,0.17080342769622803,0.9523809552192688
l_curve_2,442,0.17099598050117493,0.9523809552192688
l_curve_2,443,0.17112687230110168,0.9523809552192688
l_curve_2,444,0.1711769849061966,0.9523809552192688
l_curve_2,445,0.171197772026062,0.9523809552192688
l_curve_2,446,0.17114372551441193,0.9523809552192688
l_curve_2,447,0.1710589975118637,0.9523809552192688
l_curve_2,448,0.17105916142463684,0.9523809552192688
l_curve_2,449,0.17107968032360077,0.9523809552192688
l_curve_2,450,0.17096728086471558,0.9523809552192688
l_curve_2,451,0.17100103199481964,0.9523809552192688
l_curve_2,452,0.17109258472919464,0.9523809552192688
l_curve_2,453,0.1712409257888794,0.9523809552192688
l_curve_2,454,0.17135746777057648,0.9523809552192688
l_curve_2,455,0.17140120267868042,0.9523809552192688
l_curve_2,456,0.17141476273536682,0.9523809552192688
l_curve_2,457,0.17138803005218506,0.9523809552192688
l_curve_2,458,0.1712898463010788,0.9523809552192688
l_curve_2,459,0.17110104858875275,0.9523809552192688
l_curve_2,460,0.17102956771850586,0.9523809552192688
l_curve_2,461,0.1709316372871399,0.9523809552192688
l_curve_2,462,0.1710285097360611,0.9523809552192688
l_curve_2,463,0.17105714976787567,0.9523809552192688
l_curve_2,464,0.17103324830532074,0.9523809552192688
l_curve_2,465,0.1711038202047348,0.9523809552192688
l_curve_2,466,0.17099590599536896,0.9523809552192688
l_curve_2,467,0.17109517753124237,0.9523809552192688
l_curve_2,468,0.17115621268749237,0.9523809552192688
l_curve_2,469,0.17131076753139496,0.9523809552192688
l_curve_2,470,0.1713443100452423,0.9523809552192688
l_curve_2,471,0.17118075489997864,0.9523809552192688
l_curve_2,472,0.17122957110404968,0.9523809552192688
l_curve_2,473,0.17120464146137238,0.9523809552192688
l_curve_2,474,0.17119893431663513,0.9523809552192688
l_curve_2,475,0.17114287614822388,0.9523809552192688
l_curve_2,476,0.17111067473888397,0.9523809552192688
l_curve_2,477,0.1711566299200058,0.9523809552192688
l_curve_2,478,0.17130379378795624,0.9523809552192688
l_curve_2,479,0.17121678590774536,0.9523809552192688
l_curve_2,480,0.17114530503749847,0.9523809552192688
l_curve_2,481,0.1711357831954956,0.9523809552192688
l_curve_2,482,0.17112678289413452,0.9523809552192688
l_curve_2,483,0.17116190493106842,0.9523809552192688
l_curve_2,484,0.17132458090782166,0.9523809552192688
l_curve_2,485,0.1712189018726349,0.9523809552192688
l_curve_2,486,0.17121422290802002,0.9523809552192688
l_curve_2,487,0.17105896770954132,0.9523809552192688
l_curve_2,488,0.1708468645811081,0.9523809552192688
l_curve_2,489,0.1707415133714676,0.9523809552192688
l_curve_2,490,0.17070992290973663,0.9523809552192688
l_curve_2,491,0.17081792652606964,0.9523809552192688
l_curve_2,492,0.17085440456867218,0.9523809552192688
l_curve_2,493,0.17077597975730896,0.9523809552192688
l_curve_2,494,0.17086316645145416,0.9523809552192688
l_curve_2,495,0.1708206832408905,0.9523809552192688
l_curve_2,496,0.17062030732631683,0.9523809552192688
l_curve_2,497,0.17054063081741333,0.9523809552192688
l_curve_2,498,0.17048771679401398,0.9523809552192688
l_curve_2,499,0.1704128533601761,0.9523809552192688
l_curve_2,500,0.17045696079730988,0.9523809552192688
l_curve_2,501,0.17050616443157196,0.9523809552192688
l_curve_2,502,0.17046129703521729,0.9523809552192688
l_curve_2,503,0.1705383062362671,0.9523809552192688
l_curve_2,504,0.17063535749912262,0.9523809552192688
l_curve_2,505,0.17074307799339294,0.9523809552192688
l_curve_2,506,0.1707461178302765,0.9523809552192688
l_curve_2,507,0.17077401280403137,0.9523809552192688
l_curve_2,508,0.17069847881793976,0.9523809552192688
l_curve_2,509,0.1707136482000351,0.9523809552192688
l_curve_2,510,0.1706881821155548,0.9523809552192688
l_curve_2,511,0.1706167310476303,0.9523809552192688
l_curve_2,512,0.17069900035858154,0.9523809552192688
l_curve_2,513,0.1708286553621292,0.9523809552192688
l_curve_2,514,0.17089426517486572,0.9523809552192688
l_curve_2,515,0.17089800536632538,0.9523809552192688
l_curve_2,516,0.1708856076002121,0.9523809552192688
l_curve_2,517,0.1708030253648758,0.9523809552192688
l_curve_2,518,0.170750692486763,0.9523809552192688
l_curve_2,519,0.17065875232219696,0.9523809552192688
l_curve_2,520,0.17082136869430542,0.9523809552192688
l_curve_2,521,0.17091608047485352,0.9523809552192688
l_curve_2,522,0.17120422422885895,0.9523809552192688
l_curve_2,523,0.17131277918815613,0.9523809552192688
l_curve_2,524,0.17131488025188446,0.9523809552192688
l_curve_2,525,0.17125841975212097,0.9523809552192688
l_curve_2,526,0.17116853594779968,0.9523809552192688
l_curve_2,527,0.17097386717796326,0.9523809552192688
l_curve_2,528,0.17080731689929962,0.9523809552192688
l_curve_2,529,0.17066676914691925,0.9523809552192688
l_curve_2,530,0.17068354785442352,0.9523809552192688
l_curve_2,531,0.1707344502210617,0.9523809552192688
l_curve_2,532,0.1707257330417633,0.9523809552192688
l_curve_2,533,0.1707226037979126,0.9523809552192688
l_curve_2,534,0.17077861726284027,0.9523809552192688
l_curve_2,535,0.17075985670089722,0.9523809552192688
l_curve_2,536,0.17060616612434387,0.9523809552192688
l_curve_2,537,0.1704319566488266,0.9523809552192688
l_curve_2,538,0.17029733955860138,0.9523809552192688
l_curve_2,539,0.17045071721076965,0.9523809552192688
l_curve_2,540,0.17051701247692108,0.9523809552192688
l_curve_2,541,0.17052386701107025,0.9523809552192688
l_curve_2,542,0.17061689496040344,0.9523809552192688
l_curve_2,543,0.17070375382900238,0.9523809552192688
l_curve_2,544,0.17078222334384918,0.9523809552192688
l_curve_2,545,0.17078638076782227,0.9523809552192688
l_curve_2,546,0.17078283429145813,0.9523809552192688
l_curve_2,547,0.1707039773464203,0.9523809552192688
l_curve_2,548,0.17059697210788727,0.9523809552192688
l_curve_2,549,0.17055045068264008,0.9523809552192688
l_curve_2,550,0.1703178435564041,0.9523809552192688
l_curve_2,551,0.17037434875965118,0.9523809552192688
l_curve_2,552,0.17042116820812225,0.9523809552192688
l_curve_2,553,0.17042723298072815,0.9523809552192688
l_curve_2,554,0.17041844129562378,0.9523809552192688
l_curve_2,555,0.17042991518974304,0.9523809552192688
l_curve_2,556,0.17043286561965942,0.9523809552192688
l_curve_2,557,0.17057350277900696,0.9523809552192688
l_curve_2,558,0.17068976163864136,0.9523809552192688
l_curve_2,559,0.1707480251789093,0.9523809552192688
l_curve_2,560,0.1706165075302124,0.9523809552192688
l_curve_2,561,0.17051585018634796,0.9523809552192688
l_curve_2,562,0.17044132947921753,0.9523809552192688
l_curve_2,563,0.1703449785709381,0.9523809552192688
l_curve_2,564,0.17034581303596497,0.9523809552192688
l_curve_2,565,0.17035314440727234,0.9523809552192688
l_curve_2,566,0.17042119801044464,0.9523809552192688
l_curve_2,567,0.1704573929309845,0.9523809552192688
l_curve_2,568,0.17027783393859863,0.9523809552192688
l_curve_2,569,0.1702221781015396,0.9523809552192688
l_curve_2,570,0.17032550275325775,0.9523809552192688
l_curve_2,571,0.17049019038677216,0.9523809552192688
l_curve_2,572,0.17066778242588043,0.9523809552192688
l_curve_2,573,0.17065437138080597,0.9523809552192688
l_curve_2,574,0.1707117259502411,0.9523809552192688
l_curve_2,575,0.17077700793743134,0.9523809552192688
l_curve_2,576,0.17085924744606018,0.9523809552192688
l_curve_2,577,0.17090967297554016,0.9523809552192688
l_curve_2,578,0.17088927328586578,0.9523809552192688
l_curve_2,579,0.17082053422927856,0.9523809552192688
l_curve_2,580,0.1707972139120102,0.9523809552192688
l_curve_2,581,0.17087529599666595,0.9523809552192688
l_curve_2,582,0.17084085941314697,0.9523809552192688
l_curve_2,583,0.17081935703754425,0.9523809552192688
l_curve_2,584,0.17073972523212433,0.9523809552192688
l_curve_2,585,0.1707088202238083,0.9523809552192688
l_curve_2,586,0.17060668766498566,0.9523809552192688
l_curve_2,587,0.17054669559001923,0.9523809552192688
l_curve_2,588,0.17049089074134827,0.9523809552192688
l_curve_2,589,0.17052380740642548,0.9523809552192688
l_curve_2,590,0.17061056196689606,0.9523809552192688
l_curve_2,591,0.17069023847579956,0.9523809552192688
l_curve_2,592,0.17075327038764954,0.9523809552192688
l_curve_2,593,0.17078396677970886,0.9523809552192688
l_curve_2,594,0.17087475955486298,0.9523809552192688
l_curve_2,595,0.1708260327577591,0.9523809552192688
l_curve_2,596,0.1708434373140335,0.9523809552192688
l_curve_2,597,0.17093560099601746,0.9523809552192688
l_curve_2,598,0.17093731462955475,0.9523809552192688
l_curve_2,599,0.1709199845790863,0.9523809552192688
l_curve_2,600,0.17083415389060974,0.9523809552192688
l_curve_2,601,0.1707734316587448,0.9523809552192688
l_curve_2,602,0.17072615027427673,0.9523809552192688
l_curve_2,603,0.17062243819236755,0.9523809552192688
l_curve_2,604,0.17041824758052826,0.9523809552192688
l_curve_2,605,0.1704150289297104,0.9523809552192688
l_curve_2,606,0.17047804594039917,0.9523809552192688
l_curve_2,607,0.17055685818195343,0.9523809552192688
l_curve_2,608,0.1704857498407364,0.9523809552192688
l_curve_2,609,0.17040663957595825,0.9523809552192688
l_curve_2,610,0.17042793333530426,0.9523809552192688
l_curve_2,611,0.17044082283973694,0.9523809552192688
l_curve_2,612,0.17048364877700806,0.9523809552192688
l_curve_2,613,0.1704280972480774,0.9523809552192688
l_curve_2,614,0.17030520737171173,0.9523809552192688
l_curve_2,615,0.17040292918682098,0.9523809552192688
l_curve_2,616,0.1704193502664566,0.9523809552192688
l_curve_2,617,0.1703890860080719,0.9523809552192688
l_curve_2,618,0.1703067570924759,0.9523809552192688
l_curve_2,619,0.17038044333457947,0.9523809552192688
l_curve_2,620,0.17041149735450745,0.9523809552192688
l_curve_2,621,0.1704704910516739,0.9523809552192688
l_curve_2,622,0.1705005019903183,0.9523809552192688
l_curve_2,623,0.17052340507507324,0.9523809552192688
l_curve_2,624,0.17051145434379578,0.9523809552192688
l_curve_2,625,0.17052724957466125,0.9523809552192688
l_curve_2,626,0.1705048829317093,0.9523809552192688
l_curve_2,627,0.17046868801116943,0.9523809552192688
l_curve_2,628,0.17038562893867493,0.9523809552192688
l_curve_2,629,0.17041794955730438,0.9523809552192688
l_curve_2,630,0.17042870819568634,0.9523809552192688
l_curve_2,631,0.17042334377765656,0.9523809552192688
l_curve_2,632,0.17042116820812225,0.9523809552192688
l_curve_2,633,0.1704210788011551,0.9523809552192688
l_curve_2,634,0.1704651266336441,0.9523809552192688
l_curve_2,635,0.17048966884613037,0.9523809552192688
l_curve_2,636,0.17060013115406036,0.9523809552192688
l_curve_2,637,0.17057280242443085,0.9523809552192688
l_curve_2,638,0.17054113745689392,0.9523809552192688
l_curve_2,639,0.17051097750663757,0.9523809552192688
l_curve_2,640,0.17040513455867767,0.9523809552192688
l_curve_2,641,0.17027686536312103,0.9523809552192688
l_curve_2,642,0.17043717205524445,0.9523809552192688
l_curve_2,643,0.17055971920490265,0.9523809552192688
l_curve_2,644,0.17061039805412292,0.9523809552192688
l_curve_2,645,0.17058870196342468,0.9523809552192688
l_curve_2,646,0.17057958245277405,0.9523809552192688
l_curve_2,647,0.17063288390636444,0.9523809552192688
l_curve_2,648,0.17065156996250153,0.9523809552192688
l_curve_2,649,0.17050698399543762,0.9523809552192688
l_curve_2,650,0.17031054198741913,0.9523809552192688
l_curve_2,651,0.1702577918767929,0.9523809552192688
l_curve_2,652,0.17030374705791473,0.9523809552192688
l_curve_2,653,0.1701989471912384,0.9523809552192688
l_curve_2,654,0.17031148076057434,0.9523809552192688
l_curve_2,655,0.17049849033355713,0.9523809552192688
l_curve_2,656,0.17058931291103363,0.9523809552192688
l_curve_2,657,0.17061826586723328,0.9523809552192688
l_curve_2,658,0.17060163617134094,0.9523809552192688
l_curve_2,659,0.17059007287025452,0.9523809552192688
l_curve_2,660,0.17063382267951965,0.9523809552192688
l_curve_2,661,0.17062123119831085,0.9523809552192688
l_curve_2,662,0.17068035900592804,0.9523809552192688
l_curve_2,663,0.1707281619310379,0.9523809552192688
l_curve_2,664,0.1707330048084259,0.9523809552192688
l_curve_2,665,0.17083585262298584,0.9523809552192688
l_curve_2,666,0.1706201285123825,0.9523809552192688
l_curve_2,667,0.17058098316192627,0.9523809552192688
l_curve_2,668,0.17050868272781372,0.9523809552192688
l_curve_2,669,0.1705353707075119,0.9523809552192688
l_curve_2,670,0.1706143319606781,0.9523809552192688
l_curve_2,671,0.1707373857498169,0.9523809552192688
l_curve_2,672,0.17069730162620544,0.9523809552192688
l_curve_2,673,0.1707334667444229,0.9523809552192688
l_curve_2,674,0.17074307799339294,0.9523809552192688
l_curve_2,675,0.170689195394516,0.9523809552192688
l_curve_2,676,0.17059721052646637,0.9523809552192688
l_curve_2,677,0.1705290526151657,0.9523809552192688
l_curve_2,678,0.1705244928598404,0.9523809552192688
l_curve_2,679,0.170454740524292,0.9523809552192688
l_curve_2,680,0.17040346562862396,0.9523809552192688
l_curve_2,681,0.17041176557540894,0.9523809552192688
l_curve_2,682,0.17040923237800598,0.9523809552192688
l_curve_2,683,0.17037630081176758,0.9523809552192688
l_curve_2,684,0.17031347751617432,0.9523809552192688
l_curve_2,685,0.17025703191757202,0.9523809552192688
l_curve_2,686,0.1702062487602234,0.9523809552192688
l_curve_2,687,0.1701899766921997,0.9523809552192688
l_curve_2,688,0.17032790184020996,0.9523809552192688
l_curve_2,689,0.17037063837051392,0.9523809552192688
l_curve_2,690,0.17033538222312927,0.9523809552192688
l_curve_2,691,0.17050667107105255,0.9523809552192688
l_curve_2,692,0.17047539353370667,0.9523809552192688
l_curve_2,693,0.17023923993110657,0.9523809552192688
l_curve_2,694,0.17012348771095276,0.9523809552192688
l_curve_2,695,0.17021965980529785,0.9523809552192688
l_curve_2,696,0.17034491896629333,0.9523809552192688
l_curve_2,697,0.1705511212348938,0.9523809552192688
l_curve_2,698,0.1707267016172409,0.9523809552192688
l_curve_2,699,0.17071346938610077,0.9523809552192688
l_curve_2,700,0.1706104427576065,0.9523809552192688
l_curve_2,701,0.17063561081886292,0.9523809552192688
l_curve_2,702,0.17045538127422333,0.9523809552192688
l_curve_2,703,0.17040209472179413,0.9523809552192688
l_curve_2,704,0.17050205171108246,0.9523809552192688
l_curve_2,705,0.17045539617538452,0.9523809552192688
l_curve_2,706,0.1705383062362671,0.9523809552192688
l_curve_2,707,0.1706426590681076,0.9523809552192688
l_curve_2,708,0.17067591845989227,0.9523809552192688
l_curve_2,709,0.17071928083896637,0.9523809552192688
l_curve_2,710,0.17072491347789764,0.9523809552192688
l_curve_2,711,0.17069421708583832,0.9523809552192688
l_curve_2,712,0.1707964986562729,0.9523809552192688
l_curve_2,713,0.17092299461364746,0.9523809552192688
l_curve_2,714,0.1710263192653656,0.9523809552192688
l_curve_2,715,0.17111948132514954,0.9523809552192688
l_curve_2,716,0.17126138508319855,0.9523809552192688
l_curve_2,717,0.17122620344161987,0.9523809552192688
l_curve_2,718,0.17111404240131378,0.9523809552192688
l_curve_2,719,0.17084506154060364,0.9523809552192688
l_curve_2,720,0.17066247761249542,0.9523809552192688
l_curve_2,721,0.17053648829460144,0.9523809552192688
l_curve_2,722,0.1704961210489273,0.9523809552192688
l_curve_2,723,0.17031438648700714,0.9523809552192688
l_curve_2,724,0.17012976109981537,0.9523809552192688
l_curve_2,725,0.17009961605072021,0.9523809552192688
l_curve_2,726,0.17009541392326355,0.9523809552192688
l_curve_2,727,0.17014794051647186,0.9523809552192688
l_curve_2,728,0.17026878893375397,0.9523809552192688
l_curve_2,729,0.17015588283538818,0.9523809552192688
l_curve_2,730,0.170102059841156,0.9523809552192688
l_curve_2,731,0.17020981013774872,0.9523809552192688
l_curve_2,732,0.17030641436576843,0.9523809552192688
l_curve_2,733,0.17027634382247925,0.9523809552192688
l_curve_2,734,0.17013858258724213,0.9523809552192688
l_curve_2,735,0.1700417399406433,0.9523809552192688
l_curve_2,736,0.1699172705411911,0.9523809552192688
l_curve_2,737,0.16987110674381256,0.9523809552192688
l_curve_2,738,0.16983598470687866,0.9523809552192688
l_curve_2,739,0.16993972659111023,0.9523809552192688
l_curve_2,740,0.17012907564640045,0.9523809552192688
l_curve_2,741,0.17015603184700012,0.9523809552192688
l_curve_2,742,0.17020973563194275,0.9523809552192688
l_curve_2,743,0.170233815908432,0.9523809552192688
l_curve_2,744,0.17026753723621368,0.9523809552192688
l_curve_2,745,0.17034608125686646,0.9523809552192688
l_curve_2,746,0.17041392624378204,0.9523809552192688
l_curve_2,747,0.170504629611969,0.9523809552192688
l_curve_2,748,0.17051459848880768,0.9523809552192688
l_curve_2,749,0.1704680323600769,0.9523809552192688
l_curve_2,750,0.17038987576961517,0.9523809552192688
l_curve_2,751,0.17040832340717316,0.9523809552192688
l_curve_2,752,0.1703922599554062,0.9523809552192688
l_curve_2,753,0.17045363783836365,0.9523809552192688
l_curve_2,754,0.17051012814044952,0.9523809552192688
l_curve_2,755,0.17044441401958466,0.9523809552192688
l_curve_2,756,0.1704743206501007,0.9523809552192688
l_curve_2,757,0.17045538127422333,0.9523809552192688
l_curve_2,758,0.17055857181549072,0.9523809552192688
l_curve_2,759,0.17067253589630127,0.9523809552192688
l_curve_2,760,0.17072054743766785,0.9523809552192688
l_curve_2,761,0.17078472673892975,0.9523809552192688
l_curve_2,762,0.17073610424995422,0.9523809552192688
l_curve_2,763,0.1706143468618393,0.9523809552192688
l_curve_2,764,0.1705377846956253,0.9523809552192688
l_curve_2,765,0.17034852504730225,0.9523809552192688
l_curve_2,766,0.17033547163009644,0.9523809552192688
l_curve_2,767,0.17024418711662292,0.9523809552192688
l_curve_2,768,0.170345276594162,0.9523809552192688
l_curve_2,769,0.17043529450893402,0.9523809552192688
l_curve_2,770,0.17046776413917542,0.9523809552192688
l_curve_2,771,0.1704501509666443,0.9523809552192688
l_curve_2,772,0.1704011857509613,0.9523809552192688
l_curve_2,773,0.17035704851150513,0.9523809552192688
l_curve_2,774,0.1704322248697281,0.9523809552192688
l_curve_2,775,0.17048582434654236,0.9523809552192688
l_curve_2,776,0.17044350504875183,0.9523809552192688
l_curve_2,777,0.17036692798137665,0.9523809552192688
l_curve_2,778,0.17033202946186066,0.9523809552192688
l_curve_2,779,0.17027515172958374,0.9523809552192688
l_curve_2,780,0.1702633649110794,0.9523809552192688
l_curve_2,781,0.1704140156507492,0.9523809552192688
l_curve_2,782,0.1704922467470169,0.9523809552192688
l_curve_2,783,0.17062127590179443,0.9523809552192688
l_curve_2,784,0.17061340808868408,0.9523809552192688
l_curve_2,785,0.1705489456653595,0.9523809552192688
l_curve_2,786,0.17058393359184265,0.9523809552192688
l_curve_2,787,0.17060284316539764,0.9523809552192688
l_curve_2,788,0.17062394320964813,0.9523809552192688
l_curve_2,789,0.17046156525611877,0.9523809552192688
l_curve_2,790,0.17030291259288788,0.9523809552192688
l_curve_2,791,0.17043925821781158,0.9523809552192688
l_curve_2,792,0.17051392793655396,0.9523809552192688
l_curve_2,793,0.1703995019197464,0.9523809552192688
l_curve_2,794,0.1703881472349167,0.9523809552192688
l_curve_2,795,0.1704038679599762,0.9523809552192688
l_curve_2,796,0.17042763531208038,0.9523809552192688
l_curve_2,797,0.17028935253620148,0.9523809552192688
l_curve_2,798,0.1701996773481369,0.9523809552192688
l_curve_2,799,0.17015838623046875,0.9523809552192688
l_curve_2,800,0.17008621990680695,0.9523809552192688
l_curve_2,801,0.17019498348236084,0.9523809552192688
l_curve_2,802,0.1703309714794159,0.9523809552192688
l_curve_2,803,0.17018763720989227,0.9523809552192688
l_curve_2,804,0.17012354731559753,0.9523809552192688
l_curve_2,805,0.17020703852176666,0.9523809552192688
l_curve_2,806,0.17020325362682343,0.9523809552192688
l_curve_2,807,0.1702333241701126,0.9523809552192688
l_curve_2,808,0.17025046050548553,0.9523809552192688
l_curve_2,809,0.17023147642612457,0.9523809552192688
l_curve_2,810,0.17016814649105072,0.9523809552192688
l_curve_2,811,0.17008212208747864,0.9523809552192688
l_curve_2,812,0.1700291633605957,0.9523809552192688
l_curve_2,813,0.1700657159090042,0.9523809552192688
l_curve_2,814,0.17028044164180756,0.9523809552192688
l_curve_2,815,0.1704334318637848,0.9523809552192688
l_curve_2,816,0.17049534618854523,0.9523809552192688
l_curve_2,817,0.17042239010334015,0.9523809552192688
l_curve_2,818,0.17035667598247528,0.9523809552192688
l_curve_2,819,0.17038922011852264,0.9523809552192688
l_curve_2,820,0.17035134136676788,0.9523809552192688
l_curve_2,821,0.17033374309539795,0.9523809552192688
l_curve_2,822,0.17017871141433716,0.9523809552192688
l_curve_2,823,0.17021119594573975,0.9523809552192688
l_curve_2,824,0.17036467790603638,0.9523809552192688
l_curve_2,825,0.1705666333436966,0.9523809552192688
l_curve_2,826,0.17068159580230713,0.9523809552192688
l_curve_2,827,0.1706407368183136,0.9523809552192688
l_curve_2,828,0.17064742743968964,0.9523809552192688
l_curve_2,829,0.1706496626138687,0.9523809552192688
l_curve_2,830,0.170573428273201,0.9523809552192688
l_curve_2,831,0.17052438855171204,0.9523809552192688
l_curve_2,832,0.1704433262348175,0.9523809552192688
l_curve_2,833,0.170368030667305,0.9523809552192688
l_curve_2,834,0.17048345506191254,0.9523809552192688
l_curve_2,835,0.17048361897468567,0.9523809552192688
l_curve_2,836,0.17048588395118713,0.9523809552192688
l_curve_2,837,0.17039641737937927,0.9523809552192688
l_curve_2,838,0.1703605204820633,0.9523809552192688
l_curve_2,839,0.17027288675308228,0.9523809552192688
l_curve_2,840,0.1701446771621704,0.9523809552192688
l_curve_2,841,0.1700710505247116,0.9523809552192688
l_curve_2,842,0.17013202607631683,0.9523809552192688
l_curve_2,843,0.17005884647369385,0.9523809552192688
l_curve_2,844,0.170004203915596,0.9523809552192688
l_curve_2,845,0.17008408904075623,0.9523809552192688
l_curve_2,846,0.17007359862327576,0.9523809552192688
l_curve_2,847,0.1701468825340271,0.9523809552192688
l_curve_2,848,0.1702035665512085,0.9523809552192688
l_curve_2,849,0.17031274735927582,0.9523809552192688
l_curve_2,850,0.17020894587039948,0.9523809552192688
l_curve_2,851,0.17014221847057343,0.9523809552192688
l_curve_2,852,0.1700415164232254,0.9523809552192688
l_curve_2,853,0.16995391249656677,0.9523809552192688
l_curve_2,854,0.16985918581485748,0.9523809552192688
l_curve_2,855,0.16984860599040985,0.9523809552192688
l_curve_2,856,0.16997107863426208,0.9523809552192688
l_curve_2,857,0.16990935802459717,0.9523809552192688
l_curve_2,858,0.16984649002552032,0.9523809552192688
l_curve_2,859,0.1698172390460968,0.9523809552192688
l_curve_2,860,0.16979698836803436,0.9523809552192688
l_curve_2,861,0.16978314518928528,0.9523809552192688
l_curve_2,862,0.16976258158683777,0.9523809552192688
l_curve_2,863,0.1698537915945053,0.9523809552192688
l_curve_2,864,0.16992230713367462,0.9523809552192688
l_curve_2,865,0.17003117501735687,0.9523809552192688
l_curve_2,866,0.17003607749938965,0.9523809552192688
l_curve_2,867,0.1699252426624298,0.9523809552192688
l_curve_2,868,0.1699974685907364,0.9523809552192688
l_curve_2,869,0.17007412016391754,0.9523809552192688
l_curve_2,870,0.1699332594871521,0.9523809552192688
l_curve_2,871,0.16996435821056366,0.9523809552192688
l_curve_2,872,0.17001231014728546,0.9523809552192688
l_curve_2,873,0.17016150057315826,0.9523809552192688
l_curve_2,874,0.17023874819278717,0.9523809552192688
l_curve_2,875,0.17030641436576843,0.9523809552192688
l_curve_2,876,0.17033745348453522,0.9523809552192688
l_curve_2,877,0.17039519548416138,0.9523809552192688
l_curve_2,878,0.17041610181331635,0.9523809552192688
l_curve_2,879,0.17035262286663055,0.9523809552192688
l_curve_2,880,0.17027269303798676,0.9523809552192688
l_curve_2,881,0.17029589414596558,0.9523809552192688
l_curve_2,882,0.17034916579723358,0.9523809552192688
l_curve_2,883,0.17045696079730988,0.9523809552192688
l_curve_2,884,0.17056648433208466,0.9523809552192688
l_curve_2,885,0.17051759362220764,0.9523809552192688
l_curve_2,886,0.17054535448551178,0.9523809552192688
l_curve_2,887,0.17053769528865814,0.9523809552192688
l_curve_2,888,0.17051200568675995,0.9523809552192688
l_curve_2,889,0.17035280168056488,0.9523809552192688
l_curve_2,890,0.17033526301383972,0.9523809552192688
l_curve_2,891,0.17037728428840637,0.9523809552192688
l_curve_2,892,0.17031586170196533,0.9523809552192688
l_curve_2,893,0.17028841376304626,0.9523809552192688
l_curve_2,894,0.17030370235443115,0.9523809552192688
l_curve_2,895,0.1702536940574646,0.9523809552192688
l_curve_2,896,0.17029303312301636,0.9523809552192688
l_curve_2,897,0.1702476590871811,0.9523809552192688
l_curve_2,898,0.17021110653877258,0.9523809552192688
l_curve_2,899,0.17025788128376007,0.9523809552192688
l_curve_2,900,0.17035368084907532,0.9523809552192688
l_curve_2,901,0.17045427858829498,0.9523809552192688
l_curve_2,902,0.17044790089130402,0.9523809552192688
l_curve_2,903,0.17045314610004425,0.9523809552192688
l_curve_2,904,0.17038151621818542,0.9523809552192688
l_curve_2,905,0.17035262286663055,0.9523809552192688
l_curve_2,906,0.1704005002975464,0.9523809552192688
l_curve_2,907,0.17055082321166992,0.9523809552192688
l_curve_2,908,0.17056754231452942,0.9523809552192688
l_curve_2,909,0.17076118290424347,0.9523809552192688
l_curve_2,910,0.1707395762205124,0.9523809552192688
l_curve_2,911,0.1706237494945526,0.9523809552192688
l_curve_2,912,0.17042888700962067,0.9523809552192688
l_curve_2,913,0.17033296823501587,0.9523809552192688
l_curve_2,914,0.17035268247127533,0.9523809552192688
l_curve_2,915,0.17031538486480713,0.9523809552192688
l_curve_2,916,0.170291468501091,0.9523809552192688
l_curve_2,917,0.17030765116214752,0.9523809552192688
l_curve_2,918,0.17034180462360382,0.9523809552192688
l_curve_2,919,0.17043747007846832,0.9523809552192688
l_curve_2,920,0.17049840092658997,0.9523809552192688
l_curve_2,921,0.17047306895256042,0.9523809552192688
l_curve_2,922,0.17045465111732483,0.9523809552192688
l_curve_2,923,0.17046603560447693,0.9523809552192688
l_curve_2,924,0.17046095430850983,0.9523809552192688
l_curve_2,925,0.1704002469778061,0.9523809552192688
l_curve_2,926,0.1703708916902542,0.9523809552192688
l_curve_2,927,0.1704385131597519,0.9523809552192688
l_curve_2,928,0.17043206095695496,0.9523809552192688
l_curve_2,929,0.17038586735725403,0.9523809552192688
l_curve_2,930,0.17027030885219574,0.9523809552192688
l_curve_2,931,0.17028826475143433,0.9523809552192688
l_curve_2,932,0.17029346525669098,0.9523809552192688
l_curve_2,933,0.17026710510253906,0.9523809552192688
l_curve_2,934,0.17023591697216034,0.9523809552192688
l_curve_2,935,0.17024104297161102,0.9523809552192688
l_curve_2,936,0.1701609343290329,0.9523809552192688
l_curve_2,937,0.17023424804210663,0.9523809552192688
l_curve_2,938,0.1703728884458542,0.9523809552192688
l_curve_2,939,0.17040801048278809,0.9523809552192688
l_curve_2,940,0.1703588366508484,0.9523809552192688
l_curve_2,941,0.17040365934371948,0.9523809552192688
l_curve_2,942,0.17049871385097504,0.9523809552192688
l_curve_2,943,0.1705324500799179,0.9523809552192688
l_curve_2,944,0.17052534222602844,0.9523809552192688
l_curve_2,945,0.1704450100660324,0.9523809552192688
l_curve_2,946,0.17036984860897064,0.9523809552192688
l_curve_2,947,0.1702875792980194,0.9523809552192688
l_curve_2,948,0.1702578365802765,0.9523809552192688
l_curve_2,949,0.17035076022148132,0.9523809552192688
l_curve_2,950,0.1703130453824997,0.9523809552192688
l_curve_2,951,0.17015515267848969,0.9523809552192688
l_curve_2,952,0.17012783885002136,0.9523809552192688
l_curve_2,953,0.17024856805801392,0.9523809552192688
l_curve_2,954,0.17026683688163757,0.9523809552192688
l_curve_2,955,0.17025384306907654,0.9523809552192688
l_curve_2,956,0.17012038826942444,0.9523809552192688
l_curve_2,957,0.17013897001743317,0.9523809552192688
l_curve_2,958,0.17012080550193787,0.9523809552192688
l_curve_2,959,0.1700388789176941,0.9523809552192688
l_curve_2,960,0.17000073194503784,0.9523809552192688
l_curve_2,961,0.16992871463298798,0.9523809552192688
l_curve_2,962,0.1699192374944687,0.9523809552192688
l_curve_2,963,0.16995663940906525,0.9523809552192688
l_curve_2,964,0.1699763536453247,0.9523809552192688
l_curve_2,965,0.1700073480606079,0.9523809552192688
l_curve_2,966,0.17006033658981323,0.9523809552192688
l_curve_2,967,0.17009392380714417,0.9523809552192688
l_curve_2,968,0.17023965716362,0.9523809552192688
l_curve_2,969,0.1703326553106308,0.9523809552192688
l_curve_2,970,0.17041078209877014,0.9523809552192688
l_curve_2,971,0.17045091092586517,0.9523809552192688
l_curve_2,972,0.17044571042060852,0.9523809552192688
l_curve_2,973,0.17045718431472778,0.9523809552192688
l_curve_2,974,0.1704220026731491,0.9523809552192688
l_curve_2,975,0.17046502232551575,0.9523809552192688
l_curve_2,976,0.1704600602388382,0.9523809552192688
l_curve_2,977,0.17040587961673737,0.9523809552192688
l_curve_2,978,0.17035970091819763,0.9523809552192688
l_curve_2,979,0.1705005019903183,0.9523809552192688
l_curve_2,980,0.17059656977653503,0.9523809552192688
l_curve_2,981,0.17053042352199554,0.9523809552192688
l_curve_2,982,0.17052190005779266,0.9523809552192688
l_curve_2,983,0.1704668551683426,0.9523809552192688
l_curve_2,984,0.17040401697158813,0.9523809552192688
l_curve_2,985,0.17036321759223938,0.9523809552192688
l_curve_2,986,0.170405313372612,0.9523809552192688
l_curve_2,987,0.17052437365055084,0.9523809552192688
l_curve_2,988,0.1704486906528473,0.9523809552192688
l_curve_2,989,0.17050859332084656,0.9523809552192688
l_curve_2,990,0.17059314250946045,0.9523809552192688
l_curve_2,991,0.17064306139945984,0.9523809552192688
l_curve_2,992,0.17082777619361877,0.9523809552192688
l_curve_2,993,0.1709454357624054,0.9523809552192688
l_curve_2,994,0.1710389256477356,0.9523809552192688
l_curve_2,995,0.17105922102928162,0.9523809552192688
l_curve_2,996,0.1710803210735321,0.9523809552192688
l_curve_2,997,0.17105908691883087,0.9523809552192688
l_curve_2,998,0.1710594743490219,0.9523809552192688
l_curve_2,999,0.17099852859973907,0.9523809552192688
l_curve_2,1000,0.17091882228851318,0.9523809552192688
l_curve_2,1000,0.17091882228851318,0.9523809552192688
