client,round,loss,accuracy
l_curve_3,1,0.7266532182693481,0.4285714328289032
l_curve_3,2,0.7193533182144165,0.4285714328289032
l_curve_3,3,0.7127431035041809,0.4285714328289032
l_curve_3,4,0.7069535851478577,0.4285714328289032
l_curve_3,5,0.7016315460205078,0.4285714328289032
l_curve_3,6,0.6965533494949341,0.4285714328289032
l_curve_3,7,0.6916825175285339,0.4285714328289032
l_curve_3,8,0.6870025396347046,0.4761904776096344
l_curve_3,9,0.6823540925979614,0.523809552192688
l_curve_3,10,0.6778742671012878,0.523809552192688
l_curve_3,11,0.6729705333709717,0.523809552192688
l_curve_3,12,0.6680301427841187,0.5714285969734192
l_curve_3,13,0.6630920171737671,0.5714285969734192
l_curve_3,14,0.6579014658927917,0.5714285969734192
l_curve_3,15,0.6525497436523438,0.5714285969734192
l_curve_3,16,0.6470522880554199,0.6190476417541504
l_curve_3,17,0.6415897011756897,0.6666666865348816
l_curve_3,18,0.6360031962394714,0.6666666865348816
l_curve_3,19,0.630110502243042,0.6666666865348816
l_curve_3,20,0.6243467330932617,0.7142857313156128
l_curve_3,21,0.6185269355773926,0.7142857313156128
l_curve_3,22,0.612606942653656,0.761904776096344
l_curve_3,23,0.6067997813224792,0.761904776096344
l_curve_3,24,0.6012477874755859,0.761904776096344
l_curve_3,25,0.5957230925559998,0.761904776096344
l_curve_3,26,0.590214729309082,0.761904776096344
l_curve_3,27,0.5849039554595947,0.761904776096344
l_curve_3,28,0.5793983340263367,0.761904776096344
l_curve_3,29,0.5741143822669983,0.761904776096344
l_curve_3,30,0.5689745545387268,0.761904776096344
l_curve_3,31,0.5640485882759094,0.761904776096344
l_curve_3,32,0.5591689944267273,0.761904776096344
l_curve_3,33,0.554582953453064,0.761904776096344
l_curve_3,34,0.5495920181274414,0.761904776096344
l_curve_3,35,0.5446397066116333,0.761904776096344
l_curve_3,36,0.54004967212677,0.761904776096344
l_curve_3,37,0.5358926057815552,0.761904776096344
l_curve_3,38,0.5316832065582275,0.761904776096344
l_curve_3,39,0.5276411771774292,0.761904776096344
l_curve_3,40,0.523553192615509,0.761904776096344
l_curve_3,41,0.5196657776832581,0.761904776096344
l_curve_3,42,0.5159246325492859,0.761904776096344
l_curve_3,43,0.5120726823806763,0.761904776096344
l_curve_3,44,0.5083285570144653,0.761904776096344
l_curve_3,45,0.5049760341644287,0.761904776096344
l_curve_3,46,0.5014748573303223,0.761904776096344
l_curve_3,47,0.4980193078517914,0.761904776096344
l_curve_3,48,0.49470892548561096,0.7142857313156128
l_curve_3,49,0.4914202094078064,0.7142857313156128
l_curve_3,50,0.48862728476524353,0.7142857313156128
l_curve_3,51,0.4858472943305969,0.7142857313156128
l_curve_3,52,0.4829959273338318,0.7142857313156128
l_curve_3,53,0.4801892340183258,0.7142857313156128
l_curve_3,54,0.47740495204925537,0.7142857313156128
l_curve_3,55,0.47480037808418274,0.7142857313156128
l_curve_3,56,0.4719635546207428,0.7142857313156128
l_curve_3,57,0.4690432846546173,0.7142857313156128
l_curve_3,58,0.46632856130599976,0.7142857313156128
l_curve_3,59,0.4637960195541382,0.7142857313156128
l_curve_3,60,0.46140575408935547,0.7142857313156128
l_curve_3,61,0.45883309841156006,0.7142857313156128
l_curve_3,62,0.4563022255897522,0.7142857313156128
l_curve_3,63,0.45397210121154785,0.7142857313156128
l_curve_3,64,0.45183059573173523,0.7142857313156128
l_curve_3,65,0.4494685232639313,0.7142857313156128
l_curve_3,66,0.4471340775489807,0.7142857313156128
l_curve_3,67,0.4448387622833252,0.7142857313156128
l_curve_3,68,0.44286614656448364,0.7142857313156128
l_curve_3,69,0.4409545660018921,0.6666666865348816
l_curve_3,70,0.4388144314289093,0.6666666865348816
l_curve_3,71,0.4367893636226654,0.7142857313156128
l_curve_3,72,0.43504568934440613,0.7142857313156128
l_curve_3,73,0.43310147523880005,0.7142857313156128
l_curve_3,74,0.43107151985168457,0.7142857313156128
l_curve_3,75,0.42918846011161804,0.7142857313156128
l_curve_3,76,0.427349328994751,0.7142857313156128
l_curve_3,77,0.42561009526252747,0.7142857313156128
l_curve_3,78,0.42385074496269226,0.7142857313156128
l_curve_3,79,0.42228180170059204,0.7142857313156128
l_curve_3,80,0.4206373691558838,0.7142857313156128
l_curve_3,81,0.4191255569458008,0.7142857313156128
l_curve_3,82,0.41755640506744385,0.7142857313156128
l_curve_3,83,0.41600507497787476,0.7142857313156128
l_curve_3,84,0.41419968008995056,0.7142857313156128
l_curve_3,85,0.4124806821346283,0.7142857313156128
l_curve_3,86,0.41103899478912354,0.761904776096344
l_curve_3,87,0.4097398519515991,0.761904776096344
l_curve_3,88,0.40836265683174133,0.761904776096344
l_curve_3,89,0.40712592005729675,0.761904776096344
l_curve_3,90,0.4057886600494385,0.761904776096344
l_curve_3,91,0.40426895022392273,0.761904776096344
l_curve_3,92,0.4027385115623474,0.761904776096344
l_curve_3,93,0.40140101313591003,0.761904776096344
l_curve_3,94,0.40034785866737366,0.761904776096344
l_curve_3,95,0.39924681186676025,0.761904776096344
l_curve_3,96,0.3979751169681549,0.761904776096344
l_curve_3,97,0.39644140005111694,0.761904776096344
l_curve_3,98,0.3951506018638611,0.761904776096344
l_curve_3,99,0.39400818943977356,0.761904776096344
l_curve_3,100,0.39287465810775757,0.761904776096344
l_curve_3,101,0.39198851585388184,0.761904776096344
l_curve_3,102,0.39110320806503296,0.761904776096344
l_curve_3,103,0.3902687430381775,0.761904776096344
l_curve_3,104,0.38930726051330566,0.761904776096344
l_curve_3,105,0.3882935047149658,0.761904776096344
l_curve_3,106,0.3872424066066742,0.761904776096344
l_curve_3,107,0.38612961769104004,0.761904776096344
l_curve_3,108,0.3850924074649811,0.761904776096344
l_curve_3,109,0.38419073820114136,0.761904776096344
l_curve_3,110,0.3831978440284729,0.761904776096344
l_curve_3,111,0.3820827901363373,0.761904776096344
l_curve_3,112,0.3809702396392822,0.761904776096344
l_curve_3,113,0.38004642724990845,0.761904776096344
l_curve_3,114,0.3791375756263733,0.761904776096344
l_curve_3,115,0.37829089164733887,0.761904776096344
l_curve_3,116,0.377549409866333,0.761904776096344
l_curve_3,117,0.3766954839229584,0.761904776096344
l_curve_3,118,0.37576502561569214,0.761904776096344
l_curve_3,119,0.3750346004962921,0.761904776096344
l_curve_3,120,0.3742455542087555,0.761904776096344
l_curve_3,121,0.373488187789917,0.761904776096344
l_curve_3,122,0.3728083670139313,0.761904776096344
l_curve_3,123,0.37231823801994324,0.761904776096344
l_curve_3,124,0.37186282873153687,0.761904776096344
l_curve_3,125,0.3713018000125885,0.761904776096344
l_curve_3,126,0.3707858920097351,0.761904776096344
l_curve_3,127,0.3700806200504303,0.761904776096344
l_curve_3,128,0.36933523416519165,0.761904776096344
l_curve_3,129,0.36886486411094666,0.761904776096344
l_curve_3,130,0.3682630956172943,0.761904776096344
l_curve_3,131,0.3676568567752838,0.761904776096344
l_curve_3,132,0.3669282793998718,0.761904776096344
l_curve_3,133,0.3661351203918457,0.761904776096344
l_curve_3,134,0.36550602316856384,0.8095238208770752
l_curve_3,135,0.3651109039783478,0.8095238208770752
l_curve_3,136,0.36451172828674316,0.8095238208770752
l_curve_3,137,0.3637763559818268,0.8095238208770752
l_curve_3,138,0.3631402552127838,0.8095238208770752
l_curve_3,139,0.36267486214637756,0.8095238208770752
l_curve_3,140,0.362184077501297,0.8095238208770752
l_curve_3,141,0.36165276169776917,0.8095238208770752
l_curve_3,142,0.36110979318618774,0.8095238208770752
l_curve_3,143,0.3606041371822357,0.8571428656578064
l_curve_3,144,0.36013177037239075,0.8571428656578064
l_curve_3,145,0.3596598207950592,0.8571428656578064
l_curve_3,146,0.3591342866420746,0.8571428656578064
l_curve_3,147,0.3585502505302429,0.8571428656578064
l_curve_3,148,0.3581445813179016,0.8571428656578064
l_curve_3,149,0.357668399810791,0.8571428656578064
l_curve_3,150,0.35719817876815796,0.8571428656578064
l_curve_3,151,0.35675978660583496,0.8571428656578064
l_curve_3,152,0.35635924339294434,0.8571428656578064
l_curve_3,153,0.3559481203556061,0.8571428656578064
l_curve_3,154,0.3557526767253876,0.8571428656578064
l_curve_3,155,0.35536760091781616,0.8571428656578064
l_curve_3,156,0.3549456000328064,0.8571428656578064
l_curve_3,157,0.35464850068092346,0.8571428656578064
l_curve_3,158,0.3542426526546478,0.8571428656578064
l_curve_3,159,0.3538263142108917,0.8571428656578064
l_curve_3,160,0.35351109504699707,0.8571428656578064
l_curve_3,161,0.35307443141937256,0.8571428656578064
l_curve_3,162,0.3525954782962799,0.8571428656578064
l_curve_3,163,0.35210558772087097,0.8571428656578064
l_curve_3,164,0.3515988290309906,0.8571428656578064
l_curve_3,165,0.35125455260276794,0.8571428656578064
l_curve_3,166,0.35083889961242676,0.8571428656578064
l_curve_3,167,0.3505520522594452,0.8571428656578064
l_curve_3,168,0.35041117668151855,0.8571428656578064
l_curve_3,169,0.3501426875591278,0.8571428656578064
l_curve_3,170,0.3498154878616333,0.8571428656578064
l_curve_3,171,0.3495708107948303,0.8571428656578064
l_curve_3,172,0.34925374388694763,0.8571428656578064
l_curve_3,173,0.3489342927932739,0.8571428656578064
l_curve_3,174,0.3485583961009979,0.8571428656578064
l_curve_3,175,0.3481500446796417,0.8571428656578064
l_curve_3,176,0.34776198863983154,0.8571428656578064
l_curve_3,177,0.34743621945381165,0.8571428656578064
l_curve_3,178,0.3471168279647827,0.8571428656578064
l_curve_3,179,0.34690335392951965,0.8571428656578064
l_curve_3,180,0.3466976284980774,0.8571428656578064
l_curve_3,181,0.3465718924999237,0.8571428656578064
l_curve_3,182,0.3462201654911041,0.8571428656578064
l_curve_3,183,0.34587931632995605,0.8571428656578064
l_curve_3,184,0.3455248773097992,0.8571428656578064
l_curve_3,185,0.34522777795791626,0.8571428656578064
l_curve_3,186,0.3449406027793884,0.8571428656578064
l_curve_3,187,0.34474682807922363,0.8571428656578064
l_curve_3,188,0.34453651309013367,0.8571428656578064
l_curve_3,189,0.34425118565559387,0.8571428656578064
l_curve_3,190,0.34400397539138794,0.8571428656578064
l_curve_3,191,0.3439609706401825,0.8571428656578064
l_curve_3,192,0.3438372015953064,0.8571428656578064
l_curve_3,193,0.3436141312122345,0.8571428656578064
l_curve_3,194,0.34331411123275757,0.8571428656578064
l_curve_3,195,0.3432297706604004,0.8571428656578064
l_curve_3,196,0.34304356575012207,0.8571428656578064
l_curve_3,197,0.3427310883998871,0.8571428656578064
l_curve_3,198,0.3425597548484802,0.8571428656578064
l_curve_3,199,0.34221675992012024,0.8571428656578064
l_curve_3,200,0.34199899435043335,0.8571428656578064
l_curve_3,201,0.34180235862731934,0.8571428656578064
l_curve_3,202,0.3415493369102478,0.8571428656578064
l_curve_3,203,0.3413727879524231,0.8571428656578064
l_curve_3,204,0.34111326932907104,0.8571428656578064
l_curve_3,205,0.34091728925704956,0.8571428656578064
l_curve_3,206,0.3407134413719177,0.8571428656578064
l_curve_3,207,0.3405550420284271,0.8571428656578064
l_curve_3,208,0.34037071466445923,0.8571428656578064
l_curve_3,209,0.34021466970443726,0.8571428656578064
l_curve_3,210,0.3400779962539673,0.8571428656578064
l_curve_3,211,0.3399624824523926,0.8571428656578064
l_curve_3,212,0.3397928476333618,0.8571428656578064
l_curve_3,213,0.3396575450897217,0.8571428656578064
l_curve_3,214,0.33944612741470337,0.8571428656578064
l_curve_3,215,0.3392941653728485,0.8571428656578064
l_curve_3,216,0.33911293745040894,0.8571428656578064
l_curve_3,217,0.33892637491226196,0.8571428656578064
l_curve_3,218,0.33878496289253235,0.8571428656578064
l_curve_3,219,0.338689923286438,0.8571428656578064
l_curve_3,220,0.3384929299354553,0.8571428656578064
l_curve_3,221,0.3384018838405609,0.8571428656578064
l_curve_3,222,0.33827248215675354,0.8571428656578064
l_curve_3,223,0.3381381034851074,0.8571428656578064
l_curve_3,224,0.3380063474178314,0.8571428656578064
l_curve_3,225,0.3378995358943939,0.8571428656578064
l_curve_3,226,0.3377450704574585,0.8571428656578064
l_curve_3,227,0.3375564217567444,0.8571428656578064
l_curve_3,228,0.3374207317829132,0.8571428656578064
l_curve_3,229,0.33733436465263367,0.8571428656578064
l_curve_3,230,0.33725011348724365,0.8571428656578064
l_curve_3,231,0.3371834456920624,0.8571428656578064
l_curve_3,232,0.3371413052082062,0.8571428656578064
l_curve_3,233,0.3370908200740814,0.8571428656578064
l_curve_3,234,0.33696290850639343,0.8571428656578064
l_curve_3,235,0.3367915153503418,0.8571428656578064
l_curve_3,236,0.3365147113800049,0.8571428656578064
l_curve_3,237,0.3363659977912903,0.8571428656578064
l_curve_3,238,0.3362213373184204,0.8571428656578064
l_curve_3,239,0.33625704050064087,0.8571428656578064
l_curve_3,240,0.33613094687461853,0.8571428656578064
l_curve_3,241,0.33608296513557434,0.8571428656578064
l_curve_3,242,0.3360678553581238,0.8571428656578064
l_curve_3,243,0.3361239731311798,0.8571428656578064
l_curve_3,244,0.3360983431339264,0.8571428656578064
l_curve_3,245,0.3360357880592346,0.8571428656578064
l_curve_3,246,0.33588436245918274,0.8571428656578064
l_curve_3,247,0.3356795608997345,0.8571428656578064
l_curve_3,248,0.33572936058044434,0.8571428656578064
l_curve_3,249,0.33571189641952515,0.8571428656578064
l_curve_3,250,0.33561086654663086,0.8571428656578064
l_curve_3,251,0.33543556928634644,0.8571428656578064
l_curve_3,252,0.33520662784576416,0.8571428656578064
l_curve_3,253,0.3350054919719696,0.8571428656578064
l_curve_3,254,0.3347606062889099,0.8571428656578064
l_curve_3,255,0.3346211612224579,0.8571428656578064
l_curve_3,256,0.3346388041973114,0.8571428656578064
l_curve_3,257,0.33448296785354614,0.8571428656578064
l_curve_3,258,0.33437713980674744,0.8571428656578064
l_curve_3,259,0.3343089520931244,0.8571428656578064
l_curve_3,260,0.334301620721817,0.8571428656578064
l_curve_3,261,0.33440709114074707,0.8571428656578064
l_curve_3,262,0.3343257009983063,0.8571428656578064
l_curve_3,263,0.3342163562774658,0.8571428656578064
l_curve_3,264,0.3341951072216034,0.8571428656578064
l_curve_3,265,0.3341696262359619,0.8571428656578064
l_curve_3,266,0.3341137170791626,0.8571428656578064
l_curve_3,267,0.33396944403648376,0.8571428656578064
l_curve_3,268,0.3338782489299774,0.8571428656578064
l_curve_3,269,0.3337870240211487,0.8571428656578064
l_curve_3,270,0.33364197611808777,0.8571428656578064
l_curve_3,271,0.33365321159362793,0.8571428656578064
l_curve_3,272,0.3337318003177643,0.8571428656578064
l_curve_3,273,0.33375877141952515,0.8571428656578064
l_curve_3,274,0.33381420373916626,0.8571428656578064
l_curve_3,275,0.3338504135608673,0.8571428656578064
l_curve_3,276,0.3338349461555481,0.8571428656578064
l_curve_3,277,0.3337123692035675,0.8571428656578064
l_curve_3,278,0.33354437351226807,0.8571428656578064
l_curve_3,279,0.3334394693374634,0.8571428656578064
l_curve_3,280,0.3333841860294342,0.8571428656578064
l_curve_3,281,0.3333609998226166,0.8571428656578064
l_curve_3,282,0.33331456780433655,0.8571428656578064
l_curve_3,283,0.33327457308769226,0.8571428656578064
l_curve_3,284,0.3333050310611725,0.8571428656578064
l_curve_3,285,0.33328041434288025,0.8571428656578064
l_curve_3,286,0.3331882953643799,0.8571428656578064
l_curve_3,287,0.3331875205039978,0.8571428656578064
l_curve_3,288,0.33328574895858765,0.8571428656578064
l_curve_3,289,0.33329063653945923,0.8571428656578064
l_curve_3,290,0.3332388699054718,0.8571428656578064
l_curve_3,291,0.3331584632396698,0.8571428656578064
l_curve_3,292,0.33301836252212524,0.8571428656578064
l_curve_3,293,0.3328941762447357,0.8571428656578064
l_curve_3,294,0.33271875977516174,0.8571428656578064
l_curve_3,295,0.3325958847999573,0.8571428656578064
l_curve_3,296,0.3324665129184723,0.8571428656578064
l_curve_3,297,0.33234989643096924,0.8571428656578064
l_curve_3,298,0.3323562443256378,0.8571428656578064
l_curve_3,299,0.33244553208351135,0.8571428656578064
l_curve_3,300,0.3324015438556671,0.8571428656578064
l_curve_3,301,0.3324531614780426,0.8571428656578064
l_curve_3,302,0.33240824937820435,0.8571428656578064
l_curve_3,303,0.3324180841445923,0.8571428656578064
l_curve_3,304,0.33249378204345703,0.8571428656578064
l_curve_3,305,0.3324638903141022,0.8571428656578064
l_curve_3,306,0.332526832818985,0.8571428656578064
l_curve_3,307,0.3325464427471161,0.8571428656578064
l_curve_3,308,0.3324860632419586,0.8571428656578064
l_curve_3,309,0.33235612511634827,0.8571428656578064
l_curve_3,310,0.33229586482048035,0.8571428656578064
l_curve_3,311,0.33222687244415283,0.8571428656578064
l_curve_3,312,0.3321191668510437,0.8571428656578064
l_curve_3,313,0.3321249783039093,0.8571428656578064
l_curve_3,314,0.33208566904067993,0.8571428656578064
l_curve_3,315,0.3320009112358093,0.8571428656578064
l_curve_3,316,0.331888347864151,0.8571428656578064
l_curve_3,317,0.33185213804244995,0.8571428656578064
l_curve_3,318,0.3318682909011841,0.8571428656578064
l_curve_3,319,0.3317721486091614,0.8571428656578064
l_curve_3,320,0.33174967765808105,0.8571428656578064
l_curve_3,321,0.33172330260276794,0.8571428656578064
l_curve_3,322,0.33177614212036133,0.8571428656578064
l_curve_3,323,0.33170467615127563,0.8571428656578064
l_curve_3,324,0.33168715238571167,0.8571428656578064
l_curve_3,325,0.33166807889938354,0.8571428656578064
l_curve_3,326,0.331634521484375,0.8571428656578064
l_curve_3,327,0.33160775899887085,0.8571428656578064
l_curve_3,328,0.3316608965396881,0.8571428656578064
l_curve_3,329,0.33172735571861267,0.8571428656578064
l_curve_3,330,0.33167144656181335,0.8571428656578064
l_curve_3,331,0.331559956073761,0.8571428656578064
l_curve_3,332,0.33149924874305725,0.8571428656578064
l_curve_3,333,0.33152323961257935,0.8571428656578064
l_curve_3,334,0.3317407965660095,0.8571428656578064
l_curve_3,335,0.33178460597991943,0.8571428656578064
l_curve_3,336,0.3318009674549103,0.8571428656578064
l_curve_3,337,0.3317902684211731,0.8571428656578064
l_curve_3,338,0.33188480138778687,0.8571428656578064
l_curve_3,339,0.33183208107948303,0.8571428656578064
l_curve_3,340,0.33172503113746643,0.8571428656578064
l_curve_3,341,0.33169639110565186,0.8571428656578064
l_curve_3,342,0.3316575586795807,0.8571428656578064
l_curve_3,343,0.331646591424942,0.8571428656578064
l_curve_3,344,0.331714004278183,0.8571428656578064
l_curve_3,345,0.3317505717277527,0.8571428656578064
l_curve_3,346,0.33164191246032715,0.8571428656578064
l_curve_3,347,0.33151546120643616,0.8571428656578064
l_curve_3,348,0.33150362968444824,0.8571428656578064
l_curve_3,349,0.3315551280975342,0.8571428656578064
l_curve_3,350,0.3316205143928528,0.8571428656578064
l_curve_3,351,0.3315906524658203,0.8571428656578064
l_curve_3,352,0.33147817850112915,0.8571428656578064
l_curve_3,353,0.33150869607925415,0.8571428656578064
l_curve_3,354,0.331508994102478,0.8571428656578064
l_curve_3,355,0.33149266242980957,0.8571428656578064
l_curve_3,356,0.3315248489379883,0.8571428656578064
l_curve_3,357,0.3314965069293976,0.8571428656578064
l_curve_3,358,0.33134207129478455,0.8571428656578064
l_curve_3,359,0.3313435912132263,0.8571428656578064
l_curve_3,360,0.3313083350658417,0.8571428656578064
l_curve_3,361,0.3314085900783539,0.8571428656578064
l_curve_3,362,0.33150067925453186,0.8571428656578064
l_curve_3,363,0.33152586221694946,0.8571428656578064
l_curve_3,364,0.33156371116638184,0.8571428656578064
l_curve_3,365,0.3315044939517975,0.8571428656578064
l_curve_3,366,0.33144810795783997,0.8571428656578064
l_curve_3,367,0.33146122097969055,0.8571428656578064
l_curve_3,368,0.33131295442581177,0.8571428656578064
l_curve_3,369,0.33128443360328674,0.8571428656578064
l_curve_3,370,0.33133044838905334,0.8571428656578064
l_curve_3,371,0.33133652806282043,0.8571428656578064
l_curve_3,372,0.3312719762325287,0.8571428656578064
l_curve_3,373,0.3312084972858429,0.8571428656578064
l_curve_3,374,0.33126866817474365,0.8571428656578064
l_curve_3,375,0.33132967352867126,0.8571428656578064
l_curve_3,376,0.3313469886779785,0.8571428656578064
l_curve_3,377,0.3313806354999542,0.8571428656578064
l_curve_3,378,0.33136072754859924,0.8571428656578064
l_curve_3,379,0.3312968909740448,0.8571428656578064
l_curve_3,380,0.3312683701515198,0.8571428656578064
l_curve_3,381,0.33124613761901855,0.8571428656578064
l_curve_3,382,0.331243097782135,0.8571428656578064
l_curve_3,383,0.3312259018421173,0.8571428656578064
l_curve_3,384,0.33123648166656494,0.8571428656578064
l_curve_3,385,0.3312760591506958,0.8571428656578064
l_curve_3,386,0.3312269151210785,0.8571428656578064
l_curve_3,387,0.3312223255634308,0.8571428656578064
l_curve_3,388,0.33126455545425415,0.8571428656578064
l_curve_3,389,0.3313593566417694,0.8571428656578064
l_curve_3,390,0.33142274618148804,0.8571428656578064
l_curve_3,391,0.33138155937194824,0.8571428656578064
l_curve_3,392,0.3312598764896393,0.8571428656578064
l_curve_3,393,0.3312249481678009,0.8571428656578064
l_curve_3,394,0.33127471804618835,0.8571428656578064
l_curve_3,395,0.33132654428482056,0.8571428656578064
l_curve_3,396,0.33130401372909546,0.8571428656578064
l_curve_3,397,0.3314034044742584,0.8571428656578064
l_curve_3,398,0.3314398229122162,0.8571428656578064
l_curve_3,399,0.331508994102478,0.8571428656578064
l_curve_3,400,0.3315008580684662,0.8571428656578064
l_curve_3,401,0.33145442605018616,0.8571428656578064
l_curve_3,402,0.33143842220306396,0.8571428656578064
l_curve_3,403,0.3314134180545807,0.8571428656578064
l_curve_3,404,0.3313975930213928,0.8571428656578064
l_curve_3,405,0.331319659948349,0.8571428656578064
l_curve_3,406,0.3312620222568512,0.8571428656578064
l_curve_3,407,0.3312768340110779,0.8571428656578064
l_curve_3,408,0.331282377243042,0.8571428656578064
l_curve_3,409,0.33135244250297546,0.8571428656578064
l_curve_3,410,0.33140048384666443,0.8571428656578064
l_curve_3,411,0.3314867913722992,0.8571428656578064
l_curve_3,412,0.3316062390804291,0.8571428656578064
l_curve_3,413,0.33171990513801575,0.8571428656578064
l_curve_3,414,0.3316919207572937,0.8571428656578064
l_curve_3,415,0.3316834568977356,0.8571428656578064
l_curve_3,416,0.3315986692905426,0.8571428656578064
l_curve_3,417,0.3315752148628235,0.8571428656578064
l_curve_3,418,0.33152058720588684,0.8571428656578064
l_curve_3,419,0.33145666122436523,0.8571428656578064
l_curve_3,420,0.3314572274684906,0.8571428656578064
l_curve_3,421,0.33148080110549927,0.8571428656578064
l_curve_3,422,0.33141857385635376,0.8571428656578064
l_curve_3,423,0.3313555121421814,0.8571428656578064
l_curve_3,424,0.3313163220882416,0.8571428656578064
l_curve_3,425,0.3313838243484497,0.8571428656578064
l_curve_3,426,0.3314455449581146,0.8571428656578064
l_curve_3,427,0.33145731687545776,0.8571428656578064
l_curve_3,428,0.33144399523735046,0.8571428656578064
l_curve_3,429,0.3314340114593506,0.8571428656578064
l_curve_3,430,0.3314257264137268,0.8571428656578064
l_curve_3,431,0.3313981294631958,0.8571428656578064
l_curve_3,432,0.33131712675094604,0.8571428656578064
l_curve_3,433,0.3313234746456146,0.8571428656578064
l_curve_3,434,0.3312946856021881,0.8571428656578064
l_curve_3,435,0.33128026127815247,0.8571428656578064
l_curve_3,436,0.33134472370147705,0.8571428656578064
l_curve_3,437,0.3313676118850708,0.8571428656578064
l_curve_3,438,0.33141207695007324,0.8571428656578064
l_curve_3,439,0.3315022587776184,0.8571428656578064
l_curve_3,440,0.33158358931541443,0.8571428656578064
l_curve_3,441,0.3316507041454315,0.8571428656578064
l_curve_3,442,0.3315638303756714,0.8571428656578064
l_curve_3,443,0.33151179552078247,0.8571428656578064
l_curve_3,444,0.33152100443840027,0.8571428656578064
l_curve_3,445,0.3315050005912781,0.8571428656578064
l_curve_3,446,0.3315478265285492,0.8571428656578064
l_curve_3,447,0.3316240906715393,0.8571428656578064
l_curve_3,448,0.3316190242767334,0.8571428656578064
l_curve_3,449,0.3316451609134674,0.8571428656578064
l_curve_3,450,0.33177894353866577,0.8571428656578064
l_curve_3,451,0.3318040370941162,0.8571428656578064
l_curve_3,452,0.33177390694618225,0.8571428656578064
l_curve_3,453,0.33167529106140137,0.8571428656578064
l_curve_3,454,0.33159512281417847,0.8571428656578064
l_curve_3,455,0.3315750062465668,0.8571428656578064
l_curve_3,456,0.33157241344451904,0.8571428656578064
l_curve_3,457,0.3315991461277008,0.8571428656578064
l_curve_3,458,0.33166900277137756,0.8571428656578064
l_curve_3,459,0.33180487155914307,0.8571428656578064
l_curve_3,460,0.33184799551963806,0.8571428656578064
l_curve_3,461,0.33190298080444336,0.8571428656578064
l_curve_3,462,0.33183524012565613,0.8571428656578064
l_curve_3,463,0.33181384205818176,0.8571428656578064
l_curve_3,464,0.33183759450912476,0.8571428656578064
l_curve_3,465,0.3317889869213104,0.8571428656578064
l_curve_3,466,0.33181801438331604,0.8571428656578064
l_curve_3,467,0.3317657709121704,0.8571428656578064
l_curve_3,468,0.3317302167415619,0.8571428656578064
l_curve_3,469,0.33164605498313904,0.8571428656578064
l_curve_3,470,0.33163389563560486,0.8571428656578064
l_curve_3,471,0.3317623436450958,0.8571428656578064
l_curve_3,472,0.3317802846431732,0.8571428656578064
l_curve_3,473,0.331824392080307,0.8571428656578064
l_curve_3,474,0.3318338990211487,0.8571428656578064
l_curve_3,475,0.33184459805488586,0.8571428656578064
l_curve_3,476,0.33184587955474854,0.8571428656578064
l_curve_3,477,0.33184704184532166,0.8571428656578064
l_curve_3,478,0.3317786455154419,0.8571428656578064
l_curve_3,479,0.33182159066200256,0.8571428656578064
l_curve_3,480,0.33189982175827026,0.8571428656578064
l_curve_3,481,0.33193138241767883,0.8571428656578064
l_curve_3,482,0.3319566249847412,0.8571428656578064
l_curve_3,483,0.3319665491580963,0.8571428656578064
l_curve_3,484,0.33189913630485535,0.8571428656578064
l_curve_3,485,0.3319614827632904,0.8571428656578064
l_curve_3,486,0.3319585919380188,0.8571428656578064
l_curve_3,487,0.33202308416366577,0.8571428656578064
l_curve_3,488,0.3321322202682495,0.8571428656578064
l_curve_3,489,0.332191526889801,0.8571428656578064
l_curve_3,490,0.3321777582168579,0.8571428656578064
l_curve_3,491,0.33212924003601074,0.8571428656578064
l_curve_3,492,0.33210334181785583,0.8571428656578064
l_curve_3,493,0.33212417364120483,0.8571428656578064
l_curve_3,494,0.3320810794830322,0.8571428656578064
l_curve_3,495,0.3321031630039215,0.8571428656578064
l_curve_3,496,0.33220210671424866,0.8571428656578064
l_curve_3,497,0.33222898840904236,0.8571428656578064
l_curve_3,498,0.3322451114654541,0.8571428656578064
l_curve_3,499,0.33231133222579956,0.8571428656578064
l_curve_3,500,0.3323200047016144,0.8571428656578064
l_curve_3,501,0.3322879374027252,0.8571428656578064
l_curve_3,502,0.33231067657470703,0.8571428656578064
l_curve_3,503,0.3322438895702362,0.8571428656578064
l_curve_3,504,0.33219707012176514,0.8571428656578064
l_curve_3,505,0.33213484287261963,0.8571428656578064
l_curve_3,506,0.33217424154281616,0.8571428656578064
l_curve_3,507,0.33217689394950867,0.8571428656578064
l_curve_3,508,0.3322350084781647,0.8571428656578064
l_curve_3,509,0.3322314918041229,0.8571428656578064
l_curve_3,510,0.3322282135486603,0.8571428656578064
l_curve_3,511,0.3322426974773407,0.8571428656578064
l_curve_3,512,0.33218148350715637,0.8571428656578064
l_curve_3,513,0.3321208357810974,0.8571428656578064
l_curve_3,514,0.33210310339927673,0.8571428656578064
l_curve_3,515,0.3321182429790497,0.8571428656578064
l_curve_3,516,0.33215969800949097,0.8571428656578064
l_curve_3,517,0.3322213590145111,0.8571428656578064
l_curve_3,518,0.33227211236953735,0.8571428656578064
l_curve_3,519,0.33233553171157837,0.8571428656578064
l_curve_3,520,0.33226674795150757,0.8571428656578064
l_curve_3,521,0.33221420645713806,0.8571428656578064
l_curve_3,522,0.3320479989051819,0.8571428656578064
l_curve_3,523,0.33199429512023926,0.8571428656578064
l_curve_3,524,0.33199015259742737,0.8571428656578064
l_curve_3,525,0.332028329372406,0.8571428656578064
l_curve_3,526,0.3320944905281067,0.8571428656578064
l_curve_3,527,0.33219921588897705,0.8571428656578064
l_curve_3,528,0.33229175209999084,0.8571428656578064
l_curve_3,529,0.33236783742904663,0.8571428656578064
l_curve_3,530,0.3323446810245514,0.8571428656578064
l_curve_3,531,0.3323136866092682,0.8571428656578064
l_curve_3,532,0.33235517144203186,0.8571428656578064
l_curve_3,533,0.33236217498779297,0.8571428656578064
l_curve_3,534,0.33233642578125,0.8571428656578064
l_curve_3,535,0.33237969875335693,0.8571428656578064
l_curve_3,536,0.3324516713619232,0.8571428656578064
l_curve_3,537,0.3325546681880951,0.8571428656578064
l_curve_3,538,0.3326409161090851,0.8571428656578064
l_curve_3,539,0.33257392048835754,0.8571428656578064
l_curve_3,540,0.33252236247062683,0.8571428656578064
l_curve_3,541,0.332502156496048,0.8571428656578064
l_curve_3,542,0.33245471119880676,0.8571428656578064
l_curve_3,543,0.33245691657066345,0.8571428656578064
l_curve_3,544,0.3324294686317444,0.8571428656578064
l_curve_3,545,0.33243200182914734,0.8571428656578064
l_curve_3,546,0.3324619233608246,0.8571428656578064
l_curve_3,547,0.33251625299453735,0.8571428656578064
l_curve_3,548,0.33256375789642334,0.8571428656578064
l_curve_3,549,0.33259546756744385,0.8571428656578064
l_curve_3,550,0.3327103555202484,0.8571428656578064
l_curve_3,551,0.3326728343963623,0.8571428656578064
l_curve_3,552,0.33266010880470276,0.8571428656578064
l_curve_3,553,0.3326670825481415,0.8571428656578064
l_curve_3,554,0.33268675208091736,0.8571428656578064
l_curve_3,555,0.3327268362045288,0.8571428656578064
l_curve_3,556,0.3327508270740509,0.8571428656578064
l_curve_3,557,0.3326764702796936,0.8571428656578064
l_curve_3,558,0.3326033055782318,0.8571428656578064
l_curve_3,559,0.3325650691986084,0.8571428656578064
l_curve_3,560,0.33264392614364624,0.8571428656578064
l_curve_3,561,0.33267807960510254,0.8571428656578064
l_curve_3,562,0.3326996862888336,0.8571428656578064
l_curve_3,563,0.3327542543411255,0.8571428656578064
l_curve_3,564,0.33274731040000916,0.8571428656578064
l_curve_3,565,0.3327551484107971,0.8571428656578064
l_curve_3,566,0.3327360153198242,0.8571428656578064
l_curve_3,567,0.33275142312049866,0.8571428656578064
l_curve_3,568,0.33284032344818115,0.8571428656578064
l_curve_3,569,0.332871675491333,0.8571428656578064
l_curve_3,570,0.332817941904068,0.8571428656578064
l_curve_3,571,0.3327530026435852,0.8571428656578064
l_curve_3,572,0.3326941728591919,0.8571428656578064
l_curve_3,573,0.3327133059501648,0.8571428656578064
l_curve_3,574,0.33269527554512024,0.8571428656578064
l_curve_3,575,0.3327011466026306,0.8571428656578064
l_curve_3,576,0.33269548416137695,0.8571428656578064
l_curve_3,577,0.3326915204524994,0.8571428656578064
l_curve_3,578,0.33272168040275574,0.8571428656578064
l_curve_3,579,0.3327622711658478,0.8571428656578064
l_curve_3,580,0.33276259899139404,0.8571428656578064
l_curve_3,581,0.33274397253990173,0.8571428656578064
l_curve_3,582,0.3327929377555847,0.8571428656578064
l_curve_3,583,0.3328227698802948,0.8571428656578064
l_curve_3,584,0.33288928866386414,0.8571428656578064
l_curve_3,585,0.3329174518585205,0.8571428656578064
l_curve_3,586,0.3329896032810211,0.8571428656578064
l_curve_3,587,0.33301377296447754,0.8571428656578064
l_curve_3,588,0.3330322504043579,0.8571428656578064
l_curve_3,589,0.33303341269493103,0.8571428656578064
l_curve_3,590,0.33301958441734314,0.8571428656578064
l_curve_3,591,0.33298882842063904,0.8571428656578064
l_curve_3,592,0.33298152685165405,0.8571428656578064
l_curve_3,593,0.3329974114894867,0.8571428656578064
l_curve_3,594,0.3329935073852539,0.8571428656578064
l_curve_3,595,0.33304551243782043,0.8571428656578064
l_curve_3,596,0.3330327272415161,0.8571428656578064
l_curve_3,597,0.33299943804740906,0.8571428656578064
l_curve_3,598,0.33301982283592224,0.8571428656578064
l_curve_3,599,0.33304309844970703,0.8571428656578064
l_curve_3,600,0.3330709934234619,0.8571428656578064
l_curve_3,601,0.3330863416194916,0.8571428656578064
l_curve_3,602,0.3330855965614319,0.8571428656578064
l_curve_3,603,0.33313319087028503,0.8571428656578064
l_curve_3,604,0.333211213350296,0.8571428656578064
l_curve_3,605,0.33323368430137634,0.8571428656578064
l_curve_3,606,0.3332419991493225,0.8571428656578064
l_curve_3,607,0.33321163058280945,0.8571428656578064
l_curve_3,608,0.3332406282424927,0.8571428656578064
l_curve_3,609,0.33327746391296387,0.8571428656578064
l_curve_3,610,0.33327382802963257,0.8571428656578064
l_curve_3,611,0.33329394459724426,0.8571428656578064
l_curve_3,612,0.3332872986793518,0.8571428656578064
l_curve_3,613,0.33332139253616333,0.8571428656578064
l_curve_3,614,0.33340030908584595,0.8571428656578064
l_curve_3,615,0.3333640992641449,0.8571428656578064
l_curve_3,616,0.33337539434432983,0.8571428656578064
l_curve_3,617,0.33341243863105774,0.8571428656578064
l_curve_3,618,0.3334490656852722,0.8571428656578064
l_curve_3,619,0.33342406153678894,0.8571428656578064
l_curve_3,620,0.3334169387817383,0.8571428656578064
l_curve_3,621,0.33339014649391174,0.8571428656578064
l_curve_3,622,0.33337512612342834,0.8571428656578064
l_curve_3,623,0.33336520195007324,0.8571428656578064
l_curve_3,624,0.33336976170539856,0.8571428656578064
l_curve_3,625,0.3333825170993805,0.8571428656578064
l_curve_3,626,0.3334258496761322,0.8571428656578064
l_curve_3,627,0.33346524834632874,0.8571428656578064
l_curve_3,628,0.33351045846939087,0.8571428656578064
l_curve_3,629,0.33350855112075806,0.8571428656578064
l_curve_3,630,0.33351778984069824,0.8571428656578064
l_curve_3,631,0.33353784680366516,0.8571428656578064
l_curve_3,632,0.3335714340209961,0.8571428656578064
l_curve_3,633,0.3335852324962616,0.8571428656578064
l_curve_3,634,0.33357977867126465,0.8571428656578064
l_curve_3,635,0.3335922658443451,0.8571428656578064
l_curve_3,636,0.333537220954895,0.8571428656578064
l_curve_3,637,0.333551824092865,0.8571428656578064
l_curve_3,638,0.3335692584514618,0.8571428656578064
l_curve_3,639,0.33358293771743774,0.8571428656578064
l_curve_3,640,0.3336665630340576,0.8571428656578064
l_curve_3,641,0.33375218510627747,0.8571428656578064
l_curve_3,642,0.3336879312992096,0.8571428656578064
l_curve_3,643,0.33364492654800415,0.8571428656578064
l_curve_3,644,0.3336409628391266,0.8571428656578064
l_curve_3,645,0.33366140723228455,0.8571428656578064
l_curve_3,646,0.3336600661277771,0.8571428656578064
l_curve_3,647,0.333636611700058,0.8571428656578064
l_curve_3,648,0.3336557149887085,0.8571428656578064
l_curve_3,649,0.3337435722351074,0.8571428656578064
l_curve_3,650,0.3338561952114105,0.8571428656578064
l_curve_3,651,0.3338939845561981,0.8571428656578064
l_curve_3,652,0.3338927924633026,0.8571428656578064
l_curve_3,653,0.3339465260505676,0.8571428656578064
l_curve_3,654,0.3339095413684845,0.8571428656578064
l_curve_3,655,0.33385175466537476,0.8571428656578064
l_curve_3,656,0.33383288979530334,0.8571428656578064
l_curve_3,657,0.3338523507118225,0.8571428656578064
l_curve_3,658,0.33388441801071167,0.8571428656578064
l_curve_3,659,0.33389171957969666,0.8571428656578064
l_curve_3,660,0.3338722586631775,0.8571428656578064
l_curve_3,661,0.3338874280452728,0.8571428656578064
l_curve_3,662,0.3338963985443115,0.8571428656578064
l_curve_3,663,0.3339076638221741,0.8571428656578064
l_curve_3,664,0.33395659923553467,0.8571428656578064
l_curve_3,665,0.3339333236217499,0.8571428656578064
l_curve_3,666,0.33402496576309204,0.8571428656578064
l_curve_3,667,0.33404532074928284,0.8571428656578064
l_curve_3,668,0.3340674340724945,0.8571428656578064
l_curve_3,669,0.33405745029449463,0.8571428656578064
l_curve_3,670,0.334037184715271,0.8571428656578064
l_curve_3,671,0.3340243399143219,0.8571428656578064
l_curve_3,672,0.3340722620487213,0.8571428656578064
l_curve_3,673,0.33404192328453064,0.8571428656578064
l_curve_3,674,0.33402955532073975,0.8571428656578064
l_curve_3,675,0.33403992652893066,0.8571428656578064
l_curve_3,676,0.3340836465358734,0.8571428656578064
l_curve_3,677,0.33413833379745483,0.8571428656578064
l_curve_3,678,0.3341875374317169,0.8571428656578064
l_curve_3,679,0.33424314856529236,0.8571428656578064
l_curve_3,680,0.33426666259765625,0.8571428656578064
l_curve_3,681,0.3342813551425934,0.8571428656578064
l_curve_3,682,0.3342726528644562,0.8571428656578064
l_curve_3,683,0.33429041504859924,0.8571428656578064
l_curve_3,684,0.33431485295295715,0.8571428656578064
l_curve_3,685,0.3343343138694763,0.8571428656578064
l_curve_3,686,0.33437761664390564,0.8571428656578064
l_curve_3,687,0.3344203531742096,0.8571428656578064
l_curve_3,688,0.3343668580055237,0.8571428656578064
l_curve_3,689,0.3343527615070343,0.8571428656578064
l_curve_3,690,0.33436843752861023,0.8571428656578064
l_curve_3,691,0.33430618047714233,0.8571428656578064
l_curve_3,692,0.33434703946113586,0.8571428656578064
l_curve_3,693,0.334469199180603,0.8571428656578064
l_curve_3,694,0.3345249593257904,0.8571428656578064
l_curve_3,695,0.3345062732696533,0.8571428656578064
l_curve_3,696,0.3344489336013794,0.8571428656578064
l_curve_3,697,0.3343624174594879,0.8571428656578064
l_curve_3,698,0.33431002497673035,0.8571428656578064
l_curve_3,699,0.33433952927589417,0.8571428656578064
l_curve_3,700,0.3344030976295471,0.8571428656578064
l_curve_3,701,0.33441686630249023,0.8571428656578064
l_curve_3,702,0.3345123827457428,0.8571428656578064
l_curve_3,703,0.3345508575439453,0.8571428656578064
l_curve_3,704,0.33451732993125916,0.8571428656578064
l_curve_3,705,0.33455216884613037,0.8571428656578064
l_curve_3,706,0.33455100655555725,0.8571428656578064
l_curve_3,707,0.3345406651496887,0.8571428656578064
l_curve_3,708,0.3345341980457306,0.8571428656578064
l_curve_3,709,0.3345499634742737,0.8571428656578064
l_curve_3,710,0.334591269493103,0.8571428656578064
l_curve_3,711,0.33463865518569946,0.8571428656578064
l_curve_3,712,0.33460745215415955,0.8571428656578064
l_curve_3,713,0.3345559537410736,0.8571428656578064
l_curve_3,714,0.3345440626144409,0.8571428656578064
l_curve_3,715,0.3345375657081604,0.8571428656578064
l_curve_3,716,0.33449897170066833,0.8571428656578064
l_curve_3,717,0.3345353603363037,0.8571428656578064
l_curve_3,718,0.334584504365921,0.8571428656578064
l_curve_3,719,0.3347124457359314,0.8571428656578064
l_curve_3,720,0.3347844183444977,0.8571428656578064
l_curve_3,721,0.3348333537578583,0.8571428656578064
l_curve_3,722,0.33486267924308777,0.8571428656578064
l_curve_3,723,0.33494362235069275,0.8571428656578064
l_curve_3,724,0.33505064249038696,0.8571428656578064
l_curve_3,725,0.3351093828678131,0.8571428656578064
l_curve_3,726,0.33513063192367554,0.8571428656578064
l_curve_3,727,0.3351176977157593,0.8571428656578064
l_curve_3,728,0.3350847363471985,0.8571428656578064
l_curve_3,729,0.3351396918296814,0.8571428656578064
l_curve_3,730,0.3351846933364868,0.8571428656578064
l_curve_3,731,0.33516162633895874,0.8571428656578064
l_curve_3,732,0.3351394236087799,0.8571428656578064
l_curve_3,733,0.3351633846759796,0.8571428656578064
l_curve_3,734,0.33523309230804443,0.8571428656578064
l_curve_3,735,0.33529311418533325,0.8571428656578064
l_curve_3,736,0.3353781998157501,0.8571428656578064
l_curve_3,737,0.3354198634624481,0.8571428656578064
l_curve_3,738,0.33544468879699707,0.8571428656578064
l_curve_3,739,0.3354308009147644,0.8571428656578064
l_curve_3,740,0.33537885546684265,0.8571428656578064
l_curve_3,741,0.33537986874580383,0.8571428656578064
l_curve_3,742,0.33533158898353577,0.8571428656578064
l_curve_3,743,0.33532750606536865,0.8571428656578064
l_curve_3,744,0.3353264331817627,0.8571428656578064
l_curve_3,745,0.3353140950202942,0.8571428656578064
l_curve_3,746,0.33532100915908813,0.8571428656578064
l_curve_3,747,0.3353305459022522,0.8571428656578064
l_curve_3,748,0.33534952998161316,0.8571428656578064
l_curve_3,749,0.33540400862693787,0.8571428656578064
l_curve_3,750,0.3354613482952118,0.8571428656578064
l_curve_3,751,0.33549627661705017,0.8571428656578064
l_curve_3,752,0.33554843068122864,0.8571428656578064
l_curve_3,753,0.3355679512023926,0.8571428656578064
l_curve_3,754,0.33555856347084045,0.8571428656578064
l_curve_3,755,0.33560165762901306,0.8571428656578064
l_curve_3,756,0.33558908104896545,0.8571428656578064
l_curve_3,757,0.3356145918369293,0.8571428656578064
l_curve_3,758,0.335578590631485,0.8571428656578064
l_curve_3,759,0.33552804589271545,0.8571428656578064
l_curve_3,760,0.33552104234695435,0.8571428656578064
l_curve_3,761,0.3355032205581665,0.8571428656578064
l_curve_3,762,0.3355216681957245,0.8571428656578064
l_curve_3,763,0.33559054136276245,0.8571428656578064
l_curve_3,764,0.33564478158950806,0.8571428656578064
l_curve_3,765,0.3357541561126709,0.8571428656578064
l_curve_3,766,0.3357854187488556,0.8571428656578064
l_curve_3,767,0.3358604907989502,0.8571428656578064
l_curve_3,768,0.3358493447303772,0.8571428656578064
l_curve_3,769,0.33581873774528503,0.8571428656578064
l_curve_3,770,0.3358156085014343,0.8571428656578064
l_curve_3,771,0.33584630489349365,0.8571428656578064
l_curve_3,772,0.3358777165412903,0.8571428656578064
l_curve_3,773,0.3359100818634033,0.8571428656578064
l_curve_3,774,0.33588525652885437,0.8571428656578064
l_curve_3,775,0.33588844537734985,0.8571428656578064
l_curve_3,776,0.3359178602695465,0.8571428656578064
l_curve_3,777,0.3359573781490326,0.8571428656578064
l_curve_3,778,0.3359946310520172,0.8571428656578064
l_curve_3,779,0.3360286056995392,0.8571428656578064
l_curve_3,780,0.3360539376735687,0.8571428656578064
l_curve_3,781,0.33599478006362915,0.8571428656578064
l_curve_3,782,0.33595728874206543,0.8571428656578064
l_curve_3,783,0.3359284996986389,0.8571428656578064
l_curve_3,784,0.33595526218414307,0.8571428656578064
l_curve_3,785,0.3359980583190918,0.8571428656578064
l_curve_3,786,0.3359925448894501,0.8571428656578064
l_curve_3,787,0.3359963595867157,0.8571428656578064
l_curve_3,788,0.3360060453414917,0.8571428656578064
l_curve_3,789,0.3360901474952698,0.8571428656578064
l_curve_3,790,0.3361673355102539,0.8571428656578064
l_curve_3,791,0.33612552285194397,0.8571428656578064
l_curve_3,792,0.33611243963241577,0.8571428656578064
l_curve_3,793,0.33617502450942993,0.8571428656578064
l_curve_3,794,0.3361910879611969,0.8571428656578064
l_curve_3,795,0.3361979126930237,0.8571428656578064
l_curve_3,796,0.3362056612968445,0.8571428656578064
l_curve_3,797,0.33627814054489136,0.8571428656578064
l_curve_3,798,0.3363277018070221,0.8571428656578064
l_curve_3,799,0.3363766372203827,0.8571428656578064
l_curve_3,800,0.3364437520503998,0.8571428656578064
l_curve_3,801,0.3364261984825134,0.8571428656578064
l_curve_3,802,0.33636733889579773,0.8571428656578064
l_curve_3,803,0.3364567160606384,0.8571428656578064
l_curve_3,804,0.3364941477775574,0.8571428656578064
l_curve_3,805,0.33646130561828613,0.8571428656578064
l_curve_3,806,0.3364645540714264,0.8571428656578064
l_curve_3,807,0.3364477753639221,0.8571428656578064
l_curve_3,808,0.3364494740962982,0.8571428656578064
l_curve_3,809,0.33648237586021423,0.8571428656578064
l_curve_3,810,0.33653831481933594,0.8571428656578064
l_curve_3,811,0.3366023600101471,0.8571428656578064
l_curve_3,812,0.3366706967353821,0.8571428656578064
l_curve_3,813,0.3366936445236206,0.8571428656578064
l_curve_3,814,0.33662787079811096,0.8571428656578064
l_curve_3,815,0.33658286929130554,0.8571428656578064
l_curve_3,816,0.33658456802368164,0.8571428656578064
l_curve_3,817,0.33664241433143616,0.8571428656578064
l_curve_3,818,0.33671215176582336,0.8571428656578064
l_curve_3,819,0.3367089033126831,0.8571428656578064
l_curve_3,820,0.3367442190647125,0.8571428656578064
l_curve_3,821,0.3367782235145569,0.8571428656578064
l_curve_3,822,0.3368792235851288,0.8571428656578064
l_curve_3,823,0.33687037229537964,0.8571428656578064
l_curve_3,824,0.3368099629878998,0.8571428656578064
l_curve_3,825,0.3367350399494171,0.8571428656578064
l_curve_3,826,0.3366971015930176,0.8571428656578064
l_curve_3,827,0.33671942353248596,0.8571428656578064
l_curve_3,828,0.33672815561294556,0.8571428656578064
l_curve_3,829,0.33673641085624695,0.8571428656578064
l_curve_3,830,0.3367888629436493,0.8571428656578064
l_curve_3,831,0.3368435502052307,0.8571428656578064
l_curve_3,832,0.3369273841381073,0.8571428656578064
l_curve_3,833,0.33698660135269165,0.8571428656578064
l_curve_3,834,0.3369535207748413,0.8571428656578064
l_curve_3,835,0.33696410059928894,0.8571428656578064
l_curve_3,836,0.3369728624820709,0.8571428656578064
l_curve_3,837,0.33702021837234497,0.8571428656578064
l_curve_3,838,0.33705610036849976,0.8571428656578064
l_curve_3,839,0.3371100127696991,0.8571428656578064
l_curve_3,840,0.3371823728084564,0.8571428656578064
l_curve_3,841,0.33722788095474243,0.8571428656578064
l_curve_3,842,0.3372155725955963,0.8571428656578064
l_curve_3,843,0.3372645974159241,0.8571428656578064
l_curve_3,844,0.3373018801212311,0.8571428656578064
l_curve_3,845,0.3372742235660553,0.8571428656578064
l_curve_3,846,0.3373001515865326,0.8571428656578064
l_curve_3,847,0.3372900187969208,0.8571428656578064
l_curve_3,848,0.33729463815689087,0.8571428656578064
l_curve_3,849,0.33725425601005554,0.8571428656578064
l_curve_3,850,0.3373258709907532,0.8571428656578064
l_curve_3,851,0.3373720943927765,0.8571428656578064
l_curve_3,852,0.33743464946746826,0.8571428656578064
l_curve_3,853,0.33749744296073914,0.8571428656578064
l_curve_3,854,0.3375700116157532,0.8571428656578064
l_curve_3,855,0.33761855959892273,0.8571428656578064
l_curve_3,856,0.3375965356826782,0.8571428656578064
l_curve_3,857,0.33763137459754944,0.8571428656578064
l_curve_3,858,0.3376639187335968,0.8571428656578064
l_curve_3,859,0.3376838266849518,0.8571428656578064
l_curve_3,860,0.3377109169960022,0.8571428656578064
l_curve_3,861,0.3377361595630646,0.8571428656578064
l_curve_3,862,0.33775779604911804,0.8571428656578064
l_curve_3,863,0.3377304673194885,0.8571428656578064
l_curve_3,864,0.3377181887626648,0.8571428656578064
l_curve_3,865,0.33769598603248596,0.8571428656578064
l_curve_3,866,0.33771422505378723,0.8571428656578064
l_curve_3,867,0.33779916167259216,0.8571428656578064
l_curve_3,868,0.3378033936023712,0.8571428656578064
l_curve_3,869,0.3378089368343353,0.8571428656578064
l_curve_3,870,0.33789974451065063,0.8571428656578064
l_curve_3,871,0.3379206657409668,0.8571428656578064
l_curve_3,872,0.33791494369506836,0.8571428656578064
l_curve_3,873,0.33787277340888977,0.8571428656578064
l_curve_3,874,0.33787408471107483,0.8571428656578064
l_curve_3,875,0.3378554880619049,0.8571428656578064
l_curve_3,876,0.3378535211086273,0.8571428656578064
l_curve_3,877,0.337832510471344,0.8571428656578064
l_curve_3,878,0.3378278911113739,0.8571428656578064
l_curve_3,879,0.33787161111831665,0.8571428656578064
l_curve_3,880,0.3379272520542145,0.8571428656578064
l_curve_3,881,0.3379252851009369,0.8571428656578064
l_curve_3,882,0.3379325270652771,0.8571428656578064
l_curve_3,883,0.3379230201244354,0.8571428656578064
l_curve_3,884,0.3378855884075165,0.8571428656578064
l_curve_3,885,0.3379274010658264,0.8571428656578064
l_curve_3,886,0.33793413639068604,0.8571428656578064
l_curve_3,887,0.3379646837711334,0.8571428656578064
l_curve_3,888,0.33800873160362244,0.8571428656578064
l_curve_3,889,0.3381057381629944,0.8571428656578064
l_curve_3,890,0.3381351828575134,0.8571428656578064
l_curve_3,891,0.33814021944999695,0.8571428656578064
l_curve_3,892,0.3381962776184082,0.8571428656578064
l_curve_3,893,0.3382270336151123,0.8571428656578064
l_curve_3,894,0.3382474482059479,0.8571428656578064
l_curve_3,895,0.3382931649684906,0.8571428656578064
l_curve_3,896,0.33829465508461,0.8571428656578064
l_curve_3,897,0.33832937479019165,0.8571428656578064
l_curve_3,898,0.33835193514823914,0.8571428656578064
l_curve_3,899,0.3383580446243286,0.8571428656578064
l_curve_3,900,0.3383326828479767,0.8571428656578064
l_curve_3,901,0.33831700682640076,0.8571428656578064
l_curve_3,902,0.33833828568458557,0.8571428656578064
l_curve_3,903,0.3383440375328064,0.8571428656578064
l_curve_3,904,0.3383946120738983,0.8571428656578064
l_curve_3,905,0.3384321630001068,0.8571428656578064
l_curve_3,906,0.3384310305118561,0.8571428656578064
l_curve_3,907,0.33839550614356995,0.8571428656578064
l_curve_3,908,0.3384166955947876,0.8571428656578064
l_curve_3,909,0.3383602499961853,0.8571428656578064
l_curve_3,910,0.33840513229370117,0.8571428656578064
l_curve_3,911,0.3384588658809662,0.8571428656578064
l_curve_3,912,0.3385527729988098,0.8571428656578064
l_curve_3,913,0.3386092483997345,0.8571428656578064
l_curve_3,914,0.33863365650177,0.8571428656578064
l_curve_3,915,0.33868709206581116,0.8571428656578064
l_curve_3,916,0.3387110233306885,0.8571428656578064
l_curve_3,917,0.3387207090854645,0.8571428656578064
l_curve_3,918,0.33871445059776306,0.8571428656578064
l_curve_3,919,0.3386964499950409,0.8571428656578064
l_curve_3,920,0.3386973738670349,0.8571428656578064
l_curve_3,921,0.3387170135974884,0.8571428656578064
l_curve_3,922,0.33875253796577454,0.8571428656578064
l_curve_3,923,0.33878228068351746,0.8571428656578064
l_curve_3,924,0.3387945592403412,0.8571428656578064
l_curve_3,925,0.3388466238975525,0.8571428656578064
l_curve_3,926,0.33889466524124146,0.8571428656578064
l_curve_3,927,0.33891063928604126,0.8571428656578064
l_curve_3,928,0.33894386887550354,0.8571428656578064
l_curve_3,929,0.33898329734802246,0.8571428656578064
l_curve_3,930,0.3390597999095917,0.8571428656578064
l_curve_3,931,0.33906587958335876,0.8571428656578064
l_curve_3,932,0.3390772342681885,0.8571428656578064
l_curve_3,933,0.3391280770301819,0.8571428656578064
l_curve_3,934,0.33917438983917236,0.8571428656578064
l_curve_3,935,0.3391963839530945,0.8571428656578064
l_curve_3,936,0.3392467498779297,0.8571428656578064
l_curve_3,937,0.33922040462493896,0.8571428656578064
l_curve_3,938,0.33916953206062317,0.8571428656578064
l_curve_3,939,0.33916953206062317,0.8571428656578064
l_curve_3,940,0.33921509981155396,0.8571428656578064
l_curve_3,941,0.3392168879508972,0.8571428656578064
l_curve_3,942,0.33919864892959595,0.8571428656578064
l_curve_3,943,0.3392026126384735,0.8571428656578064
l_curve_3,944,0.33920976519584656,0.8571428656578064
l_curve_3,945,0.3392658233642578,0.8571428656578064
l_curve_3,946,0.3393392562866211,0.8571428656578064
l_curve_3,947,0.3393877446651459,0.8571428656578064
l_curve_3,948,0.33941540122032166,0.8571428656578064
l_curve_3,949,0.33940353989601135,0.8571428656578064
l_curve_3,950,0.3394342064857483,0.8571428656578064
l_curve_3,951,0.3395059406757355,0.8571428656578064
l_curve_3,952,0.3395206034183502,0.8571428656578064
l_curve_3,953,0.33949610590934753,0.8571428656578064
l_curve_3,954,0.33951300382614136,0.8571428656578064
l_curve_3,955,0.33953291177749634,0.8571428656578064
l_curve_3,956,0.33960455656051636,0.8571428656578064
l_curve_3,957,0.3396056890487671,0.8571428656578064
l_curve_3,958,0.3396425247192383,0.8571428656578064
l_curve_3,959,0.3397027850151062,0.8571428656578064
l_curve_3,960,0.3397292196750641,0.8571428656578064
l_curve_3,961,0.33977553248405457,0.8571428656578064
l_curve_3,962,0.33981144428253174,0.8571428656578064
l_curve_3,963,0.33981987833976746,0.8571428656578064
l_curve_3,964,0.33982282876968384,0.8571428656578064
l_curve_3,965,0.3398197293281555,0.8571428656578064
l_curve_3,966,0.33982032537460327,0.8571428656578064
l_curve_3,967,0.3398342430591583,0.8571428656578064
l_curve_3,968,0.33978113532066345,0.8571428656578064
l_curve_3,969,0.33975696563720703,0.8571428656578064
l_curve_3,970,0.33974623680114746,0.8571428656578064
l_curve_3,971,0.3397689461708069,0.8571428656578064
l_curve_3,972,0.3398182690143585,0.8571428656578064
l_curve_3,973,0.33984923362731934,0.8571428656578064
l_curve_3,974,0.33988720178604126,0.8571428656578064
l_curve_3,975,0.33989837765693665,0.8571428656578064
l_curve_3,976,0.3399147093296051,0.8571428656578064
l_curve_3,977,0.3399606943130493,0.8571428656578064
l_curve_3,978,0.3399999439716339,0.8571428656578064
l_curve_3,979,0.3399704694747925,0.8571428656578064
l_curve_3,980,0.33996182680130005,0.8571428656578064
l_curve_3,981,0.3400101363658905,0.8571428656578064
l_curve_3,982,0.3400263786315918,0.8571428656578064
l_curve_3,983,0.3400786817073822,0.8571428656578064
l_curve_3,984,0.3401305377483368,0.8571428656578064
l_curve_3,985,0.3401757776737213,0.8571428656578064
l_curve_3,986,0.340193510055542,0.8571428656578064
l_curve_3,987,0.3401806950569153,0.8571428656578064
l_curve_3,988,0.34024539589881897,0.8571428656578064
l_curve_3,989,0.34025266766548157,0.8571428656578064
l_curve_3,990,0.3402450978755951,0.8571428656578064
l_curve_3,991,0.34023693203926086,0.8571428656578064
l_curve_3,992,0.3401705324649811,0.8571428656578064
l_curve_3,993,0.34013062715530396,0.8571428656578064
l_curve_3,994,0.3401065170764923,0.8571428656578064
l_curve_3,995,0.3401096761226654,0.8571428656578064
l_curve_3,996,0.3400987684726715,0.8571428656578064
l_curve_3,997,0.34013649821281433,0.8571428656578064
l_curve_3,998,0.3401523232460022,0.8571428656578064
l_curve_3,999,0.34019359946250916,0.8571428656578064
l_curve_3,1000,0.34026187658309937,0.8571428656578064
l_curve_3,1000,0.34026187658309937,0.8571428656578064
