client,round,loss,accuracy
l_curve_0,1,0.8375125527381897,0.5625
l_curve_0,2,0.8320349454879761,0.5625
l_curve_0,3,0.8266236782073975,0.5625
l_curve_0,4,0.8212476968765259,0.5625
l_curve_0,5,0.8158769607543945,0.5625
l_curve_0,6,0.81057208776474,0.5625
l_curve_0,7,0.8053345084190369,0.5625
l_curve_0,8,0.800144612789154,0.5625
l_curve_0,9,0.794995903968811,0.5625
l_curve_0,10,0.7898939251899719,0.5625
l_curve_0,11,0.7848517894744873,0.5625
l_curve_0,12,0.7798448801040649,0.5625
l_curve_0,13,0.7748926877975464,0.5625
l_curve_0,14,0.7700201869010925,0.5625
l_curve_0,15,0.7652059197425842,0.5625
l_curve_0,16,0.7604700326919556,0.5625
l_curve_0,17,0.7558022141456604,0.5625
l_curve_0,18,0.7511618137359619,0.5625
l_curve_0,19,0.7465976476669312,0.5625
l_curve_0,20,0.7421027421951294,0.5625
l_curve_0,21,0.7376651763916016,0.5625
l_curve_0,22,0.7333046197891235,0.5625
l_curve_0,23,0.7290145754814148,0.5625
l_curve_0,24,0.7247607111930847,0.5625
l_curve_0,25,0.7206013798713684,0.5625
l_curve_0,26,0.7165102958679199,0.5625
l_curve_0,27,0.7124453783035278,0.5625
l_curve_0,28,0.7084650993347168,0.5625
l_curve_0,29,0.7045271396636963,0.5625
l_curve_0,30,0.7006398439407349,0.5625
l_curve_0,31,0.6968483924865723,0.5625
l_curve_0,32,0.693142294883728,0.5625
l_curve_0,33,0.6894850730895996,0.5625
l_curve_0,34,0.6858642101287842,0.5625
l_curve_0,35,0.6823446750640869,0.5625
l_curve_0,36,0.6788560152053833,0.5625
l_curve_0,37,0.6754231452941895,0.5625
l_curve_0,38,0.6720479726791382,0.5625
l_curve_0,39,0.6687432527542114,0.5625
l_curve_0,40,0.6654760837554932,0.5625
l_curve_0,41,0.6622799634933472,0.5625
l_curve_0,42,0.6591299176216125,0.5625
l_curve_0,43,0.6560302972793579,0.5625
l_curve_0,44,0.6530168056488037,0.5625
l_curve_0,45,0.6500424146652222,0.5625
l_curve_0,46,0.6471197009086609,0.5625
l_curve_0,47,0.6442472338676453,0.5625
l_curve_0,48,0.6414255499839783,0.5625
l_curve_0,49,0.6386501789093018,0.5625
l_curve_0,50,0.6359661817550659,0.5625
l_curve_0,51,0.6332923173904419,0.5625
l_curve_0,52,0.6306920647621155,0.5625
l_curve_0,53,0.6281459331512451,0.5625
l_curve_0,54,0.6256242990493774,0.5625
l_curve_0,55,0.6231622695922852,0.5625
l_curve_0,56,0.6207643747329712,0.5625
l_curve_0,57,0.6183936595916748,0.5625
l_curve_0,58,0.6160462498664856,0.5625
l_curve_0,59,0.6137491464614868,0.5625
l_curve_0,60,0.611494243144989,0.5625
l_curve_0,61,0.6092842817306519,0.5625
l_curve_0,62,0.6070985198020935,0.5625
l_curve_0,63,0.6049690246582031,0.5625
l_curve_0,64,0.6028820872306824,0.5625
l_curve_0,65,0.6008179187774658,0.5625
l_curve_0,66,0.5987886786460876,0.5625
l_curve_0,67,0.5967909693717957,0.5625
l_curve_0,68,0.5948575735092163,0.625
l_curve_0,69,0.5929237008094788,0.625
l_curve_0,70,0.5910317897796631,0.625
l_curve_0,71,0.5891839265823364,0.625
l_curve_0,72,0.5873584747314453,0.625
l_curve_0,73,0.5855372548103333,0.625
l_curve_0,74,0.5837633609771729,0.625
l_curve_0,75,0.5820209980010986,0.6875
l_curve_0,76,0.5803012251853943,0.6875
l_curve_0,77,0.5786168575286865,0.6875
l_curve_0,78,0.5769523978233337,0.6875
l_curve_0,79,0.5753220319747925,0.6875
l_curve_0,80,0.5737107992172241,0.6875
l_curve_0,81,0.572126030921936,0.6875
l_curve_0,82,0.5705553293228149,0.6875
l_curve_0,83,0.5690078735351562,0.6875
l_curve_0,84,0.5674675703048706,0.75
l_curve_0,85,0.5659733414649963,0.75
l_curve_0,86,0.564491331577301,0.75
l_curve_0,87,0.5630209445953369,0.75
l_curve_0,88,0.5615712404251099,0.75
l_curve_0,89,0.5601465702056885,0.75
l_curve_0,90,0.5587318539619446,0.75
l_curve_0,91,0.5573362708091736,0.75
l_curve_0,92,0.5559400320053101,0.75
l_curve_0,93,0.5545744299888611,0.75
l_curve_0,94,0.5532280802726746,0.75
l_curve_0,95,0.5518949627876282,0.75
l_curve_0,96,0.5505691170692444,0.75
l_curve_0,97,0.5492680072784424,0.75
l_curve_0,98,0.5479633212089539,0.75
l_curve_0,99,0.5466854572296143,0.75
l_curve_0,100,0.5454056262969971,0.75
l_curve_0,101,0.5441452264785767,0.75
l_curve_0,102,0.5428925156593323,0.75
l_curve_0,103,0.5416499376296997,0.8125
l_curve_0,104,0.540428876876831,0.8125
l_curve_0,105,0.5392078161239624,0.8125
l_curve_0,106,0.5379997491836548,0.8125
l_curve_0,107,0.5367991328239441,0.8125
l_curve_0,108,0.535606324672699,0.8125
l_curve_0,109,0.5344175100326538,0.8125
l_curve_0,110,0.5332468748092651,0.8125
l_curve_0,111,0.5320731997489929,0.8125
l_curve_0,112,0.5309115052223206,0.8125
l_curve_0,113,0.5297601819038391,0.8125
l_curve_0,114,0.5286146402359009,0.8125
l_curve_0,115,0.5274772644042969,0.8125
l_curve_0,116,0.5263444781303406,0.8125
l_curve_0,117,0.5252271890640259,0.8125
l_curve_0,118,0.5241138339042664,0.8125
l_curve_0,119,0.5229997634887695,0.8125
l_curve_0,120,0.5218942165374756,0.8125
l_curve_0,121,0.5208059549331665,0.8125
l_curve_0,122,0.5197117328643799,0.8125
l_curve_0,123,0.5186249613761902,0.8125
l_curve_0,124,0.517545759677887,0.8125
l_curve_0,125,0.5164704918861389,0.8125
l_curve_0,126,0.5153961181640625,0.8125
l_curve_0,127,0.5143290162086487,0.8125
l_curve_0,128,0.5132617950439453,0.8125
l_curve_0,129,0.5122054815292358,0.8125
l_curve_0,130,0.5111566185951233,0.8125
l_curve_0,131,0.5101084113121033,0.8125
l_curve_0,132,0.5090610980987549,0.8125
l_curve_0,133,0.5080233812332153,0.8125
l_curve_0,134,0.5069915056228638,0.8125
l_curve_0,135,0.5059642195701599,0.8125
l_curve_0,136,0.5049414038658142,0.8125
l_curve_0,137,0.5039236545562744,0.8125
l_curve_0,138,0.5029036998748779,0.8125
l_curve_0,139,0.5018925070762634,0.8125
l_curve_0,140,0.5008836388587952,0.8125
l_curve_0,141,0.4998825192451477,0.8125
l_curve_0,142,0.49887707829475403,0.8125
l_curve_0,143,0.49788641929626465,0.8125
l_curve_0,144,0.49689194560050964,0.8125
l_curve_0,145,0.49590831995010376,0.75
l_curve_0,146,0.4949234127998352,0.75
l_curve_0,147,0.493944376707077,0.75
l_curve_0,148,0.4929667115211487,0.75
l_curve_0,149,0.4919951558113098,0.75
l_curve_0,150,0.491030216217041,0.75
l_curve_0,151,0.4900639057159424,0.75
l_curve_0,152,0.4891081750392914,0.75
l_curve_0,153,0.48815226554870605,0.75
l_curve_0,154,0.4871934950351715,0.75
l_curve_0,155,0.48624947667121887,0.75
l_curve_0,156,0.48530489206314087,0.75
l_curve_0,157,0.4843640923500061,0.75
l_curve_0,158,0.4834292531013489,0.75
l_curve_0,159,0.48249882459640503,0.75
l_curve_0,160,0.4815681576728821,0.75
l_curve_0,161,0.4806356728076935,0.75
l_curve_0,162,0.4797164499759674,0.75
l_curve_0,163,0.4788021445274353,0.75
l_curve_0,164,0.4778858721256256,0.75
l_curve_0,165,0.4769775867462158,0.75
l_curve_0,166,0.47606849670410156,0.75
l_curve_0,167,0.4751649498939514,0.75
l_curve_0,168,0.47426310181617737,0.75
l_curve_0,169,0.4733656048774719,0.75
l_curve_0,170,0.47247573733329773,0.75
l_curve_0,171,0.47158873081207275,0.75
l_curve_0,172,0.4707058072090149,0.75
l_curve_0,173,0.46982675790786743,0.75
l_curve_0,174,0.46895432472229004,0.75
l_curve_0,175,0.46808040142059326,0.75
l_curve_0,176,0.46720901131629944,0.75
l_curve_0,177,0.46634089946746826,0.75
l_curve_0,178,0.46548470854759216,0.75
l_curve_0,179,0.4646281599998474,0.75
l_curve_0,180,0.4637712240219116,0.75
l_curve_0,181,0.4629213511943817,0.75
l_curve_0,182,0.46207693219184875,0.75
l_curve_0,183,0.4612388014793396,0.75
l_curve_0,184,0.4603999853134155,0.75
l_curve_0,185,0.45956605672836304,0.75
l_curve_0,186,0.4587337374687195,0.75
l_curve_0,187,0.45790502429008484,0.75
l_curve_0,188,0.45707929134368896,0.75
l_curve_0,189,0.4562581181526184,0.75
l_curve_0,190,0.4554421305656433,0.75
l_curve_0,191,0.4546297490596771,0.75
l_curve_0,192,0.45382359623908997,0.75
l_curve_0,193,0.45301973819732666,0.75
l_curve_0,194,0.45221930742263794,0.75
l_curve_0,195,0.4514245390892029,0.75
l_curve_0,196,0.4506258964538574,0.75
l_curve_0,197,0.4498370885848999,0.75
l_curve_0,198,0.44904661178588867,0.75
l_curve_0,199,0.44826531410217285,0.75
l_curve_0,200,0.4474846422672272,0.75
l_curve_0,201,0.4467136561870575,0.75
l_curve_0,202,0.44594305753707886,0.75
l_curve_0,203,0.4451790452003479,0.75
l_curve_0,204,0.4444120526313782,0.75
l_curve_0,205,0.443652868270874,0.75
l_curve_0,206,0.4428917169570923,0.75
l_curve_0,207,0.44213664531707764,0.75
l_curve_0,208,0.44138896465301514,0.75
l_curve_0,209,0.4406449794769287,0.75
l_curve_0,210,0.4399016797542572,0.75
l_curve_0,211,0.439165860414505,0.75
l_curve_0,212,0.43843138217926025,0.75
l_curve_0,213,0.4376954138278961,0.75
l_curve_0,214,0.4369655251502991,0.75
l_curve_0,215,0.4362425208091736,0.75
l_curve_0,216,0.4355182647705078,0.75
l_curve_0,217,0.4348033666610718,0.75
l_curve_0,218,0.4340875744819641,0.75
l_curve_0,219,0.4333754777908325,0.75
l_curve_0,220,0.4326729476451874,0.75
l_curve_0,221,0.43197542428970337,0.75
l_curve_0,222,0.4312744438648224,0.75
l_curve_0,223,0.43057477474212646,0.75
l_curve_0,224,0.4298819303512573,0.8125
l_curve_0,225,0.42918986082077026,0.8125
l_curve_0,226,0.4285011291503906,0.8125
l_curve_0,227,0.42781969904899597,0.8125
l_curve_0,228,0.4271356761455536,0.8125
l_curve_0,229,0.42646390199661255,0.8125
l_curve_0,230,0.4257887005805969,0.8125
l_curve_0,231,0.42512544989585876,0.8125
l_curve_0,232,0.42446228861808777,0.8125
l_curve_0,233,0.4237956404685974,0.8125
l_curve_0,234,0.4231337606906891,0.8125
l_curve_0,235,0.4224770963191986,0.8125
l_curve_0,236,0.42182984948158264,0.8125
l_curve_0,237,0.4211854636669159,0.8125
l_curve_0,238,0.42054545879364014,0.8125
l_curve_0,239,0.4198997914791107,0.8125
l_curve_0,240,0.41926443576812744,0.8125
l_curve_0,241,0.4186224341392517,0.8125
l_curve_0,242,0.41798335313796997,0.8125
l_curve_0,243,0.4173547029495239,0.8125
l_curve_0,244,0.41672661900520325,0.8125
l_curve_0,245,0.41610389947891235,0.8125
l_curve_0,246,0.4154934883117676,0.8125
l_curve_0,247,0.4148804545402527,0.8125
l_curve_0,248,0.41427096724510193,0.8125
l_curve_0,249,0.41366273164749146,0.8125
l_curve_0,250,0.4130556583404541,0.8125
l_curve_0,251,0.4124533534049988,0.8125
l_curve_0,252,0.4118514657020569,0.8125
l_curve_0,253,0.4112546443939209,0.8125
l_curve_0,254,0.41066306829452515,0.8125
l_curve_0,255,0.41006824374198914,0.8125
l_curve_0,256,0.4094826579093933,0.8125
l_curve_0,257,0.408901572227478,0.8125
l_curve_0,258,0.40832290053367615,0.8125
l_curve_0,259,0.4077480435371399,0.8125
l_curve_0,260,0.40717625617980957,0.8125
l_curve_0,261,0.4065963625907898,0.8125
l_curve_0,262,0.40602606534957886,0.8125
l_curve_0,263,0.40545594692230225,0.8125
l_curve_0,264,0.40488994121551514,0.8125
l_curve_0,265,0.4043300747871399,0.8125
l_curve_0,266,0.4037765860557556,0.8125
l_curve_0,267,0.40322983264923096,0.8125
l_curve_0,268,0.4026780128479004,0.8125
l_curve_0,269,0.40212762355804443,0.8125
l_curve_0,270,0.40158775448799133,0.8125
l_curve_0,271,0.4010457992553711,0.8125
l_curve_0,272,0.40050163865089417,0.8125
l_curve_0,273,0.39996612071990967,0.8125
l_curve_0,274,0.39943230152130127,0.8125
l_curve_0,275,0.39890187978744507,0.8125
l_curve_0,276,0.3983685374259949,0.8125
l_curve_0,277,0.3978368043899536,0.8125
l_curve_0,278,0.3973122835159302,0.8125
l_curve_0,279,0.39679569005966187,0.8125
l_curve_0,280,0.3962802290916443,0.8125
l_curve_0,281,0.39577019214630127,0.8125
l_curve_0,282,0.395256906747818,0.8125
l_curve_0,283,0.39474013447761536,0.8125
l_curve_0,284,0.39423590898513794,0.8125
l_curve_0,285,0.3937309980392456,0.8125
l_curve_0,286,0.393229603767395,0.8125
l_curve_0,287,0.3927319645881653,0.8125
l_curve_0,288,0.3922426402568817,0.8125
l_curve_0,289,0.3917510509490967,0.8125
l_curve_0,290,0.39125707745552063,0.8125
l_curve_0,291,0.3907737731933594,0.8125
l_curve_0,292,0.3902874290943146,0.8125
l_curve_0,293,0.3898017406463623,0.8125
l_curve_0,294,0.38932329416275024,0.8125
l_curve_0,295,0.38884836435317993,0.8125
l_curve_0,296,0.38837483525276184,0.8125
l_curve_0,297,0.38790982961654663,0.8125
l_curve_0,298,0.3874419033527374,0.8125
l_curve_0,299,0.38698050379753113,0.8125
l_curve_0,300,0.38651418685913086,0.8125
l_curve_0,301,0.38605308532714844,0.8125
l_curve_0,302,0.38559478521347046,0.8125
l_curve_0,303,0.3851396441459656,0.8125
l_curve_0,304,0.38468411564826965,0.8125
l_curve_0,305,0.38423100113868713,0.8125
l_curve_0,306,0.38378602266311646,0.8125
l_curve_0,307,0.3833425045013428,0.8125
l_curve_0,308,0.38289475440979004,0.8125
l_curve_0,309,0.3824526369571686,0.8125
l_curve_0,310,0.3820112943649292,0.8125
l_curve_0,311,0.38157251477241516,0.8125
l_curve_0,312,0.381138414144516,0.8125
l_curve_0,313,0.38070225715637207,0.8125
l_curve_0,314,0.3802626430988312,0.8125
l_curve_0,315,0.3798306882381439,0.8125
l_curve_0,316,0.37940713763237,0.8125
l_curve_0,317,0.37899208068847656,0.8125
l_curve_0,318,0.37857329845428467,0.8125
l_curve_0,319,0.37815386056900024,0.8125
l_curve_0,320,0.3777383863925934,0.8125
l_curve_0,321,0.3773246109485626,0.8125
l_curve_0,322,0.3769163489341736,0.8125
l_curve_0,323,0.37650611996650696,0.8125
l_curve_0,324,0.3761045038700104,0.8125
l_curve_0,325,0.3756917119026184,0.8125
l_curve_0,326,0.3752886652946472,0.8125
l_curve_0,327,0.3748851418495178,0.8125
l_curve_0,328,0.3744853734970093,0.8125
l_curve_0,329,0.37408649921417236,0.8125
l_curve_0,330,0.3736855983734131,0.8125
l_curve_0,331,0.3732954263687134,0.8125
l_curve_0,332,0.37290501594543457,0.8125
l_curve_0,333,0.37251657247543335,0.8125
l_curve_0,334,0.3721235990524292,0.8125
l_curve_0,335,0.3717421293258667,0.8125
l_curve_0,336,0.37136152386665344,0.8125
l_curve_0,337,0.3709680140018463,0.8125
l_curve_0,338,0.37059932947158813,0.8125
l_curve_0,339,0.37022268772125244,0.8125
l_curve_0,340,0.3698437213897705,0.8125
l_curve_0,341,0.36947035789489746,0.8125
l_curve_0,342,0.3690935969352722,0.8125
l_curve_0,343,0.3687230944633484,0.8125
l_curve_0,344,0.36834484338760376,0.8125
l_curve_0,345,0.3679842948913574,0.8125
l_curve_0,346,0.36761924624443054,0.8125
l_curve_0,347,0.3672559857368469,0.8125
l_curve_0,348,0.3668867349624634,0.8125
l_curve_0,349,0.36652642488479614,0.8125
l_curve_0,350,0.3661724925041199,0.8125
l_curve_0,351,0.3658199906349182,0.8125
l_curve_0,352,0.36546778678894043,0.8125
l_curve_0,353,0.3651242256164551,0.8125
l_curve_0,354,0.3647729158401489,0.8125
l_curve_0,355,0.3644208014011383,0.8125
l_curve_0,356,0.36408621072769165,0.8125
l_curve_0,357,0.3637450337409973,0.8125
l_curve_0,358,0.36339420080184937,0.8125
l_curve_0,359,0.3630455732345581,0.8125
l_curve_0,360,0.3627174496650696,0.8125
l_curve_0,361,0.36237645149230957,0.8125
l_curve_0,362,0.36204469203948975,0.8125
l_curve_0,363,0.3617096543312073,0.8125
l_curve_0,364,0.3613710403442383,0.8125
l_curve_0,365,0.36104512214660645,0.8125
l_curve_0,366,0.36071741580963135,0.8125
l_curve_0,367,0.36039602756500244,0.8125
l_curve_0,368,0.36006882786750793,0.8125
l_curve_0,369,0.3597518801689148,0.8125
l_curve_0,370,0.3594238758087158,0.8125
l_curve_0,371,0.35910215973854065,0.8125
l_curve_0,372,0.35877662897109985,0.8125
l_curve_0,373,0.3584545850753784,0.8125
l_curve_0,374,0.35813283920288086,0.8125
l_curve_0,375,0.3578176200389862,0.8125
l_curve_0,376,0.35750433802604675,0.8125
l_curve_0,377,0.35719066858291626,0.8125
l_curve_0,378,0.35687628388404846,0.8125
l_curve_0,379,0.35656413435935974,0.8125
l_curve_0,380,0.3562682569026947,0.8125
l_curve_0,381,0.35596898198127747,0.8125
l_curve_0,382,0.355668842792511,0.8125
l_curve_0,383,0.3553621172904968,0.8125
l_curve_0,384,0.355059415102005,0.8125
l_curve_0,385,0.3547603487968445,0.8125
l_curve_0,386,0.35445743799209595,0.8125
l_curve_0,387,0.3541610836982727,0.8125
l_curve_0,388,0.353863388299942,0.8125
l_curve_0,389,0.3535693883895874,0.8125
l_curve_0,390,0.3532693386077881,0.8125
l_curve_0,391,0.3529725670814514,0.8125
l_curve_0,392,0.3526844382286072,0.8125
l_curve_0,393,0.35239002108573914,0.8125
l_curve_0,394,0.3520953059196472,0.8125
l_curve_0,395,0.35181474685668945,0.8125
l_curve_0,396,0.3515363335609436,0.8125
l_curve_0,397,0.35125166177749634,0.8125
l_curve_0,398,0.35097336769104004,0.8125
l_curve_0,399,0.35069459676742554,0.8125
l_curve_0,400,0.35042235255241394,0.8125
l_curve_0,401,0.3501422703266144,0.8125
l_curve_0,402,0.34986257553100586,0.8125
l_curve_0,403,0.34958553314208984,0.8125
l_curve_0,404,0.3493134081363678,0.8125
l_curve_0,405,0.34903520345687866,0.8125
l_curve_0,406,0.34877240657806396,0.8125
l_curve_0,407,0.34850555658340454,0.8125
l_curve_0,408,0.3482300043106079,0.8125
l_curve_0,409,0.3479768633842468,0.8125
l_curve_0,410,0.3476981520652771,0.8125
l_curve_0,411,0.3474331498146057,0.8125
l_curve_0,412,0.3471745550632477,0.8125
l_curve_0,413,0.3469218909740448,0.8125
l_curve_0,414,0.34664973616600037,0.8125
l_curve_0,415,0.3463926613330841,0.8125
l_curve_0,416,0.3461245000362396,0.8125
l_curve_0,417,0.3458702564239502,0.8125
l_curve_0,418,0.34562015533447266,0.8125
l_curve_0,419,0.34536558389663696,0.8125
l_curve_0,420,0.3451061248779297,0.8125
l_curve_0,421,0.34484606981277466,0.8125
l_curve_0,422,0.3446018099784851,0.8125
l_curve_0,423,0.3443499803543091,0.8125
l_curve_0,424,0.34410932660102844,0.8125
l_curve_0,425,0.34386396408081055,0.8125
l_curve_0,426,0.34361714124679565,0.8125
l_curve_0,427,0.34336698055267334,0.8125
l_curve_0,428,0.3431192636489868,0.8125
l_curve_0,429,0.3428691625595093,0.8125
l_curve_0,430,0.3426363468170166,0.8125
l_curve_0,431,0.34239518642425537,0.8125
l_curve_0,432,0.34215784072875977,0.8125
l_curve_0,433,0.34190982580184937,0.8125
l_curve_0,434,0.34166890382766724,0.8125
l_curve_0,435,0.34142380952835083,0.8125
l_curve_0,436,0.341183602809906,0.8125
l_curve_0,437,0.3409435451030731,0.8125
l_curve_0,438,0.3407077193260193,0.8125
l_curve_0,439,0.34048014879226685,0.8125
l_curve_0,440,0.3402440547943115,0.8125
l_curve_0,441,0.3400122821331024,0.8125
l_curve_0,442,0.3397787809371948,0.8125
l_curve_0,443,0.33955109119415283,0.8125
l_curve_0,444,0.33933261036872864,0.8125
l_curve_0,445,0.3391006886959076,0.8125
l_curve_0,446,0.33887147903442383,0.8125
l_curve_0,447,0.3386581838130951,0.8125
l_curve_0,448,0.33844059705734253,0.8125
l_curve_0,449,0.3382135033607483,0.8125
l_curve_0,450,0.33799439668655396,0.8125
l_curve_0,451,0.33777058124542236,0.8125
l_curve_0,452,0.3375491499900818,0.8125
l_curve_0,453,0.3373243808746338,0.8125
l_curve_0,454,0.33711332082748413,0.8125
l_curve_0,455,0.3368947505950928,0.8125
l_curve_0,456,0.33668339252471924,0.8125
l_curve_0,457,0.33646661043167114,0.8125
l_curve_0,458,0.33625051379203796,0.8125
l_curve_0,459,0.33603453636169434,0.8125
l_curve_0,460,0.3358159065246582,0.8125
l_curve_0,461,0.33559972047805786,0.8125
l_curve_0,462,0.3353913426399231,0.8125
l_curve_0,463,0.3351764678955078,0.8125
l_curve_0,464,0.3349660038948059,0.8125
l_curve_0,465,0.33474743366241455,0.8125
l_curve_0,466,0.33455073833465576,0.8125
l_curve_0,467,0.3343499004840851,0.8125
l_curve_0,468,0.33414244651794434,0.8125
l_curve_0,469,0.33393049240112305,0.8125
l_curve_0,470,0.33374929428100586,0.8125
l_curve_0,471,0.33354103565216064,0.8125
l_curve_0,472,0.3333349823951721,0.8125
l_curve_0,473,0.33314353227615356,0.8125
l_curve_0,474,0.33294621109962463,0.8125
l_curve_0,475,0.3327452838420868,0.8125
l_curve_0,476,0.3325500190258026,0.8125
l_curve_0,477,0.33234965801239014,0.8125
l_curve_0,478,0.33214518427848816,0.8125
l_curve_0,479,0.3319379985332489,0.8125
l_curve_0,480,0.3317506015300751,0.8125
l_curve_0,481,0.3315671384334564,0.8125
l_curve_0,482,0.331373393535614,0.8125
l_curve_0,483,0.3311757445335388,0.8125
l_curve_0,484,0.33098310232162476,0.8125
l_curve_0,485,0.3307907283306122,0.8125
l_curve_0,486,0.33060207962989807,0.8125
l_curve_0,487,0.33042556047439575,0.8125
l_curve_0,488,0.33024904131889343,0.8125
l_curve_0,489,0.33006399869918823,0.8125
l_curve_0,490,0.3298719525337219,0.8125
l_curve_0,491,0.329679936170578,0.8125
l_curve_0,492,0.32950183749198914,0.8125
l_curve_0,493,0.32931724190711975,0.8125
l_curve_0,494,0.3291466236114502,0.8125
l_curve_0,495,0.328958123922348,0.8125
l_curve_0,496,0.32876652479171753,0.8125
l_curve_0,497,0.3285849392414093,0.8125
l_curve_0,498,0.3283977508544922,0.8125
l_curve_0,499,0.3282037675380707,0.8125
l_curve_0,500,0.32802116870880127,0.8125
l_curve_0,501,0.3278459310531616,0.8125
l_curve_0,502,0.3276733160018921,0.8125
l_curve_0,503,0.3274993300437927,0.8125
l_curve_0,504,0.3273114562034607,0.8125
l_curve_0,505,0.32714760303497314,0.8125
l_curve_0,506,0.32696422934532166,0.8125
l_curve_0,507,0.32678431272506714,0.8125
l_curve_0,508,0.3266071677207947,0.8125
l_curve_0,509,0.3264364004135132,0.8125
l_curve_0,510,0.32626965641975403,0.8125
l_curve_0,511,0.32610464096069336,0.8125
l_curve_0,512,0.325946569442749,0.8125
l_curve_0,513,0.32578372955322266,0.8125
l_curve_0,514,0.32561445236206055,0.8125
l_curve_0,515,0.32544708251953125,0.8125
l_curve_0,516,0.3252652883529663,0.8125
l_curve_0,517,0.32510775327682495,0.8125
l_curve_0,518,0.3249351978302002,0.8125
l_curve_0,519,0.32477155327796936,0.8125
l_curve_0,520,0.3246086537837982,0.8125
l_curve_0,521,0.3244391977787018,0.8125
l_curve_0,522,0.3242805302143097,0.8125
l_curve_0,523,0.3241284489631653,0.8125
l_curve_0,524,0.32396364212036133,0.8125
l_curve_0,525,0.32379984855651855,0.8125
l_curve_0,526,0.32364174723625183,0.8125
l_curve_0,527,0.32347795367240906,0.8125
l_curve_0,528,0.323327898979187,0.8125
l_curve_0,529,0.32318201661109924,0.8125
l_curve_0,530,0.32303375005722046,0.8125
l_curve_0,531,0.3228607177734375,0.8125
l_curve_0,532,0.32270699739456177,0.8125
l_curve_0,533,0.32255256175994873,0.8125
l_curve_0,534,0.32240039110183716,0.8125
l_curve_0,535,0.3222382068634033,0.8125
l_curve_0,536,0.3220735490322113,0.8125
l_curve_0,537,0.3219054341316223,0.8125
l_curve_0,538,0.3217633068561554,0.8125
l_curve_0,539,0.3216085433959961,0.8125
l_curve_0,540,0.3214511275291443,0.8125
l_curve_0,541,0.3213080167770386,0.8125
l_curve_0,542,0.32116013765335083,0.8125
l_curve_0,543,0.32102105021476746,0.8125
l_curve_0,544,0.32087022066116333,0.8125
l_curve_0,545,0.320724755525589,0.8125
l_curve_0,546,0.3205733299255371,0.8125
l_curve_0,547,0.3204318583011627,0.8125
l_curve_0,548,0.32030051946640015,0.8125
l_curve_0,549,0.3201378583908081,0.8125
l_curve_0,550,0.3199930489063263,0.8125
l_curve_0,551,0.3198412358760834,0.8125
l_curve_0,552,0.3197034001350403,0.8125
l_curve_0,553,0.3195594549179077,0.8125
l_curve_0,554,0.3194156289100647,0.8125
l_curve_0,555,0.31926846504211426,0.8125
l_curve_0,556,0.31912553310394287,0.8125
l_curve_0,557,0.3189839720726013,0.8125
l_curve_0,558,0.3188498914241791,0.8125
l_curve_0,559,0.318713515996933,0.8125
l_curve_0,560,0.3185734748840332,0.8125
l_curve_0,561,0.318428635597229,0.8125
l_curve_0,562,0.31829309463500977,0.8125
l_curve_0,563,0.3181605637073517,0.8125
l_curve_0,564,0.31800997257232666,0.8125
l_curve_0,565,0.31786856055259705,0.8125
l_curve_0,566,0.317722886800766,0.8125
l_curve_0,567,0.3175853490829468,0.8125
l_curve_0,568,0.3174574077129364,0.8125
l_curve_0,569,0.31732577085494995,0.8125
l_curve_0,570,0.3171742856502533,0.8125
l_curve_0,571,0.3170534074306488,0.8125
l_curve_0,572,0.31691792607307434,0.8125
l_curve_0,573,0.31677043437957764,0.8125
l_curve_0,574,0.3166341781616211,0.8125
l_curve_0,575,0.3165069818496704,0.8125
l_curve_0,576,0.3163818418979645,0.8125
l_curve_0,577,0.31624823808670044,0.8125
l_curve_0,578,0.3161155581474304,0.8125
l_curve_0,579,0.31598207354545593,0.8125
l_curve_0,580,0.3158448040485382,0.8125
l_curve_0,581,0.3157188892364502,0.8125
l_curve_0,582,0.3155822157859802,0.8125
l_curve_0,583,0.31545403599739075,0.8125
l_curve_0,584,0.3153289258480072,0.8125
l_curve_0,585,0.31519991159439087,0.8125
l_curve_0,586,0.3150862753391266,0.8125
l_curve_0,587,0.31495821475982666,0.8125
l_curve_0,588,0.31482768058776855,0.8125
l_curve_0,589,0.314694344997406,0.8125
l_curve_0,590,0.3145635426044464,0.8125
l_curve_0,591,0.31443190574645996,0.8125
l_curve_0,592,0.31431567668914795,0.8125
l_curve_0,593,0.31418201327323914,0.8125
l_curve_0,594,0.31406673789024353,0.8125
l_curve_0,595,0.3139275014400482,0.8125
l_curve_0,596,0.31380075216293335,0.8125
l_curve_0,597,0.3136802911758423,0.8125
l_curve_0,598,0.31356576085090637,0.8125
l_curve_0,599,0.3134387135505676,0.8125
l_curve_0,600,0.31331866979599,0.8125
l_curve_0,601,0.3131915330886841,0.8125
l_curve_0,602,0.3130687475204468,0.8125
l_curve_0,603,0.31295642256736755,0.8125
l_curve_0,604,0.3128422498703003,0.8125
l_curve_0,605,0.3127250671386719,0.8125
l_curve_0,606,0.31260618567466736,0.8125
l_curve_0,607,0.31249263882637024,0.8125
l_curve_0,608,0.31237679719924927,0.8125
l_curve_0,609,0.31225836277008057,0.8125
l_curve_0,610,0.3121510148048401,0.8125
l_curve_0,611,0.31202930212020874,0.8125
l_curve_0,612,0.31192338466644287,0.8125
l_curve_0,613,0.3117900490760803,0.8125
l_curve_0,614,0.31167134642601013,0.8125
l_curve_0,615,0.31156572699546814,0.8125
l_curve_0,616,0.31144410371780396,0.8125
l_curve_0,617,0.3113204538822174,0.8125
l_curve_0,618,0.3112020790576935,0.8125
l_curve_0,619,0.3110772371292114,0.8125
l_curve_0,620,0.3109600245952606,0.8125
l_curve_0,621,0.31084975600242615,0.8125
l_curve_0,622,0.3107338547706604,0.8125
l_curve_0,623,0.31062135100364685,0.8125
l_curve_0,624,0.3105076551437378,0.8125
l_curve_0,625,0.31040942668914795,0.8125
l_curve_0,626,0.3102985620498657,0.8125
l_curve_0,627,0.31018340587615967,0.8125
l_curve_0,628,0.3100801706314087,0.8125
l_curve_0,629,0.3099789321422577,0.8125
l_curve_0,630,0.30986714363098145,0.8125
l_curve_0,631,0.3097603917121887,0.8125
l_curve_0,632,0.30964773893356323,0.8125
l_curve_0,633,0.30954474210739136,0.8125
l_curve_0,634,0.3094390630722046,0.8125
l_curve_0,635,0.3093374967575073,0.8125
l_curve_0,636,0.3092293441295624,0.8125
l_curve_0,637,0.3091421127319336,0.8125
l_curve_0,638,0.3090183436870575,0.8125
l_curve_0,639,0.30890458822250366,0.8125
l_curve_0,640,0.3087936043739319,0.8125
l_curve_0,641,0.3086804151535034,0.8125
l_curve_0,642,0.308560311794281,0.8125
l_curve_0,643,0.3084533214569092,0.8125
l_curve_0,644,0.3083493709564209,0.8125
l_curve_0,645,0.3082537055015564,0.8125
l_curve_0,646,0.30815833806991577,0.8125
l_curve_0,647,0.30804798007011414,0.8125
l_curve_0,648,0.3079446256160736,0.8125
l_curve_0,649,0.30785104632377625,0.8125
l_curve_0,650,0.3077526092529297,0.8125
l_curve_0,651,0.30764201283454895,0.8125
l_curve_0,652,0.30754902958869934,0.8125
l_curve_0,653,0.3074361979961395,0.8125
l_curve_0,654,0.30734145641326904,0.8125
l_curve_0,655,0.30724647641181946,0.8125
l_curve_0,656,0.30714234709739685,0.8125
l_curve_0,657,0.3070431351661682,0.8125
l_curve_0,658,0.30694931745529175,0.8125
l_curve_0,659,0.30685389041900635,0.8125
l_curve_0,660,0.3067476749420166,0.8125
l_curve_0,661,0.3066357672214508,0.8125
l_curve_0,662,0.30654025077819824,0.8125
l_curve_0,663,0.3064371943473816,0.8125
l_curve_0,664,0.3063289523124695,0.8125
l_curve_0,665,0.3062303066253662,0.8125
l_curve_0,666,0.30614498257637024,0.8125
l_curve_0,667,0.3060547113418579,0.8125
l_curve_0,668,0.30594053864479065,0.8125
l_curve_0,669,0.30584582686424255,0.8125
l_curve_0,670,0.3057478666305542,0.8125
l_curve_0,671,0.3056531548500061,0.8125
l_curve_0,672,0.3055618405342102,0.8125
l_curve_0,673,0.3054597079753876,0.8125
l_curve_0,674,0.305366575717926,0.8125
l_curve_0,675,0.30526408553123474,0.8125
l_curve_0,676,0.3051739037036896,0.8125
l_curve_0,677,0.3050902485847473,0.8125
l_curve_0,678,0.30497869849205017,0.8125
l_curve_0,679,0.3048887848854065,0.8125
l_curve_0,680,0.3047928512096405,0.8125
l_curve_0,681,0.3047068417072296,0.8125
l_curve_0,682,0.3046151399612427,0.8125
l_curve_0,683,0.30452004075050354,0.8125
l_curve_0,684,0.30442842841148376,0.8125
l_curve_0,685,0.3043335974216461,0.8125
l_curve_0,686,0.3042345643043518,0.8125
l_curve_0,687,0.3041445314884186,0.8125
l_curve_0,688,0.3040609061717987,0.8125
l_curve_0,689,0.30396267771720886,0.8125
l_curve_0,690,0.30388134717941284,0.8125
l_curve_0,691,0.3037900924682617,0.8125
l_curve_0,692,0.3037075698375702,0.8125
l_curve_0,693,0.3036147356033325,0.8125
l_curve_0,694,0.3035327196121216,0.8125
l_curve_0,695,0.3034347593784332,0.8125
l_curve_0,696,0.3033473789691925,0.8125
l_curve_0,697,0.3032681345939636,0.8125
l_curve_0,698,0.3031766414642334,0.8125
l_curve_0,699,0.30308613181114197,0.8125
l_curve_0,700,0.30299893021583557,0.8125
l_curve_0,701,0.30291062593460083,0.8125
l_curve_0,702,0.3028165102005005,0.8125
l_curve_0,703,0.30274832248687744,0.8125
l_curve_0,704,0.30265361070632935,0.8125
l_curve_0,705,0.30257588624954224,0.8125
l_curve_0,706,0.3024882376194,0.8125
l_curve_0,707,0.3024146258831024,0.8125
l_curve_0,708,0.3023151755332947,0.8125
l_curve_0,709,0.3022173345088959,0.8125
l_curve_0,710,0.3021330237388611,0.8125
l_curve_0,711,0.3020405173301697,0.8125
l_curve_0,712,0.30194446444511414,0.8125
l_curve_0,713,0.30184701085090637,0.8125
l_curve_0,714,0.30177339911460876,0.8125
l_curve_0,715,0.3016902506351471,0.8125
l_curve_0,716,0.3016054630279541,0.8125
l_curve_0,717,0.30152177810668945,0.8125
l_curve_0,718,0.3014214038848877,0.8125
l_curve_0,719,0.3013441562652588,0.8125
l_curve_0,720,0.3012664318084717,0.8125
l_curve_0,721,0.3011834919452667,0.8125
l_curve_0,722,0.3010965883731842,0.8125
l_curve_0,723,0.30100947618484497,0.8125
l_curve_0,724,0.30091822147369385,0.8125
l_curve_0,725,0.3008323907852173,0.8125
l_curve_0,726,0.3007459342479706,0.8125
l_curve_0,727,0.300658255815506,0.8125
l_curve_0,728,0.30058181285858154,0.8125
l_curve_0,729,0.30049529671669006,0.8125
l_curve_0,730,0.30042764544487,0.8125
l_curve_0,731,0.30035194754600525,0.8125
l_curve_0,732,0.30028021335601807,0.8125
l_curve_0,733,0.30018359422683716,0.8125
l_curve_0,734,0.30010420083999634,0.8125
l_curve_0,735,0.30002593994140625,0.8125
l_curve_0,736,0.29994845390319824,0.8125
l_curve_0,737,0.29986822605133057,0.8125
l_curve_0,738,0.29979509115219116,0.8125
l_curve_0,739,0.29970940947532654,0.8125
l_curve_0,740,0.29962629079818726,0.8125
l_curve_0,741,0.29955804347991943,0.8125
l_curve_0,742,0.2994919419288635,0.8125
l_curve_0,743,0.29941433668136597,0.8125
l_curve_0,744,0.2993311285972595,0.8125
l_curve_0,745,0.29926300048828125,0.8125
l_curve_0,746,0.29918035864830017,0.8125
l_curve_0,747,0.29908788204193115,0.8125
l_curve_0,748,0.2989952564239502,0.8125
l_curve_0,749,0.29891708493232727,0.8125
l_curve_0,750,0.29883259534835815,0.8125
l_curve_0,751,0.29876041412353516,0.8125
l_curve_0,752,0.2986806631088257,0.8125
l_curve_0,753,0.2986027002334595,0.8125
l_curve_0,754,0.29852214455604553,0.8125
l_curve_0,755,0.29846417903900146,0.8125
l_curve_0,756,0.29837706685066223,0.875
l_curve_0,757,0.2982945442199707,0.875
l_curve_0,758,0.2982192635536194,0.875
l_curve_0,759,0.2981475591659546,0.875
l_curve_0,760,0.29806846380233765,0.875
l_curve_0,761,0.2979809045791626,0.875
l_curve_0,762,0.2979060411453247,0.875
l_curve_0,763,0.2978399395942688,0.875
l_curve_0,764,0.29776644706726074,0.875
l_curve_0,765,0.29768678545951843,0.875
l_curve_0,766,0.2976278066635132,0.875
l_curve_0,767,0.29756367206573486,0.875
l_curve_0,768,0.2974981665611267,0.875
l_curve_0,769,0.29742908477783203,0.875
l_curve_0,770,0.29735422134399414,0.875
l_curve_0,771,0.2972652316093445,0.875
l_curve_0,772,0.29719752073287964,0.875
l_curve_0,773,0.29711002111434937,0.875
l_curve_0,774,0.29703450202941895,0.875
l_curve_0,775,0.2969583570957184,0.875
l_curve_0,776,0.29688340425491333,0.875
l_curve_0,777,0.2967919707298279,0.875
l_curve_0,778,0.29672402143478394,0.875
l_curve_0,779,0.29665109515190125,0.875
l_curve_0,780,0.2965714931488037,0.875
l_curve_0,781,0.2964973449707031,0.875
l_curve_0,782,0.2964315414428711,0.875
l_curve_0,783,0.2963443994522095,0.875
l_curve_0,784,0.2962915599346161,0.875
l_curve_0,785,0.29623013734817505,0.875
l_curve_0,786,0.2961527407169342,0.875
l_curve_0,787,0.29607000946998596,0.875
l_curve_0,788,0.29599541425704956,0.875
l_curve_0,789,0.29590141773223877,0.875
l_curve_0,790,0.2958259880542755,0.875
l_curve_0,791,0.29575806856155396,0.875
l_curve_0,792,0.2956823408603668,0.875
l_curve_0,793,0.2956153452396393,0.875
l_curve_0,794,0.2955557405948639,0.875
l_curve_0,795,0.2954713702201843,0.875
l_curve_0,796,0.29540425539016724,0.875
l_curve_0,797,0.2953401207923889,0.875
l_curve_0,798,0.2952692210674286,0.875
l_curve_0,799,0.2952069640159607,0.875
l_curve_0,800,0.2951244115829468,0.875
l_curve_0,801,0.29506391286849976,0.875
l_curve_0,802,0.29500269889831543,0.875
l_curve_0,803,0.29494035243988037,0.875
l_curve_0,804,0.2948713004589081,0.875
l_curve_0,805,0.2947876751422882,0.875
l_curve_0,806,0.29470765590667725,0.875
l_curve_0,807,0.2946287989616394,0.875
l_curve_0,808,0.2945505678653717,0.875
l_curve_0,809,0.29449379444122314,0.875
l_curve_0,810,0.29442301392555237,0.875
l_curve_0,811,0.2943522334098816,0.875
l_curve_0,812,0.2942822277545929,0.875
l_curve_0,813,0.2942131757736206,0.875
l_curve_0,814,0.29413142800331116,0.875
l_curve_0,815,0.294057697057724,0.875
l_curve_0,816,0.29397469758987427,0.875
l_curve_0,817,0.29389166831970215,0.875
l_curve_0,818,0.293831467628479,0.875
l_curve_0,819,0.2937641143798828,0.875
l_curve_0,820,0.2937126159667969,0.875
l_curve_0,821,0.29364487528800964,0.875
l_curve_0,822,0.29357731342315674,0.875
l_curve_0,823,0.2935081422328949,0.875
l_curve_0,824,0.2934335768222809,0.875
l_curve_0,825,0.2933477461338043,0.875
l_curve_0,826,0.2932933568954468,0.875
l_curve_0,827,0.293234646320343,0.875
l_curve_0,828,0.29316791892051697,0.875
l_curve_0,829,0.29309019446372986,0.875
l_curve_0,830,0.29300957918167114,0.875
l_curve_0,831,0.2929632365703583,0.875
l_curve_0,832,0.29289087653160095,0.875
l_curve_0,833,0.29282456636428833,0.875
l_curve_0,834,0.2927548587322235,0.875
l_curve_0,835,0.29266712069511414,0.875
l_curve_0,836,0.29259955883026123,0.875
l_curve_0,837,0.29254278540611267,0.875
l_curve_0,838,0.29248008131980896,0.875
l_curve_0,839,0.29242292046546936,0.875
l_curve_0,840,0.292348712682724,0.875
l_curve_0,841,0.2922791838645935,0.875
l_curve_0,842,0.2922099828720093,0.875
l_curve_0,843,0.29213547706604004,0.875
l_curve_0,844,0.29208049178123474,0.875
l_curve_0,845,0.2920128107070923,0.875
l_curve_0,846,0.291939377784729,0.875
l_curve_0,847,0.2918829321861267,0.875
l_curve_0,848,0.2918125092983246,0.875
l_curve_0,849,0.2917495667934418,0.875
l_curve_0,850,0.2916882038116455,0.875
l_curve_0,851,0.2916230261325836,0.875
l_curve_0,852,0.29156583547592163,0.875
l_curve_0,853,0.29148370027542114,0.875
l_curve_0,854,0.29143229126930237,0.875
l_curve_0,855,0.2913734018802643,0.875
l_curve_0,856,0.2913048267364502,0.875
l_curve_0,857,0.2912277579307556,0.875
l_curve_0,858,0.29116666316986084,0.875
l_curve_0,859,0.29109999537467957,0.875
l_curve_0,860,0.2910235822200775,0.875
l_curve_0,861,0.29096877574920654,0.875
l_curve_0,862,0.2908848524093628,0.875
l_curve_0,863,0.2908205986022949,0.875
l_curve_0,864,0.2907589375972748,0.875
l_curve_0,865,0.2906932830810547,0.875
l_curve_0,866,0.29061734676361084,0.875
l_curve_0,867,0.2905483543872833,0.875
l_curve_0,868,0.29048848152160645,0.875
l_curve_0,869,0.290436714887619,0.875
l_curve_0,870,0.2903619706630707,0.875
l_curve_0,871,0.2902987003326416,0.875
l_curve_0,872,0.29024890065193176,0.875
l_curve_0,873,0.29019084572792053,0.875
l_curve_0,874,0.2901322543621063,0.875
l_curve_0,875,0.29006803035736084,0.875
l_curve_0,876,0.28999772667884827,0.875
l_curve_0,877,0.2899211049079895,0.875
l_curve_0,878,0.28985291719436646,0.875
l_curve_0,879,0.2897886037826538,0.875
l_curve_0,880,0.2897343039512634,0.875
l_curve_0,881,0.28966546058654785,0.875
l_curve_0,882,0.2895767092704773,0.875
l_curve_0,883,0.28949856758117676,0.875
l_curve_0,884,0.2894245386123657,0.875
l_curve_0,885,0.28936976194381714,0.875
l_curve_0,886,0.2893025279045105,0.875
l_curve_0,887,0.28922367095947266,0.875
l_curve_0,888,0.289177805185318,0.875
l_curve_0,889,0.28911682963371277,0.875
l_curve_0,890,0.2890389561653137,0.875
l_curve_0,891,0.28897422552108765,0.875
l_curve_0,892,0.2889086604118347,0.875
l_curve_0,893,0.2888534665107727,0.875
l_curve_0,894,0.2887798249721527,0.875
l_curve_0,895,0.2887030839920044,0.875
l_curve_0,896,0.28863635659217834,0.875
l_curve_0,897,0.28857606649398804,0.875
l_curve_0,898,0.2885238528251648,0.875
l_curve_0,899,0.2884552478790283,0.875
l_curve_0,900,0.2883854806423187,0.875
l_curve_0,901,0.2883118689060211,0.875
l_curve_0,902,0.2882435917854309,0.875
l_curve_0,903,0.2881668210029602,0.875
l_curve_0,904,0.2881019711494446,0.875
l_curve_0,905,0.2880479097366333,0.875
l_curve_0,906,0.2879794239997864,0.875
l_curve_0,907,0.28792524337768555,0.875
l_curve_0,908,0.2878478765487671,0.875
l_curve_0,909,0.28779301047325134,0.875
l_curve_0,910,0.2877238392829895,0.875
l_curve_0,911,0.287655234336853,0.875
l_curve_0,912,0.28759679198265076,0.875
l_curve_0,913,0.28753504157066345,0.875
l_curve_0,914,0.28745007514953613,0.875
l_curve_0,915,0.2874000668525696,0.875
l_curve_0,916,0.2873404026031494,0.875
l_curve_0,917,0.2872636318206787,0.875
l_curve_0,918,0.2871983051300049,0.875
l_curve_0,919,0.2871343195438385,0.875
l_curve_0,920,0.28707194328308105,0.875
l_curve_0,921,0.2870181202888489,0.875
l_curve_0,922,0.2869494557380676,0.875
l_curve_0,923,0.2868928015232086,0.875
l_curve_0,924,0.2868286669254303,0.875
l_curve_0,925,0.28675591945648193,0.875
l_curve_0,926,0.28668802976608276,0.875
l_curve_0,927,0.28662461042404175,0.875
l_curve_0,928,0.28657060861587524,0.875
l_curve_0,929,0.28650492429733276,0.875
l_curve_0,930,0.2864450514316559,0.875
l_curve_0,931,0.28638920187950134,0.875
l_curve_0,932,0.28633105754852295,0.875
l_curve_0,933,0.2862578332424164,0.875
l_curve_0,934,0.28620439767837524,0.875
l_curve_0,935,0.28614017367362976,0.875
l_curve_0,936,0.2860668897628784,0.875
l_curve_0,937,0.28599855303764343,0.875
l_curve_0,938,0.28592589497566223,0.875
l_curve_0,939,0.28586864471435547,0.875
l_curve_0,940,0.2858063578605652,0.875
l_curve_0,941,0.2857225239276886,0.875
l_curve_0,942,0.28565019369125366,0.875
l_curve_0,943,0.2855991721153259,0.875
l_curve_0,944,0.285521000623703,0.875
l_curve_0,945,0.28546375036239624,0.875
l_curve_0,946,0.2854013741016388,0.875
l_curve_0,947,0.2853214740753174,0.875
l_curve_0,948,0.28525736927986145,0.875
l_curve_0,949,0.28520360589027405,0.875
l_curve_0,950,0.2851361930370331,0.875
l_curve_0,951,0.28508660197257996,0.875
l_curve_0,952,0.28502750396728516,0.875
l_curve_0,953,0.284958153963089,0.875
l_curve_0,954,0.2849108576774597,0.875
l_curve_0,955,0.2848529815673828,0.875
l_curve_0,956,0.28477025032043457,0.875
l_curve_0,957,0.28470146656036377,0.875
l_curve_0,958,0.28462859988212585,0.875
l_curve_0,959,0.28456127643585205,0.875
l_curve_0,960,0.28449419140815735,0.875
l_curve_0,961,0.2844192683696747,0.875
l_curve_0,962,0.2843671143054962,0.875
l_curve_0,963,0.2842969298362732,0.875
l_curve_0,964,0.28424233198165894,0.875
l_curve_0,965,0.2841642200946808,0.875
l_curve_0,966,0.2841016948223114,0.875
l_curve_0,967,0.28403496742248535,0.875
l_curve_0,968,0.28397083282470703,0.875
l_curve_0,969,0.2839108109474182,0.875
l_curve_0,970,0.283852219581604,0.875
l_curve_0,971,0.28378236293792725,0.875
l_curve_0,972,0.28373411297798157,0.875
l_curve_0,973,0.2836517095565796,0.875
l_curve_0,974,0.2835824191570282,0.875
l_curve_0,975,0.2835276424884796,0.875
l_curve_0,976,0.28348034620285034,0.875
l_curve_0,977,0.2834177315235138,0.875
l_curve_0,978,0.28334081172943115,0.875
l_curve_0,979,0.283282071352005,0.875
l_curve_0,980,0.28321295976638794,0.875
l_curve_0,981,0.2831417918205261,0.875
l_curve_0,982,0.28307679295539856,0.875
l_curve_0,983,0.2830134630203247,0.875
l_curve_0,984,0.28295281529426575,0.875
l_curve_0,985,0.2828975319862366,0.875
l_curve_0,986,0.28282713890075684,0.875
l_curve_0,987,0.2827630043029785,0.875
l_curve_0,988,0.2826893627643585,0.875
l_curve_0,989,0.28263479471206665,0.875
l_curve_0,990,0.28257274627685547,0.875
l_curve_0,991,0.28251397609710693,0.875
l_curve_0,992,0.28245311975479126,0.875
l_curve_0,993,0.2823716998100281,0.875
l_curve_0,994,0.28231605887413025,0.875
l_curve_0,995,0.2822412848472595,0.875
l_curve_0,996,0.2821873128414154,0.875
l_curve_0,997,0.28212952613830566,0.875
l_curve_0,998,0.28205740451812744,0.875
l_curve_0,999,0.281997948884964,0.875
l_curve_0,1000,0.28193342685699463,0.875
l_curve_0,1001,0.28187131881713867,0.875
l_curve_0,1002,0.2818169593811035,0.875
l_curve_0,1003,0.2817355692386627,0.875
l_curve_0,1004,0.2816675305366516,0.875
l_curve_0,1005,0.28159958124160767,0.875
l_curve_0,1006,0.2815197706222534,0.875
l_curve_0,1007,0.28146204352378845,0.875
l_curve_0,1008,0.28138962388038635,0.875
l_curve_0,1009,0.2813374698162079,0.875
l_curve_0,1010,0.281279593706131,0.875
l_curve_0,1011,0.28120750188827515,0.875
l_curve_0,1012,0.2811551094055176,0.875
l_curve_0,1013,0.2810821831226349,0.875
l_curve_0,1014,0.28102484345436096,0.875
l_curve_0,1015,0.2809785306453705,0.875
l_curve_0,1016,0.28090596199035645,0.875
l_curve_0,1017,0.2808384299278259,0.875
l_curve_0,1018,0.2807678282260895,0.875
l_curve_0,1019,0.2807031571865082,0.875
l_curve_0,1020,0.28065335750579834,0.875
l_curve_0,1021,0.2805781364440918,0.875
l_curve_0,1022,0.2805064916610718,0.875
l_curve_0,1023,0.28043651580810547,0.875
l_curve_0,1024,0.2803688049316406,0.875
l_curve_0,1025,0.28030091524124146,0.875
l_curve_0,1026,0.28023409843444824,0.875
l_curve_0,1027,0.2801743745803833,0.875
l_curve_0,1028,0.2800959348678589,0.875
l_curve_0,1029,0.2800290584564209,0.875
l_curve_0,1030,0.2799685001373291,0.875
l_curve_0,1031,0.2799167037010193,0.875
l_curve_0,1032,0.2798469364643097,0.875
l_curve_0,1033,0.2797776460647583,0.875
l_curve_0,1034,0.2797086238861084,0.875
l_curve_0,1035,0.27964696288108826,0.875
l_curve_0,1036,0.2795751094818115,0.875
l_curve_0,1037,0.27951595187187195,0.875
l_curve_0,1038,0.2794390022754669,0.875
l_curve_0,1039,0.27937600016593933,0.875
l_curve_0,1040,0.2793149948120117,0.875
l_curve_0,1041,0.27923545241355896,0.875
l_curve_0,1042,0.27916890382766724,0.875
l_curve_0,1043,0.27910467982292175,0.875
l_curve_0,1044,0.27902817726135254,0.875
l_curve_0,1045,0.2789534628391266,0.875
l_curve_0,1046,0.27889561653137207,0.875
l_curve_0,1047,0.2788371443748474,0.875
l_curve_0,1048,0.2787781357765198,0.875
l_curve_0,1049,0.2787103056907654,0.875
l_curve_0,1050,0.27864596247673035,0.875
l_curve_0,1051,0.2785779535770416,0.875
l_curve_0,1052,0.27851641178131104,0.875
l_curve_0,1053,0.2784380316734314,0.875
l_curve_0,1054,0.2783706486225128,0.875
l_curve_0,1055,0.2782862186431885,0.875
l_curve_0,1056,0.2782215178012848,0.875
l_curve_0,1057,0.27815163135528564,0.875
l_curve_0,1058,0.27809762954711914,0.875
l_curve_0,1059,0.2780073881149292,0.875
l_curve_0,1060,0.27795910835266113,0.875
l_curve_0,1061,0.27790921926498413,0.875
l_curve_0,1062,0.27783116698265076,0.875
l_curve_0,1063,0.27773696184158325,0.875
l_curve_0,1064,0.2776687741279602,0.875
l_curve_0,1065,0.27760085463523865,0.875
l_curve_0,1066,0.277546763420105,0.875
l_curve_0,1067,0.27747446298599243,0.875
l_curve_0,1068,0.2774105370044708,0.875
l_curve_0,1069,0.2773514986038208,0.875
l_curve_0,1070,0.2772885262966156,0.875
l_curve_0,1071,0.27721455693244934,0.875
l_curve_0,1072,0.277147501707077,0.875
l_curve_0,1073,0.2770901620388031,0.875
l_curve_0,1074,0.27704495191574097,0.875
l_curve_0,1075,0.2769731283187866,0.875
l_curve_0,1076,0.2769073247909546,0.875
l_curve_0,1077,0.2768392562866211,0.875
l_curve_0,1078,0.27676546573638916,0.875
l_curve_0,1079,0.27669236063957214,0.875
l_curve_0,1080,0.2766299247741699,0.875
l_curve_0,1081,0.27656999230384827,0.875
l_curve_0,1082,0.2764967978000641,0.875
l_curve_0,1083,0.2764171361923218,0.875
l_curve_0,1084,0.276361346244812,0.875
l_curve_0,1085,0.27630752325057983,0.875
l_curve_0,1086,0.2762378454208374,0.875
l_curve_0,1087,0.2761748433113098,0.875
l_curve_0,1088,0.27610957622528076,0.875
l_curve_0,1089,0.2760551869869232,0.875
l_curve_0,1090,0.27598217129707336,0.875
l_curve_0,1091,0.27590906620025635,0.875
l_curve_0,1092,0.27582600712776184,0.875
l_curve_0,1093,0.2757600247859955,0.875
l_curve_0,1094,0.27569764852523804,0.875
l_curve_0,1095,0.27561303973197937,0.875
l_curve_0,1096,0.27555620670318604,0.875
l_curve_0,1097,0.2754940390586853,0.875
l_curve_0,1098,0.2754260003566742,0.875
l_curve_0,1099,0.2753550112247467,0.875
l_curve_0,1100,0.2752667963504791,0.875
l_curve_0,1101,0.27521419525146484,0.875
l_curve_0,1102,0.27514415979385376,0.875
l_curve_0,1103,0.27507656812667847,0.875
l_curve_0,1104,0.2750123143196106,0.875
l_curve_0,1105,0.2749515771865845,0.875
l_curve_0,1106,0.27488061785697937,0.875
l_curve_0,1107,0.27479302883148193,0.875
l_curve_0,1108,0.2747349441051483,0.875
l_curve_0,1109,0.2746630609035492,0.875
l_curve_0,1110,0.27458804845809937,0.875
l_curve_0,1111,0.2745206952095032,0.875
l_curve_0,1112,0.2744433581829071,0.875
l_curve_0,1113,0.2743801176548004,0.875
l_curve_0,1114,0.274321973323822,0.875
l_curve_0,1115,0.2742501199245453,0.875
l_curve_0,1116,0.27416694164276123,0.875
l_curve_0,1117,0.27409428358078003,0.875
l_curve_0,1118,0.27403467893600464,0.875
l_curve_0,1119,0.2739485204219818,0.875
l_curve_0,1120,0.27387338876724243,0.875
l_curve_0,1121,0.27381381392478943,0.875
l_curve_0,1122,0.2737446427345276,0.875
l_curve_0,1123,0.27366775274276733,0.875
l_curve_0,1124,0.2736020088195801,0.875
l_curve_0,1125,0.2735341191291809,0.875
l_curve_0,1126,0.2734639644622803,0.875
l_curve_0,1127,0.2733865976333618,0.875
l_curve_0,1128,0.27332648634910583,0.875
l_curve_0,1129,0.2732510566711426,0.875
l_curve_0,1130,0.2731749713420868,0.875
l_curve_0,1131,0.27309322357177734,0.875
l_curve_0,1132,0.2730307877063751,0.875
l_curve_0,1133,0.27295342087745667,0.875
l_curve_0,1134,0.27289018034935,0.875
l_curve_0,1135,0.27281951904296875,0.875
l_curve_0,1136,0.272743284702301,0.875
l_curve_0,1137,0.2726629376411438,0.875
l_curve_0,1138,0.27261751890182495,0.875
l_curve_0,1139,0.27256855368614197,0.875
l_curve_0,1140,0.2725108563899994,0.875
l_curve_0,1141,0.2724480926990509,0.875
l_curve_0,1142,0.27238306403160095,0.875
l_curve_0,1143,0.2723187506198883,0.875
l_curve_0,1144,0.27224162220954895,0.875
l_curve_0,1145,0.2721696197986603,0.875
l_curve_0,1146,0.2720915675163269,0.875
l_curve_0,1147,0.27202266454696655,0.875
l_curve_0,1148,0.2719401717185974,0.875
l_curve_0,1149,0.27186015248298645,0.875
l_curve_0,1150,0.2717776596546173,0.875
l_curve_0,1151,0.27171269059181213,0.875
l_curve_0,1152,0.2716502249240875,0.875
l_curve_0,1153,0.2715877890586853,0.875
l_curve_0,1154,0.2715188264846802,0.875
l_curve_0,1155,0.2714657187461853,0.875
l_curve_0,1156,0.2713924050331116,0.875
l_curve_0,1157,0.27132952213287354,0.875
l_curve_0,1158,0.2712523937225342,0.875
l_curve_0,1159,0.27115651965141296,0.875
l_curve_0,1160,0.27107614278793335,0.875
l_curve_0,1161,0.2710106074810028,0.875
l_curve_0,1162,0.27091968059539795,0.875
l_curve_0,1163,0.2708413600921631,0.875
l_curve_0,1164,0.2707658112049103,0.875
l_curve_0,1165,0.2706913352012634,0.875
l_curve_0,1166,0.27062249183654785,0.875
l_curve_0,1167,0.2705551087856293,0.875
l_curve_0,1168,0.2704853415489197,0.875
l_curve_0,1169,0.27042490243911743,0.875
l_curve_0,1170,0.27035582065582275,0.875
l_curve_0,1171,0.27026548981666565,0.875
l_curve_0,1172,0.2701825499534607,0.875
l_curve_0,1173,0.2701166868209839,0.875
l_curve_0,1174,0.27006277441978455,0.875
l_curve_0,1175,0.269997775554657,0.875
l_curve_0,1176,0.2699315547943115,0.875
l_curve_0,1177,0.26984724402427673,0.875
l_curve_0,1178,0.26978254318237305,0.875
l_curve_0,1179,0.26970577239990234,0.875
l_curve_0,1180,0.26965078711509705,0.875
l_curve_0,1181,0.269578754901886,0.875
l_curve_0,1182,0.2694922089576721,0.875
l_curve_0,1183,0.2694239616394043,0.875
l_curve_0,1184,0.26934969425201416,0.875
l_curve_0,1185,0.2692842483520508,0.875
l_curve_0,1186,0.26920679211616516,0.875
l_curve_0,1187,0.2691349983215332,0.875
l_curve_0,1188,0.2690613865852356,0.875
l_curve_0,1189,0.26898422837257385,0.875
l_curve_0,1190,0.26891016960144043,0.875
l_curve_0,1191,0.26882612705230713,0.875
l_curve_0,1192,0.2687545120716095,0.875
l_curve_0,1193,0.2686910331249237,0.875
l_curve_0,1194,0.2686043977737427,0.875
l_curve_0,1195,0.268515944480896,0.875
l_curve_0,1196,0.26844868063926697,0.875
l_curve_0,1197,0.26838716864585876,0.875
l_curve_0,1198,0.268324077129364,0.875
l_curve_0,1199,0.268245667219162,0.875
l_curve_0,1200,0.26818180084228516,0.875
l_curve_0,1201,0.26809239387512207,0.875
l_curve_0,1202,0.26801222562789917,0.875
l_curve_0,1203,0.2679525911808014,0.875
l_curve_0,1204,0.26787373423576355,0.875
l_curve_0,1205,0.26779210567474365,0.875
l_curve_0,1206,0.2677175998687744,0.875
l_curve_0,1207,0.26763856410980225,0.875
l_curve_0,1208,0.26756057143211365,0.875
l_curve_0,1209,0.2674855589866638,0.875
l_curve_0,1210,0.2674050033092499,0.875
l_curve_0,1211,0.26731836795806885,0.875
l_curve_0,1212,0.26723867654800415,0.875
l_curve_0,1213,0.2671733498573303,0.875
l_curve_0,1214,0.2671107351779938,0.875
l_curve_0,1215,0.26705068349838257,0.875
l_curve_0,1216,0.2669900059700012,0.875
l_curve_0,1217,0.26692304015159607,0.875
l_curve_0,1218,0.26685112714767456,0.875
l_curve_0,1219,0.26677393913269043,0.875
l_curve_0,1220,0.2667084336280823,0.875
l_curve_0,1221,0.2666272819042206,0.875
l_curve_0,1222,0.2665460407733917,0.875
l_curve_0,1223,0.26646894216537476,0.875
l_curve_0,1224,0.26639068126678467,0.875
l_curve_0,1225,0.26631486415863037,0.875
l_curve_0,1226,0.26624080538749695,0.875
l_curve_0,1227,0.2661689817905426,0.875
l_curve_0,1228,0.26607757806777954,0.875
l_curve_0,1229,0.26600709557533264,0.875
l_curve_0,1230,0.2659304141998291,0.875
l_curve_0,1231,0.26584625244140625,0.875
l_curve_0,1232,0.2657864987850189,0.875
l_curve_0,1233,0.2657131850719452,0.875
l_curve_0,1234,0.2656431794166565,0.875
l_curve_0,1235,0.26557159423828125,0.875
l_curve_0,1236,0.26547661423683167,0.875
l_curve_0,1237,0.26540589332580566,0.875
l_curve_0,1238,0.26531168818473816,0.875
l_curve_0,1239,0.265231728553772,0.875
l_curve_0,1240,0.2651539146900177,0.875
l_curve_0,1241,0.2650657296180725,0.875
l_curve_0,1242,0.2649967074394226,0.875
l_curve_0,1243,0.26493650674819946,0.875
l_curve_0,1244,0.264864057302475,0.875
l_curve_0,1245,0.264792799949646,0.875
l_curve_0,1246,0.2647225856781006,0.875
l_curve_0,1247,0.2646445035934448,0.875
l_curve_0,1248,0.26457545161247253,0.875
l_curve_0,1249,0.2644946873188019,0.875
l_curve_0,1250,0.26442235708236694,0.875
l_curve_0,1251,0.2643453776836395,0.875
l_curve_0,1252,0.26428037881851196,0.875
l_curve_0,1253,0.2641918957233429,0.875
l_curve_0,1254,0.264128178358078,0.875
l_curve_0,1255,0.2640419006347656,0.875
l_curve_0,1256,0.26396647095680237,0.875
l_curve_0,1257,0.26387152075767517,0.875
l_curve_0,1258,0.2637946903705597,0.875
l_curve_0,1259,0.26370570063591003,0.875
l_curve_0,1260,0.263627290725708,0.875
l_curve_0,1261,0.2635463774204254,0.875
l_curve_0,1262,0.2634837031364441,0.875
l_curve_0,1263,0.2634034752845764,0.875
l_curve_0,1264,0.26333534717559814,0.875
l_curve_0,1265,0.2632475793361664,0.875
l_curve_0,1266,0.2631719410419464,0.875
l_curve_0,1267,0.26310423016548157,0.875
l_curve_0,1268,0.2630337178707123,0.875
l_curve_0,1269,0.26295900344848633,0.875
l_curve_0,1270,0.2628825008869171,0.875
l_curve_0,1271,0.2628152668476105,0.875
l_curve_0,1272,0.2627541422843933,0.875
l_curve_0,1273,0.26268041133880615,0.875
l_curve_0,1274,0.2626047432422638,0.875
l_curve_0,1275,0.26251426339149475,0.875
l_curve_0,1276,0.262439101934433,0.875
l_curve_0,1277,0.26235607266426086,0.875
l_curve_0,1278,0.26227349042892456,0.875
l_curve_0,1279,0.26217538118362427,0.875
l_curve_0,1280,0.26210007071495056,0.875
l_curve_0,1281,0.2620260715484619,0.875
l_curve_0,1282,0.26194143295288086,0.875
l_curve_0,1283,0.2618466913700104,0.875
l_curve_0,1284,0.26177525520324707,0.875
l_curve_0,1285,0.26169276237487793,0.875
l_curve_0,1286,0.2616158425807953,0.875
l_curve_0,1287,0.2615494132041931,0.875
l_curve_0,1288,0.2614702880382538,0.875
l_curve_0,1289,0.2613956928253174,0.875
l_curve_0,1290,0.26131635904312134,0.875
l_curve_0,1291,0.2612338662147522,0.875
l_curve_0,1292,0.2611639201641083,0.875
l_curve_0,1293,0.2610846757888794,0.875
l_curve_0,1294,0.2610054910182953,0.875
l_curve_0,1295,0.26093778014183044,0.875
l_curve_0,1296,0.2608521580696106,0.875
l_curve_0,1297,0.2607589066028595,0.875
l_curve_0,1298,0.26068854331970215,0.875
l_curve_0,1299,0.26061713695526123,0.875
l_curve_0,1300,0.2605445086956024,0.875
l_curve_0,1301,0.2604605257511139,0.875
l_curve_0,1302,0.2603907883167267,0.875
l_curve_0,1303,0.2603297829627991,0.875
l_curve_0,1304,0.26025789976119995,0.875
l_curve_0,1305,0.2601688504219055,0.875
l_curve_0,1306,0.2600920796394348,0.875
l_curve_0,1307,0.2599945068359375,0.875
l_curve_0,1308,0.2599124610424042,0.875
l_curve_0,1309,0.2598329782485962,0.875
l_curve_0,1310,0.2597503066062927,0.875
l_curve_0,1311,0.25966981053352356,0.875
l_curve_0,1312,0.2595937252044678,0.875
l_curve_0,1313,0.2595067322254181,0.875
l_curve_0,1314,0.2594256103038788,0.875
l_curve_0,1315,0.2593357563018799,0.875
l_curve_0,1316,0.25926265120506287,0.875
l_curve_0,1317,0.25918129086494446,0.875
l_curve_0,1318,0.2591077387332916,0.875
l_curve_0,1319,0.2590261697769165,0.875
l_curve_0,1320,0.258953720331192,0.875
l_curve_0,1321,0.25888293981552124,0.875
l_curve_0,1322,0.25879400968551636,0.875
l_curve_0,1323,0.25870177149772644,0.875
l_curve_0,1324,0.2586420476436615,0.875
l_curve_0,1325,0.25856611132621765,0.875
l_curve_0,1326,0.2584771513938904,0.875
l_curve_0,1327,0.2583848237991333,0.875
l_curve_0,1328,0.25831007957458496,0.875
l_curve_0,1329,0.2582330107688904,0.875
l_curve_0,1330,0.25815489888191223,0.875
l_curve_0,1331,0.25808265805244446,0.875
l_curve_0,1332,0.25800660252571106,0.875
l_curve_0,1333,0.2579449415206909,0.875
l_curve_0,1334,0.2578544318675995,0.875
l_curve_0,1335,0.2577909231185913,0.875
l_curve_0,1336,0.2577003240585327,0.875
l_curve_0,1337,0.25761041045188904,0.875
l_curve_0,1338,0.25752654671669006,0.875
l_curve_0,1339,0.25744712352752686,0.875
l_curve_0,1340,0.25736838579177856,0.875
l_curve_0,1341,0.2572900354862213,0.875
l_curve_0,1342,0.257203072309494,0.875
l_curve_0,1343,0.2571339011192322,0.875
l_curve_0,1344,0.2570415735244751,0.875
l_curve_0,1345,0.25696736574172974,0.875
l_curve_0,1346,0.2568871080875397,0.875
l_curve_0,1347,0.2568073570728302,0.875
l_curve_0,1348,0.2567259967327118,0.875
l_curve_0,1349,0.2566487491130829,0.875
l_curve_0,1350,0.256558895111084,0.875
l_curve_0,1351,0.2564713656902313,0.875
l_curve_0,1352,0.2563724219799042,0.875
l_curve_0,1353,0.2562931776046753,0.875
l_curve_0,1354,0.2562122046947479,0.875
l_curve_0,1355,0.2561422884464264,0.875
l_curve_0,1356,0.2560708820819855,0.875
l_curve_0,1357,0.25598472356796265,0.875
l_curve_0,1358,0.2559049725532532,0.875
l_curve_0,1359,0.25582557916641235,0.875
l_curve_0,1360,0.2557569742202759,0.875
l_curve_0,1361,0.2556602358818054,0.875
l_curve_0,1362,0.2555938959121704,0.875
l_curve_0,1363,0.2555066645145416,0.875
l_curve_0,1364,0.2554072141647339,0.875
l_curve_0,1365,0.2553226053714752,0.875
l_curve_0,1366,0.25525206327438354,0.875
l_curve_0,1367,0.2551653981208801,0.875
l_curve_0,1368,0.25508615374565125,0.875
l_curve_0,1369,0.2550085484981537,0.875
l_curve_0,1370,0.2549334168434143,0.875
l_curve_0,1371,0.25484809279441833,0.875
l_curve_0,1372,0.2547636926174164,0.875
l_curve_0,1373,0.25467997789382935,0.875
l_curve_0,1374,0.25461551547050476,0.875
l_curve_0,1375,0.2545207440853119,0.875
l_curve_0,1376,0.25443702936172485,0.875
l_curve_0,1377,0.2543438971042633,0.875
l_curve_0,1378,0.2542693316936493,0.875
l_curve_0,1379,0.2541860342025757,0.875
l_curve_0,1380,0.2540932297706604,0.875
l_curve_0,1381,0.25400134921073914,0.875
l_curve_0,1382,0.25391826033592224,0.875
l_curve_0,1383,0.25382766127586365,0.875
l_curve_0,1384,0.25374531745910645,0.875
l_curve_0,1385,0.2536699175834656,0.875
l_curve_0,1386,0.2535933256149292,0.875
l_curve_0,1387,0.25351232290267944,0.875
l_curve_0,1388,0.25342991948127747,0.875
l_curve_0,1389,0.25336140394210815,0.875
l_curve_0,1390,0.2532692551612854,0.875
l_curve_0,1391,0.253181517124176,0.875
l_curve_0,1392,0.25309425592422485,0.875
l_curve_0,1393,0.2529997229576111,0.875
l_curve_0,1394,0.2529279589653015,0.875
l_curve_0,1395,0.2528488039970398,0.875
l_curve_0,1396,0.2527654767036438,0.875
l_curve_0,1397,0.25267770886421204,0.875
l_curve_0,1398,0.25259995460510254,0.875
l_curve_0,1399,0.2525325417518616,0.875
l_curve_0,1400,0.2524610459804535,0.875
l_curve_0,1401,0.25237393379211426,0.875
l_curve_0,1402,0.2522881329059601,0.875
l_curve_0,1403,0.25220659375190735,0.875
l_curve_0,1404,0.2521198093891144,0.875
l_curve_0,1405,0.2520296573638916,0.875
l_curve_0,1406,0.2519316077232361,0.875
l_curve_0,1407,0.25184980034828186,0.875
l_curve_0,1408,0.25176021456718445,0.875
l_curve_0,1409,0.2516723573207855,0.875
l_curve_0,1410,0.2515994906425476,0.875
l_curve_0,1411,0.2515121400356293,0.875
l_curve_0,1412,0.2514358162879944,0.875
l_curve_0,1413,0.2513502538204193,0.875
l_curve_0,1414,0.2512652575969696,0.875
l_curve_0,1415,0.25117212533950806,0.875
l_curve_0,1416,0.25109508633613586,0.875
l_curve_0,1417,0.2510179281234741,0.875
l_curve_0,1418,0.2509256899356842,0.875
l_curve_0,1419,0.2508535087108612,0.875
l_curve_0,1420,0.2507614195346832,0.875
l_curve_0,1421,0.2506701648235321,0.875
l_curve_0,1422,0.2505810260772705,0.875
l_curve_0,1423,0.25051063299179077,0.875
l_curve_0,1424,0.25042328238487244,0.875
l_curve_0,1425,0.2503291666507721,0.875
l_curve_0,1426,0.25024956464767456,0.875
l_curve_0,1427,0.25016218423843384,0.875
l_curve_0,1428,0.25008857250213623,0.875
l_curve_0,1429,0.2500179409980774,0.875
l_curve_0,1430,0.2499142587184906,0.875
l_curve_0,1431,0.2498423010110855,0.875
l_curve_0,1432,0.2497544288635254,0.875
l_curve_0,1433,0.2496674507856369,0.875
l_curve_0,1434,0.24957972764968872,0.875
l_curve_0,1435,0.24949225783348083,0.875
l_curve_0,1436,0.24940091371536255,0.875
l_curve_0,1437,0.2492951601743698,0.875
l_curve_0,1438,0.24921554327011108,0.875
l_curve_0,1439,0.24914586544036865,0.875
l_curve_0,1440,0.249057337641716,0.875
l_curve_0,1441,0.24896571040153503,0.875
l_curve_0,1442,0.2488861083984375,0.875
l_curve_0,1443,0.24880525469779968,0.875
l_curve_0,1444,0.24873457849025726,0.875
l_curve_0,1445,0.24864104390144348,0.875
l_curve_0,1446,0.248559832572937,0.875
l_curve_0,1447,0.2484639286994934,0.875
l_curve_0,1448,0.248368501663208,0.875
l_curve_0,1449,0.2482948899269104,0.875
l_curve_0,1450,0.24821382761001587,0.875
l_curve_0,1451,0.24812889099121094,0.875
l_curve_0,1452,0.24803151190280914,0.875
l_curve_0,1453,0.2479555308818817,0.875
l_curve_0,1454,0.2478732466697693,0.875
l_curve_0,1455,0.24778704345226288,0.875
l_curve_0,1456,0.24770358204841614,0.875
l_curve_0,1457,0.24760064482688904,0.875
l_curve_0,1458,0.2475256472826004,0.875
l_curve_0,1459,0.24743632972240448,0.875
l_curve_0,1460,0.24735510349273682,0.875
l_curve_0,1461,0.24726122617721558,0.875
l_curve_0,1462,0.24716904759407043,0.875
l_curve_0,1463,0.24709844589233398,0.875
l_curve_0,1464,0.2470075786113739,0.875
l_curve_0,1465,0.24693042039871216,0.875
l_curve_0,1466,0.24684664607048035,0.875
l_curve_0,1467,0.24675464630126953,0.875
l_curve_0,1468,0.24666158854961395,0.875
l_curve_0,1469,0.24657994508743286,0.875
l_curve_0,1470,0.2464788854122162,0.875
l_curve_0,1471,0.2464066445827484,0.875
l_curve_0,1472,0.24633978307247162,0.875
l_curve_0,1473,0.24626809358596802,0.875
l_curve_0,1474,0.246172696352005,0.875
l_curve_0,1475,0.246097132563591,0.875
l_curve_0,1476,0.2460019290447235,0.875
l_curve_0,1477,0.2459053099155426,0.875
l_curve_0,1478,0.24581857025623322,0.875
l_curve_0,1479,0.2457190752029419,0.875
l_curve_0,1480,0.24564151465892792,0.875
l_curve_0,1481,0.24555107951164246,0.875
l_curve_0,1482,0.245458722114563,0.875
l_curve_0,1483,0.24537301063537598,0.875
l_curve_0,1484,0.24528798460960388,0.875
l_curve_0,1485,0.24521197378635406,0.875
l_curve_0,1486,0.2451135367155075,0.875
l_curve_0,1487,0.2450256049633026,0.875
l_curve_0,1488,0.24494801461696625,0.875
l_curve_0,1489,0.24486805498600006,0.875
l_curve_0,1490,0.2447904646396637,0.875
l_curve_0,1491,0.244693323969841,0.875
l_curve_0,1492,0.24461062252521515,0.875
l_curve_0,1493,0.24452200531959534,0.875
l_curve_0,1494,0.24443255364894867,0.875
l_curve_0,1495,0.24434567987918854,0.875
l_curve_0,1496,0.24425888061523438,0.875
l_curve_0,1497,0.2441781461238861,0.875
l_curve_0,1498,0.24408917129039764,0.875
l_curve_0,1499,0.24400903284549713,0.875
l_curve_0,1500,0.24390706419944763,0.875
l_curve_0,1501,0.2438299059867859,0.875
l_curve_0,1502,0.2437364161014557,0.875
l_curve_0,1503,0.2436525523662567,0.875
l_curve_0,1504,0.24355709552764893,0.875
l_curve_0,1505,0.2434745877981186,0.875
l_curve_0,1506,0.2433851957321167,0.875
l_curve_0,1507,0.24328303337097168,0.875
l_curve_0,1508,0.24321235716342926,0.875
l_curve_0,1509,0.24312394857406616,0.875
l_curve_0,1510,0.24305137991905212,0.875
l_curve_0,1511,0.24295943975448608,0.875
l_curve_0,1512,0.2428651601076126,0.875
l_curve_0,1513,0.24279052019119263,0.875
l_curve_0,1514,0.24268779158592224,0.875
l_curve_0,1515,0.24258659780025482,0.875
l_curve_0,1516,0.2425023913383484,0.875
l_curve_0,1517,0.2424139678478241,0.875
l_curve_0,1518,0.24232201278209686,0.875
l_curve_0,1519,0.24223816394805908,0.875
l_curve_0,1520,0.24214069545269012,0.875
l_curve_0,1521,0.24205197393894196,0.875
l_curve_0,1522,0.2419639378786087,0.875
l_curve_0,1523,0.2418709695339203,0.875
l_curve_0,1524,0.24178588390350342,0.875
l_curve_0,1525,0.24171137809753418,0.875
l_curve_0,1526,0.24163103103637695,0.875
l_curve_0,1527,0.24153606593608856,0.875
l_curve_0,1528,0.24144494533538818,0.875
l_curve_0,1529,0.24135273694992065,0.875
l_curve_0,1530,0.2412695586681366,0.875
l_curve_0,1531,0.24117740988731384,0.875
l_curve_0,1532,0.24108844995498657,0.875
l_curve_0,1533,0.24099977314472198,0.875
l_curve_0,1534,0.24090838432312012,0.875
l_curve_0,1535,0.24081596732139587,0.875
l_curve_0,1536,0.24072016775608063,0.875
l_curve_0,1537,0.24062466621398926,0.875
l_curve_0,1538,0.24054354429244995,0.875
l_curve_0,1539,0.24044343829154968,0.875
l_curve_0,1540,0.24035318195819855,0.875
l_curve_0,1541,0.24026134610176086,0.875
l_curve_0,1542,0.24016734957695007,0.875
l_curve_0,1543,0.2400767207145691,0.875
l_curve_0,1544,0.2399926781654358,0.875
l_curve_0,1545,0.2399040013551712,0.875
l_curve_0,1546,0.23979339003562927,0.875
l_curve_0,1547,0.23971369862556458,0.875
l_curve_0,1548,0.2396363466978073,0.875
l_curve_0,1549,0.2395404428243637,0.875
l_curve_0,1550,0.23944206535816193,0.875
l_curve_0,1551,0.23936551809310913,0.875
l_curve_0,1552,0.23927196860313416,0.875
l_curve_0,1553,0.2391788363456726,0.875
l_curve_0,1554,0.23909986019134521,0.875
l_curve_0,1555,0.23900693655014038,0.875
l_curve_0,1556,0.2389087975025177,0.875
l_curve_0,1557,0.2388223260641098,0.875
l_curve_0,1558,0.2387312948703766,0.875
l_curve_0,1559,0.23862899839878082,0.875
l_curve_0,1560,0.23853522539138794,0.875
l_curve_0,1561,0.23845863342285156,0.875
l_curve_0,1562,0.23837119340896606,0.875
l_curve_0,1563,0.2382805347442627,0.875
l_curve_0,1564,0.23819729685783386,0.875
l_curve_0,1565,0.23810601234436035,0.875
l_curve_0,1566,0.23800674080848694,0.875
l_curve_0,1567,0.23792442679405212,0.875
l_curve_0,1568,0.23782679438591003,0.875
l_curve_0,1569,0.23774048686027527,0.875
l_curve_0,1570,0.23765987157821655,0.875
l_curve_0,1571,0.23756708204746246,0.875
l_curve_0,1572,0.23747165501117706,0.875
l_curve_0,1573,0.23737569153308868,0.875
l_curve_0,1574,0.2372860461473465,0.875
l_curve_0,1575,0.23719562590122223,0.875
l_curve_0,1576,0.2371075451374054,0.875
l_curve_0,1577,0.23702186346054077,0.875
l_curve_0,1578,0.2369237244129181,0.875
l_curve_0,1579,0.23682671785354614,0.875
l_curve_0,1580,0.23675139248371124,0.875
l_curve_0,1581,0.2366621494293213,0.875
l_curve_0,1582,0.2365681529045105,0.875
l_curve_0,1583,0.23648260533809662,0.875
l_curve_0,1584,0.23638534545898438,0.875
l_curve_0,1585,0.23629185557365417,0.875
l_curve_0,1586,0.23619885742664337,0.875
l_curve_0,1587,0.23610606789588928,0.875
l_curve_0,1588,0.23601795732975006,0.875
l_curve_0,1589,0.2359296679496765,0.875
l_curve_0,1590,0.23584069311618805,0.875
l_curve_0,1591,0.23573504388332367,0.875
l_curve_0,1592,0.2356400340795517,0.875
l_curve_0,1593,0.23555469512939453,0.875
l_curve_0,1594,0.23546287417411804,0.875
l_curve_0,1595,0.23537272214889526,0.875
l_curve_0,1596,0.2352743297815323,0.875
l_curve_0,1597,0.23518486320972443,0.875
l_curve_0,1598,0.23508694767951965,0.875
l_curve_0,1599,0.2349884808063507,0.875
l_curve_0,1600,0.23489487171173096,0.875
l_curve_0,1601,0.2348165214061737,0.875
l_curve_0,1602,0.23471872508525848,0.875
l_curve_0,1603,0.234613299369812,0.875
l_curve_0,1604,0.23452512919902802,0.875
l_curve_0,1605,0.23442135751247406,0.875
l_curve_0,1606,0.234320268034935,0.875
l_curve_0,1607,0.2342231273651123,0.875
l_curve_0,1608,0.23413316905498505,0.875
l_curve_0,1609,0.23404349386692047,0.875
l_curve_0,1610,0.233963280916214,0.875
l_curve_0,1611,0.23386499285697937,0.875
l_curve_0,1612,0.23377026617527008,0.875
l_curve_0,1613,0.23367558419704437,0.875
l_curve_0,1614,0.23358044028282166,0.875
l_curve_0,1615,0.23349058628082275,0.875
l_curve_0,1616,0.2334088832139969,0.875
l_curve_0,1617,0.23331722617149353,0.875
l_curve_0,1618,0.23322568833827972,0.875
l_curve_0,1619,0.2331240028142929,0.875
l_curve_0,1620,0.2330496460199356,0.875
l_curve_0,1621,0.232960045337677,0.875
l_curve_0,1622,0.23286154866218567,0.875
l_curve_0,1623,0.2327611893415451,0.875
l_curve_0,1624,0.23267024755477905,0.875
l_curve_0,1625,0.2325648069381714,0.875
l_curve_0,1626,0.2324783205986023,0.875
l_curve_0,1627,0.23237740993499756,0.875
l_curve_0,1628,0.23228564858436584,0.875
l_curve_0,1629,0.23220713436603546,0.875
l_curve_0,1630,0.2321135699748993,0.875
l_curve_0,1631,0.23200669884681702,0.875
l_curve_0,1632,0.2319110482931137,0.875
l_curve_0,1633,0.23181410133838654,0.875
l_curve_0,1634,0.23171058297157288,0.875
l_curve_0,1635,0.23161476850509644,0.875
l_curve_0,1636,0.23152592778205872,0.875
l_curve_0,1637,0.23143354058265686,0.875
l_curve_0,1638,0.23134241998195648,0.875
l_curve_0,1639,0.23124974966049194,0.875
l_curve_0,1640,0.23114681243896484,0.875
l_curve_0,1641,0.23104505240917206,0.875
l_curve_0,1642,0.23095567524433136,0.875
l_curve_0,1643,0.23086272180080414,0.875
l_curve_0,1644,0.230764240026474,0.875
l_curve_0,1645,0.23067601025104523,0.875
l_curve_0,1646,0.23058448731899261,0.875
l_curve_0,1647,0.23049694299697876,0.875
l_curve_0,1648,0.23038937151432037,0.875
l_curve_0,1649,0.23030000925064087,0.875
l_curve_0,1650,0.2302086353302002,0.875
l_curve_0,1651,0.23011332750320435,0.875
l_curve_0,1652,0.23001614212989807,0.875
l_curve_0,1653,0.22991281747817993,0.875
l_curve_0,1654,0.22981730103492737,0.875
l_curve_0,1655,0.22971022129058838,0.875
l_curve_0,1656,0.22961029410362244,0.875
l_curve_0,1657,0.22951096296310425,0.875
l_curve_0,1658,0.22941842675209045,0.875
l_curve_0,1659,0.2293272167444229,0.875
l_curve_0,1660,0.2292422652244568,0.875
l_curve_0,1661,0.22914926707744598,0.875
l_curve_0,1662,0.2290540635585785,0.875
l_curve_0,1663,0.22896571457386017,0.875
l_curve_0,1664,0.22885659337043762,0.875
l_curve_0,1665,0.22876513004302979,0.875
l_curve_0,1666,0.22866690158843994,0.875
l_curve_0,1667,0.22856932878494263,0.875
l_curve_0,1668,0.22845998406410217,0.875
l_curve_0,1669,0.22836686670780182,0.875
l_curve_0,1670,0.22828274965286255,0.875
l_curve_0,1671,0.22819490730762482,0.875
l_curve_0,1672,0.22809600830078125,0.875
l_curve_0,1673,0.22800804674625397,0.875
l_curve_0,1674,0.22790974378585815,0.875
l_curve_0,1675,0.22781237959861755,0.875
l_curve_0,1676,0.22771938145160675,0.875
l_curve_0,1677,0.22760716080665588,0.875
l_curve_0,1678,0.2275061458349228,0.875
l_curve_0,1679,0.22740638256072998,0.875
l_curve_0,1680,0.22730755805969238,0.875
l_curve_0,1681,0.22720912098884583,0.875
l_curve_0,1682,0.22711241245269775,0.875
l_curve_0,1683,0.2270020842552185,0.875
l_curve_0,1684,0.22690129280090332,0.875
l_curve_0,1685,0.22680407762527466,0.875
l_curve_0,1686,0.2267177551984787,0.875
l_curve_0,1687,0.22662876546382904,0.875
l_curve_0,1688,0.22651514410972595,0.875
l_curve_0,1689,0.22640317678451538,0.875
l_curve_0,1690,0.22630555927753448,0.875
l_curve_0,1691,0.22621938586235046,0.875
l_curve_0,1692,0.22612056136131287,0.875
l_curve_0,1693,0.2260136902332306,0.875
l_curve_0,1694,0.22590377926826477,0.875
l_curve_0,1695,0.22579994797706604,0.875
l_curve_0,1696,0.22570176422595978,0.875
l_curve_0,1697,0.2256152480840683,0.875
l_curve_0,1698,0.2255229502916336,0.875
l_curve_0,1699,0.22543196380138397,0.875
l_curve_0,1700,0.22533398866653442,0.875
l_curve_0,1701,0.22523267567157745,0.875
l_curve_0,1702,0.2251429557800293,0.875
l_curve_0,1703,0.22504326701164246,0.875
l_curve_0,1704,0.224940687417984,0.875
l_curve_0,1705,0.2248287796974182,0.875
l_curve_0,1706,0.22473186254501343,0.875
l_curve_0,1707,0.22464293241500854,0.875
l_curve_0,1708,0.22454848885536194,0.875
l_curve_0,1709,0.22443848848342896,0.875
l_curve_0,1710,0.2243376076221466,0.875
l_curve_0,1711,0.22424602508544922,0.875
l_curve_0,1712,0.224150151014328,0.875
l_curve_0,1713,0.22404557466506958,0.875
l_curve_0,1714,0.22394727170467377,0.875
l_curve_0,1715,0.22384566068649292,0.875
l_curve_0,1716,0.2237381935119629,0.875
l_curve_0,1717,0.2236531525850296,0.875
l_curve_0,1718,0.2235434353351593,0.875
l_curve_0,1719,0.22344034910202026,0.875
l_curve_0,1720,0.22334891557693481,0.875
l_curve_0,1721,0.2232448160648346,0.875
l_curve_0,1722,0.22315582633018494,0.875
l_curve_0,1723,0.22305412590503693,0.875
l_curve_0,1724,0.22296342253684998,0.875
l_curve_0,1725,0.22286972403526306,0.875
l_curve_0,1726,0.22277270257472992,0.875
l_curve_0,1727,0.22268801927566528,0.875
l_curve_0,1728,0.22257769107818604,0.875
l_curve_0,1729,0.22247079014778137,0.875
l_curve_0,1730,0.2223644107580185,0.875
l_curve_0,1731,0.22226770222187042,0.875
l_curve_0,1732,0.22217632830142975,0.875
l_curve_0,1733,0.22207313776016235,0.875
l_curve_0,1734,0.22197049856185913,0.875
l_curve_0,1735,0.22186486423015594,0.875
l_curve_0,1736,0.22176691889762878,0.875
l_curve_0,1737,0.22166195511817932,0.875
l_curve_0,1738,0.22154881060123444,0.875
l_curve_0,1739,0.22145137190818787,0.875
l_curve_0,1740,0.221358984708786,0.875
l_curve_0,1741,0.2212509661912918,0.875
l_curve_0,1742,0.22115576267242432,0.875
l_curve_0,1743,0.22104477882385254,0.875
l_curve_0,1744,0.22094058990478516,0.875
l_curve_0,1745,0.22084330022335052,0.875
l_curve_0,1746,0.22074124217033386,0.875
l_curve_0,1747,0.22064308822155,0.875
l_curve_0,1748,0.22055107355117798,0.875
l_curve_0,1749,0.2204401046037674,0.875
l_curve_0,1750,0.2203383445739746,0.875
l_curve_0,1751,0.22024986147880554,0.875
l_curve_0,1752,0.22014322876930237,0.875
l_curve_0,1753,0.22003477811813354,0.875
l_curve_0,1754,0.21993452310562134,0.875
l_curve_0,1755,0.21981781721115112,0.875
l_curve_0,1756,0.21971775591373444,0.875
l_curve_0,1757,0.2196122705936432,0.875
l_curve_0,1758,0.21952372789382935,0.875
l_curve_0,1759,0.2194231152534485,0.875
l_curve_0,1760,0.2193148136138916,0.875
l_curve_0,1761,0.21922096610069275,0.875
l_curve_0,1762,0.21911242604255676,0.875
l_curve_0,1763,0.21901032328605652,0.875
l_curve_0,1764,0.2189169079065323,0.875
l_curve_0,1765,0.2188165783882141,0.875
l_curve_0,1766,0.2187192440032959,0.875
l_curve_0,1767,0.21861068904399872,0.875
l_curve_0,1768,0.2185087502002716,0.875
l_curve_0,1769,0.21840548515319824,0.875
l_curve_0,1770,0.21830172836780548,0.875
l_curve_0,1771,0.21820589900016785,0.875
l_curve_0,1772,0.2181166708469391,0.875
l_curve_0,1773,0.21801656484603882,0.875
l_curve_0,1774,0.21790996193885803,0.875
l_curve_0,1775,0.21780653297901154,0.875
l_curve_0,1776,0.21771159768104553,0.875
l_curve_0,1777,0.21760472655296326,0.875
l_curve_0,1778,0.2175077497959137,0.875
l_curve_0,1779,0.21739462018013,0.875
l_curve_0,1780,0.21729636192321777,0.875
l_curve_0,1781,0.21718966960906982,0.875
l_curve_0,1782,0.21707992255687714,0.875
l_curve_0,1783,0.21697795391082764,0.875
l_curve_0,1784,0.2168705016374588,0.875
l_curve_0,1785,0.21676914393901825,0.875
l_curve_0,1786,0.2166593074798584,0.875
l_curve_0,1787,0.21655192971229553,0.875
l_curve_0,1788,0.21644826233386993,0.875
l_curve_0,1789,0.21633762121200562,0.875
l_curve_0,1790,0.21623443067073822,0.875
l_curve_0,1791,0.2161305695772171,0.875
l_curve_0,1792,0.21603158116340637,0.875
l_curve_0,1793,0.2159367799758911,0.875
l_curve_0,1794,0.21583972871303558,0.875
l_curve_0,1795,0.21573546528816223,0.875
l_curve_0,1796,0.21563056111335754,0.875
l_curve_0,1797,0.21552513539791107,0.875
l_curve_0,1798,0.21542242169380188,0.875
l_curve_0,1799,0.2153230607509613,0.875
l_curve_0,1800,0.21522444486618042,0.875
l_curve_0,1801,0.21511775255203247,0.875
l_curve_0,1802,0.21501383185386658,0.875
l_curve_0,1803,0.21491754055023193,0.875
l_curve_0,1804,0.21480950713157654,0.875
l_curve_0,1805,0.21470017731189728,0.875
l_curve_0,1806,0.21459031105041504,0.875
l_curve_0,1807,0.21448811888694763,0.875
l_curve_0,1808,0.2143869698047638,0.875
l_curve_0,1809,0.2142840325832367,0.875
l_curve_0,1810,0.2141861468553543,0.875
l_curve_0,1811,0.2140616923570633,0.875
l_curve_0,1812,0.21395505964756012,0.875
l_curve_0,1813,0.21384787559509277,0.875
l_curve_0,1814,0.2137342095375061,0.875
l_curve_0,1815,0.2136303186416626,0.875
l_curve_0,1816,0.2135295569896698,0.875
l_curve_0,1817,0.21342048048973083,0.875
l_curve_0,1818,0.2133197784423828,0.875
l_curve_0,1819,0.21320967376232147,0.875
l_curve_0,1820,0.2131045013666153,0.875
l_curve_0,1821,0.2129867970943451,0.875
l_curve_0,1822,0.2128809690475464,0.875
l_curve_0,1823,0.2127685546875,0.875
l_curve_0,1824,0.21265757083892822,0.875
l_curve_0,1825,0.21255652606487274,0.875
l_curve_0,1826,0.21244969964027405,0.875
l_curve_0,1827,0.21234124898910522,0.875
l_curve_0,1828,0.21222710609436035,0.875
l_curve_0,1829,0.21212443709373474,0.875
l_curve_0,1830,0.21202881634235382,0.875
l_curve_0,1831,0.21192416548728943,0.875
l_curve_0,1832,0.21181225776672363,0.875
l_curve_0,1833,0.21170690655708313,0.875
l_curve_0,1834,0.21159054338932037,0.875
l_curve_0,1835,0.2114904522895813,0.875
l_curve_0,1836,0.21138060092926025,0.875
l_curve_0,1837,0.21126863360404968,0.875
l_curve_0,1838,0.2111591398715973,0.875
l_curve_0,1839,0.21105310320854187,0.875
l_curve_0,1840,0.2109442502260208,0.875
l_curve_0,1841,0.2108367532491684,0.875
l_curve_0,1842,0.21072380244731903,0.875
l_curve_0,1843,0.21060609817504883,0.875
l_curve_0,1844,0.21050208806991577,0.875
l_curve_0,1845,0.21040675044059753,0.875
l_curve_0,1846,0.21029502153396606,0.875
l_curve_0,1847,0.21019510924816132,0.875
l_curve_0,1848,0.21008075773715973,0.875
l_curve_0,1849,0.20997732877731323,0.875
l_curve_0,1850,0.20987191796302795,0.875
l_curve_0,1851,0.20976601541042328,0.875
l_curve_0,1852,0.20964315533638,0.875
l_curve_0,1853,0.20952671766281128,0.875
l_curve_0,1854,0.20941662788391113,0.875
l_curve_0,1855,0.20930640399456024,0.875
l_curve_0,1856,0.20919835567474365,0.875
l_curve_0,1857,0.20909470319747925,0.875
l_curve_0,1858,0.20897558331489563,0.875
l_curve_0,1859,0.20886771380901337,0.875
l_curve_0,1860,0.20876502990722656,0.875
l_curve_0,1861,0.20865166187286377,0.875
l_curve_0,1862,0.2085445076227188,0.875
l_curve_0,1863,0.20842275023460388,0.875
l_curve_0,1864,0.20831632614135742,0.875
l_curve_0,1865,0.20821328461170197,0.875
l_curve_0,1866,0.20811209082603455,0.875
l_curve_0,1867,0.20800155401229858,0.875
l_curve_0,1868,0.20788930356502533,0.875
l_curve_0,1869,0.20777274668216705,0.875
l_curve_0,1870,0.20766966044902802,0.875
l_curve_0,1871,0.2075595259666443,0.875
l_curve_0,1872,0.20744122564792633,0.875
l_curve_0,1873,0.20732542872428894,0.875
l_curve_0,1874,0.2072262167930603,0.875
l_curve_0,1875,0.20711246132850647,0.875
l_curve_0,1876,0.20698785781860352,0.875
l_curve_0,1877,0.20687004923820496,0.875
l_curve_0,1878,0.206759512424469,0.875
l_curve_0,1879,0.20664620399475098,0.875
l_curve_0,1880,0.20653057098388672,0.875
l_curve_0,1881,0.20643463730812073,0.875
l_curve_0,1882,0.20632606744766235,0.875
l_curve_0,1883,0.20621395111083984,0.875
l_curve_0,1884,0.2061014473438263,0.875
l_curve_0,1885,0.20598936080932617,0.875
l_curve_0,1886,0.2058868110179901,0.875
l_curve_0,1887,0.20576637983322144,0.875
l_curve_0,1888,0.20564857125282288,0.875
l_curve_0,1889,0.20554646849632263,0.875
l_curve_0,1890,0.20543968677520752,0.875
l_curve_0,1891,0.20531746745109558,0.875
l_curve_0,1892,0.20520517230033875,0.875
l_curve_0,1893,0.20508989691734314,0.875
l_curve_0,1894,0.20498532056808472,0.875
l_curve_0,1895,0.20487676560878754,0.875
l_curve_0,1896,0.20475925505161285,0.875
l_curve_0,1897,0.20465204119682312,0.875
l_curve_0,1898,0.2045297622680664,0.875
l_curve_0,1899,0.20441468060016632,0.875
l_curve_0,1900,0.20430433750152588,0.875
l_curve_0,1901,0.204188272356987,0.875
l_curve_0,1902,0.2040792554616928,0.875
l_curve_0,1903,0.20396217703819275,0.875
l_curve_0,1904,0.2038561999797821,0.875
l_curve_0,1905,0.20374426245689392,0.875
l_curve_0,1906,0.20363114774227142,0.875
l_curve_0,1907,0.20350201427936554,0.875
l_curve_0,1908,0.2033977210521698,0.875
l_curve_0,1909,0.20328488945960999,0.875
l_curve_0,1910,0.20317363739013672,0.875
l_curve_0,1911,0.2030615359544754,0.875
l_curve_0,1912,0.20294791460037231,0.875
l_curve_0,1913,0.2028287947177887,0.875
l_curve_0,1914,0.2027181088924408,0.875
l_curve_0,1915,0.20260930061340332,0.875
l_curve_0,1916,0.2024974375963211,0.875
l_curve_0,1917,0.2023826539516449,0.875
l_curve_0,1918,0.2022704780101776,0.875
l_curve_0,1919,0.20214954018592834,0.875
l_curve_0,1920,0.20203790068626404,0.875
l_curve_0,1921,0.20190919935703278,0.875
l_curve_0,1922,0.20178933441638947,0.875
l_curve_0,1923,0.20167787373065948,0.875
l_curve_0,1924,0.20155736804008484,0.875
l_curve_0,1925,0.20145228505134583,0.875
l_curve_0,1926,0.20134815573692322,0.875
l_curve_0,1927,0.20122867822647095,0.875
l_curve_0,1928,0.20110434293746948,0.875
l_curve_0,1929,0.20099669694900513,0.875
l_curve_0,1930,0.20088031888008118,0.875
l_curve_0,1931,0.2007664293050766,0.875
l_curve_0,1932,0.20065897703170776,0.875
l_curve_0,1933,0.20054009556770325,0.875
l_curve_0,1934,0.20042425394058228,0.875
l_curve_0,1935,0.20031020045280457,0.875
l_curve_0,1936,0.20018453896045685,0.875
l_curve_0,1937,0.20006828010082245,0.875
l_curve_0,1938,0.19995078444480896,0.875
l_curve_0,1939,0.19982874393463135,0.875
l_curve_0,1940,0.19970382750034332,0.875
l_curve_0,1941,0.1995895802974701,0.875
l_curve_0,1942,0.19948267936706543,0.875
l_curve_0,1943,0.1993735283613205,0.875
l_curve_0,1944,0.19926264882087708,0.875
l_curve_0,1945,0.19915057718753815,0.875
l_curve_0,1946,0.19902434945106506,0.875
l_curve_0,1947,0.19890187680721283,0.875
l_curve_0,1948,0.1987837851047516,0.875
l_curve_0,1949,0.19866301119327545,0.875
l_curve_0,1950,0.1985529363155365,0.875
l_curve_0,1951,0.1984250545501709,0.875
l_curve_0,1952,0.19830377399921417,0.875
l_curve_0,1953,0.19817857444286346,0.875
l_curve_0,1954,0.1980648785829544,0.875
l_curve_0,1955,0.19796697795391083,0.875
l_curve_0,1956,0.1978558748960495,0.875
l_curve_0,1957,0.19774042069911957,0.875
l_curve_0,1958,0.19762691855430603,0.875
l_curve_0,1959,0.1975007951259613,0.875
l_curve_0,1960,0.19739484786987305,0.875
l_curve_0,1961,0.19727572798728943,0.875
l_curve_0,1962,0.19715552031993866,0.875
l_curve_0,1963,0.19703184068202972,0.875
l_curve_0,1964,0.19690638780593872,0.875
l_curve_0,1965,0.19679558277130127,0.875
l_curve_0,1966,0.19668041169643402,0.875
l_curve_0,1967,0.1965557038784027,0.875
l_curve_0,1968,0.196441188454628,0.875
l_curve_0,1969,0.19632135331630707,0.875
l_curve_0,1970,0.1961982250213623,0.875
l_curve_0,1971,0.19607731699943542,0.875
l_curve_0,1972,0.195954829454422,0.9375
l_curve_0,1973,0.1958407461643219,0.9375
l_curve_0,1974,0.19572259485721588,0.9375
l_curve_0,1975,0.19560711085796356,0.9375
l_curve_0,1976,0.19548681378364563,0.9375
l_curve_0,1977,0.19536881148815155,0.9375
l_curve_0,1978,0.19525159895420074,0.9375
l_curve_0,1979,0.19513559341430664,0.9375
l_curve_0,1980,0.19500872492790222,0.9375
l_curve_0,1981,0.19488760828971863,0.9375
l_curve_0,1982,0.1947641670703888,0.9375
l_curve_0,1983,0.19464637339115143,0.9375
l_curve_0,1984,0.19452150166034698,0.9375
l_curve_0,1985,0.19439920783042908,0.9375
l_curve_0,1986,0.19427813589572906,0.9375
l_curve_0,1987,0.19416436553001404,0.9375
l_curve_0,1988,0.19404909014701843,0.9375
l_curve_0,1989,0.1939307451248169,0.9375
l_curve_0,1990,0.1938052773475647,0.9375
l_curve_0,1991,0.19368697702884674,0.9375
l_curve_0,1992,0.19358116388320923,0.9375
l_curve_0,1993,0.19346414506435394,0.9375
l_curve_0,1994,0.1933426558971405,0.9375
l_curve_0,1995,0.1932254284620285,0.9375
l_curve_0,1996,0.19310465455055237,0.9375
l_curve_0,1997,0.1929870843887329,0.9375
l_curve_0,1998,0.192857563495636,0.9375
l_curve_0,1999,0.19273334741592407,0.9375
l_curve_0,2000,0.19260631501674652,0.9375
l_curve_0,2000,0.19260631501674652,0.9375
