client,round,loss,accuracy
l_curve_3,1,1.132081151008606,0.375
l_curve_3,2,1.1233912706375122,0.375
l_curve_3,3,1.114790439605713,0.375
l_curve_3,4,1.1062283515930176,0.375
l_curve_3,5,1.0976537466049194,0.375
l_curve_3,6,1.0891661643981934,0.375
l_curve_3,7,1.0807671546936035,0.375
l_curve_3,8,1.0724225044250488,0.375
l_curve_3,9,1.0641241073608398,0.375
l_curve_3,10,1.055877685546875,0.375
l_curve_3,11,1.0477098226547241,0.375
l_curve_3,12,1.0395764112472534,0.375
l_curve_3,13,1.0315115451812744,0.375
l_curve_3,14,1.0235568284988403,0.375
l_curve_3,15,1.0156744718551636,0.375
l_curve_3,16,1.007901668548584,0.375
l_curve_3,17,1.0002195835113525,0.375
l_curve_3,18,0.9925597906112671,0.375
l_curve_3,19,0.985004186630249,0.375
l_curve_3,20,0.9775398373603821,0.375
l_curve_3,21,0.9701485633850098,0.375
l_curve_3,22,0.9628636240959167,0.375
l_curve_3,23,0.9556774497032166,0.375
l_curve_3,24,0.9485269784927368,0.375
l_curve_3,25,0.9415152668952942,0.375
l_curve_3,26,0.9345982074737549,0.375
l_curve_3,27,0.9277009963989258,0.375
l_curve_3,28,0.9209280610084534,0.375
l_curve_3,29,0.9141992926597595,0.375
l_curve_3,30,0.9075375199317932,0.375
l_curve_3,31,0.9010206460952759,0.375
l_curve_3,32,0.8946284651756287,0.375
l_curve_3,33,0.8882999420166016,0.375
l_curve_3,34,0.8820104598999023,0.375
l_curve_3,35,0.8758789300918579,0.375
l_curve_3,36,0.8697750568389893,0.375
l_curve_3,37,0.8637514114379883,0.375
l_curve_3,38,0.8578068017959595,0.375
l_curve_3,39,0.851965069770813,0.375
l_curve_3,40,0.8461699485778809,0.375
l_curve_3,41,0.8404772281646729,0.375
l_curve_3,42,0.8348464369773865,0.375
l_curve_3,43,0.82928466796875,0.375
l_curve_3,44,0.8238629102706909,0.375
l_curve_3,45,0.8184916973114014,0.375
l_curve_3,46,0.8131909370422363,0.375
l_curve_3,47,0.8079639673233032,0.375
l_curve_3,48,0.8028087615966797,0.375
l_curve_3,49,0.7977216839790344,0.375
l_curve_3,50,0.7927899956703186,0.375
l_curve_3,51,0.7878503799438477,0.375
l_curve_3,52,0.7830374836921692,0.375
l_curve_3,53,0.7783150672912598,0.375
l_curve_3,54,0.7736095190048218,0.375
l_curve_3,55,0.7690060138702393,0.375
l_curve_3,56,0.7645078897476196,0.375
l_curve_3,57,0.7600451707839966,0.375
l_curve_3,58,0.7556131482124329,0.375
l_curve_3,59,0.7512595057487488,0.375
l_curve_3,60,0.7469742894172668,0.375
l_curve_3,61,0.7427656650543213,0.375
l_curve_3,62,0.7385815382003784,0.375
l_curve_3,63,0.734493613243103,0.375
l_curve_3,64,0.7304862141609192,0.375
l_curve_3,65,0.7265065908432007,0.375
l_curve_3,66,0.722579836845398,0.375
l_curve_3,67,0.7187085151672363,0.375
l_curve_3,68,0.7149617671966553,0.375
l_curve_3,69,0.7111900448799133,0.375
l_curve_3,70,0.7075005769729614,0.375
l_curve_3,71,0.7038944959640503,0.375
l_curve_3,72,0.7003194093704224,0.375
l_curve_3,73,0.696731448173523,0.375
l_curve_3,74,0.6932457685470581,0.375
l_curve_3,75,0.689814567565918,0.375
l_curve_3,76,0.6864216327667236,0.375
l_curve_3,77,0.683098316192627,0.375
l_curve_3,78,0.6798108816146851,0.4375
l_curve_3,79,0.6765922904014587,0.4375
l_curve_3,80,0.673412561416626,0.4375
l_curve_3,81,0.6702746152877808,0.4375
l_curve_3,82,0.6671640872955322,0.4375
l_curve_3,83,0.6640867590904236,0.5
l_curve_3,84,0.6610159277915955,0.5
l_curve_3,85,0.6580579280853271,0.5
l_curve_3,86,0.655129075050354,0.5625
l_curve_3,87,0.6522111892700195,0.625
l_curve_3,88,0.6493383049964905,0.625
l_curve_3,89,0.6465205550193787,0.625
l_curve_3,90,0.6437250375747681,0.625
l_curve_3,91,0.6409655809402466,0.625
l_curve_3,92,0.638182520866394,0.625
l_curve_3,93,0.6354811191558838,0.625
l_curve_3,94,0.6328217387199402,0.625
l_curve_3,95,0.6301954984664917,0.625
l_curve_3,96,0.6275826692581177,0.625
l_curve_3,97,0.6250444054603577,0.6875
l_curve_3,98,0.6224683523178101,0.6875
l_curve_3,99,0.619970440864563,0.6875
l_curve_3,100,0.617461621761322,0.6875
l_curve_3,101,0.6150038242340088,0.6875
l_curve_3,102,0.6125525832176208,0.6875
l_curve_3,103,0.6101408004760742,0.6875
l_curve_3,104,0.6077840328216553,0.6875
l_curve_3,105,0.6054295897483826,0.6875
l_curve_3,106,0.6031031012535095,0.6875
l_curve_3,107,0.6007784605026245,0.6875
l_curve_3,108,0.5984581708908081,0.6875
l_curve_3,109,0.5961665511131287,0.6875
l_curve_3,110,0.5939235091209412,0.6875
l_curve_3,111,0.5916772484779358,0.6875
l_curve_3,112,0.5894657969474792,0.6875
l_curve_3,113,0.5872955322265625,0.6875
l_curve_3,114,0.585125207901001,0.6875
l_curve_3,115,0.5829820036888123,0.6875
l_curve_3,116,0.58083575963974,0.6875
l_curve_3,117,0.5787543058395386,0.6875
l_curve_3,118,0.576671838760376,0.6875
l_curve_3,119,0.5745658874511719,0.6875
l_curve_3,120,0.5724949836730957,0.75
l_curve_3,121,0.57048100233078,0.75
l_curve_3,122,0.5684349536895752,0.75
l_curve_3,123,0.5664122104644775,0.75
l_curve_3,124,0.5644345283508301,0.75
l_curve_3,125,0.5624520778656006,0.75
l_curve_3,126,0.5604673624038696,0.75
l_curve_3,127,0.5585205554962158,0.75
l_curve_3,128,0.5565502643585205,0.75
l_curve_3,129,0.5546409487724304,0.75
l_curve_3,130,0.5527390241622925,0.75
l_curve_3,131,0.5508220791816711,0.75
l_curve_3,132,0.5489025115966797,0.75
l_curve_3,133,0.5470325946807861,0.75
l_curve_3,134,0.5451796054840088,0.75
l_curve_3,135,0.5433326959609985,0.75
l_curve_3,136,0.5414745807647705,0.75
l_curve_3,137,0.5396632552146912,0.75
l_curve_3,138,0.5378530025482178,0.75
l_curve_3,139,0.5360190868377686,0.75
l_curve_3,140,0.5342216491699219,0.75
l_curve_3,141,0.532434344291687,0.75
l_curve_3,142,0.5306227207183838,0.75
l_curve_3,143,0.5289060473442078,0.75
l_curve_3,144,0.5271564722061157,0.75
l_curve_3,145,0.5254116654396057,0.75
l_curve_3,146,0.5236715078353882,0.75
l_curve_3,147,0.5219274163246155,0.75
l_curve_3,148,0.5202053785324097,0.75
l_curve_3,149,0.5184725522994995,0.75
l_curve_3,150,0.5167989134788513,0.75
l_curve_3,151,0.5151129961013794,0.75
l_curve_3,152,0.5134501457214355,0.75
l_curve_3,153,0.5117690563201904,0.75
l_curve_3,154,0.5100642442703247,0.8125
l_curve_3,155,0.5084414482116699,0.8125
l_curve_3,156,0.5068104267120361,0.8125
l_curve_3,157,0.5051685571670532,0.8125
l_curve_3,158,0.5035519599914551,0.8125
l_curve_3,159,0.5019603967666626,0.8125
l_curve_3,160,0.5003544688224792,0.8125
l_curve_3,161,0.49872279167175293,0.8125
l_curve_3,162,0.4971306324005127,0.8125
l_curve_3,163,0.4955596327781677,0.8125
l_curve_3,164,0.49397772550582886,0.8125
l_curve_3,165,0.4924272298812866,0.875
l_curve_3,166,0.490854412317276,0.875
l_curve_3,167,0.48928648233413696,0.875
l_curve_3,168,0.4877115488052368,0.875
l_curve_3,169,0.48619329929351807,0.875
l_curve_3,170,0.4846614599227905,0.875
l_curve_3,171,0.48313596844673157,0.875
l_curve_3,172,0.48164430260658264,0.875
l_curve_3,173,0.4801269471645355,0.875
l_curve_3,174,0.47863301634788513,0.875
l_curve_3,175,0.4771486818790436,0.875
l_curve_3,176,0.4756724536418915,0.875
l_curve_3,177,0.4741780757904053,0.875
l_curve_3,178,0.47275060415267944,0.875
l_curve_3,179,0.47131597995758057,0.875
l_curve_3,180,0.4698595404624939,0.875
l_curve_3,181,0.4683935046195984,0.875
l_curve_3,182,0.46697622537612915,0.875
l_curve_3,183,0.46556994318962097,0.875
l_curve_3,184,0.46414732933044434,0.875
l_curve_3,185,0.46272462606430054,0.875
l_curve_3,186,0.46131041646003723,0.875
l_curve_3,187,0.4599039852619171,0.875
l_curve_3,188,0.4584997594356537,0.875
l_curve_3,189,0.457108736038208,0.875
l_curve_3,190,0.455728679895401,0.875
l_curve_3,191,0.45433902740478516,0.875
l_curve_3,192,0.45298832654953003,0.875
l_curve_3,193,0.4516375660896301,0.875
l_curve_3,194,0.4503012001514435,0.875
l_curve_3,195,0.44894254207611084,0.875
l_curve_3,196,0.44758692383766174,0.875
l_curve_3,197,0.44628095626831055,0.875
l_curve_3,198,0.4449443817138672,0.875
l_curve_3,199,0.44363123178482056,0.875
l_curve_3,200,0.4423031508922577,0.875
l_curve_3,201,0.44101762771606445,0.875
l_curve_3,202,0.439738929271698,0.875
l_curve_3,203,0.4384486973285675,0.875
l_curve_3,204,0.4371446371078491,0.875
l_curve_3,205,0.4358702600002289,0.875
l_curve_3,206,0.4346015453338623,0.875
l_curve_3,207,0.4333445727825165,0.875
l_curve_3,208,0.4321049451828003,0.875
l_curve_3,209,0.43086451292037964,0.875
l_curve_3,210,0.42963528633117676,0.875
l_curve_3,211,0.4284086227416992,0.875
l_curve_3,212,0.4271819591522217,0.875
l_curve_3,213,0.425932914018631,0.875
l_curve_3,214,0.4247283339500427,0.875
l_curve_3,215,0.42350634932518005,0.875
l_curve_3,216,0.4222818613052368,0.875
l_curve_3,217,0.4210900664329529,0.875
l_curve_3,218,0.41989487409591675,0.875
l_curve_3,219,0.4186962842941284,0.875
l_curve_3,220,0.4175390601158142,0.875
l_curve_3,221,0.41640934348106384,0.875
l_curve_3,222,0.415236234664917,0.875
l_curve_3,223,0.41406911611557007,0.875
l_curve_3,224,0.4129279553890228,0.875
l_curve_3,225,0.41177135705947876,0.875
l_curve_3,226,0.4106232225894928,0.875
l_curve_3,227,0.40950149297714233,0.875
l_curve_3,228,0.4083644151687622,0.875
l_curve_3,229,0.40727564692497253,0.875
l_curve_3,230,0.4061403274536133,0.875
l_curve_3,231,0.4050602912902832,0.875
l_curve_3,232,0.4039728045463562,0.875
l_curve_3,233,0.4028438329696655,0.875
l_curve_3,234,0.40175920724868774,0.875
l_curve_3,235,0.40066656470298767,0.875
l_curve_3,236,0.39961308240890503,0.875
l_curve_3,237,0.39857980608940125,0.875
l_curve_3,238,0.39754486083984375,0.875
l_curve_3,239,0.39648115634918213,0.875
l_curve_3,240,0.39543575048446655,0.875
l_curve_3,241,0.39437437057495117,0.875
l_curve_3,242,0.39329659938812256,0.875
l_curve_3,243,0.39224979281425476,0.875
l_curve_3,244,0.3911963999271393,0.875
l_curve_3,245,0.3901796340942383,0.875
l_curve_3,246,0.38918763399124146,0.875
l_curve_3,247,0.3882051110267639,0.875
l_curve_3,248,0.3872177004814148,0.875
l_curve_3,249,0.3862389028072357,0.875
l_curve_3,250,0.385245680809021,0.875
l_curve_3,251,0.38426661491394043,0.875
l_curve_3,252,0.38326191902160645,0.875
l_curve_3,253,0.382282018661499,0.875
l_curve_3,254,0.3813329339027405,0.875
l_curve_3,255,0.38035720586776733,0.875
l_curve_3,256,0.37942439317703247,0.875
l_curve_3,257,0.37849459052085876,0.875
l_curve_3,258,0.3775699734687805,0.875
l_curve_3,259,0.37665146589279175,0.875
l_curve_3,260,0.37571996450424194,0.875
l_curve_3,261,0.3747863173484802,0.875
l_curve_3,262,0.37385421991348267,0.875
l_curve_3,263,0.37292754650115967,0.875
l_curve_3,264,0.3720075488090515,0.875
l_curve_3,265,0.3711048662662506,0.875
l_curve_3,266,0.37022995948791504,0.875
l_curve_3,267,0.3693438172340393,0.875
l_curve_3,268,0.3684607744216919,0.875
l_curve_3,269,0.3675597310066223,0.875
l_curve_3,270,0.3667070269584656,0.875
l_curve_3,271,0.36584168672561646,0.875
l_curve_3,272,0.36495912075042725,0.875
l_curve_3,273,0.36410725116729736,0.875
l_curve_3,274,0.36326903104782104,0.875
l_curve_3,275,0.36243417859077454,0.875
l_curve_3,276,0.36156997084617615,0.9375
l_curve_3,277,0.36071133613586426,0.9375
l_curve_3,278,0.3598642349243164,0.9375
l_curve_3,279,0.3590715527534485,0.9375
l_curve_3,280,0.35825109481811523,0.9375
l_curve_3,281,0.3574467599391937,0.9375
l_curve_3,282,0.3566201329231262,0.9375
l_curve_3,283,0.35579320788383484,0.9375
l_curve_3,284,0.35500386357307434,0.9375
l_curve_3,285,0.35421842336654663,0.9375
l_curve_3,286,0.3534289598464966,0.9375
l_curve_3,287,0.35262441635131836,0.9375
l_curve_3,288,0.3518706262111664,0.9375
l_curve_3,289,0.351070761680603,0.9375
l_curve_3,290,0.3503003716468811,0.9375
l_curve_3,291,0.34953778982162476,0.9375
l_curve_3,292,0.3487923741340637,0.9375
l_curve_3,293,0.34802818298339844,0.9375
l_curve_3,294,0.34729400277137756,0.9375
l_curve_3,295,0.34653276205062866,0.9375
l_curve_3,296,0.3458096385002136,0.9375
l_curve_3,297,0.3450930118560791,0.9375
l_curve_3,298,0.344356894493103,0.9375
l_curve_3,299,0.34364789724349976,0.9375
l_curve_3,300,0.34291714429855347,0.9375
l_curve_3,301,0.3422115445137024,0.9375
l_curve_3,302,0.34148603677749634,0.9375
l_curve_3,303,0.3407854437828064,0.9375
l_curve_3,304,0.3400881886482239,0.9375
l_curve_3,305,0.3394101560115814,0.9375
l_curve_3,306,0.33874642848968506,0.9375
l_curve_3,307,0.33806440234184265,0.9375
l_curve_3,308,0.3374076783657074,0.9375
l_curve_3,309,0.3367317318916321,0.9375
l_curve_3,310,0.336039662361145,0.9375
l_curve_3,311,0.33537667989730835,0.9375
l_curve_3,312,0.3347150683403015,0.9375
l_curve_3,313,0.334058940410614,0.9375
l_curve_3,314,0.3333902359008789,0.9375
l_curve_3,315,0.3327185809612274,0.9375
l_curve_3,316,0.33208155632019043,0.9375
l_curve_3,317,0.3314567804336548,0.9375
l_curve_3,318,0.3308110535144806,0.9375
l_curve_3,319,0.33017128705978394,0.9375
l_curve_3,320,0.32954689860343933,0.9375
l_curve_3,321,0.32892167568206787,0.9375
l_curve_3,322,0.32831811904907227,0.9375
l_curve_3,323,0.3277229070663452,0.9375
l_curve_3,324,0.3271530866622925,0.9375
l_curve_3,325,0.3265262246131897,0.9375
l_curve_3,326,0.32592007517814636,0.9375
l_curve_3,327,0.3253386616706848,0.9375
l_curve_3,328,0.3247413635253906,0.9375
l_curve_3,329,0.3241296410560608,0.9375
l_curve_3,330,0.32352888584136963,0.9375
l_curve_3,331,0.32295453548431396,0.9375
l_curve_3,332,0.32237666845321655,0.9375
l_curve_3,333,0.32181552052497864,0.9375
l_curve_3,334,0.32123732566833496,0.9375
l_curve_3,335,0.3206828534603119,0.9375
l_curve_3,336,0.3201475143432617,0.9375
l_curve_3,337,0.31956714391708374,0.9375
l_curve_3,338,0.3190425932407379,0.9375
l_curve_3,339,0.31847667694091797,0.9375
l_curve_3,340,0.317938894033432,0.9375
l_curve_3,341,0.31738215684890747,0.9375
l_curve_3,342,0.31684091687202454,0.9375
l_curve_3,343,0.3163140118122101,0.9375
l_curve_3,344,0.3157779574394226,0.9375
l_curve_3,345,0.3152627944946289,0.9375
l_curve_3,346,0.31475162506103516,0.9375
l_curve_3,347,0.31421568989753723,0.9375
l_curve_3,348,0.3136524558067322,0.9375
l_curve_3,349,0.3131479024887085,0.9375
l_curve_3,350,0.3126276731491089,0.9375
l_curve_3,351,0.3121448755264282,0.9375
l_curve_3,352,0.31166014075279236,0.9375
l_curve_3,353,0.3111891448497772,0.9375
l_curve_3,354,0.3106665313243866,0.9375
l_curve_3,355,0.3101458251476288,0.9375
l_curve_3,356,0.3096946179866791,0.9375
l_curve_3,357,0.3092338442802429,0.9375
l_curve_3,358,0.30872300267219543,0.9375
l_curve_3,359,0.30822330713272095,0.9375
l_curve_3,360,0.30776864290237427,0.9375
l_curve_3,361,0.30730709433555603,0.9375
l_curve_3,362,0.3068273067474365,0.9375
l_curve_3,363,0.30635929107666016,0.9375
l_curve_3,364,0.30585670471191406,0.9375
l_curve_3,365,0.3054170608520508,0.9375
l_curve_3,366,0.30499905347824097,0.9375
l_curve_3,367,0.3045768439769745,0.9375
l_curve_3,368,0.30408963561058044,0.9375
l_curve_3,369,0.3036433160305023,0.9375
l_curve_3,370,0.30318859219551086,0.9375
l_curve_3,371,0.30273622274398804,0.9375
l_curve_3,372,0.30231770873069763,0.9375
l_curve_3,373,0.30188673734664917,0.9375
l_curve_3,374,0.3014445900917053,0.9375
l_curve_3,375,0.30101725459098816,0.9375
l_curve_3,376,0.3006027042865753,0.9375
l_curve_3,377,0.3001929819583893,0.9375
l_curve_3,378,0.29976630210876465,0.9375
l_curve_3,379,0.29933685064315796,0.9375
l_curve_3,380,0.29893410205841064,0.9375
l_curve_3,381,0.29854464530944824,0.9375
l_curve_3,382,0.2981638014316559,0.9375
l_curve_3,383,0.2977338433265686,0.9375
l_curve_3,384,0.2973361015319824,0.9375
l_curve_3,385,0.2969796061515808,0.9375
l_curve_3,386,0.296562135219574,0.9375
l_curve_3,387,0.29618343710899353,0.9375
l_curve_3,388,0.2957800626754761,0.9375
l_curve_3,389,0.295399934053421,0.9375
l_curve_3,390,0.2950007915496826,0.9375
l_curve_3,391,0.2945990562438965,0.9375
l_curve_3,392,0.294216513633728,0.9375
l_curve_3,393,0.2938462197780609,0.9375
l_curve_3,394,0.2934587001800537,0.9375
l_curve_3,395,0.29311829805374146,0.9375
l_curve_3,396,0.2927440404891968,0.9375
l_curve_3,397,0.29235929250717163,0.9375
l_curve_3,398,0.2919923961162567,0.9375
l_curve_3,399,0.29167279601097107,0.9375
l_curve_3,400,0.2913225293159485,0.9375
l_curve_3,401,0.290956974029541,0.9375
l_curve_3,402,0.2905918061733246,0.9375
l_curve_3,403,0.29022806882858276,0.9375
l_curve_3,404,0.28985920548439026,0.9375
l_curve_3,405,0.28951576352119446,0.9375
l_curve_3,406,0.28917011618614197,0.9375
l_curve_3,407,0.28885313868522644,0.9375
l_curve_3,408,0.2885144054889679,0.9375
l_curve_3,409,0.28821074962615967,0.9375
l_curve_3,410,0.28783899545669556,0.9375
l_curve_3,411,0.2875248193740845,0.9375
l_curve_3,412,0.28722018003463745,0.9375
l_curve_3,413,0.28688400983810425,0.9375
l_curve_3,414,0.2865660488605499,0.9375
l_curve_3,415,0.2862679958343506,0.9375
l_curve_3,416,0.2859381437301636,0.9375
l_curve_3,417,0.28561094403266907,0.9375
l_curve_3,418,0.2853134870529175,0.9375
l_curve_3,419,0.2849857807159424,0.9375
l_curve_3,420,0.2846568822860718,0.9375
l_curve_3,421,0.2843489646911621,0.9375
l_curve_3,422,0.28406837582588196,0.9375
l_curve_3,423,0.2837594449520111,0.9375
l_curve_3,424,0.283502995967865,0.9375
l_curve_3,425,0.28319552540779114,0.9375
l_curve_3,426,0.2829401195049286,0.9375
l_curve_3,427,0.28265249729156494,0.9375
l_curve_3,428,0.2823444604873657,0.9375
l_curve_3,429,0.28202247619628906,0.9375
l_curve_3,430,0.2817673087120056,0.9375
l_curve_3,431,0.2814648151397705,0.9375
l_curve_3,432,0.2812134921550751,0.9375
l_curve_3,433,0.28092390298843384,0.9375
l_curve_3,434,0.2806410491466522,0.9375
l_curve_3,435,0.2803730368614197,0.9375
l_curve_3,436,0.28007352352142334,0.9375
l_curve_3,437,0.2797866463661194,0.9375
l_curve_3,438,0.27949628233909607,0.9375
l_curve_3,439,0.2792273163795471,0.9375
l_curve_3,440,0.278928279876709,0.9375
l_curve_3,441,0.2786904573440552,0.9375
l_curve_3,442,0.27842870354652405,0.9375
l_curve_3,443,0.2781595289707184,0.9375
l_curve_3,444,0.277914822101593,0.9375
l_curve_3,445,0.2776584029197693,0.9375
l_curve_3,446,0.27738243341445923,0.9375
l_curve_3,447,0.2771168649196625,0.9375
l_curve_3,448,0.2768598198890686,0.9375
l_curve_3,449,0.276584267616272,0.9375
l_curve_3,450,0.2763471305370331,0.9375
l_curve_3,451,0.276131272315979,0.9375
l_curve_3,452,0.2758772373199463,0.9375
l_curve_3,453,0.2756471037864685,0.9375
l_curve_3,454,0.2754053473472595,0.9375
l_curve_3,455,0.2751830220222473,0.9375
l_curve_3,456,0.274963915348053,0.9375
l_curve_3,457,0.27473029494285583,0.9375
l_curve_3,458,0.27446842193603516,0.9375
l_curve_3,459,0.27423399686813354,0.9375
l_curve_3,460,0.27397119998931885,0.9375
l_curve_3,461,0.2737467288970947,0.9375
l_curve_3,462,0.2734953761100769,0.9375
l_curve_3,463,0.2732657790184021,0.9375
l_curve_3,464,0.27305254340171814,0.9375
l_curve_3,465,0.2728284001350403,0.9375
l_curve_3,466,0.27264493703842163,0.9375
l_curve_3,467,0.2724553346633911,0.9375
l_curve_3,468,0.272205650806427,0.9375
l_curve_3,469,0.2719425559043884,0.9375
l_curve_3,470,0.271754652261734,0.9375
l_curve_3,471,0.2715265154838562,0.9375
l_curve_3,472,0.27131128311157227,0.9375
l_curve_3,473,0.27111756801605225,0.9375
l_curve_3,474,0.27095383405685425,0.9375
l_curve_3,475,0.2707170844078064,0.9375
l_curve_3,476,0.2704927325248718,0.9375
l_curve_3,477,0.2702954411506653,0.9375
l_curve_3,478,0.27009740471839905,0.9375
l_curve_3,479,0.2698828876018524,0.9375
l_curve_3,480,0.2696872353553772,0.9375
l_curve_3,481,0.26950618624687195,0.9375
l_curve_3,482,0.2693062424659729,0.9375
l_curve_3,483,0.2690998613834381,0.9375
l_curve_3,484,0.26892009377479553,0.9375
l_curve_3,485,0.2687285542488098,0.9375
l_curve_3,486,0.2685234546661377,0.9375
l_curve_3,487,0.26836371421813965,0.9375
l_curve_3,488,0.2681894302368164,0.9375
l_curve_3,489,0.2680101990699768,0.9375
l_curve_3,490,0.2678016424179077,0.9375
l_curve_3,491,0.26762306690216064,0.9375
l_curve_3,492,0.26745980978012085,0.9375
l_curve_3,493,0.2672388255596161,0.9375
l_curve_3,494,0.2670658826828003,0.9375
l_curve_3,495,0.2668893337249756,0.9375
l_curve_3,496,0.2667059004306793,0.9375
l_curve_3,497,0.266552597284317,0.9375
l_curve_3,498,0.2663654088973999,0.9375
l_curve_3,499,0.26618751883506775,0.9375
l_curve_3,500,0.26597654819488525,0.9375
l_curve_3,501,0.2657797634601593,0.9375
l_curve_3,502,0.2656235694885254,0.9375
l_curve_3,503,0.2654757499694824,0.9375
l_curve_3,504,0.26529479026794434,0.9375
l_curve_3,505,0.26519063115119934,0.9375
l_curve_3,506,0.2650045156478882,0.9375
l_curve_3,507,0.2648051977157593,0.9375
l_curve_3,508,0.26461535692214966,0.9375
l_curve_3,509,0.26442673802375793,0.9375
l_curve_3,510,0.2642795145511627,0.9375
l_curve_3,511,0.26417142152786255,0.9375
l_curve_3,512,0.2640264332294464,0.9375
l_curve_3,513,0.26389625668525696,0.9375
l_curve_3,514,0.2637195885181427,0.9375
l_curve_3,515,0.26358574628829956,0.9375
l_curve_3,516,0.2634251117706299,0.9375
l_curve_3,517,0.26329952478408813,0.9375
l_curve_3,518,0.26314350962638855,0.9375
l_curve_3,519,0.26297545433044434,0.9375
l_curve_3,520,0.2628307640552521,0.9375
l_curve_3,521,0.2626745104789734,0.9375
l_curve_3,522,0.2625484764575958,0.9375
l_curve_3,523,0.26239562034606934,0.9375
l_curve_3,524,0.2622576951980591,0.9375
l_curve_3,525,0.2621307969093323,0.9375
l_curve_3,526,0.2619749903678894,0.9375
l_curve_3,527,0.26181256771087646,0.9375
l_curve_3,528,0.2616941034793854,0.9375
l_curve_3,529,0.2615832984447479,0.9375
l_curve_3,530,0.2614666223526001,0.9375
l_curve_3,531,0.2612990140914917,0.9375
l_curve_3,532,0.26114609837532043,0.9375
l_curve_3,533,0.2609861493110657,0.9375
l_curve_3,534,0.2608659565448761,0.9375
l_curve_3,535,0.26070836186408997,0.9375
l_curve_3,536,0.2605467140674591,0.9375
l_curve_3,537,0.2603548765182495,0.9375
l_curve_3,538,0.2602628469467163,0.9375
l_curve_3,539,0.2601286768913269,0.9375
l_curve_3,540,0.2599790096282959,0.9375
l_curve_3,541,0.25985318422317505,0.9375
l_curve_3,542,0.25973138213157654,0.9375
l_curve_3,543,0.2596457600593567,0.9375
l_curve_3,544,0.2595594525337219,0.9375
l_curve_3,545,0.25943589210510254,0.9375
l_curve_3,546,0.2592894732952118,0.9375
l_curve_3,547,0.2591717839241028,0.9375
l_curve_3,548,0.25907468795776367,0.9375
l_curve_3,549,0.2589174807071686,0.9375
l_curve_3,550,0.25882139801979065,0.9375
l_curve_3,551,0.258681058883667,0.9375
l_curve_3,552,0.2585732936859131,0.9375
l_curve_3,553,0.25845155119895935,0.9375
l_curve_3,554,0.2583659887313843,0.9375
l_curve_3,555,0.2582189738750458,0.9375
l_curve_3,556,0.25813376903533936,0.9375
l_curve_3,557,0.25800251960754395,0.9375
l_curve_3,558,0.2578875422477722,0.9375
l_curve_3,559,0.25778114795684814,0.9375
l_curve_3,560,0.2576635479927063,0.9375
l_curve_3,561,0.2575221061706543,0.9375
l_curve_3,562,0.2574422359466553,0.9375
l_curve_3,563,0.25734686851501465,0.9375
l_curve_3,564,0.25722822546958923,0.9375
l_curve_3,565,0.25711435079574585,0.9375
l_curve_3,566,0.25701695680618286,0.9375
l_curve_3,567,0.2569277286529541,0.9375
l_curve_3,568,0.2568506598472595,0.9375
l_curve_3,569,0.2567161023616791,0.9375
l_curve_3,570,0.25656047463417053,0.9375
l_curve_3,571,0.25644659996032715,0.9375
l_curve_3,572,0.256319135427475,0.9375
l_curve_3,573,0.25618234276771545,0.9375
l_curve_3,574,0.2560676336288452,0.9375
l_curve_3,575,0.2559952437877655,0.9375
l_curve_3,576,0.2558995187282562,0.9375
l_curve_3,577,0.2557864785194397,0.9375
l_curve_3,578,0.25568947196006775,0.9375
l_curve_3,579,0.2555896043777466,0.9375
l_curve_3,580,0.2554766833782196,0.9375
l_curve_3,581,0.2553844451904297,0.9375
l_curve_3,582,0.25527095794677734,0.9375
l_curve_3,583,0.25518232583999634,0.9375
l_curve_3,584,0.255079060792923,0.9375
l_curve_3,585,0.2550102472305298,0.9375
l_curve_3,586,0.2549804449081421,0.9375
l_curve_3,587,0.25489941239356995,0.9375
l_curve_3,588,0.2547723650932312,0.9375
l_curve_3,589,0.2546778917312622,0.9375
l_curve_3,590,0.2545468211174011,0.9375
l_curve_3,591,0.25442489981651306,0.9375
l_curve_3,592,0.2543598413467407,0.9375
l_curve_3,593,0.2542397975921631,0.9375
l_curve_3,594,0.2541823089122772,0.9375
l_curve_3,595,0.25408419966697693,0.9375
l_curve_3,596,0.25400280952453613,0.9375
l_curve_3,597,0.25391513109207153,0.9375
l_curve_3,598,0.25382646918296814,0.9375
l_curve_3,599,0.2537361681461334,0.9375
l_curve_3,600,0.25364941358566284,0.9375
l_curve_3,601,0.25352659821510315,0.9375
l_curve_3,602,0.2534306049346924,0.9375
l_curve_3,603,0.25337544083595276,0.9375
l_curve_3,604,0.25330808758735657,0.9375
l_curve_3,605,0.25322386622428894,0.9375
l_curve_3,606,0.2531265616416931,0.9375
l_curve_3,607,0.25307872891426086,0.9375
l_curve_3,608,0.2529865503311157,0.9375
l_curve_3,609,0.25291621685028076,0.9375
l_curve_3,610,0.2528943717479706,0.9375
l_curve_3,611,0.2527990937232971,0.9375
l_curve_3,612,0.25272709131240845,0.9375
l_curve_3,613,0.2526266574859619,0.9375
l_curve_3,614,0.2525339722633362,0.9375
l_curve_3,615,0.25249379873275757,0.9375
l_curve_3,616,0.2523941397666931,0.9375
l_curve_3,617,0.25230157375335693,0.9375
l_curve_3,618,0.25218701362609863,0.9375
l_curve_3,619,0.2521018087863922,0.9375
l_curve_3,620,0.25203102827072144,0.9375
l_curve_3,621,0.25195756554603577,0.9375
l_curve_3,622,0.25185054540634155,0.9375
l_curve_3,623,0.2517606019973755,0.9375
l_curve_3,624,0.2517157793045044,0.9375
l_curve_3,625,0.25166940689086914,0.9375
l_curve_3,626,0.251615047454834,0.9375
l_curve_3,627,0.25151878595352173,0.9375
l_curve_3,628,0.25146299600601196,0.9375
l_curve_3,629,0.2514295279979706,0.9375
l_curve_3,630,0.25137168169021606,0.9375
l_curve_3,631,0.25128862261772156,0.9375
l_curve_3,632,0.251200795173645,0.9375
l_curve_3,633,0.25112977623939514,0.9375
l_curve_3,634,0.2510831952095032,0.9375
l_curve_3,635,0.2510339319705963,0.9375
l_curve_3,636,0.2509738802909851,0.9375
l_curve_3,637,0.2509421110153198,0.9375
l_curve_3,638,0.2508200407028198,0.9375
l_curve_3,639,0.25072747468948364,0.9375
l_curve_3,640,0.2506062984466553,0.9375
l_curve_3,641,0.2505580186843872,0.9375
l_curve_3,642,0.25045245885849,0.9375
l_curve_3,643,0.2503584623336792,0.9375
l_curve_3,644,0.25031259655952454,0.9375
l_curve_3,645,0.250255823135376,0.9375
l_curve_3,646,0.25021547079086304,0.9375
l_curve_3,647,0.25017303228378296,0.9375
l_curve_3,648,0.25009775161743164,0.9375
l_curve_3,649,0.250068336725235,0.9375
l_curve_3,650,0.24999187886714935,0.9375
l_curve_3,651,0.24990074336528778,0.9375
l_curve_3,652,0.24983325600624084,0.9375
l_curve_3,653,0.2497628629207611,0.9375
l_curve_3,654,0.249702587723732,0.9375
l_curve_3,655,0.24960026144981384,0.9375
l_curve_3,656,0.24954962730407715,0.9375
l_curve_3,657,0.2494879961013794,0.9375
l_curve_3,658,0.24943839013576508,0.9375
l_curve_3,659,0.2493603527545929,0.9375
l_curve_3,660,0.2492794543504715,0.9375
l_curve_3,661,0.24918542802333832,0.9375
l_curve_3,662,0.24917615950107574,0.9375
l_curve_3,663,0.2491433024406433,0.9375
l_curve_3,664,0.24907520413398743,0.9375
l_curve_3,665,0.24901463091373444,0.9375
l_curve_3,666,0.24901437759399414,0.9375
l_curve_3,667,0.24895894527435303,0.9375
l_curve_3,668,0.24886150658130646,0.9375
l_curve_3,669,0.2488243132829666,0.9375
l_curve_3,670,0.24879097938537598,0.9375
l_curve_3,671,0.24867717921733856,0.9375
l_curve_3,672,0.2486782819032669,0.9375
l_curve_3,673,0.24862822890281677,0.9375
l_curve_3,674,0.24855735898017883,0.9375
l_curve_3,675,0.2484758198261261,0.9375
l_curve_3,676,0.24839173257350922,0.9375
l_curve_3,677,0.2483590990304947,0.9375
l_curve_3,678,0.24828921258449554,0.9375
l_curve_3,679,0.24827739596366882,0.9375
l_curve_3,680,0.24825173616409302,0.9375
l_curve_3,681,0.2481715977191925,0.9375
l_curve_3,682,0.24809706211090088,0.9375
l_curve_3,683,0.24807877838611603,0.9375
l_curve_3,684,0.2479981929063797,0.9375
l_curve_3,685,0.2479388564825058,0.9375
l_curve_3,686,0.2478896975517273,0.9375
l_curve_3,687,0.24783359467983246,0.9375
l_curve_3,688,0.24780970811843872,0.9375
l_curve_3,689,0.24771639704704285,0.9375
l_curve_3,690,0.2476995587348938,0.9375
l_curve_3,691,0.24766656756401062,0.9375
l_curve_3,692,0.24765494465827942,0.9375
l_curve_3,693,0.24758407473564148,0.9375
l_curve_3,694,0.24750643968582153,0.9375
l_curve_3,695,0.2474876344203949,0.9375
l_curve_3,696,0.24739044904708862,0.9375
l_curve_3,697,0.24740111827850342,0.9375
l_curve_3,698,0.24732056260108948,0.9375
l_curve_3,699,0.24727556109428406,0.9375
l_curve_3,700,0.24722254276275635,0.9375
l_curve_3,701,0.2472231388092041,0.9375
l_curve_3,702,0.24713970720767975,0.9375
l_curve_3,703,0.24712200462818146,0.9375
l_curve_3,704,0.24705147743225098,0.9375
l_curve_3,705,0.2470092475414276,0.9375
l_curve_3,706,0.24692702293395996,0.9375
l_curve_3,707,0.2468995749950409,0.9375
l_curve_3,708,0.24682149291038513,0.9375
l_curve_3,709,0.24677079916000366,0.9375
l_curve_3,710,0.24674473702907562,0.9375
l_curve_3,711,0.2466735988855362,0.9375
l_curve_3,712,0.24659210443496704,0.9375
l_curve_3,713,0.24653920531272888,0.9375
l_curve_3,714,0.24654005467891693,0.9375
l_curve_3,715,0.24649710953235626,0.9375
l_curve_3,716,0.24647663533687592,0.9375
l_curve_3,717,0.24643366038799286,0.9375
l_curve_3,718,0.24637427926063538,0.9375
l_curve_3,719,0.24636630713939667,0.9375
l_curve_3,720,0.24634309113025665,0.9375
l_curve_3,721,0.2463061809539795,0.9375
l_curve_3,722,0.24625489115715027,0.9375
l_curve_3,723,0.2462194710969925,0.9375
l_curve_3,724,0.24616950750350952,0.9375
l_curve_3,725,0.2460993528366089,0.9375
l_curve_3,726,0.2460450530052185,0.9375
l_curve_3,727,0.2459772229194641,0.9375
l_curve_3,728,0.24597004055976868,0.9375
l_curve_3,729,0.2459258735179901,0.9375
l_curve_3,730,0.245939701795578,0.9375
l_curve_3,731,0.24594390392303467,0.9375
l_curve_3,732,0.24588298797607422,0.9375
l_curve_3,733,0.24580399692058563,0.9375
l_curve_3,734,0.2457655966281891,0.9375
l_curve_3,735,0.24566704034805298,0.9375
l_curve_3,736,0.2456369400024414,0.9375
l_curve_3,737,0.24559883773326874,0.9375
l_curve_3,738,0.24556443095207214,0.9375
l_curve_3,739,0.2455063760280609,0.9375
l_curve_3,740,0.24544408917427063,0.9375
l_curve_3,741,0.24544396996498108,0.9375
l_curve_3,742,0.24544350802898407,0.9375
l_curve_3,743,0.24544596672058105,0.9375
l_curve_3,744,0.24538356065750122,0.9375
l_curve_3,745,0.2453952431678772,0.9375
l_curve_3,746,0.2453107237815857,0.9375
l_curve_3,747,0.24526762962341309,0.9375
l_curve_3,748,0.24520669877529144,0.9375
l_curve_3,749,0.24515818059444427,0.9375
l_curve_3,750,0.245101660490036,0.9375
l_curve_3,751,0.24512018263339996,0.9375
l_curve_3,752,0.2450585514307022,0.9375
l_curve_3,753,0.244989812374115,0.9375
l_curve_3,754,0.24494987726211548,0.9375
l_curve_3,755,0.24490541219711304,0.9375
l_curve_3,756,0.24483400583267212,0.9375
l_curve_3,757,0.24481450021266937,0.9375
l_curve_3,758,0.24481740593910217,0.9375
l_curve_3,759,0.24475865066051483,0.9375
l_curve_3,760,0.24471311271190643,0.9375
l_curve_3,761,0.24467630684375763,0.9375
l_curve_3,762,0.24469339847564697,0.9375
l_curve_3,763,0.24468263983726501,0.9375
l_curve_3,764,0.24461203813552856,0.9375
l_curve_3,765,0.2446034848690033,0.9375
l_curve_3,766,0.24465413391590118,0.9375
l_curve_3,767,0.24462853372097015,0.9375
l_curve_3,768,0.24463951587677002,0.9375
l_curve_3,769,0.244611918926239,0.9375
l_curve_3,770,0.24455556273460388,0.9375
l_curve_3,771,0.2444787472486496,0.9375
l_curve_3,772,0.24445033073425293,0.9375
l_curve_3,773,0.24434378743171692,0.9375
l_curve_3,774,0.24428516626358032,0.9375
l_curve_3,775,0.24423395097255707,0.9375
l_curve_3,776,0.24419260025024414,0.9375
l_curve_3,777,0.24413259327411652,0.9375
l_curve_3,778,0.24414882063865662,0.9375
l_curve_3,779,0.2440982311964035,0.9375
l_curve_3,780,0.24405449628829956,0.9375
l_curve_3,781,0.24404163658618927,0.9375
l_curve_3,782,0.2440541684627533,0.9375
l_curve_3,783,0.24398750066757202,0.9375
l_curve_3,784,0.2439643144607544,0.9375
l_curve_3,785,0.2439403384923935,0.9375
l_curve_3,786,0.24390023946762085,0.9375
l_curve_3,787,0.24385248124599457,0.9375
l_curve_3,788,0.243798166513443,0.9375
l_curve_3,789,0.24373266100883484,0.9375
l_curve_3,790,0.24368534982204437,0.9375
l_curve_3,791,0.24369311332702637,0.9375
l_curve_3,792,0.24362000823020935,0.9375
l_curve_3,793,0.24362696707248688,0.9375
l_curve_3,794,0.24361512064933777,0.9375
l_curve_3,795,0.24352668225765228,0.9375
l_curve_3,796,0.24347367882728577,0.9375
l_curve_3,797,0.24342381954193115,0.9375
l_curve_3,798,0.24339188635349274,0.9375
l_curve_3,799,0.24338623881340027,0.9375
l_curve_3,800,0.2433008849620819,0.9375
l_curve_3,801,0.24329964816570282,0.9375
l_curve_3,802,0.24331092834472656,0.9375
l_curve_3,803,0.24332571029663086,0.9375
l_curve_3,804,0.24331384897232056,0.9375
l_curve_3,805,0.24330836534500122,0.9375
l_curve_3,806,0.24323666095733643,0.9375
l_curve_3,807,0.24317681789398193,0.9375
l_curve_3,808,0.24314352869987488,0.9375
l_curve_3,809,0.24315166473388672,0.9375
l_curve_3,810,0.2430918663740158,0.9375
l_curve_3,811,0.2430361956357956,0.9375
l_curve_3,812,0.2429916113615036,0.9375
l_curve_3,813,0.2429361194372177,0.9375
l_curve_3,814,0.2428661733865738,0.9375
l_curve_3,815,0.24286343157291412,0.9375
l_curve_3,816,0.2428085207939148,0.9375
l_curve_3,817,0.2427138388156891,0.9375
l_curve_3,818,0.2427244782447815,0.9375
l_curve_3,819,0.24268922209739685,0.9375
l_curve_3,820,0.2427155077457428,0.9375
l_curve_3,821,0.24267642199993134,0.9375
l_curve_3,822,0.24263128638267517,0.9375
l_curve_3,823,0.24262835085391998,0.9375
l_curve_3,824,0.24253977835178375,0.9375
l_curve_3,825,0.24250580370426178,0.9375
l_curve_3,826,0.24253323674201965,0.9375
l_curve_3,827,0.2425154745578766,0.9375
l_curve_3,828,0.2424892783164978,0.9375
l_curve_3,829,0.24241065979003906,0.9375
l_curve_3,830,0.24233630299568176,0.9375
l_curve_3,831,0.24234920740127563,0.9375
l_curve_3,832,0.24228473007678986,0.9375
l_curve_3,833,0.24229025840759277,0.9375
l_curve_3,834,0.242218479514122,0.9375
l_curve_3,835,0.2421610951423645,0.9375
l_curve_3,836,0.2421562224626541,0.9375
l_curve_3,837,0.24217143654823303,0.9375
l_curve_3,838,0.24213683605194092,0.9375
l_curve_3,839,0.24212399125099182,0.9375
l_curve_3,840,0.24208605289459229,0.9375
l_curve_3,841,0.2420588880777359,0.9375
l_curve_3,842,0.24202190339565277,0.9375
l_curve_3,843,0.24199844896793365,0.9375
l_curve_3,844,0.2419683039188385,0.9375
l_curve_3,845,0.24196788668632507,0.9375
l_curve_3,846,0.24194744229316711,0.9375
l_curve_3,847,0.24194809794425964,0.9375
l_curve_3,848,0.2418796271085739,0.9375
l_curve_3,849,0.2418603003025055,0.9375
l_curve_3,850,0.2418542057275772,0.9375
l_curve_3,851,0.24180588126182556,0.9375
l_curve_3,852,0.24179142713546753,0.9375
l_curve_3,853,0.24180972576141357,0.9375
l_curve_3,854,0.24179929494857788,0.9375
l_curve_3,855,0.24179930984973907,0.9375
l_curve_3,856,0.24173656105995178,0.9375
l_curve_3,857,0.24170315265655518,0.9375
l_curve_3,858,0.2417043298482895,0.9375
l_curve_3,859,0.24168312549591064,0.9375
l_curve_3,860,0.2415790557861328,0.9375
l_curve_3,861,0.2416190505027771,0.9375
l_curve_3,862,0.24153651297092438,0.9375
l_curve_3,863,0.24150873720645905,0.9375
l_curve_3,864,0.24148865044116974,0.9375
l_curve_3,865,0.2414332628250122,0.9375
l_curve_3,866,0.24136441946029663,0.9375
l_curve_3,867,0.24135205149650574,0.9375
l_curve_3,868,0.24131625890731812,0.9375
l_curve_3,869,0.24126814305782318,0.9375
l_curve_3,870,0.2411799132823944,0.9375
l_curve_3,871,0.2412087619304657,0.9375
l_curve_3,872,0.2411992847919464,0.9375
l_curve_3,873,0.241219162940979,0.9375
l_curve_3,874,0.24123071134090424,0.9375
l_curve_3,875,0.24122485518455505,0.9375
l_curve_3,876,0.24120768904685974,0.9375
l_curve_3,877,0.24112887680530548,0.9375
l_curve_3,878,0.24110202491283417,0.9375
l_curve_3,879,0.24107998609542847,0.9375
l_curve_3,880,0.24103708565235138,0.9375
l_curve_3,881,0.2409898340702057,0.9375
l_curve_3,882,0.24093998968601227,0.9375
l_curve_3,883,0.24087806046009064,0.9375
l_curve_3,884,0.24086517095565796,0.9375
l_curve_3,885,0.24085210263729095,0.9375
l_curve_3,886,0.240849569439888,0.9375
l_curve_3,887,0.24076947569847107,0.9375
l_curve_3,888,0.24077624082565308,0.9375
l_curve_3,889,0.24078211188316345,0.9375
l_curve_3,890,0.24070686101913452,0.9375
l_curve_3,891,0.24072402715682983,0.9375
l_curve_3,892,0.24063390493392944,0.9375
l_curve_3,893,0.24063393473625183,0.9375
l_curve_3,894,0.24057036638259888,0.9375
l_curve_3,895,0.24050845205783844,0.9375
l_curve_3,896,0.24047480523586273,0.9375
l_curve_3,897,0.24045348167419434,0.9375
l_curve_3,898,0.24042406678199768,0.9375
l_curve_3,899,0.2404065579175949,0.9375
l_curve_3,900,0.24037757515907288,0.9375
l_curve_3,901,0.24033582210540771,0.9375
l_curve_3,902,0.24030499160289764,0.9375
l_curve_3,903,0.24025796353816986,0.9375
l_curve_3,904,0.24025972187519073,0.9375
l_curve_3,905,0.24027159810066223,0.9375
l_curve_3,906,0.24020861089229584,0.9375
l_curve_3,907,0.24017742276191711,0.9375
l_curve_3,908,0.24017812311649323,0.9375
l_curve_3,909,0.24018962681293488,0.9375
l_curve_3,910,0.24017126858234406,0.9375
l_curve_3,911,0.24009618163108826,0.9375
l_curve_3,912,0.24007859826087952,0.9375
l_curve_3,913,0.2400842010974884,0.9375
l_curve_3,914,0.24000748991966248,0.9375
l_curve_3,915,0.24001120030879974,0.9375
l_curve_3,916,0.2399662435054779,0.9375
l_curve_3,917,0.23992879688739777,0.9375
l_curve_3,918,0.2399318367242813,0.9375
l_curve_3,919,0.23987339437007904,0.9375
l_curve_3,920,0.23984085023403168,0.9375
l_curve_3,921,0.23985129594802856,0.9375
l_curve_3,922,0.23977796733379364,0.9375
l_curve_3,923,0.23973801732063293,0.9375
l_curve_3,924,0.23967988789081573,0.9375
l_curve_3,925,0.23965364694595337,0.9375
l_curve_3,926,0.23964697122573853,0.9375
l_curve_3,927,0.2395973801612854,0.9375
l_curve_3,928,0.2396082878112793,0.9375
l_curve_3,929,0.23957565426826477,0.9375
l_curve_3,930,0.23954108357429504,0.9375
l_curve_3,931,0.23951156437397003,0.9375
l_curve_3,932,0.23953837156295776,0.9375
l_curve_3,933,0.2394677698612213,0.9375
l_curve_3,934,0.23949873447418213,0.9375
l_curve_3,935,0.23951347172260284,0.9375
l_curve_3,936,0.23942500352859497,0.9375
l_curve_3,937,0.23937565088272095,0.9375
l_curve_3,938,0.2392965406179428,0.9375
l_curve_3,939,0.239277184009552,0.9375
l_curve_3,940,0.2392626255750656,0.9375
l_curve_3,941,0.23919576406478882,0.9375
l_curve_3,942,0.2392008900642395,0.9375
l_curve_3,943,0.23921217024326324,0.9375
l_curve_3,944,0.23915351927280426,0.9375
l_curve_3,945,0.2391037791967392,0.9375
l_curve_3,946,0.2390904724597931,0.9375
l_curve_3,947,0.23902902007102966,0.9375
l_curve_3,948,0.23901112377643585,0.9375
l_curve_3,949,0.23898549377918243,0.9375
l_curve_3,950,0.23890310525894165,0.9375
l_curve_3,951,0.2389427125453949,0.9375
l_curve_3,952,0.23896701633930206,0.9375
l_curve_3,953,0.23892924189567566,0.9375
l_curve_3,954,0.23890624940395355,0.9375
l_curve_3,955,0.23890426754951477,0.9375
l_curve_3,956,0.23881597816944122,0.9375
l_curve_3,957,0.23884406685829163,0.9375
l_curve_3,958,0.23882581293582916,0.9375
l_curve_3,959,0.2387562245130539,0.9375
l_curve_3,960,0.23871859908103943,0.9375
l_curve_3,961,0.23867809772491455,0.9375
l_curve_3,962,0.23868899047374725,0.9375
l_curve_3,963,0.23866809904575348,0.9375
l_curve_3,964,0.23867323994636536,0.9375
l_curve_3,965,0.23860600590705872,0.9375
l_curve_3,966,0.2386084347963333,0.9375
l_curve_3,967,0.23858314752578735,0.9375
l_curve_3,968,0.23856590688228607,0.9375
l_curve_3,969,0.23853684961795807,0.9375
l_curve_3,970,0.23848947882652283,0.9375
l_curve_3,971,0.23848602175712585,0.9375
l_curve_3,972,0.2385202944278717,0.9375
l_curve_3,973,0.238435298204422,0.9375
l_curve_3,974,0.23841407895088196,0.9375
l_curve_3,975,0.23836320638656616,0.9375
l_curve_3,976,0.23839347064495087,0.9375
l_curve_3,977,0.23837578296661377,0.9375
l_curve_3,978,0.23832450807094574,0.9375
l_curve_3,979,0.2382698655128479,0.9375
l_curve_3,980,0.23823869228363037,0.9375
l_curve_3,981,0.23816826939582825,0.9375
l_curve_3,982,0.23817694187164307,0.9375
l_curve_3,983,0.2381412237882614,0.9375
l_curve_3,984,0.2381032109260559,0.9375
l_curve_3,985,0.23808586597442627,0.9375
l_curve_3,986,0.23811601102352142,0.9375
l_curve_3,987,0.23810885846614838,0.9375
l_curve_3,988,0.23805759847164154,0.9375
l_curve_3,989,0.23808884620666504,0.9375
l_curve_3,990,0.2380649745464325,0.9375
l_curve_3,991,0.23803558945655823,0.9375
l_curve_3,992,0.23802560567855835,0.9375
l_curve_3,993,0.23796223104000092,0.9375
l_curve_3,994,0.23793962597846985,0.9375
l_curve_3,995,0.23791787028312683,0.9375
l_curve_3,996,0.23789039254188538,0.9375
l_curve_3,997,0.23786388337612152,0.9375
l_curve_3,998,0.23783227801322937,0.9375
l_curve_3,999,0.2377994954586029,0.9375
l_curve_3,1000,0.23772498965263367,0.9375
l_curve_3,1001,0.23769989609718323,0.9375
l_curve_3,1002,0.2377120852470398,0.9375
l_curve_3,1003,0.2376367747783661,0.9375
l_curve_3,1004,0.23757264018058777,0.9375
l_curve_3,1005,0.23755086958408356,0.9375
l_curve_3,1006,0.23751330375671387,0.9375
l_curve_3,1007,0.2374858409166336,0.9375
l_curve_3,1008,0.23743464052677155,0.9375
l_curve_3,1009,0.23739711940288544,0.9375
l_curve_3,1010,0.2373417615890503,0.9375
l_curve_3,1011,0.237326979637146,0.9375
l_curve_3,1012,0.23731717467308044,0.9375
l_curve_3,1013,0.2373305708169937,0.9375
l_curve_3,1014,0.23736461997032166,0.9375
l_curve_3,1015,0.23739838600158691,0.9375
l_curve_3,1016,0.23737883567810059,0.9375
l_curve_3,1017,0.2373281717300415,0.9375
l_curve_3,1018,0.23727083206176758,0.9375
l_curve_3,1019,0.237251877784729,0.9375
l_curve_3,1020,0.23721346259117126,0.9375
l_curve_3,1021,0.23718728125095367,0.9375
l_curve_3,1022,0.23716405034065247,0.9375
l_curve_3,1023,0.23715300858020782,0.9375
l_curve_3,1024,0.23709748685359955,0.9375
l_curve_3,1025,0.23705995082855225,0.9375
l_curve_3,1026,0.23706600069999695,0.9375
l_curve_3,1027,0.23707187175750732,0.9375
l_curve_3,1028,0.23702162504196167,0.9375
l_curve_3,1029,0.2370147854089737,0.9375
l_curve_3,1030,0.23700422048568726,0.9375
l_curve_3,1031,0.2369879186153412,0.9375
l_curve_3,1032,0.2369188815355301,0.9375
l_curve_3,1033,0.23688523471355438,0.9375
l_curve_3,1034,0.23682940006256104,0.9375
l_curve_3,1035,0.23679450154304504,0.9375
l_curve_3,1036,0.23676876723766327,0.9375
l_curve_3,1037,0.23672674596309662,0.9375
l_curve_3,1038,0.23669609427452087,0.9375
l_curve_3,1039,0.2367081195116043,0.9375
l_curve_3,1040,0.23669244349002838,0.9375
l_curve_3,1041,0.23661944270133972,0.9375
l_curve_3,1042,0.23654192686080933,0.9375
l_curve_3,1043,0.23648492991924286,0.9375
l_curve_3,1044,0.23642641305923462,0.9375
l_curve_3,1045,0.23637302219867706,0.9375
l_curve_3,1046,0.23637862503528595,0.9375
l_curve_3,1047,0.2363594025373459,0.9375
l_curve_3,1048,0.2363658845424652,0.9375
l_curve_3,1049,0.2363394796848297,0.9375
l_curve_3,1050,0.2363072782754898,0.9375
l_curve_3,1051,0.23628002405166626,0.9375
l_curve_3,1052,0.23636043071746826,0.9375
l_curve_3,1053,0.23627889156341553,0.9375
l_curve_3,1054,0.2362874150276184,0.9375
l_curve_3,1055,0.2361898124217987,0.9375
l_curve_3,1056,0.23618432879447937,0.9375
l_curve_3,1057,0.2361029088497162,0.9375
l_curve_3,1058,0.23610147833824158,0.9375
l_curve_3,1059,0.23603731393814087,0.9375
l_curve_3,1060,0.2360384166240692,0.9375
l_curve_3,1061,0.2360672652721405,0.9375
l_curve_3,1062,0.23599670827388763,0.9375
l_curve_3,1063,0.23593416810035706,0.9375
l_curve_3,1064,0.2359592318534851,0.9375
l_curve_3,1065,0.23599690198898315,0.9375
l_curve_3,1066,0.23594918847084045,0.9375
l_curve_3,1067,0.23590174317359924,0.9375
l_curve_3,1068,0.2358526587486267,0.9375
l_curve_3,1069,0.23582100868225098,0.9375
l_curve_3,1070,0.23582006990909576,0.9375
l_curve_3,1071,0.23584109544754028,0.9375
l_curve_3,1072,0.23575757443904877,0.9375
l_curve_3,1073,0.23575535416603088,0.9375
l_curve_3,1074,0.23579171299934387,0.9375
l_curve_3,1075,0.23574477434158325,0.9375
l_curve_3,1076,0.235727459192276,0.9375
l_curve_3,1077,0.23573380708694458,0.9375
l_curve_3,1078,0.2357078343629837,0.9375
l_curve_3,1079,0.23568564653396606,0.9375
l_curve_3,1080,0.23566791415214539,0.9375
l_curve_3,1081,0.23562945425510406,0.9375
l_curve_3,1082,0.23556645214557648,0.9375
l_curve_3,1083,0.2355560064315796,0.9375
l_curve_3,1084,0.23557376861572266,0.9375
l_curve_3,1085,0.2356192022562027,0.9375
l_curve_3,1086,0.2355426549911499,0.9375
l_curve_3,1087,0.2355416715145111,0.9375
l_curve_3,1088,0.2355317622423172,0.9375
l_curve_3,1089,0.23554366827011108,0.9375
l_curve_3,1090,0.23554196953773499,0.9375
l_curve_3,1091,0.2355073243379593,0.9375
l_curve_3,1092,0.23539693653583527,0.9375
l_curve_3,1093,0.2353626787662506,0.9375
l_curve_3,1094,0.2353682667016983,0.9375
l_curve_3,1095,0.23523153364658356,0.9375
l_curve_3,1096,0.23525427281856537,0.9375
l_curve_3,1097,0.23521965742111206,0.9375
l_curve_3,1098,0.23519635200500488,0.9375
l_curve_3,1099,0.2351868599653244,0.9375
l_curve_3,1100,0.2351432740688324,0.9375
l_curve_3,1101,0.2351406365633011,0.9375
l_curve_3,1102,0.2350882887840271,0.9375
l_curve_3,1103,0.2350376844406128,0.9375
l_curve_3,1104,0.23500025272369385,0.9375
l_curve_3,1105,0.23499049246311188,0.9375
l_curve_3,1106,0.23495149612426758,0.9375
l_curve_3,1107,0.23492443561553955,0.9375
l_curve_3,1108,0.23497211933135986,0.9375
l_curve_3,1109,0.23492541909217834,0.9375
l_curve_3,1110,0.23485547304153442,0.9375
l_curve_3,1111,0.23481804132461548,0.9375
l_curve_3,1112,0.23478902876377106,0.9375
l_curve_3,1113,0.2348114252090454,0.9375
l_curve_3,1114,0.23481273651123047,0.9375
l_curve_3,1115,0.2347879856824875,0.9375
l_curve_3,1116,0.23472349345684052,0.9375
l_curve_3,1117,0.2346472442150116,0.9375
l_curve_3,1118,0.23461474478244781,0.9375
l_curve_3,1119,0.23451676964759827,0.9375
l_curve_3,1120,0.23444092273712158,0.9375
l_curve_3,1121,0.2344101220369339,0.9375
l_curve_3,1122,0.234335258603096,0.9375
l_curve_3,1123,0.23432636260986328,0.9375
l_curve_3,1124,0.23433203995227814,0.9375
l_curve_3,1125,0.23430073261260986,0.9375
l_curve_3,1126,0.23428234457969666,0.9375
l_curve_3,1127,0.23427213728427887,0.9375
l_curve_3,1128,0.23426678776741028,0.9375
l_curve_3,1129,0.2341812252998352,0.9375
l_curve_3,1130,0.23420120775699615,0.9375
l_curve_3,1131,0.2341303527355194,0.9375
l_curve_3,1132,0.2341603934764862,0.9375
l_curve_3,1133,0.2340555340051651,0.9375
l_curve_3,1134,0.23407846689224243,0.9375
l_curve_3,1135,0.23404254019260406,0.9375
l_curve_3,1136,0.23402616381645203,0.9375
l_curve_3,1137,0.23392540216445923,0.9375
l_curve_3,1138,0.23397739231586456,0.9375
l_curve_3,1139,0.23400771617889404,0.9375
l_curve_3,1140,0.23400920629501343,0.9375
l_curve_3,1141,0.23402535915374756,0.9375
l_curve_3,1142,0.23400568962097168,0.9375
l_curve_3,1143,0.23398926854133606,0.9375
l_curve_3,1144,0.23387840390205383,0.9375
l_curve_3,1145,0.2338971644639969,0.9375
l_curve_3,1146,0.23388691246509552,0.9375
l_curve_3,1147,0.2339145541191101,0.9375
l_curve_3,1148,0.23391027748584747,0.9375
l_curve_3,1149,0.2339172065258026,0.9375
l_curve_3,1150,0.23381292819976807,0.9375
l_curve_3,1151,0.2337343841791153,0.9375
l_curve_3,1152,0.2337377369403839,0.9375
l_curve_3,1153,0.23374883830547333,0.9375
l_curve_3,1154,0.23376509547233582,0.9375
l_curve_3,1155,0.2337859869003296,0.9375
l_curve_3,1156,0.23372548818588257,0.9375
l_curve_3,1157,0.23365910351276398,0.9375
l_curve_3,1158,0.2336312085390091,0.9375
l_curve_3,1159,0.23352421820163727,0.9375
l_curve_3,1160,0.2334156632423401,0.9375
l_curve_3,1161,0.2333928942680359,0.9375
l_curve_3,1162,0.23331768810749054,0.9375
l_curve_3,1163,0.23333635926246643,0.9375
l_curve_3,1164,0.23327180743217468,0.9375
l_curve_3,1165,0.23320940136909485,0.9375
l_curve_3,1166,0.23320943117141724,0.9375
l_curve_3,1167,0.23323164880275726,0.9375
l_curve_3,1168,0.2332497239112854,0.9375
l_curve_3,1169,0.23325705528259277,0.9375
l_curve_3,1170,0.2332925647497177,0.9375
l_curve_3,1171,0.23323357105255127,0.9375
l_curve_3,1172,0.23317885398864746,0.9375
l_curve_3,1173,0.23312845826148987,0.9375
l_curve_3,1174,0.23314756155014038,0.9375
l_curve_3,1175,0.23310843110084534,0.9375
l_curve_3,1176,0.23307965695858002,0.9375
l_curve_3,1177,0.23304009437561035,0.9375
l_curve_3,1178,0.23304222524166107,0.9375
l_curve_3,1179,0.23300516605377197,0.9375
l_curve_3,1180,0.2329738587141037,0.9375
l_curve_3,1181,0.23295380175113678,0.9375
l_curve_3,1182,0.2329424023628235,0.9375
l_curve_3,1183,0.232925683259964,0.9375
l_curve_3,1184,0.23287168145179749,0.9375
l_curve_3,1185,0.23282988369464874,0.9375
l_curve_3,1186,0.23284679651260376,0.9375
l_curve_3,1187,0.232790008187294,0.9375
l_curve_3,1188,0.2327343374490738,0.9375
l_curve_3,1189,0.23271238803863525,0.9375
l_curve_3,1190,0.23272466659545898,0.9375
l_curve_3,1191,0.23268698155879974,0.9375
l_curve_3,1192,0.23266345262527466,0.9375
l_curve_3,1193,0.2326352894306183,0.9375
l_curve_3,1194,0.2325441837310791,0.9375
l_curve_3,1195,0.23250612616539001,0.9375
l_curve_3,1196,0.23247867822647095,0.9375
l_curve_3,1197,0.23245105147361755,0.9375
l_curve_3,1198,0.2324829250574112,0.9375
l_curve_3,1199,0.23243269324302673,0.9375
l_curve_3,1200,0.23242492973804474,0.9375
l_curve_3,1201,0.23238670825958252,0.9375
l_curve_3,1202,0.23234693706035614,0.9375
l_curve_3,1203,0.23234675824642181,0.9375
l_curve_3,1204,0.2322576642036438,0.9375
l_curve_3,1205,0.23221221566200256,0.9375
l_curve_3,1206,0.23216477036476135,0.9375
l_curve_3,1207,0.23214471340179443,0.9375
l_curve_3,1208,0.23208168148994446,0.9375
l_curve_3,1209,0.23209154605865479,0.9375
l_curve_3,1210,0.23205651342868805,0.9375
l_curve_3,1211,0.23197907209396362,0.9375
l_curve_3,1212,0.23189599812030792,0.9375
l_curve_3,1213,0.2319381982088089,0.9375
l_curve_3,1214,0.23195527493953705,0.9375
l_curve_3,1215,0.2319449633359909,0.9375
l_curve_3,1216,0.23194009065628052,0.9375
l_curve_3,1217,0.23191919922828674,0.9375
l_curve_3,1218,0.23188403248786926,0.9375
l_curve_3,1219,0.23188653588294983,0.9375
l_curve_3,1220,0.23190855979919434,0.9375
l_curve_3,1221,0.2318723201751709,0.9375
l_curve_3,1222,0.231789693236351,0.9375
l_curve_3,1223,0.2317688763141632,0.9375
l_curve_3,1224,0.23173093795776367,0.9375
l_curve_3,1225,0.23174680769443512,0.9375
l_curve_3,1226,0.2316988706588745,0.9375
l_curve_3,1227,0.23162955045700073,0.9375
l_curve_3,1228,0.23152291774749756,0.9375
l_curve_3,1229,0.23147854208946228,0.9375
l_curve_3,1230,0.2314032018184662,0.9375
l_curve_3,1231,0.23141419887542725,0.9375
l_curve_3,1232,0.23144054412841797,0.9375
l_curve_3,1233,0.2313983291387558,0.9375
l_curve_3,1234,0.2313973307609558,0.9375
l_curve_3,1235,0.23142975568771362,0.9375
l_curve_3,1236,0.23132865130901337,0.9375
l_curve_3,1237,0.23134298622608185,0.9375
l_curve_3,1238,0.23129917681217194,0.9375
l_curve_3,1239,0.23130707442760468,0.9375
l_curve_3,1240,0.23125025629997253,0.9375
l_curve_3,1241,0.23115399479866028,0.9375
l_curve_3,1242,0.23114848136901855,0.9375
l_curve_3,1243,0.2311251312494278,0.9375
l_curve_3,1244,0.23108942806720734,0.9375
l_curve_3,1245,0.23105435073375702,0.9375
l_curve_3,1246,0.23107394576072693,0.9375
l_curve_3,1247,0.2310837060213089,0.9375
l_curve_3,1248,0.23103664815425873,0.9375
l_curve_3,1249,0.23100177943706512,0.9375
l_curve_3,1250,0.23099857568740845,0.9375
l_curve_3,1251,0.2309880256652832,0.9375
l_curve_3,1252,0.2309989631175995,0.9375
l_curve_3,1253,0.23090684413909912,0.9375
l_curve_3,1254,0.23086677491664886,0.9375
l_curve_3,1255,0.23090267181396484,0.9375
l_curve_3,1256,0.23080576956272125,0.9375
l_curve_3,1257,0.23075562715530396,0.9375
l_curve_3,1258,0.23068661987781525,0.9375
l_curve_3,1259,0.2305421233177185,0.9375
l_curve_3,1260,0.23054522275924683,0.9375
l_curve_3,1261,0.2305126190185547,0.9375
l_curve_3,1262,0.23053330183029175,0.9375
l_curve_3,1263,0.23055186867713928,0.9375
l_curve_3,1264,0.23057018220424652,0.9375
l_curve_3,1265,0.23052287101745605,0.9375
l_curve_3,1266,0.2304636538028717,0.9375
l_curve_3,1267,0.23049861192703247,0.9375
l_curve_3,1268,0.23049969971179962,0.9375
l_curve_3,1269,0.23039811849594116,0.9375
l_curve_3,1270,0.2304074615240097,0.9375
l_curve_3,1271,0.23039595782756805,0.9375
l_curve_3,1272,0.23037691414356232,0.9375
l_curve_3,1273,0.23034819960594177,0.9375
l_curve_3,1274,0.2303440421819687,0.9375
l_curve_3,1275,0.23026740550994873,0.9375
l_curve_3,1276,0.2302372306585312,0.9375
l_curve_3,1277,0.2301998734474182,0.9375
l_curve_3,1278,0.23018023371696472,0.9375
l_curve_3,1279,0.23005786538124084,0.9375
l_curve_3,1280,0.23005087673664093,0.9375
l_curve_3,1281,0.22998876869678497,0.9375
l_curve_3,1282,0.22990360856056213,0.9375
l_curve_3,1283,0.2298126518726349,0.9375
l_curve_3,1284,0.2298322319984436,0.9375
l_curve_3,1285,0.22980768978595734,0.9375
l_curve_3,1286,0.22983603179454803,0.9375
l_curve_3,1287,0.22985774278640747,0.9375
l_curve_3,1288,0.22976557910442352,0.9375
l_curve_3,1289,0.22976690530776978,0.9375
l_curve_3,1290,0.22971288859844208,0.9375
l_curve_3,1291,0.22971823811531067,0.9375
l_curve_3,1292,0.2297162413597107,0.9375
l_curve_3,1293,0.22963428497314453,0.9375
l_curve_3,1294,0.22959043085575104,0.9375
l_curve_3,1295,0.22956949472427368,0.9375
l_curve_3,1296,0.2295096218585968,0.9375
l_curve_3,1297,0.22947297990322113,0.9375
l_curve_3,1298,0.22948220372200012,0.9375
l_curve_3,1299,0.22953367233276367,0.9375
l_curve_3,1300,0.2295091450214386,0.9375
l_curve_3,1301,0.22945432364940643,0.9375
l_curve_3,1302,0.22941279411315918,0.9375
l_curve_3,1303,0.22942619025707245,0.9375
l_curve_3,1304,0.2294173538684845,0.9375
l_curve_3,1305,0.2293783724308014,0.9375
l_curve_3,1306,0.229409858584404,0.9375
l_curve_3,1307,0.2293214201927185,0.9375
l_curve_3,1308,0.22931057214736938,0.9375
l_curve_3,1309,0.2292589247226715,0.9375
l_curve_3,1310,0.22923536598682404,0.9375
l_curve_3,1311,0.2292175143957138,0.9375
l_curve_3,1312,0.22922629117965698,0.9375
l_curve_3,1313,0.22912372648715973,0.9375
l_curve_3,1314,0.22906580567359924,0.9375
l_curve_3,1315,0.22904759645462036,0.9375
l_curve_3,1316,0.2289988100528717,0.9375
l_curve_3,1317,0.22895222902297974,0.9375
l_curve_3,1318,0.22895099222660065,0.9375
l_curve_3,1319,0.2288978546857834,0.9375
l_curve_3,1320,0.22885958850383759,0.9375
l_curve_3,1321,0.22883638739585876,0.9375
l_curve_3,1322,0.22876739501953125,0.9375
l_curve_3,1323,0.22870320081710815,0.9375
l_curve_3,1324,0.22876311838626862,0.9375
l_curve_3,1325,0.22875109314918518,0.9375
l_curve_3,1326,0.2287295162677765,0.9375
l_curve_3,1327,0.22863750159740448,0.9375
l_curve_3,1328,0.22859376668930054,0.9375
l_curve_3,1329,0.2285315990447998,0.9375
l_curve_3,1330,0.22850368916988373,0.9375
l_curve_3,1331,0.2284468412399292,0.9375
l_curve_3,1332,0.22843575477600098,0.9375
l_curve_3,1333,0.22845546901226044,0.9375
l_curve_3,1334,0.22838565707206726,0.9375
l_curve_3,1335,0.22841975092887878,0.9375
l_curve_3,1336,0.2283710390329361,0.9375
l_curve_3,1337,0.228328138589859,0.9375
l_curve_3,1338,0.2283151000738144,0.9375
l_curve_3,1339,0.22826319932937622,0.9375
l_curve_3,1340,0.2282763421535492,0.9375
l_curve_3,1341,0.2282932996749878,0.9375
l_curve_3,1342,0.2282458245754242,0.9375
l_curve_3,1343,0.228273406624794,0.9375
l_curve_3,1344,0.22815096378326416,0.9375
l_curve_3,1345,0.22809968888759613,0.9375
l_curve_3,1346,0.22803229093551636,0.9375
l_curve_3,1347,0.22802919149398804,0.9375
l_curve_3,1348,0.22791297733783722,0.9375
l_curve_3,1349,0.22795523703098297,0.9375
l_curve_3,1350,0.22791002690792084,0.9375
l_curve_3,1351,0.22783119976520538,0.9375
l_curve_3,1352,0.227754145860672,0.9375
l_curve_3,1353,0.2277618795633316,0.9375
l_curve_3,1354,0.22773027420043945,0.9375
l_curve_3,1355,0.2277168184518814,0.9375
l_curve_3,1356,0.2276867926120758,0.9375
l_curve_3,1357,0.227658212184906,0.9375
l_curve_3,1358,0.2276289016008377,0.9375
l_curve_3,1359,0.22757866978645325,0.9375
l_curve_3,1360,0.22755035758018494,0.9375
l_curve_3,1361,0.22747929394245148,0.9375
l_curve_3,1362,0.22748517990112305,0.9375
l_curve_3,1363,0.2274443805217743,0.9375
l_curve_3,1364,0.22737564146518707,0.9375
l_curve_3,1365,0.2274153083562851,0.9375
l_curve_3,1366,0.22735467553138733,0.9375
l_curve_3,1367,0.22731924057006836,0.9375
l_curve_3,1368,0.22730425000190735,0.9375
l_curve_3,1369,0.22727517783641815,0.9375
l_curve_3,1370,0.22726908326148987,0.9375
l_curve_3,1371,0.22721318900585175,0.9375
l_curve_3,1372,0.22717487812042236,0.9375
l_curve_3,1373,0.22718964517116547,0.9375
l_curve_3,1374,0.22723506391048431,0.9375
l_curve_3,1375,0.227131187915802,0.9375
l_curve_3,1376,0.227076917886734,0.9375
l_curve_3,1377,0.2269776463508606,0.9375
l_curve_3,1378,0.22690269351005554,0.9375
l_curve_3,1379,0.22687609493732452,0.9375
l_curve_3,1380,0.22683119773864746,0.9375
l_curve_3,1381,0.22675740718841553,0.9375
l_curve_3,1382,0.22672434151172638,0.9375
l_curve_3,1383,0.22669975459575653,0.9375
l_curve_3,1384,0.22670169174671173,0.9375
l_curve_3,1385,0.22671931982040405,0.9375
l_curve_3,1386,0.22670044004917145,0.9375
l_curve_3,1387,0.22667920589447021,0.9375
l_curve_3,1388,0.2266862988471985,0.9375
l_curve_3,1389,0.2266976684331894,0.9375
l_curve_3,1390,0.226678267121315,0.9375
l_curve_3,1391,0.22660061717033386,0.9375
l_curve_3,1392,0.22656138241291046,0.9375
l_curve_3,1393,0.22653037309646606,0.9375
l_curve_3,1394,0.22650301456451416,0.9375
l_curve_3,1395,0.22650215029716492,0.9375
l_curve_3,1396,0.22642602026462555,0.9375
l_curve_3,1397,0.22630682587623596,0.9375
l_curve_3,1398,0.22629454731941223,0.9375
l_curve_3,1399,0.22631099820137024,0.9375
l_curve_3,1400,0.2263043075799942,0.9375
l_curve_3,1401,0.22621971368789673,0.9375
l_curve_3,1402,0.22619721293449402,0.9375
l_curve_3,1403,0.226129949092865,0.9375
l_curve_3,1404,0.22613193094730377,0.9375
l_curve_3,1405,0.22606952488422394,0.9375
l_curve_3,1406,0.22595517337322235,0.9375
l_curve_3,1407,0.2259407937526703,0.9375
l_curve_3,1408,0.2258685678243637,0.9375
l_curve_3,1409,0.22585204243659973,0.9375
l_curve_3,1410,0.225839763879776,0.9375
l_curve_3,1411,0.2257850021123886,0.9375
l_curve_3,1412,0.22579839825630188,0.9375
l_curve_3,1413,0.22577884793281555,0.9375
l_curve_3,1414,0.22579741477966309,0.9375
l_curve_3,1415,0.22575290501117706,0.9375
l_curve_3,1416,0.22575531899929047,0.9375
l_curve_3,1417,0.22570298612117767,0.9375
l_curve_3,1418,0.22565171122550964,0.9375
l_curve_3,1419,0.22564208507537842,0.9375
l_curve_3,1420,0.2255658358335495,0.9375
l_curve_3,1421,0.22550258040428162,0.9375
l_curve_3,1422,0.22545906901359558,0.9375
l_curve_3,1423,0.22543777525424957,0.9375
l_curve_3,1424,0.2254219502210617,0.9375
l_curve_3,1425,0.225343257188797,0.9375
l_curve_3,1426,0.2253168821334839,0.9375
l_curve_3,1427,0.2252381592988968,0.9375
l_curve_3,1428,0.22525006532669067,0.9375
l_curve_3,1429,0.2252994179725647,0.9375
l_curve_3,1430,0.22522418200969696,0.9375
l_curve_3,1431,0.22525636851787567,0.9375
l_curve_3,1432,0.2252182513475418,0.9375
l_curve_3,1433,0.22516296803951263,0.9375
l_curve_3,1434,0.22509080171585083,0.9375
l_curve_3,1435,0.22504138946533203,0.9375
l_curve_3,1436,0.22501614689826965,0.9375
l_curve_3,1437,0.22491849958896637,0.9375
l_curve_3,1438,0.22490790486335754,0.9375
l_curve_3,1439,0.22490279376506805,0.9375
l_curve_3,1440,0.2248569130897522,0.9375
l_curve_3,1441,0.22481262683868408,0.9375
l_curve_3,1442,0.22481387853622437,0.9375
l_curve_3,1443,0.2247810959815979,0.9375
l_curve_3,1444,0.2247966229915619,0.9375
l_curve_3,1445,0.22475004196166992,0.9375
l_curve_3,1446,0.2247142195701599,0.9375
l_curve_3,1447,0.22461308538913727,0.9375
l_curve_3,1448,0.22456564009189606,0.9375
l_curve_3,1449,0.22452881932258606,0.9375
l_curve_3,1450,0.22447903454303741,0.9375
l_curve_3,1451,0.22447434067726135,0.9375
l_curve_3,1452,0.22439666092395782,0.9375
l_curve_3,1453,0.22441250085830688,0.9375
l_curve_3,1454,0.22440941631793976,0.9375
l_curve_3,1455,0.22437161207199097,0.9375
l_curve_3,1456,0.22435010969638824,0.9375
l_curve_3,1457,0.22429323196411133,0.9375
l_curve_3,1458,0.22429022192955017,0.9375
l_curve_3,1459,0.22428002953529358,0.9375
l_curve_3,1460,0.22422583401203156,0.9375
l_curve_3,1461,0.22418923676013947,0.9375
l_curve_3,1462,0.22411568462848663,0.9375
l_curve_3,1463,0.22409985959529877,0.9375
l_curve_3,1464,0.22405634820461273,0.9375
l_curve_3,1465,0.2239934653043747,0.9375
l_curve_3,1466,0.22396132349967957,0.9375
l_curve_3,1467,0.22393754124641418,0.9375
l_curve_3,1468,0.22386151552200317,0.9375
l_curve_3,1469,0.22379538416862488,0.9375
l_curve_3,1470,0.22378836572170258,0.9375
l_curve_3,1471,0.2237614393234253,0.9375
l_curve_3,1472,0.22376637160778046,0.9375
l_curve_3,1473,0.22381620109081268,0.9375
l_curve_3,1474,0.22373615205287933,0.9375
l_curve_3,1475,0.22370925545692444,0.9375
l_curve_3,1476,0.22367584705352783,0.9375
l_curve_3,1477,0.22361434996128082,0.9375
l_curve_3,1478,0.2235567569732666,0.9375
l_curve_3,1479,0.2234967052936554,0.9375
l_curve_3,1480,0.22349657118320465,0.9375
l_curve_3,1481,0.22339293360710144,0.9375
l_curve_3,1482,0.22329376637935638,0.9375
l_curve_3,1483,0.22328348457813263,0.9375
l_curve_3,1484,0.2232595682144165,0.9375
l_curve_3,1485,0.2232392132282257,0.9375
l_curve_3,1486,0.22313861548900604,0.9375
l_curve_3,1487,0.223072350025177,0.9375
l_curve_3,1488,0.2230660617351532,0.9375
l_curve_3,1489,0.22310397028923035,0.9375
l_curve_3,1490,0.2230900675058365,0.9375
l_curve_3,1491,0.223032146692276,0.9375
l_curve_3,1492,0.22302685678005219,0.9375
l_curve_3,1493,0.22302788496017456,0.9375
l_curve_3,1494,0.2229657769203186,0.9375
l_curve_3,1495,0.2228911817073822,0.9375
l_curve_3,1496,0.22287431359291077,0.9375
l_curve_3,1497,0.22285160422325134,0.9375
l_curve_3,1498,0.22280201315879822,0.9375
l_curve_3,1499,0.22278255224227905,0.9375
l_curve_3,1500,0.22275012731552124,0.9375
l_curve_3,1501,0.2227296382188797,0.9375
l_curve_3,1502,0.22264154255390167,0.9375
l_curve_3,1503,0.2225927710533142,0.9375
l_curve_3,1504,0.2225475311279297,0.9375
l_curve_3,1505,0.22251592576503754,0.9375
l_curve_3,1506,0.2225133776664734,0.9375
l_curve_3,1507,0.2224636971950531,0.9375
l_curve_3,1508,0.22249257564544678,0.9375
l_curve_3,1509,0.22244682908058167,0.9375
l_curve_3,1510,0.2224602997303009,0.9375
l_curve_3,1511,0.22240307927131653,0.9375
l_curve_3,1512,0.22232389450073242,0.9375
l_curve_3,1513,0.22232621908187866,0.9375
l_curve_3,1514,0.22225947678089142,0.9375
l_curve_3,1515,0.22217325866222382,0.9375
l_curve_3,1516,0.22212454676628113,0.9375
l_curve_3,1517,0.22209811210632324,0.9375
l_curve_3,1518,0.2221023142337799,0.9375
l_curve_3,1519,0.22206830978393555,0.9375
l_curve_3,1520,0.22199253737926483,0.9375
l_curve_3,1521,0.22193919122219086,0.9375
l_curve_3,1522,0.22188737988471985,0.9375
l_curve_3,1523,0.22187349200248718,0.9375
l_curve_3,1524,0.22189196944236755,0.9375
l_curve_3,1525,0.22185993194580078,0.9375
l_curve_3,1526,0.22178669273853302,0.9375
l_curve_3,1527,0.22169843316078186,0.9375
l_curve_3,1528,0.22164538502693176,0.9375
l_curve_3,1529,0.22160837054252625,0.9375
l_curve_3,1530,0.22161656618118286,0.9375
l_curve_3,1531,0.22156712412834167,0.9375
l_curve_3,1532,0.22153769433498383,0.9375
l_curve_3,1533,0.22143101692199707,0.9375
l_curve_3,1534,0.22136476635932922,0.9375
l_curve_3,1535,0.2213423252105713,0.9375
l_curve_3,1536,0.22128619253635406,0.9375
l_curve_3,1537,0.22123578190803528,0.9375
l_curve_3,1538,0.22125639021396637,0.9375
l_curve_3,1539,0.22119666635990143,0.9375
l_curve_3,1540,0.2212204784154892,0.9375
l_curve_3,1541,0.22111114859580994,0.9375
l_curve_3,1542,0.2210502326488495,0.9375
l_curve_3,1543,0.22100213170051575,0.9375
l_curve_3,1544,0.22095981240272522,0.9375
l_curve_3,1545,0.22097499668598175,0.9375
l_curve_3,1546,0.22084733843803406,0.9375
l_curve_3,1547,0.220863476395607,0.9375
l_curve_3,1548,0.2208241969347,0.9375
l_curve_3,1549,0.22076821327209473,0.9375
l_curve_3,1550,0.22075733542442322,0.9375
l_curve_3,1551,0.22075170278549194,0.9375
l_curve_3,1552,0.22072574496269226,0.9375
l_curve_3,1553,0.2207241803407669,0.9375
l_curve_3,1554,0.22071075439453125,0.9375
l_curve_3,1555,0.22071337699890137,0.9375
l_curve_3,1556,0.22065290808677673,0.9375
l_curve_3,1557,0.22057315707206726,0.9375
l_curve_3,1558,0.22050556540489197,0.9375
l_curve_3,1559,0.2204234004020691,0.9375
l_curve_3,1560,0.22038914263248444,0.9375
l_curve_3,1561,0.2203742265701294,0.9375
l_curve_3,1562,0.22033068537712097,0.9375
l_curve_3,1563,0.22028908133506775,0.9375
l_curve_3,1564,0.22020918130874634,0.9375
l_curve_3,1565,0.22019140422344208,0.9375
l_curve_3,1566,0.22019323706626892,0.9375
l_curve_3,1567,0.22015923261642456,0.9375
l_curve_3,1568,0.22010596096515656,0.9375
l_curve_3,1569,0.22008925676345825,0.9375
l_curve_3,1570,0.22002564370632172,0.9375
l_curve_3,1571,0.21997126936912537,0.9375
l_curve_3,1572,0.21996890008449554,0.9375
l_curve_3,1573,0.21993786096572876,0.9375
l_curve_3,1574,0.2198997139930725,0.9375
l_curve_3,1575,0.21984048187732697,0.9375
l_curve_3,1576,0.21977822482585907,0.9375
l_curve_3,1577,0.2197878658771515,0.9375
l_curve_3,1578,0.2197403907775879,0.9375
l_curve_3,1579,0.21967686712741852,0.9375
l_curve_3,1580,0.2197052240371704,0.9375
l_curve_3,1581,0.2196606546640396,0.9375
l_curve_3,1582,0.21956101059913635,0.9375
l_curve_3,1583,0.2195744663476944,0.9375
l_curve_3,1584,0.21949680149555206,0.9375
l_curve_3,1585,0.21942313015460968,0.9375
l_curve_3,1586,0.21938660740852356,0.9375
l_curve_3,1587,0.21937024593353271,0.9375
l_curve_3,1588,0.21936675906181335,0.9375
l_curve_3,1589,0.2193130999803543,0.9375
l_curve_3,1590,0.21933341026306152,0.9375
l_curve_3,1591,0.21928146481513977,0.9375
l_curve_3,1592,0.2192305028438568,0.9375
l_curve_3,1593,0.21914619207382202,0.9375
l_curve_3,1594,0.21908190846443176,0.9375
l_curve_3,1595,0.2190588414669037,0.9375
l_curve_3,1596,0.21899189054965973,0.9375
l_curve_3,1597,0.2189803123474121,0.9375
l_curve_3,1598,0.2189009189605713,0.9375
l_curve_3,1599,0.21894344687461853,0.9375
l_curve_3,1600,0.21883460879325867,0.9375
l_curve_3,1601,0.2187993973493576,0.9375
l_curve_3,1602,0.21877892315387726,0.9375
l_curve_3,1603,0.21874070167541504,0.9375
l_curve_3,1604,0.21871685981750488,0.9375
l_curve_3,1605,0.21866902709007263,0.9375
l_curve_3,1606,0.21856319904327393,0.9375
l_curve_3,1607,0.21853819489479065,0.9375
l_curve_3,1608,0.21852639317512512,0.9375
l_curve_3,1609,0.21850693225860596,0.9375
l_curve_3,1610,0.21848775446414948,0.9375
l_curve_3,1611,0.21846024692058563,0.9375
l_curve_3,1612,0.21841000020503998,0.9375
l_curve_3,1613,0.2184208333492279,0.9375
l_curve_3,1614,0.2183874547481537,0.9375
l_curve_3,1615,0.21833845973014832,0.9375
l_curve_3,1616,0.2183474451303482,0.9375
l_curve_3,1617,0.2183048129081726,0.9375
l_curve_3,1618,0.21824058890342712,0.9375
l_curve_3,1619,0.21812587976455688,0.9375
l_curve_3,1620,0.21812395751476288,0.9375
l_curve_3,1621,0.2181175947189331,0.9375
l_curve_3,1622,0.2180531919002533,0.9375
l_curve_3,1623,0.21802020072937012,0.9375
l_curve_3,1624,0.21794608235359192,0.9375
l_curve_3,1625,0.2178599238395691,0.9375
l_curve_3,1626,0.2178070992231369,0.9375
l_curve_3,1627,0.21778136491775513,0.9375
l_curve_3,1628,0.2176799774169922,0.9375
l_curve_3,1629,0.21768121421337128,0.9375
l_curve_3,1630,0.21765181422233582,0.9375
l_curve_3,1631,0.21756237745285034,0.9375
l_curve_3,1632,0.21751010417938232,0.9375
l_curve_3,1633,0.21746814250946045,0.9375
l_curve_3,1634,0.21738892793655396,0.9375
l_curve_3,1635,0.2173219919204712,0.9375
l_curve_3,1636,0.2173110544681549,0.9375
l_curve_3,1637,0.21725790202617645,0.9375
l_curve_3,1638,0.2172504961490631,0.9375
l_curve_3,1639,0.21723178029060364,0.9375
l_curve_3,1640,0.21716812252998352,0.9375
l_curve_3,1641,0.21708399057388306,0.9375
l_curve_3,1642,0.21706251800060272,0.9375
l_curve_3,1643,0.21701113879680634,0.9375
l_curve_3,1644,0.2169928103685379,0.9375
l_curve_3,1645,0.21693643927574158,0.9375
l_curve_3,1646,0.21693579852581024,0.9375
l_curve_3,1647,0.2168588936328888,0.9375
l_curve_3,1648,0.21676069498062134,0.9375
l_curve_3,1649,0.2167614996433258,0.9375
l_curve_3,1650,0.2167969048023224,0.9375
l_curve_3,1651,0.2167084813117981,0.9375
l_curve_3,1652,0.21664083003997803,0.9375
l_curve_3,1653,0.21657796204090118,0.9375
l_curve_3,1654,0.21651318669319153,0.9375
l_curve_3,1655,0.21648749709129333,0.9375
l_curve_3,1656,0.21640942990779877,0.9375
l_curve_3,1657,0.21637843549251556,0.9375
l_curve_3,1658,0.2164117991924286,0.9375
l_curve_3,1659,0.21638625860214233,0.9375
l_curve_3,1660,0.21636050939559937,0.9375
l_curve_3,1661,0.21625638008117676,0.9375
l_curve_3,1662,0.21626095473766327,0.9375
l_curve_3,1663,0.21627217531204224,0.9375
l_curve_3,1664,0.21617235243320465,0.9375
l_curve_3,1665,0.21613797545433044,0.9375
l_curve_3,1666,0.2160806953907013,0.9375
l_curve_3,1667,0.21607241034507751,0.9375
l_curve_3,1668,0.2160632312297821,0.9375
l_curve_3,1669,0.21602851152420044,0.9375
l_curve_3,1670,0.2159934639930725,0.9375
l_curve_3,1671,0.2160033881664276,0.9375
l_curve_3,1672,0.2159355729818344,0.9375
l_curve_3,1673,0.21592465043067932,0.9375
l_curve_3,1674,0.21590766310691833,0.9375
l_curve_3,1675,0.2158917486667633,0.9375
l_curve_3,1676,0.21582761406898499,0.9375
l_curve_3,1677,0.21569415926933289,0.9375
l_curve_3,1678,0.21568182110786438,0.9375
l_curve_3,1679,0.2156723141670227,0.9375
l_curve_3,1680,0.21559669077396393,0.9375
l_curve_3,1681,0.2155499905347824,0.9375
l_curve_3,1682,0.2155115157365799,0.9375
l_curve_3,1683,0.21538084745407104,0.9375
l_curve_3,1684,0.21524226665496826,0.9375
l_curve_3,1685,0.21526145935058594,0.9375
l_curve_3,1686,0.2151983678340912,0.9375
l_curve_3,1687,0.21516133844852448,0.9375
l_curve_3,1688,0.21510568261146545,0.9375
l_curve_3,1689,0.2150155007839203,0.9375
l_curve_3,1690,0.2149442434310913,0.9375
l_curve_3,1691,0.21492111682891846,0.9375
l_curve_3,1692,0.2148725837469101,0.9375
l_curve_3,1693,0.2148420512676239,0.9375
l_curve_3,1694,0.2147175520658493,0.9375
l_curve_3,1695,0.21464058756828308,0.9375
l_curve_3,1696,0.2146300971508026,0.9375
l_curve_3,1697,0.21467040479183197,0.9375
l_curve_3,1698,0.21461638808250427,0.9375
l_curve_3,1699,0.21453967690467834,0.9375
l_curve_3,1700,0.2144366055727005,0.9375
l_curve_3,1701,0.2143683135509491,0.9375
l_curve_3,1702,0.21436406672000885,0.9375
l_curve_3,1703,0.21429935097694397,0.9375
l_curve_3,1704,0.21422138810157776,0.9375
l_curve_3,1705,0.21418768167495728,0.9375
l_curve_3,1706,0.21422773599624634,0.9375
l_curve_3,1707,0.21427680552005768,0.9375
l_curve_3,1708,0.21424151957035065,0.9375
l_curve_3,1709,0.21417567133903503,0.9375
l_curve_3,1710,0.21409274637699127,0.9375
l_curve_3,1711,0.21397751569747925,0.9375
l_curve_3,1712,0.21396222710609436,0.9375
l_curve_3,1713,0.21391794085502625,0.9375
l_curve_3,1714,0.21391424536705017,0.9375
l_curve_3,1715,0.2138768434524536,0.9375
l_curve_3,1716,0.21380877494812012,0.9375
l_curve_3,1717,0.2137620896100998,0.9375
l_curve_3,1718,0.21372772753238678,0.9375
l_curve_3,1719,0.21372787654399872,0.9375
l_curve_3,1720,0.21366338431835175,0.9375
l_curve_3,1721,0.21360032260417938,0.9375
l_curve_3,1722,0.21358558535575867,0.9375
l_curve_3,1723,0.21352481842041016,0.9375
l_curve_3,1724,0.2134871780872345,0.9375
l_curve_3,1725,0.21345171332359314,0.9375
l_curve_3,1726,0.21343466639518738,0.9375
l_curve_3,1727,0.21338321268558502,0.9375
l_curve_3,1728,0.21324940025806427,0.9375
l_curve_3,1729,0.21312865614891052,0.9375
l_curve_3,1730,0.21305637061595917,0.9375
l_curve_3,1731,0.21298344433307648,0.9375
l_curve_3,1732,0.2129642218351364,0.9375
l_curve_3,1733,0.21295732259750366,0.9375
l_curve_3,1734,0.2129068821668625,0.9375
l_curve_3,1735,0.21286362409591675,0.9375
l_curve_3,1736,0.2128099799156189,0.9375
l_curve_3,1737,0.21272197365760803,0.9375
l_curve_3,1738,0.21260479092597961,0.9375
l_curve_3,1739,0.2125939130783081,0.9375
l_curve_3,1740,0.21254438161849976,0.9375
l_curve_3,1741,0.21241295337677002,0.9375
l_curve_3,1742,0.212415412068367,0.9375
l_curve_3,1743,0.21233853697776794,0.9375
l_curve_3,1744,0.2122173309326172,0.9375
l_curve_3,1745,0.21222296357154846,0.9375
l_curve_3,1746,0.212147057056427,0.9375
l_curve_3,1747,0.21214058995246887,0.9375
l_curve_3,1748,0.2120659351348877,0.9375
l_curve_3,1749,0.21197935938835144,0.9375
l_curve_3,1750,0.21202069520950317,0.9375
l_curve_3,1751,0.2120089828968048,0.9375
l_curve_3,1752,0.21197035908699036,0.9375
l_curve_3,1753,0.2119588553905487,0.9375
l_curve_3,1754,0.2118767946958542,0.9375
l_curve_3,1755,0.21178853511810303,0.9375
l_curve_3,1756,0.2116977870464325,0.9375
l_curve_3,1757,0.21161499619483948,0.9375
l_curve_3,1758,0.21152102947235107,0.9375
l_curve_3,1759,0.21151728928089142,0.9375
l_curve_3,1760,0.21146178245544434,0.9375
l_curve_3,1761,0.21145963668823242,0.9375
l_curve_3,1762,0.21146443486213684,0.9375
l_curve_3,1763,0.21135558187961578,0.9375
l_curve_3,1764,0.2112424671649933,0.9375
l_curve_3,1765,0.21119853854179382,0.9375
l_curve_3,1766,0.21118676662445068,0.9375
l_curve_3,1767,0.21113044023513794,0.9375
l_curve_3,1768,0.21115641295909882,0.9375
l_curve_3,1769,0.21108628809452057,0.9375
l_curve_3,1770,0.2110063135623932,0.9375
l_curve_3,1771,0.2109585404396057,0.9375
l_curve_3,1772,0.21087679266929626,0.9375
l_curve_3,1773,0.21077889204025269,0.9375
l_curve_3,1774,0.2107226401567459,0.9375
l_curve_3,1775,0.2107105553150177,0.9375
l_curve_3,1776,0.21071064472198486,0.9375
l_curve_3,1777,0.2106911540031433,0.9375
l_curve_3,1778,0.21061235666275024,0.9375
l_curve_3,1779,0.2105160653591156,0.9375
l_curve_3,1780,0.21047738194465637,0.9375
l_curve_3,1781,0.21042609214782715,0.9375
l_curve_3,1782,0.21035361289978027,0.9375
l_curve_3,1783,0.21030093729496002,0.9375
l_curve_3,1784,0.21026483178138733,0.9375
l_curve_3,1785,0.21022763848304749,0.9375
l_curve_3,1786,0.21012794971466064,0.9375
l_curve_3,1787,0.21004535257816315,0.9375
l_curve_3,1788,0.20999775826931,0.9375
l_curve_3,1789,0.20989064872264862,0.9375
l_curve_3,1790,0.20989271998405457,0.9375
l_curve_3,1791,0.20986127853393555,0.9375
l_curve_3,1792,0.20978620648384094,0.9375
l_curve_3,1793,0.20967406034469604,0.9375
l_curve_3,1794,0.20960740745067596,0.9375
l_curve_3,1795,0.2095857709646225,0.9375
l_curve_3,1796,0.20956771075725555,0.9375
l_curve_3,1797,0.2094782292842865,0.9375
l_curve_3,1798,0.20939931273460388,0.9375
l_curve_3,1799,0.20934799313545227,0.9375
l_curve_3,1800,0.2093469649553299,0.9375
l_curve_3,1801,0.20932406187057495,0.9375
l_curve_3,1802,0.2092534601688385,0.9375
l_curve_3,1803,0.20920899510383606,0.9375
l_curve_3,1804,0.20920901000499725,0.9375
l_curve_3,1805,0.209136962890625,0.9375
l_curve_3,1806,0.20912906527519226,0.9375
l_curve_3,1807,0.20909763872623444,0.9375
l_curve_3,1808,0.20903687179088593,0.9375
l_curve_3,1809,0.2090197205543518,0.9375
l_curve_3,1810,0.2089458853006363,0.9375
l_curve_3,1811,0.20876333117485046,0.9375
l_curve_3,1812,0.2087254375219345,0.9375
l_curve_3,1813,0.20861563086509705,0.9375
l_curve_3,1814,0.2085016965866089,0.9375
l_curve_3,1815,0.20837754011154175,0.9375
l_curve_3,1816,0.20836575329303741,0.9375
l_curve_3,1817,0.20828095078468323,0.9375
l_curve_3,1818,0.2082967460155487,0.9375
l_curve_3,1819,0.2082558274269104,0.9375
l_curve_3,1820,0.20819807052612305,0.9375
l_curve_3,1821,0.2081356793642044,0.9375
l_curve_3,1822,0.20807749032974243,0.9375
l_curve_3,1823,0.20800748467445374,0.9375
l_curve_3,1824,0.20793180167675018,0.9375
l_curve_3,1825,0.20786543190479279,0.9375
l_curve_3,1826,0.20782485604286194,0.9375
l_curve_3,1827,0.20779725909233093,0.9375
l_curve_3,1828,0.20774789154529572,0.9375
l_curve_3,1829,0.20768001675605774,0.9375
l_curve_3,1830,0.20758098363876343,0.9375
l_curve_3,1831,0.20748069882392883,0.9375
l_curve_3,1832,0.20736163854599,0.9375
l_curve_3,1833,0.20731204748153687,0.9375
l_curve_3,1834,0.20728400349617004,0.9375
l_curve_3,1835,0.20725806057453156,0.9375
l_curve_3,1836,0.20715945959091187,0.9375
l_curve_3,1837,0.20710858702659607,0.9375
l_curve_3,1838,0.2070472240447998,0.9375
l_curve_3,1839,0.2069399207830429,0.9375
l_curve_3,1840,0.20691858232021332,0.9375
l_curve_3,1841,0.20690548419952393,0.9375
l_curve_3,1842,0.2069287747144699,0.9375
l_curve_3,1843,0.20687001943588257,0.9375
l_curve_3,1844,0.20677411556243896,0.9375
l_curve_3,1845,0.20667579770088196,0.9375
l_curve_3,1846,0.206594318151474,0.9375
l_curve_3,1847,0.2065887153148651,0.9375
l_curve_3,1848,0.2064579874277115,0.9375
l_curve_3,1849,0.20650668442249298,0.9375
l_curve_3,1850,0.20646530389785767,0.9375
l_curve_3,1851,0.20638614892959595,0.9375
l_curve_3,1852,0.20628654956817627,0.9375
l_curve_3,1853,0.2062174677848816,0.9375
l_curve_3,1854,0.20609784126281738,0.9375
l_curve_3,1855,0.20602239668369293,0.9375
l_curve_3,1856,0.20589838922023773,0.9375
l_curve_3,1857,0.2058766484260559,0.9375
l_curve_3,1858,0.20577973127365112,0.9375
l_curve_3,1859,0.20568951964378357,0.9375
l_curve_3,1860,0.20562919974327087,0.9375
l_curve_3,1861,0.20556685328483582,0.9375
l_curve_3,1862,0.2055252194404602,0.9375
l_curve_3,1863,0.20542895793914795,0.9375
l_curve_3,1864,0.20544388890266418,0.9375
l_curve_3,1865,0.20540538430213928,0.9375
l_curve_3,1866,0.2052900344133377,0.9375
l_curve_3,1867,0.2052614986896515,0.9375
l_curve_3,1868,0.20517770946025848,0.9375
l_curve_3,1869,0.2050940990447998,0.9375
l_curve_3,1870,0.20499730110168457,0.9375
l_curve_3,1871,0.2049361616373062,0.9375
l_curve_3,1872,0.2048807293176651,0.9375
l_curve_3,1873,0.20478318631649017,0.9375
l_curve_3,1874,0.20471826195716858,0.9375
l_curve_3,1875,0.20459505915641785,0.9375
l_curve_3,1876,0.20456260442733765,0.9375
l_curve_3,1877,0.2044828236103058,0.9375
l_curve_3,1878,0.20446141064167023,0.9375
l_curve_3,1879,0.20441648364067078,0.9375
l_curve_3,1880,0.2043338418006897,0.9375
l_curve_3,1881,0.20432651042938232,0.9375
l_curve_3,1882,0.20419646799564362,0.9375
l_curve_3,1883,0.20419563353061676,0.9375
l_curve_3,1884,0.2041623294353485,0.9375
l_curve_3,1885,0.20404820144176483,0.9375
l_curve_3,1886,0.20396029949188232,0.9375
l_curve_3,1887,0.20394663512706757,0.9375
l_curve_3,1888,0.20386604964733124,0.9375
l_curve_3,1889,0.20379307866096497,0.9375
l_curve_3,1890,0.20377203822135925,0.9375
l_curve_3,1891,0.20369160175323486,0.9375
l_curve_3,1892,0.20363697409629822,0.9375
l_curve_3,1893,0.20355960726737976,0.9375
l_curve_3,1894,0.20352089405059814,0.9375
l_curve_3,1895,0.20350341498851776,0.9375
l_curve_3,1896,0.2034054696559906,0.9375
l_curve_3,1897,0.20339083671569824,0.9375
l_curve_3,1898,0.20320026576519012,0.9375
l_curve_3,1899,0.20310936868190765,0.9375
l_curve_3,1900,0.20305754244327545,0.9375
l_curve_3,1901,0.20298607647418976,0.9375
l_curve_3,1902,0.2029833346605301,0.9375
l_curve_3,1903,0.20286154747009277,0.9375
l_curve_3,1904,0.20272761583328247,0.9375
l_curve_3,1905,0.2026749700307846,0.9375
l_curve_3,1906,0.2025606632232666,0.9375
l_curve_3,1907,0.20252084732055664,0.9375
l_curve_3,1908,0.20245501399040222,0.9375
l_curve_3,1909,0.20238140225410461,0.9375
l_curve_3,1910,0.20235547423362732,0.9375
l_curve_3,1911,0.20226918160915375,0.9375
l_curve_3,1912,0.2022135704755783,0.9375
l_curve_3,1913,0.20215372741222382,0.9375
l_curve_3,1914,0.20211884379386902,0.9375
l_curve_3,1915,0.2019958198070526,0.9375
l_curve_3,1916,0.20188790559768677,0.9375
l_curve_3,1917,0.20187325775623322,0.9375
l_curve_3,1918,0.20178550481796265,0.9375
l_curve_3,1919,0.201704204082489,0.9375
l_curve_3,1920,0.20166054368019104,0.9375
l_curve_3,1921,0.2016543447971344,0.9375
l_curve_3,1922,0.20154795050621033,0.9375
l_curve_3,1923,0.20147433876991272,0.9375
l_curve_3,1924,0.2013351023197174,0.9375
l_curve_3,1925,0.20126959681510925,0.9375
l_curve_3,1926,0.20121581852436066,0.9375
l_curve_3,1927,0.2011476755142212,0.9375
l_curve_3,1928,0.20108434557914734,0.9375
l_curve_3,1929,0.200993150472641,0.9375
l_curve_3,1930,0.2009648084640503,0.9375
l_curve_3,1931,0.20078670978546143,0.9375
l_curve_3,1932,0.20077143609523773,0.9375
l_curve_3,1933,0.20071768760681152,0.9375
l_curve_3,1934,0.2006785273551941,0.9375
l_curve_3,1935,0.200645312666893,0.9375
l_curve_3,1936,0.20055319368839264,0.9375
l_curve_3,1937,0.2004837989807129,0.9375
l_curve_3,1938,0.200406014919281,0.9375
l_curve_3,1939,0.20033994317054749,0.9375
l_curve_3,1940,0.20025965571403503,0.9375
l_curve_3,1941,0.2001936286687851,0.9375
l_curve_3,1942,0.20007911324501038,0.9375
l_curve_3,1943,0.19998066127300262,0.9375
l_curve_3,1944,0.199941024184227,0.9375
l_curve_3,1945,0.1998390406370163,0.9375
l_curve_3,1946,0.1997683048248291,0.9375
l_curve_3,1947,0.19965854287147522,0.9375
l_curve_3,1948,0.19959738850593567,0.9375
l_curve_3,1949,0.19948643445968628,0.9375
l_curve_3,1950,0.19942939281463623,0.9375
l_curve_3,1951,0.19929622113704681,0.9375
l_curve_3,1952,0.19917713105678558,0.9375
l_curve_3,1953,0.1991596221923828,0.9375
l_curve_3,1954,0.1990956962108612,0.9375
l_curve_3,1955,0.19900844991207123,0.9375
l_curve_3,1956,0.19899290800094604,0.9375
l_curve_3,1957,0.19896084070205688,0.9375
l_curve_3,1958,0.1988629698753357,0.9375
l_curve_3,1959,0.1987404227256775,0.9375
l_curve_3,1960,0.19871266186237335,0.9375
l_curve_3,1961,0.1986401379108429,0.9375
l_curve_3,1962,0.1985291689634323,0.9375
l_curve_3,1963,0.19843804836273193,0.9375
l_curve_3,1964,0.1982969343662262,0.9375
l_curve_3,1965,0.19827210903167725,0.9375
l_curve_3,1966,0.19816233217716217,0.9375
l_curve_3,1967,0.19812968373298645,0.9375
l_curve_3,1968,0.19807976484298706,0.9375
l_curve_3,1969,0.19801589846611023,0.9375
l_curve_3,1970,0.19797873497009277,0.9375
l_curve_3,1971,0.19787320494651794,0.9375
l_curve_3,1972,0.19776113331317902,0.9375
l_curve_3,1973,0.19767090678215027,0.9375
l_curve_3,1974,0.1976102590560913,0.9375
l_curve_3,1975,0.1975569874048233,0.9375
l_curve_3,1976,0.1974184811115265,0.9375
l_curve_3,1977,0.19733315706253052,0.9375
l_curve_3,1978,0.1972537636756897,0.9375
l_curve_3,1979,0.1972220242023468,0.9375
l_curve_3,1980,0.19713374972343445,0.9375
l_curve_3,1981,0.19698351621627808,0.9375
l_curve_3,1982,0.19695860147476196,0.9375
l_curve_3,1983,0.19687001407146454,0.9375
l_curve_3,1984,0.196830153465271,0.9375
l_curve_3,1985,0.1967441737651825,0.9375
l_curve_3,1986,0.19667385518550873,0.9375
l_curve_3,1987,0.19653622806072235,0.9375
l_curve_3,1988,0.19644418358802795,0.9375
l_curve_3,1989,0.19631823897361755,0.9375
l_curve_3,1990,0.19627594947814941,0.9375
l_curve_3,1991,0.1961987018585205,0.9375
l_curve_3,1992,0.19606254994869232,0.9375
l_curve_3,1993,0.1960189938545227,0.9375
l_curve_3,1994,0.19591039419174194,0.9375
l_curve_3,1995,0.1957768052816391,0.9375
l_curve_3,1996,0.1957397311925888,0.9375
l_curve_3,1997,0.19566908478736877,0.9375
l_curve_3,1998,0.19556096196174622,0.9375
l_curve_3,1999,0.19549918174743652,0.9375
l_curve_3,2000,0.19539275765419006,0.9375
l_curve_3,2000,0.19539275765419006,0.9375
