client,round,loss,accuracy
l_curve_4,1,1.2803936004638672,0.4642857015132904
l_curve_4,2,1.2620267868041992,0.4642857015132904
l_curve_4,3,1.2437177896499634,0.4642857015132904
l_curve_4,4,1.225670576095581,0.4642857015132904
l_curve_4,5,1.2077884674072266,0.4642857015132904
l_curve_4,6,1.1901795864105225,0.4642857015132904
l_curve_4,7,1.172759771347046,0.4642857015132904
l_curve_4,8,1.155698537826538,0.4642857015132904
l_curve_4,9,1.1388334035873413,0.4642857015132904
l_curve_4,10,1.1221706867218018,0.4642857015132904
l_curve_4,11,1.1059534549713135,0.4642857015132904
l_curve_4,12,1.0898395776748657,0.4642857015132904
l_curve_4,13,1.074094295501709,0.4642857015132904
l_curve_4,14,1.0585525035858154,0.4642857015132904
l_curve_4,15,1.0431115627288818,0.4642857015132904
l_curve_4,16,1.0280141830444336,0.4642857015132904
l_curve_4,17,1.0133458375930786,0.4642857015132904
l_curve_4,18,0.998963475227356,0.4642857015132904
l_curve_4,19,0.9848027229309082,0.4642857015132904
l_curve_4,20,0.9710301160812378,0.4642857015132904
l_curve_4,21,0.9576077461242676,0.4642857015132904
l_curve_4,22,0.9445423483848572,0.4642857015132904
l_curve_4,23,0.9316493272781372,0.4642857015132904
l_curve_4,24,0.9189597368240356,0.4642857015132904
l_curve_4,25,0.9066206812858582,0.4642857015132904
l_curve_4,26,0.894657552242279,0.4642857015132904
l_curve_4,27,0.882825493812561,0.4642857015132904
l_curve_4,28,0.871403694152832,0.4642857015132904
l_curve_4,29,0.8601762652397156,0.4642857015132904
l_curve_4,30,0.8492293357849121,0.4642857015132904
l_curve_4,31,0.8384180068969727,0.4642857015132904
l_curve_4,32,0.8279842734336853,0.4642857015132904
l_curve_4,33,0.817726194858551,0.4642857015132904
l_curve_4,34,0.8077124357223511,0.4642857015132904
l_curve_4,35,0.7978663444519043,0.4642857015132904
l_curve_4,36,0.7883043885231018,0.4642857015132904
l_curve_4,37,0.7789841890335083,0.4642857015132904
l_curve_4,38,0.7698774337768555,0.4642857015132904
l_curve_4,39,0.7609578371047974,0.4642857015132904
l_curve_4,40,0.752244770526886,0.4642857015132904
l_curve_4,41,0.7437230348587036,0.4642857015132904
l_curve_4,42,0.7355450391769409,0.4642857015132904
l_curve_4,43,0.7275555729866028,0.4642857015132904
l_curve_4,44,0.7197607159614563,0.4642857015132904
l_curve_4,45,0.7121297121047974,0.5
l_curve_4,46,0.7048083543777466,0.5
l_curve_4,47,0.6976605653762817,0.5
l_curve_4,48,0.6907496452331543,0.5
l_curve_4,49,0.6840273141860962,0.5
l_curve_4,50,0.677448570728302,0.5
l_curve_4,51,0.6709541082382202,0.5
l_curve_4,52,0.6647058129310608,0.5
l_curve_4,53,0.6585769653320312,0.5
l_curve_4,54,0.6526361703872681,0.5
l_curve_4,55,0.646802544593811,0.5714285969734192
l_curve_4,56,0.6410937905311584,0.6071428656578064
l_curve_4,57,0.6355314254760742,0.6428571343421936
l_curve_4,58,0.630088210105896,0.6428571343421936
l_curve_4,59,0.6247595548629761,0.6428571343421936
l_curve_4,60,0.6195189356803894,0.6785714030265808
l_curve_4,61,0.6144267320632935,0.6785714030265808
l_curve_4,62,0.6095227003097534,0.6785714030265808
l_curve_4,63,0.6047388315200806,0.6785714030265808
l_curve_4,64,0.6000250577926636,0.6785714030265808
l_curve_4,65,0.5953362584114075,0.6785714030265808
l_curve_4,66,0.5907644033432007,0.6785714030265808
l_curve_4,67,0.5862762331962585,0.6785714030265808
l_curve_4,68,0.581902027130127,0.6785714030265808
l_curve_4,69,0.5776517987251282,0.6785714030265808
l_curve_4,70,0.573486864566803,0.6785714030265808
l_curve_4,71,0.5693017840385437,0.7142857313156128
l_curve_4,72,0.5653387904167175,0.7142857313156128
l_curve_4,73,0.5614585280418396,0.7142857313156128
l_curve_4,74,0.5575990080833435,0.7142857313156128
l_curve_4,75,0.5538429021835327,0.7142857313156128
l_curve_4,76,0.550154447555542,0.7142857313156128
l_curve_4,77,0.5465196371078491,0.7142857313156128
l_curve_4,78,0.5429776310920715,0.7142857313156128
l_curve_4,79,0.5394972562789917,0.7142857313156128
l_curve_4,80,0.5360741019248962,0.7142857313156128
l_curve_4,81,0.5327298641204834,0.75
l_curve_4,82,0.5294557213783264,0.75
l_curve_4,83,0.526205837726593,0.7857142686843872
l_curve_4,84,0.5229993462562561,0.7857142686843872
l_curve_4,85,0.5198946595191956,0.7857142686843872
l_curve_4,86,0.5168541073799133,0.7857142686843872
l_curve_4,87,0.5137942433357239,0.7857142686843872
l_curve_4,88,0.5107583999633789,0.7857142686843872
l_curve_4,89,0.5078371167182922,0.7857142686843872
l_curve_4,90,0.5049497485160828,0.7857142686843872
l_curve_4,91,0.5021401643753052,0.7857142686843872
l_curve_4,92,0.499393492937088,0.7857142686843872
l_curve_4,93,0.4966699779033661,0.7857142686843872
l_curve_4,94,0.49397769570350647,0.8214285969734192
l_curve_4,95,0.4913211464881897,0.8214285969734192
l_curve_4,96,0.48873916268348694,0.8214285969734192
l_curve_4,97,0.48618221282958984,0.8214285969734192
l_curve_4,98,0.483688086271286,0.8214285969734192
l_curve_4,99,0.4812262952327728,0.8214285969734192
l_curve_4,100,0.4788045287132263,0.8214285969734192
l_curve_4,101,0.4764540493488312,0.8214285969734192
l_curve_4,102,0.4741075932979584,0.7857142686843872
l_curve_4,103,0.47178417444229126,0.7857142686843872
l_curve_4,104,0.4695116877555847,0.7857142686843872
l_curve_4,105,0.4673032760620117,0.7857142686843872
l_curve_4,106,0.46515128016471863,0.7857142686843872
l_curve_4,107,0.4630283713340759,0.7857142686843872
l_curve_4,108,0.4609227180480957,0.7857142686843872
l_curve_4,109,0.45886388421058655,0.7857142686843872
l_curve_4,110,0.4568226635456085,0.7857142686843872
l_curve_4,111,0.4547956585884094,0.7857142686843872
l_curve_4,112,0.45278841257095337,0.7857142686843872
l_curve_4,113,0.450808584690094,0.7857142686843872
l_curve_4,114,0.44885316491127014,0.7857142686843872
l_curve_4,115,0.4469303488731384,0.7857142686843872
l_curve_4,116,0.44504302740097046,0.7857142686843872
l_curve_4,117,0.4431754946708679,0.7857142686843872
l_curve_4,118,0.4413197338581085,0.7857142686843872
l_curve_4,119,0.43947961926460266,0.7857142686843872
l_curve_4,120,0.43767350912094116,0.7857142686843872
l_curve_4,121,0.43589815497398376,0.7857142686843872
l_curve_4,122,0.43416354060173035,0.7857142686843872
l_curve_4,123,0.43245601654052734,0.7857142686843872
l_curve_4,124,0.4307602345943451,0.7857142686843872
l_curve_4,125,0.4290926158428192,0.7857142686843872
l_curve_4,126,0.42746829986572266,0.7857142686843872
l_curve_4,127,0.4258640706539154,0.8214285969734192
l_curve_4,128,0.4243018329143524,0.8214285969734192
l_curve_4,129,0.42272552847862244,0.8214285969734192
l_curve_4,130,0.42114195227622986,0.8214285969734192
l_curve_4,131,0.41956499218940735,0.8214285969734192
l_curve_4,132,0.41805464029312134,0.8214285969734192
l_curve_4,133,0.41656312346458435,0.8214285969734192
l_curve_4,134,0.41507309675216675,0.8214285969734192
l_curve_4,135,0.4135983884334564,0.8214285969734192
l_curve_4,136,0.41216224431991577,0.8214285969734192
l_curve_4,137,0.410737007856369,0.8214285969734192
l_curve_4,138,0.4093403220176697,0.8214285969734192
l_curve_4,139,0.40794920921325684,0.8214285969734192
l_curve_4,140,0.40657711029052734,0.8214285969734192
l_curve_4,141,0.4052369296550751,0.8214285969734192
l_curve_4,142,0.403885155916214,0.8214285969734192
l_curve_4,143,0.40256816148757935,0.8214285969734192
l_curve_4,144,0.4012700915336609,0.8214285969734192
l_curve_4,145,0.399981826543808,0.8214285969734192
l_curve_4,146,0.39872100949287415,0.8214285969734192
l_curve_4,147,0.3974882960319519,0.8214285969734192
l_curve_4,148,0.39622488617897034,0.8214285969734192
l_curve_4,149,0.39499804377555847,0.8214285969734192
l_curve_4,150,0.39374834299087524,0.8214285969734192
l_curve_4,151,0.39251264929771423,0.8214285969734192
l_curve_4,152,0.3912941515445709,0.8214285969734192
l_curve_4,153,0.39008036255836487,0.8214285969734192
l_curve_4,154,0.3889119327068329,0.8214285969734192
l_curve_4,155,0.38773903250694275,0.8214285969734192
l_curve_4,156,0.38658514618873596,0.8214285969734192
l_curve_4,157,0.3854590356349945,0.8214285969734192
l_curve_4,158,0.38435155153274536,0.8214285969734192
l_curve_4,159,0.3832552433013916,0.8214285969734192
l_curve_4,160,0.3821595013141632,0.8214285969734192
l_curve_4,161,0.38110098242759705,0.8214285969734192
l_curve_4,162,0.38004061579704285,0.8214285969734192
l_curve_4,163,0.3789786696434021,0.8214285969734192
l_curve_4,164,0.37791070342063904,0.8214285969734192
l_curve_4,165,0.3768675625324249,0.8214285969734192
l_curve_4,166,0.37581494450569153,0.8214285969734192
l_curve_4,167,0.3747825026512146,0.8214285969734192
l_curve_4,168,0.3737736642360687,0.8214285969734192
l_curve_4,169,0.372769296169281,0.8214285969734192
l_curve_4,170,0.37176281213760376,0.8214285969734192
l_curve_4,171,0.3707706928253174,0.8214285969734192
l_curve_4,172,0.369811087846756,0.8214285969734192
l_curve_4,173,0.368863582611084,0.8214285969734192
l_curve_4,174,0.36791589856147766,0.8214285969734192
l_curve_4,175,0.366957426071167,0.8214285969734192
l_curve_4,176,0.3660382628440857,0.8214285969734192
l_curve_4,177,0.3651004433631897,0.8214285969734192
l_curve_4,178,0.3641865849494934,0.8214285969734192
l_curve_4,179,0.3632747530937195,0.8571428656578064
l_curve_4,180,0.3623930513858795,0.8571428656578064
l_curve_4,181,0.3614945411682129,0.8571428656578064
l_curve_4,182,0.36061030626296997,0.8571428656578064
l_curve_4,183,0.3597474992275238,0.8571428656578064
l_curve_4,184,0.358894407749176,0.8571428656578064
l_curve_4,185,0.3580525815486908,0.8571428656578064
l_curve_4,186,0.3572310507297516,0.8571428656578064
l_curve_4,187,0.35638904571533203,0.8571428656578064
l_curve_4,188,0.3555636405944824,0.8571428656578064
l_curve_4,189,0.3547666072845459,0.8571428656578064
l_curve_4,190,0.35395339131355286,0.8571428656578064
l_curve_4,191,0.35317865014076233,0.8571428656578064
l_curve_4,192,0.3523901402950287,0.8571428656578064
l_curve_4,193,0.35162797570228577,0.8571428656578064
l_curve_4,194,0.3508760631084442,0.8571428656578064
l_curve_4,195,0.35010769963264465,0.8571428656578064
l_curve_4,196,0.34936994314193726,0.8571428656578064
l_curve_4,197,0.3486096262931824,0.8571428656578064
l_curve_4,198,0.3478732705116272,0.8571428656578064
l_curve_4,199,0.3471470773220062,0.8571428656578064
l_curve_4,200,0.34642723202705383,0.8571428656578064
l_curve_4,201,0.3456992506980896,0.8571428656578064
l_curve_4,202,0.34501129388809204,0.8571428656578064
l_curve_4,203,0.3442930579185486,0.8571428656578064
l_curve_4,204,0.3435959815979004,0.8571428656578064
l_curve_4,205,0.34289005398750305,0.8571428656578064
l_curve_4,206,0.3421984314918518,0.8571428656578064
l_curve_4,207,0.3415098786354065,0.8571428656578064
l_curve_4,208,0.3408472239971161,0.8571428656578064
l_curve_4,209,0.34022220969200134,0.8571428656578064
l_curve_4,210,0.33959123492240906,0.8571428656578064
l_curve_4,211,0.338981956243515,0.8571428656578064
l_curve_4,212,0.33832457661628723,0.8571428656578064
l_curve_4,213,0.3376941978931427,0.8571428656578064
l_curve_4,214,0.3370416760444641,0.8928571343421936
l_curve_4,215,0.336433470249176,0.8928571343421936
l_curve_4,216,0.3358252942562103,0.8928571343421936
l_curve_4,217,0.3352351784706116,0.8928571343421936
l_curve_4,218,0.3346070349216461,0.8928571343421936
l_curve_4,219,0.3340235650539398,0.8928571343421936
l_curve_4,220,0.33346202969551086,0.8928571343421936
l_curve_4,221,0.33288565278053284,0.8928571343421936
l_curve_4,222,0.332304984331131,0.8928571343421936
l_curve_4,223,0.3317391276359558,0.8928571343421936
l_curve_4,224,0.3311638832092285,0.8928571343421936
l_curve_4,225,0.3305855393409729,0.8928571343421936
l_curve_4,226,0.3300223648548126,0.8928571343421936
l_curve_4,227,0.3294920325279236,0.8928571343421936
l_curve_4,228,0.3289511501789093,0.8928571343421936
l_curve_4,229,0.32837730646133423,0.8928571343421936
l_curve_4,230,0.3278569281101227,0.8928571343421936
l_curve_4,231,0.3273323178291321,0.8928571343421936
l_curve_4,232,0.32682809233665466,0.8928571343421936
l_curve_4,233,0.326282262802124,0.8928571343421936
l_curve_4,234,0.32575342059135437,0.8928571343421936
l_curve_4,235,0.32525548338890076,0.8928571343421936
l_curve_4,236,0.32473400235176086,0.8928571343421936
l_curve_4,237,0.32422178983688354,0.8928571343421936
l_curve_4,238,0.3237246572971344,0.8928571343421936
l_curve_4,239,0.32321444153785706,0.8928571343421936
l_curve_4,240,0.3227134644985199,0.8928571343421936
l_curve_4,241,0.32219547033309937,0.8928571343421936
l_curve_4,242,0.32169610261917114,0.8928571343421936
l_curve_4,243,0.32120123505592346,0.8928571343421936
l_curve_4,244,0.32072582840919495,0.8928571343421936
l_curve_4,245,0.3202475905418396,0.8928571343421936
l_curve_4,246,0.31977295875549316,0.8928571343421936
l_curve_4,247,0.31932100653648376,0.8928571343421936
l_curve_4,248,0.3188386559486389,0.8928571343421936
l_curve_4,249,0.3183753490447998,0.8928571343421936
l_curve_4,250,0.31794992089271545,0.8928571343421936
l_curve_4,251,0.3175017237663269,0.8928571343421936
l_curve_4,252,0.3170720934867859,0.8928571343421936
l_curve_4,253,0.3166119158267975,0.8928571343421936
l_curve_4,254,0.31618738174438477,0.8928571343421936
l_curve_4,255,0.3157558739185333,0.8928571343421936
l_curve_4,256,0.3153610825538635,0.8928571343421936
l_curve_4,257,0.31496015191078186,0.8928571343421936
l_curve_4,258,0.314557820558548,0.8928571343421936
l_curve_4,259,0.31416821479797363,0.8928571343421936
l_curve_4,260,0.31377172470092773,0.8928571343421936
l_curve_4,261,0.3133664131164551,0.8928571343421936
l_curve_4,262,0.31295743584632874,0.8928571343421936
l_curve_4,263,0.3125869631767273,0.8928571343421936
l_curve_4,264,0.3121800124645233,0.8928571343421936
l_curve_4,265,0.31177976727485657,0.8928571343421936
l_curve_4,266,0.31138744950294495,0.8928571343421936
l_curve_4,267,0.31099939346313477,0.8928571343421936
l_curve_4,268,0.31064099073410034,0.8928571343421936
l_curve_4,269,0.3102755844593048,0.8928571343421936
l_curve_4,270,0.3098985254764557,0.8928571343421936
l_curve_4,271,0.3095216453075409,0.8928571343421936
l_curve_4,272,0.30912309885025024,0.8928571343421936
l_curve_4,273,0.3087191581726074,0.8928571343421936
l_curve_4,274,0.30831506848335266,0.8928571343421936
l_curve_4,275,0.3078765273094177,0.8928571343421936
l_curve_4,276,0.3074563443660736,0.8928571343421936
l_curve_4,277,0.30706605315208435,0.8928571343421936
l_curve_4,278,0.306708425283432,0.8928571343421936
l_curve_4,279,0.306357204914093,0.8928571343421936
l_curve_4,280,0.3059876263141632,0.8928571343421936
l_curve_4,281,0.30564501881599426,0.8928571343421936
l_curve_4,282,0.30529704689979553,0.8928571343421936
l_curve_4,283,0.3048992455005646,0.8928571343421936
l_curve_4,284,0.3045032024383545,0.8928571343421936
l_curve_4,285,0.3041280210018158,0.8928571343421936
l_curve_4,286,0.30378100275993347,0.8928571343421936
l_curve_4,287,0.3034251630306244,0.8928571343421936
l_curve_4,288,0.3030844032764435,0.8928571343421936
l_curve_4,289,0.302773654460907,0.8928571343421936
l_curve_4,290,0.30244797468185425,0.8928571343421936
l_curve_4,291,0.30213668942451477,0.8928571343421936
l_curve_4,292,0.301798552274704,0.8928571343421936
l_curve_4,293,0.30147454142570496,0.8928571343421936
l_curve_4,294,0.3011245131492615,0.8928571343421936
l_curve_4,295,0.3007794916629791,0.8928571343421936
l_curve_4,296,0.30041027069091797,0.8928571343421936
l_curve_4,297,0.3001052439212799,0.8928571343421936
l_curve_4,298,0.2997865676879883,0.8928571343421936
l_curve_4,299,0.299515038728714,0.8928571343421936
l_curve_4,300,0.2992686331272125,0.8928571343421936
l_curve_4,301,0.29900532960891724,0.8928571343421936
l_curve_4,302,0.29875436425209045,0.8928571343421936
l_curve_4,303,0.29848939180374146,0.8928571343421936
l_curve_4,304,0.2981725335121155,0.8928571343421936
l_curve_4,305,0.2978185713291168,0.8928571343421936
l_curve_4,306,0.2974875867366791,0.8928571343421936
l_curve_4,307,0.2971677780151367,0.8928571343421936
l_curve_4,308,0.2969045639038086,0.8928571343421936
l_curve_4,309,0.2965795695781708,0.8928571343421936
l_curve_4,310,0.2962931990623474,0.8928571343421936
l_curve_4,311,0.2959340512752533,0.8928571343421936
l_curve_4,312,0.29559990763664246,0.8928571343421936
l_curve_4,313,0.29528215527534485,0.8928571343421936
l_curve_4,314,0.2949701249599457,0.8928571343421936
l_curve_4,315,0.294646680355072,0.8928571343421936
l_curve_4,316,0.2943766713142395,0.8928571343421936
l_curve_4,317,0.29404354095458984,0.8928571343421936
l_curve_4,318,0.2937748432159424,0.8928571343421936
l_curve_4,319,0.2934604585170746,0.8928571343421936
l_curve_4,320,0.2931993007659912,0.8928571343421936
l_curve_4,321,0.29292014241218567,0.8928571343421936
l_curve_4,322,0.29263728857040405,0.8928571343421936
l_curve_4,323,0.29231613874435425,0.8928571343421936
l_curve_4,324,0.2920064330101013,0.8928571343421936
l_curve_4,325,0.29168701171875,0.8928571343421936
l_curve_4,326,0.291389137506485,0.8928571343421936
l_curve_4,327,0.29109835624694824,0.8928571343421936
l_curve_4,328,0.29082706570625305,0.8928571343421936
l_curve_4,329,0.2905893623828888,0.8928571343421936
l_curve_4,330,0.2903297543525696,0.8928571343421936
l_curve_4,331,0.2900550365447998,0.8928571343421936
l_curve_4,332,0.2898072898387909,0.8928571343421936
l_curve_4,333,0.2895212769508362,0.8928571343421936
l_curve_4,334,0.2892208695411682,0.8928571343421936
l_curve_4,335,0.2889642119407654,0.8928571343421936
l_curve_4,336,0.2887246906757355,0.8928571343421936
l_curve_4,337,0.2884848117828369,0.8928571343421936
l_curve_4,338,0.2882087826728821,0.8928571343421936
l_curve_4,339,0.2878895103931427,0.8928571343421936
l_curve_4,340,0.28761929273605347,0.8928571343421936
l_curve_4,341,0.28734979033470154,0.8928571343421936
l_curve_4,342,0.2870098650455475,0.8928571343421936
l_curve_4,343,0.28675511479377747,0.8928571343421936
l_curve_4,344,0.28651708364486694,0.8928571343421936
l_curve_4,345,0.28624728322029114,0.8928571343421936
l_curve_4,346,0.28605416417121887,0.8928571343421936
l_curve_4,347,0.2857843339443207,0.8928571343421936
l_curve_4,348,0.2855187654495239,0.8928571343421936
l_curve_4,349,0.28527241945266724,0.8928571343421936
l_curve_4,350,0.28505709767341614,0.8928571343421936
l_curve_4,351,0.28482455015182495,0.8928571343421936
l_curve_4,352,0.28456369042396545,0.8928571343421936
l_curve_4,353,0.2843075692653656,0.8928571343421936
l_curve_4,354,0.2840813398361206,0.8928571343421936
l_curve_4,355,0.2838437259197235,0.8928571343421936
l_curve_4,356,0.28364643454551697,0.8928571343421936
l_curve_4,357,0.2833908498287201,0.8928571343421936
l_curve_4,358,0.283091276884079,0.8928571343421936
l_curve_4,359,0.2828002870082855,0.8928571343421936
l_curve_4,360,0.2825142741203308,0.8928571343421936
l_curve_4,361,0.28226640820503235,0.8928571343421936
l_curve_4,362,0.2820567488670349,0.8928571343421936
l_curve_4,363,0.2818444073200226,0.8928571343421936
l_curve_4,364,0.28162187337875366,0.8928571343421936
l_curve_4,365,0.2814688980579376,0.8928571343421936
l_curve_4,366,0.28126639127731323,0.8928571343421936
l_curve_4,367,0.2810352146625519,0.8928571343421936
l_curve_4,368,0.2808394730091095,0.8928571343421936
l_curve_4,369,0.28061482310295105,0.8928571343421936
l_curve_4,370,0.28039267659187317,0.8928571343421936
l_curve_4,371,0.280222088098526,0.8928571343421936
l_curve_4,372,0.2800253629684448,0.8928571343421936
l_curve_4,373,0.2797122299671173,0.8928571343421936
l_curve_4,374,0.2793906033039093,0.8928571343421936
l_curve_4,375,0.27905985713005066,0.8928571343421936
l_curve_4,376,0.27874577045440674,0.8928571343421936
l_curve_4,377,0.27840933203697205,0.8928571343421936
l_curve_4,378,0.2781488299369812,0.8928571343421936
l_curve_4,379,0.277957946062088,0.8928571343421936
l_curve_4,380,0.27776017785072327,0.8928571343421936
l_curve_4,381,0.27755191922187805,0.8928571343421936
l_curve_4,382,0.2773803174495697,0.8928571343421936
l_curve_4,383,0.2772252857685089,0.8928571343421936
l_curve_4,384,0.2770325541496277,0.8928571343421936
l_curve_4,385,0.2768516540527344,0.8928571343421936
l_curve_4,386,0.2767108976840973,0.8928571343421936
l_curve_4,387,0.27650418877601624,0.8928571343421936
l_curve_4,388,0.27625522017478943,0.8928571343421936
l_curve_4,389,0.2760360538959503,0.8928571343421936
l_curve_4,390,0.27583280205726624,0.8928571343421936
l_curve_4,391,0.27556848526000977,0.8928571343421936
l_curve_4,392,0.27533116936683655,0.8928571343421936
l_curve_4,393,0.2750747501850128,0.8928571343421936
l_curve_4,394,0.27482929825782776,0.8928571343421936
l_curve_4,395,0.2745949625968933,0.8928571343421936
l_curve_4,396,0.2743155062198639,0.8928571343421936
l_curve_4,397,0.27411067485809326,0.8928571343421936
l_curve_4,398,0.2738388478755951,0.8928571343421936
l_curve_4,399,0.27363210916519165,0.8928571343421936
l_curve_4,400,0.27341869473457336,0.8928571343421936
l_curve_4,401,0.27325066924095154,0.8928571343421936
l_curve_4,402,0.2730468809604645,0.8928571343421936
l_curve_4,403,0.27288582921028137,0.8928571343421936
l_curve_4,404,0.2726289629936218,0.8928571343421936
l_curve_4,405,0.27242615818977356,0.8928571343421936
l_curve_4,406,0.2722393870353699,0.8928571343421936
l_curve_4,407,0.27209004759788513,0.8928571343421936
l_curve_4,408,0.27189189195632935,0.8928571343421936
l_curve_4,409,0.2716452181339264,0.8928571343421936
l_curve_4,410,0.2714332640171051,0.8928571343421936
l_curve_4,411,0.27124908566474915,0.8928571343421936
l_curve_4,412,0.2710469365119934,0.8928571343421936
l_curve_4,413,0.27078723907470703,0.8928571343421936
l_curve_4,414,0.2705284655094147,0.8928571343421936
l_curve_4,415,0.2702644467353821,0.8928571343421936
l_curve_4,416,0.2701057493686676,0.8928571343421936
l_curve_4,417,0.26986658573150635,0.8928571343421936
l_curve_4,418,0.2695801854133606,0.8928571343421936
l_curve_4,419,0.2693195641040802,0.8928571343421936
l_curve_4,420,0.26905837655067444,0.8928571343421936
l_curve_4,421,0.2687569558620453,0.8928571343421936
l_curve_4,422,0.26848289370536804,0.8928571343421936
l_curve_4,423,0.26815006136894226,0.8928571343421936
l_curve_4,424,0.26794666051864624,0.8928571343421936
l_curve_4,425,0.26771509647369385,0.8928571343421936
l_curve_4,426,0.2675669491291046,0.8928571343421936
l_curve_4,427,0.26734161376953125,0.8928571343421936
l_curve_4,428,0.26711195707321167,0.8928571343421936
l_curve_4,429,0.26691776514053345,0.8928571343421936
l_curve_4,430,0.2667306363582611,0.8928571343421936
l_curve_4,431,0.2664712965488434,0.8928571343421936
l_curve_4,432,0.2662169337272644,0.8928571343421936
l_curve_4,433,0.26601797342300415,0.8928571343421936
l_curve_4,434,0.26574942469596863,0.8928571343421936
l_curve_4,435,0.26557743549346924,0.8928571343421936
l_curve_4,436,0.26532381772994995,0.8928571343421936
l_curve_4,437,0.2651199400424957,0.8928571343421936
l_curve_4,438,0.2649146318435669,0.8928571343421936
l_curve_4,439,0.264743834733963,0.8928571343421936
l_curve_4,440,0.26450008153915405,0.8928571343421936
l_curve_4,441,0.2642281651496887,0.8928571343421936
l_curve_4,442,0.26390141248703003,0.8928571343421936
l_curve_4,443,0.2636556029319763,0.8928571343421936
l_curve_4,444,0.2633880078792572,0.8928571343421936
l_curve_4,445,0.26310354471206665,0.8928571343421936
l_curve_4,446,0.2627887725830078,0.8928571343421936
l_curve_4,447,0.2624712884426117,0.8928571343421936
l_curve_4,448,0.2622721493244171,0.8928571343421936
l_curve_4,449,0.2620851695537567,0.8928571343421936
l_curve_4,450,0.26189181208610535,0.8928571343421936
l_curve_4,451,0.26159995794296265,0.8928571343421936
l_curve_4,452,0.26139116287231445,0.8928571343421936
l_curve_4,453,0.2612817585468292,0.8928571343421936
l_curve_4,454,0.26108404994010925,0.8928571343421936
l_curve_4,455,0.2609061300754547,0.8928571343421936
l_curve_4,456,0.26066139340400696,0.8928571343421936
l_curve_4,457,0.26042184233665466,0.8928571343421936
l_curve_4,458,0.2601824700832367,0.8928571343421936
l_curve_4,459,0.259960412979126,0.8928571343421936
l_curve_4,460,0.25969094038009644,0.8928571343421936
l_curve_4,461,0.2594640552997589,0.8928571343421936
l_curve_4,462,0.2592215836048126,0.8928571343421936
l_curve_4,463,0.25898057222366333,0.8928571343421936
l_curve_4,464,0.25862425565719604,0.8928571343421936
l_curve_4,465,0.2583625614643097,0.8928571343421936
l_curve_4,466,0.25813281536102295,0.8928571343421936
l_curve_4,467,0.2579014003276825,0.8928571343421936
l_curve_4,468,0.2576548159122467,0.8928571343421936
l_curve_4,469,0.2574068605899811,0.8928571343421936
l_curve_4,470,0.25723013281822205,0.8928571343421936
l_curve_4,471,0.2570400834083557,0.8928571343421936
l_curve_4,472,0.2568320333957672,0.8928571343421936
l_curve_4,473,0.2565980553627014,0.8928571343421936
l_curve_4,474,0.2563730776309967,0.8928571343421936
l_curve_4,475,0.2561209797859192,0.8928571343421936
l_curve_4,476,0.2558964192867279,0.8928571343421936
l_curve_4,477,0.25566256046295166,0.8928571343421936
l_curve_4,478,0.25541210174560547,0.8928571343421936
l_curve_4,479,0.2552133798599243,0.8928571343421936
l_curve_4,480,0.2549365162849426,0.8928571343421936
l_curve_4,481,0.2547245919704437,0.8928571343421936
l_curve_4,482,0.25451603531837463,0.8928571343421936
l_curve_4,483,0.2543538510799408,0.8928571343421936
l_curve_4,484,0.2541618347167969,0.8928571343421936
l_curve_4,485,0.2540590763092041,0.8928571343421936
l_curve_4,486,0.25387075543403625,0.8928571343421936
l_curve_4,487,0.2537020444869995,0.8928571343421936
l_curve_4,488,0.2535304129123688,0.8928571343421936
l_curve_4,489,0.2534027695655823,0.8928571343421936
l_curve_4,490,0.253282755613327,0.8928571343421936
l_curve_4,491,0.25311025977134705,0.8928571343421936
l_curve_4,492,0.2529350817203522,0.8928571343421936
l_curve_4,493,0.2527018189430237,0.8928571343421936
l_curve_4,494,0.2525109648704529,0.8928571343421936
l_curve_4,495,0.2522437870502472,0.8928571343421936
l_curve_4,496,0.2519966661930084,0.8928571343421936
l_curve_4,497,0.25181370973587036,0.8928571343421936
l_curve_4,498,0.2515629827976227,0.8928571343421936
l_curve_4,499,0.2512814998626709,0.8928571343421936
l_curve_4,500,0.2510227560997009,0.8928571343421936
l_curve_4,501,0.25072887539863586,0.8928571343421936
l_curve_4,502,0.25054025650024414,0.8928571343421936
l_curve_4,503,0.2502751648426056,0.8928571343421936
l_curve_4,504,0.250041127204895,0.8928571343421936
l_curve_4,505,0.24983882904052734,0.8928571343421936
l_curve_4,506,0.24956662952899933,0.8928571343421936
l_curve_4,507,0.2492949217557907,0.8928571343421936
l_curve_4,508,0.24905802309513092,0.8928571343421936
l_curve_4,509,0.2488149106502533,0.8928571343421936
l_curve_4,510,0.2485889345407486,0.8928571343421936
l_curve_4,511,0.24837085604667664,0.8928571343421936
l_curve_4,512,0.24812082946300507,0.8928571343421936
l_curve_4,513,0.24789182841777802,0.8928571343421936
l_curve_4,514,0.24772487580776215,0.8928571343421936
l_curve_4,515,0.24753591418266296,0.8928571343421936
l_curve_4,516,0.2472998946905136,0.8928571343421936
l_curve_4,517,0.24700187146663666,0.8928571343421936
l_curve_4,518,0.24665847420692444,0.8928571343421936
l_curve_4,519,0.24636812508106232,0.8928571343421936
l_curve_4,520,0.2460271418094635,0.8928571343421936
l_curve_4,521,0.2457054704427719,0.8928571343421936
l_curve_4,522,0.2453840970993042,0.8928571343421936
l_curve_4,523,0.245102196931839,0.8928571343421936
l_curve_4,524,0.2447829246520996,0.8928571343421936
l_curve_4,525,0.24446536600589752,0.8928571343421936
l_curve_4,526,0.2442156970500946,0.8928571343421936
l_curve_4,527,0.24391214549541473,0.8928571343421936
l_curve_4,528,0.2436000406742096,0.8928571343421936
l_curve_4,529,0.243301659822464,0.8928571343421936
l_curve_4,530,0.2430471032857895,0.8928571343421936
l_curve_4,531,0.24273781478405,0.8928571343421936
l_curve_4,532,0.24249692261219025,0.8928571343421936
l_curve_4,533,0.24225959181785583,0.8928571343421936
l_curve_4,534,0.24207545816898346,0.8928571343421936
l_curve_4,535,0.24184179306030273,0.8928571343421936
l_curve_4,536,0.24166648089885712,0.8928571343421936
l_curve_4,537,0.2414691001176834,0.8928571343421936
l_curve_4,538,0.2412792444229126,0.8928571343421936
l_curve_4,539,0.24104242026805878,0.8928571343421936
l_curve_4,540,0.24085606634616852,0.8928571343421936
l_curve_4,541,0.24062219262123108,0.8928571343421936
l_curve_4,542,0.24037590622901917,0.8928571343421936
l_curve_4,543,0.2401878833770752,0.8928571343421936
l_curve_4,544,0.239968404173851,0.8928571343421936
l_curve_4,545,0.23974467813968658,0.8928571343421936
l_curve_4,546,0.23955097794532776,0.8928571343421936
l_curve_4,547,0.239299014210701,0.8928571343421936
l_curve_4,548,0.23911480605602264,0.8928571343421936
l_curve_4,549,0.23891280591487885,0.8928571343421936
l_curve_4,550,0.23866698145866394,0.8928571343421936
l_curve_4,551,0.23846076428890228,0.8928571343421936
l_curve_4,552,0.23817244172096252,0.8928571343421936
l_curve_4,553,0.2380124032497406,0.8928571343421936
l_curve_4,554,0.237791508436203,0.8928571343421936
l_curve_4,555,0.23754730820655823,0.8928571343421936
l_curve_4,556,0.23726442456245422,0.8928571343421936
l_curve_4,557,0.2370176762342453,0.8928571343421936
l_curve_4,558,0.23683078587055206,0.8928571343421936
l_curve_4,559,0.23664169013500214,0.8928571343421936
l_curve_4,560,0.23638255894184113,0.8928571343421936
l_curve_4,561,0.23618300259113312,0.8928571343421936
l_curve_4,562,0.23601897060871124,0.8928571343421936
l_curve_4,563,0.23571979999542236,0.8928571343421936
l_curve_4,564,0.2354433536529541,0.8928571343421936
l_curve_4,565,0.2351991832256317,0.8928571343421936
l_curve_4,566,0.23490846157073975,0.8928571343421936
l_curve_4,567,0.23456190526485443,0.8928571343421936
l_curve_4,568,0.23421065509319305,0.8928571343421936
l_curve_4,569,0.23388519883155823,0.8928571343421936
l_curve_4,570,0.23359782993793488,0.8928571343421936
l_curve_4,571,0.23326241970062256,0.8928571343421936
l_curve_4,572,0.23294563591480255,0.8928571343421936
l_curve_4,573,0.2326715886592865,0.8928571343421936
l_curve_4,574,0.23242247104644775,0.8928571343421936
l_curve_4,575,0.23221595585346222,0.8928571343421936
l_curve_4,576,0.23198342323303223,0.8928571343421936
l_curve_4,577,0.2317388355731964,0.8928571343421936
l_curve_4,578,0.231465145945549,0.8928571343421936
l_curve_4,579,0.2312067598104477,0.8928571343421936
l_curve_4,580,0.23092855513095856,0.8928571343421936
l_curve_4,581,0.23065538704395294,0.8928571343421936
l_curve_4,582,0.23040519654750824,0.8928571343421936
l_curve_4,583,0.2301652431488037,0.8928571343421936
l_curve_4,584,0.2299146205186844,0.8928571343421936
l_curve_4,585,0.2296421378850937,0.8928571343421936
l_curve_4,586,0.2294335514307022,0.8928571343421936
l_curve_4,587,0.2291811853647232,0.8928571343421936
l_curve_4,588,0.22890102863311768,0.8928571343421936
l_curve_4,589,0.228619784116745,0.8928571343421936
l_curve_4,590,0.22829236090183258,0.8928571343421936
l_curve_4,591,0.22796833515167236,0.8928571343421936
l_curve_4,592,0.22763459384441376,0.8928571343421936
l_curve_4,593,0.2273699939250946,0.8928571343421936
l_curve_4,594,0.22694618999958038,0.8928571343421936
l_curve_4,595,0.22659364342689514,0.8928571343421936
l_curve_4,596,0.2262505441904068,0.8928571343421936
l_curve_4,597,0.22592595219612122,0.8928571343421936
l_curve_4,598,0.2256263941526413,0.8928571343421936
l_curve_4,599,0.22530604898929596,0.8928571343421936
l_curve_4,600,0.22505663335323334,0.8928571343421936
l_curve_4,601,0.22468528151512146,0.8928571343421936
l_curve_4,602,0.22441522777080536,0.8928571343421936
l_curve_4,603,0.22414039075374603,0.8928571343421936
l_curve_4,604,0.22388474643230438,0.8928571343421936
l_curve_4,605,0.22363974153995514,0.8928571343421936
l_curve_4,606,0.22342152893543243,0.8928571343421936
l_curve_4,607,0.2232191413640976,0.8928571343421936
l_curve_4,608,0.22299708425998688,0.8928571343421936
l_curve_4,609,0.2228062003850937,0.8928571343421936
l_curve_4,610,0.22266064584255219,0.8928571343421936
l_curve_4,611,0.2224489450454712,0.8928571343421936
l_curve_4,612,0.2222592830657959,0.8928571343421936
l_curve_4,613,0.22198839485645294,0.8928571343421936
l_curve_4,614,0.22176560759544373,0.8928571343421936
l_curve_4,615,0.22143223881721497,0.8928571343421936
l_curve_4,616,0.22117780148983002,0.8928571343421936
l_curve_4,617,0.2209046185016632,0.8928571343421936
l_curve_4,618,0.22061754763126373,0.8928571343421936
l_curve_4,619,0.22035229206085205,0.8928571343421936
l_curve_4,620,0.22006407380104065,0.8928571343421936
l_curve_4,621,0.21981382369995117,0.8928571343421936
l_curve_4,622,0.21955083310604095,0.8928571343421936
l_curve_4,623,0.21925607323646545,0.8928571343421936
l_curve_4,624,0.21892358362674713,0.8928571343421936
l_curve_4,625,0.21865610778331757,0.8928571343421936
l_curve_4,626,0.21835759282112122,0.8928571343421936
l_curve_4,627,0.2180096060037613,0.8928571343421936
l_curve_4,628,0.21769149601459503,0.8928571343421936
l_curve_4,629,0.21750840544700623,0.8928571343421936
l_curve_4,630,0.21724160015583038,0.8928571343421936
l_curve_4,631,0.21692638099193573,0.8928571343421936
l_curve_4,632,0.21669530868530273,0.8928571343421936
l_curve_4,633,0.2164524495601654,0.8928571343421936
l_curve_4,634,0.2162395417690277,0.8928571343421936
l_curve_4,635,0.21593019366264343,0.8928571343421936
l_curve_4,636,0.2156773954629898,0.8928571343421936
l_curve_4,637,0.21544119715690613,0.8928571343421936
l_curve_4,638,0.21524205803871155,0.8928571343421936
l_curve_4,639,0.21499134600162506,0.8928571343421936
l_curve_4,640,0.21475300192832947,0.8928571343421936
l_curve_4,641,0.21457771956920624,0.8928571343421936
l_curve_4,642,0.21432487666606903,0.8928571343421936
l_curve_4,643,0.21404410898685455,0.8928571343421936
l_curve_4,644,0.21382546424865723,0.8928571343421936
l_curve_4,645,0.2135585993528366,0.8928571343421936
l_curve_4,646,0.21327345073223114,0.8928571343421936
l_curve_4,647,0.21299543976783752,0.8928571343421936
l_curve_4,648,0.21267306804656982,0.8928571343421936
l_curve_4,649,0.21236459910869598,0.8928571343421936
l_curve_4,650,0.2121278941631317,0.8928571343421936
l_curve_4,651,0.21183177828788757,0.8928571343421936
l_curve_4,652,0.21153776347637177,0.8928571343421936
l_curve_4,653,0.21130020916461945,0.8928571343421936
l_curve_4,654,0.210983008146286,0.8928571343421936
l_curve_4,655,0.21072566509246826,0.8928571343421936
l_curve_4,656,0.21046306192874908,0.8928571343421936
l_curve_4,657,0.21019263565540314,0.8928571343421936
l_curve_4,658,0.20985619723796844,0.8928571343421936
l_curve_4,659,0.20957110822200775,0.8928571343421936
l_curve_4,660,0.2092381864786148,0.8928571343421936
l_curve_4,661,0.2088766098022461,0.8928571343421936
l_curve_4,662,0.20860660076141357,0.8928571343421936
l_curve_4,663,0.2082897573709488,0.8928571343421936
l_curve_4,664,0.20801933109760284,0.8928571343421936
l_curve_4,665,0.20765076577663422,0.8928571343421936
l_curve_4,666,0.20736680924892426,0.8928571343421936
l_curve_4,667,0.20706261694431305,0.8928571343421936
l_curve_4,668,0.20680303871631622,0.8928571343421936
l_curve_4,669,0.20657868683338165,0.8928571343421936
l_curve_4,670,0.20637424290180206,0.8928571343421936
l_curve_4,671,0.20612916350364685,0.8928571343421936
l_curve_4,672,0.2058984488248825,0.8928571343421936
l_curve_4,673,0.20564019680023193,0.8928571343421936
l_curve_4,674,0.20540037751197815,0.8928571343421936
l_curve_4,675,0.20508325099945068,0.8928571343421936
l_curve_4,676,0.2048434466123581,0.8928571343421936
l_curve_4,677,0.20458395779132843,0.8928571343421936
l_curve_4,678,0.20431244373321533,0.8928571343421936
l_curve_4,679,0.2040107548236847,0.8928571343421936
l_curve_4,680,0.20370762050151825,0.8928571343421936
l_curve_4,681,0.20344342291355133,0.8928571343421936
l_curve_4,682,0.20321515202522278,0.8928571343421936
l_curve_4,683,0.20298567414283752,0.8928571343421936
l_curve_4,684,0.20274527370929718,0.8928571343421936
l_curve_4,685,0.20251455903053284,0.8928571343421936
l_curve_4,686,0.20228220522403717,0.8928571343421936
l_curve_4,687,0.20196545124053955,0.8928571343421936
l_curve_4,688,0.20168152451515198,0.8928571343421936
l_curve_4,689,0.20143821835517883,0.8928571343421936
l_curve_4,690,0.20110218226909637,0.8928571343421936
l_curve_4,691,0.2007627785205841,0.8928571343421936
l_curve_4,692,0.20037920773029327,0.8928571343421936
l_curve_4,693,0.20017483830451965,0.8928571343421936
l_curve_4,694,0.1998910754919052,0.8928571343421936
l_curve_4,695,0.19957388937473297,0.8928571343421936
l_curve_4,696,0.1993647664785385,0.8928571343421936
l_curve_4,697,0.19915269315242767,0.8928571343421936
l_curve_4,698,0.1988222599029541,0.8928571343421936
l_curve_4,699,0.19862349331378937,0.8928571343421936
l_curve_4,700,0.1983480155467987,0.8928571343421936
l_curve_4,701,0.19808053970336914,0.8928571343421936
l_curve_4,702,0.19784195721149445,0.8928571343421936
l_curve_4,703,0.1975666582584381,0.8928571343421936
l_curve_4,704,0.19741013646125793,0.8928571343421936
l_curve_4,705,0.19721205532550812,0.8928571343421936
l_curve_4,706,0.1970108449459076,0.8928571343421936
l_curve_4,707,0.19674527645111084,0.8928571343421936
l_curve_4,708,0.19650845229625702,0.8928571343421936
l_curve_4,709,0.19626136124134064,0.8928571343421936
l_curve_4,710,0.19595153629779816,0.8928571343421936
l_curve_4,711,0.19560636579990387,0.8928571343421936
l_curve_4,712,0.19532445073127747,0.8928571343421936
l_curve_4,713,0.1950804889202118,0.8928571343421936
l_curve_4,714,0.19478373229503632,0.8928571343421936
l_curve_4,715,0.19454284012317657,0.8928571343421936
l_curve_4,716,0.1943494975566864,0.8928571343421936
l_curve_4,717,0.1940820962190628,0.8928571343421936
l_curve_4,718,0.1937631070613861,0.8928571343421936
l_curve_4,719,0.19351263344287872,0.8928571343421936
l_curve_4,720,0.19325849413871765,0.8928571343421936
l_curve_4,721,0.19303949177265167,0.8928571343421936
l_curve_4,722,0.19280792772769928,0.8928571343421936
l_curve_4,723,0.19268299639225006,0.8928571343421936
l_curve_4,724,0.19244089722633362,0.8928571343421936
l_curve_4,725,0.19216442108154297,0.8928571343421936
l_curve_4,726,0.1919139325618744,0.8928571343421936
l_curve_4,727,0.1916060894727707,0.8928571343421936
l_curve_4,728,0.19129349291324615,0.8928571343421936
l_curve_4,729,0.1910552680492401,0.8928571343421936
l_curve_4,730,0.1908106505870819,0.8928571343421936
l_curve_4,731,0.19052276015281677,0.8928571343421936
l_curve_4,732,0.1902550905942917,0.8928571343421936
l_curve_4,733,0.18992379307746887,0.8928571343421936
l_curve_4,734,0.18956390023231506,0.8928571343421936
l_curve_4,735,0.18921862542629242,0.8928571343421936
l_curve_4,736,0.18889911472797394,0.8928571343421936
l_curve_4,737,0.1886347383260727,0.8928571343421936
l_curve_4,738,0.1883031278848648,0.8928571343421936
l_curve_4,739,0.18792542815208435,0.8928571343421936
l_curve_4,740,0.1876356303691864,0.8928571343421936
l_curve_4,741,0.18730907142162323,0.8928571343421936
l_curve_4,742,0.18704846501350403,0.8928571343421936
l_curve_4,743,0.18670690059661865,0.8928571343421936
l_curve_4,744,0.18636377155780792,0.8928571343421936
l_curve_4,745,0.18604040145874023,0.8928571343421936
l_curve_4,746,0.1857198178768158,0.8928571343421936
l_curve_4,747,0.1853073537349701,0.8928571343421936
l_curve_4,748,0.18498477339744568,0.8928571343421936
l_curve_4,749,0.18474219739437103,0.8928571343421936
l_curve_4,750,0.1845232993364334,0.8928571343421936
l_curve_4,751,0.18428437411785126,0.8928571343421936
l_curve_4,752,0.18404702842235565,0.8928571343421936
l_curve_4,753,0.18385492265224457,0.8928571343421936
l_curve_4,754,0.18358969688415527,0.8928571343421936
l_curve_4,755,0.1833263486623764,0.8928571343421936
l_curve_4,756,0.18306414783000946,0.8928571343421936
l_curve_4,757,0.18282461166381836,0.8928571343421936
l_curve_4,758,0.18261279165744781,0.8928571343421936
l_curve_4,759,0.1823926866054535,0.8928571343421936
l_curve_4,760,0.1821453869342804,0.8928571343421936
l_curve_4,761,0.1819167584180832,0.8928571343421936
l_curve_4,762,0.1817416250705719,0.8928571343421936
l_curve_4,763,0.18155303597450256,0.8928571343421936
l_curve_4,764,0.18137529492378235,0.8928571343421936
l_curve_4,765,0.18116764724254608,0.8928571343421936
l_curve_4,766,0.1809769570827484,0.8928571343421936
l_curve_4,767,0.1807163804769516,0.8928571343421936
l_curve_4,768,0.1804191768169403,0.8928571343421936
l_curve_4,769,0.1800960749387741,0.8928571343421936
l_curve_4,770,0.17981933057308197,0.8928571343421936
l_curve_4,771,0.17954735457897186,0.8928571343421936
l_curve_4,772,0.1792607456445694,0.8928571343421936
l_curve_4,773,0.17899075150489807,0.8928571343421936
l_curve_4,774,0.17870235443115234,0.8928571343421936
l_curve_4,775,0.1784365028142929,0.8928571343421936
l_curve_4,776,0.1781960278749466,0.8928571343421936
l_curve_4,777,0.1779344379901886,0.8928571343421936
l_curve_4,778,0.1776588261127472,0.8928571343421936
l_curve_4,779,0.177419513463974,0.8928571343421936
l_curve_4,780,0.1771795004606247,0.8928571343421936
l_curve_4,781,0.17694978415966034,0.8928571343421936
l_curve_4,782,0.17659012973308563,0.8928571343421936
l_curve_4,783,0.17631419003009796,0.8928571343421936
l_curve_4,784,0.1759892702102661,0.8928571343421936
l_curve_4,785,0.17570318281650543,0.8928571343421936
l_curve_4,786,0.175425186753273,0.8928571343421936
l_curve_4,787,0.17513631284236908,0.8928571343421936
l_curve_4,788,0.1749039888381958,0.8928571343421936
l_curve_4,789,0.17469656467437744,0.8928571343421936
l_curve_4,790,0.174477681517601,0.8928571343421936
l_curve_4,791,0.17427028715610504,0.8928571343421936
l_curve_4,792,0.1739955097436905,0.8928571343421936
l_curve_4,793,0.17373411357402802,0.8928571343421936
l_curve_4,794,0.17351685464382172,0.8928571343421936
l_curve_4,795,0.1732414811849594,0.8928571343421936
l_curve_4,796,0.17299196124076843,0.8928571343421936
l_curve_4,797,0.17272500693798065,0.8928571343421936
l_curve_4,798,0.1724698543548584,0.8928571343421936
l_curve_4,799,0.17222240567207336,0.8928571343421936
l_curve_4,800,0.17205920815467834,0.8928571343421936
l_curve_4,801,0.1717667579650879,0.8928571343421936
l_curve_4,802,0.17153935134410858,0.8928571343421936
l_curve_4,803,0.17121292650699615,0.8928571343421936
l_curve_4,804,0.17090284824371338,0.8928571343421936
l_curve_4,805,0.1705731600522995,0.8928571343421936
l_curve_4,806,0.17036883533000946,0.8928571343421936
l_curve_4,807,0.17002582550048828,0.8928571343421936
l_curve_4,808,0.1697562038898468,0.8928571343421936
l_curve_4,809,0.16952738165855408,0.8928571343421936
l_curve_4,810,0.16932430863380432,0.8928571343421936
l_curve_4,811,0.16905812919139862,0.8928571343421936
l_curve_4,812,0.16883882880210876,0.8928571343421936
l_curve_4,813,0.16870227456092834,0.8928571343421936
l_curve_4,814,0.1684771031141281,0.8928571343421936
l_curve_4,815,0.16818983852863312,0.8928571343421936
l_curve_4,816,0.1679639369249344,0.8928571343421936
l_curve_4,817,0.16771510243415833,0.8928571343421936
l_curve_4,818,0.16747626662254333,0.8928571343421936
l_curve_4,819,0.16728977859020233,0.8928571343421936
l_curve_4,820,0.16702909767627716,0.8928571343421936
l_curve_4,821,0.16684022545814514,0.8928571343421936
l_curve_4,822,0.16655707359313965,0.8928571343421936
l_curve_4,823,0.16635778546333313,0.8928571343421936
l_curve_4,824,0.16611094772815704,0.8928571343421936
l_curve_4,825,0.16593395173549652,0.8928571343421936
l_curve_4,826,0.16566090285778046,0.8928571343421936
l_curve_4,827,0.16539113223552704,0.8928571343421936
l_curve_4,828,0.1651291400194168,0.8928571343421936
l_curve_4,829,0.16485200822353363,0.8928571343421936
l_curve_4,830,0.1647018939256668,0.8928571343421936
l_curve_4,831,0.16449299454689026,0.8928571343421936
l_curve_4,832,0.16424712538719177,0.8928571343421936
l_curve_4,833,0.1640050858259201,0.8928571343421936
l_curve_4,834,0.1637904793024063,0.8928571343421936
l_curve_4,835,0.16357937455177307,0.8928571343421936
l_curve_4,836,0.1633979231119156,0.8928571343421936
l_curve_4,837,0.1631389558315277,0.8928571343421936
l_curve_4,838,0.1628672182559967,0.8928571343421936
l_curve_4,839,0.16264095902442932,0.8928571343421936
l_curve_4,840,0.16238951683044434,0.8928571343421936
l_curve_4,841,0.16215606033802032,0.8928571343421936
l_curve_4,842,0.1618877500295639,0.8928571343421936
l_curve_4,843,0.16157087683677673,0.8928571343421936
l_curve_4,844,0.16129426658153534,0.8928571343421936
l_curve_4,845,0.1610153764486313,0.8928571343421936
l_curve_4,846,0.16077125072479248,0.8928571343421936
l_curve_4,847,0.16055472195148468,0.8928571343421936
l_curve_4,848,0.16035720705986023,0.8928571343421936
l_curve_4,849,0.16012118756771088,0.8928571343421936
l_curve_4,850,0.15985223650932312,0.8928571343421936
l_curve_4,851,0.15958499908447266,0.8928571343421936
l_curve_4,852,0.15940414369106293,0.8928571343421936
l_curve_4,853,0.15924207866191864,0.8928571343421936
l_curve_4,854,0.159049853682518,0.8928571343421936
l_curve_4,855,0.1588803380727768,0.8928571343421936
l_curve_4,856,0.1585671752691269,0.8928571343421936
l_curve_4,857,0.15831275284290314,0.8928571343421936
l_curve_4,858,0.15804962813854218,0.8928571343421936
l_curve_4,859,0.15778708457946777,0.8928571343421936
l_curve_4,860,0.15756870806217194,0.8928571343421936
l_curve_4,861,0.1572944074869156,0.8928571343421936
l_curve_4,862,0.15702234208583832,0.8928571343421936
l_curve_4,863,0.15674130618572235,0.8928571343421936
l_curve_4,864,0.15658895671367645,0.8928571343421936
l_curve_4,865,0.1563299596309662,0.8928571343421936
l_curve_4,866,0.15609943866729736,0.8928571343421936
l_curve_4,867,0.1559171974658966,0.8928571343421936
l_curve_4,868,0.1558070331811905,0.8928571343421936
l_curve_4,869,0.15563584864139557,0.8928571343421936
l_curve_4,870,0.15543830394744873,0.8928571343421936
l_curve_4,871,0.1551664173603058,0.8928571343421936
l_curve_4,872,0.1548961102962494,0.8928571343421936
l_curve_4,873,0.15459288656711578,0.8928571343421936
l_curve_4,874,0.1543823480606079,0.8928571343421936
l_curve_4,875,0.15419325232505798,0.8928571343421936
l_curve_4,876,0.15402552485466003,0.8928571343421936
l_curve_4,877,0.1537759155035019,0.8928571343421936
l_curve_4,878,0.15356691181659698,0.8928571343421936
l_curve_4,879,0.15336184203624725,0.8928571343421936
l_curve_4,880,0.15312279760837555,0.8928571343421936
l_curve_4,881,0.15295115113258362,0.8928571343421936
l_curve_4,882,0.1528095155954361,0.8928571343421936
l_curve_4,883,0.15257558226585388,0.8928571343421936
l_curve_4,884,0.1522800177335739,0.8928571343421936
l_curve_4,885,0.1520637720823288,0.8928571343421936
l_curve_4,886,0.15178970992565155,0.8928571343421936
l_curve_4,887,0.1515568196773529,0.8928571343421936
l_curve_4,888,0.15136288106441498,0.8928571343421936
l_curve_4,889,0.151162251830101,0.8928571343421936
l_curve_4,890,0.15093359351158142,0.8928571343421936
l_curve_4,891,0.15077020227909088,0.8928571343421936
l_curve_4,892,0.1506134569644928,0.8928571343421936
l_curve_4,893,0.15035615861415863,0.8928571343421936
l_curve_4,894,0.15015578269958496,0.8928571343421936
l_curve_4,895,0.14990778267383575,0.8928571343421936
l_curve_4,896,0.14965008199214935,0.8928571343421936
l_curve_4,897,0.14949677884578705,0.8928571343421936
l_curve_4,898,0.14926740527153015,0.8928571343421936
l_curve_4,899,0.148935467004776,0.8928571343421936
l_curve_4,900,0.1486792266368866,0.8928571343421936
l_curve_4,901,0.14843691885471344,0.8928571343421936
l_curve_4,902,0.14822302758693695,0.8928571343421936
l_curve_4,903,0.14797291159629822,0.8928571343421936
l_curve_4,904,0.14776280522346497,0.8928571343421936
l_curve_4,905,0.1475170999765396,0.8928571343421936
l_curve_4,906,0.14730198681354523,0.8928571343421936
l_curve_4,907,0.1471390575170517,0.8928571343421936
l_curve_4,908,0.14691044390201569,0.8928571343421936
l_curve_4,909,0.14669978618621826,0.8928571343421936
l_curve_4,910,0.14648714661598206,0.8928571343421936
l_curve_4,911,0.14637157320976257,0.8928571343421936
l_curve_4,912,0.14619414508342743,0.8928571343421936
l_curve_4,913,0.14594285190105438,0.8928571343421936
l_curve_4,914,0.14568133652210236,0.8928571343421936
l_curve_4,915,0.145438089966774,0.8928571343421936
l_curve_4,916,0.1451880782842636,0.8928571343421936
l_curve_4,917,0.14498938620090485,0.8928571343421936
l_curve_4,918,0.1447865217924118,0.8928571343421936
l_curve_4,919,0.14465665817260742,0.8928571343421936
l_curve_4,920,0.1444236785173416,0.8928571343421936
l_curve_4,921,0.14418599009513855,0.8928571343421936
l_curve_4,922,0.14397954940795898,0.8928571343421936
l_curve_4,923,0.1437605321407318,0.8928571343421936
l_curve_4,924,0.1435355693101883,0.8928571343421936
l_curve_4,925,0.14330320060253143,0.8928571343421936
l_curve_4,926,0.1430455893278122,0.8928571343421936
l_curve_4,927,0.14284686744213104,0.8928571343421936
l_curve_4,928,0.14260295033454895,0.8928571343421936
l_curve_4,929,0.1423579752445221,0.8928571343421936
l_curve_4,930,0.14221397042274475,0.8928571343421936
l_curve_4,931,0.1420791894197464,0.8928571343421936
l_curve_4,932,0.14198090136051178,0.8928571343421936
l_curve_4,933,0.14177705347537994,0.8928571343421936
l_curve_4,934,0.14153020083904266,0.8928571343421936
l_curve_4,935,0.1412360817193985,0.8928571343421936
l_curve_4,936,0.14092513918876648,0.8928571343421936
l_curve_4,937,0.1406773179769516,0.8928571343421936
l_curve_4,938,0.14044567942619324,0.8928571343421936
l_curve_4,939,0.14027921855449677,0.8928571343421936
l_curve_4,940,0.14009512960910797,0.8928571343421936
l_curve_4,941,0.13993151485919952,0.8928571343421936
l_curve_4,942,0.13981439173221588,0.8928571343421936
l_curve_4,943,0.1396406888961792,0.8928571343421936
l_curve_4,944,0.13952621817588806,0.8928571343421936
l_curve_4,945,0.1393589824438095,0.8928571343421936
l_curve_4,946,0.13922815024852753,0.8928571343421936
l_curve_4,947,0.13909249007701874,0.8928571343421936
l_curve_4,948,0.1389416605234146,0.8928571343421936
l_curve_4,949,0.13877816498279572,0.8928571343421936
l_curve_4,950,0.13852323591709137,0.8928571343421936
l_curve_4,951,0.1383117288351059,0.8928571343421936
l_curve_4,952,0.13806886970996857,0.8928571343421936
l_curve_4,953,0.13784921169281006,0.8928571343421936
l_curve_4,954,0.1375962793827057,0.8928571343421936
l_curve_4,955,0.13735362887382507,0.8928571343421936
l_curve_4,956,0.137083500623703,0.8928571343421936
l_curve_4,957,0.13684587180614471,0.8928571343421936
l_curve_4,958,0.1365797221660614,0.8928571343421936
l_curve_4,959,0.13635151088237762,0.8928571343421936
l_curve_4,960,0.1361330896615982,0.8928571343421936
l_curve_4,961,0.13590393960475922,0.8928571343421936
l_curve_4,962,0.1355770379304886,0.8928571343421936
l_curve_4,963,0.13542090356349945,0.8928571343421936
l_curve_4,964,0.1352613866329193,0.8928571343421936
l_curve_4,965,0.13506022095680237,0.8928571343421936
l_curve_4,966,0.13490913808345795,0.8928571343421936
l_curve_4,967,0.1347271353006363,0.8928571343421936
l_curve_4,968,0.13453295826911926,0.8928571343421936
l_curve_4,969,0.1343565136194229,0.8928571343421936
l_curve_4,970,0.13420498371124268,0.8928571343421936
l_curve_4,971,0.13399209082126617,0.8928571343421936
l_curve_4,972,0.1338169425725937,0.8928571343421936
l_curve_4,973,0.1336463987827301,0.8928571343421936
l_curve_4,974,0.1334836781024933,0.8928571343421936
l_curve_4,975,0.13333693146705627,0.8928571343421936
l_curve_4,976,0.13320645689964294,0.8928571343421936
l_curve_4,977,0.13305231928825378,0.8928571343421936
l_curve_4,978,0.13290821015834808,0.8928571343421936
l_curve_4,979,0.1327720582485199,0.8928571343421936
l_curve_4,980,0.1325729787349701,0.8928571343421936
l_curve_4,981,0.13238981366157532,0.8928571343421936
l_curve_4,982,0.1321297436952591,0.8928571343421936
l_curve_4,983,0.1318836659193039,0.8928571343421936
l_curve_4,984,0.13168276846408844,0.8928571343421936
l_curve_4,985,0.13147243857383728,0.8928571343421936
l_curve_4,986,0.1312495768070221,0.8928571343421936
l_curve_4,987,0.1310712695121765,0.8928571343421936
l_curve_4,988,0.13083922863006592,0.8928571343421936
l_curve_4,989,0.1306087225675583,0.8928571343421936
l_curve_4,990,0.1304575502872467,0.8928571343421936
l_curve_4,991,0.1302962303161621,0.8928571343421936
l_curve_4,992,0.1300407350063324,0.8928571343421936
l_curve_4,993,0.12976154685020447,0.8928571343421936
l_curve_4,994,0.12958267331123352,0.8928571343421936
l_curve_4,995,0.12937529385089874,0.8928571343421936
l_curve_4,996,0.1290881186723709,0.8928571343421936
l_curve_4,997,0.12884925305843353,0.8928571343421936
l_curve_4,998,0.12869273126125336,0.8928571343421936
l_curve_4,999,0.12854088842868805,0.8928571343421936
l_curve_4,1000,0.12836270034313202,0.8928571343421936
l_curve_4,1000,0.12836270034313202,0.8928571343421936
