client,round,loss,accuracy
l_curve_3,1,0.9691115021705627,0.6071428656578064
l_curve_3,2,0.9565837979316711,0.6071428656578064
l_curve_3,3,0.9441622495651245,0.6071428656578064
l_curve_3,4,0.9320017099380493,0.6071428656578064
l_curve_3,5,0.919965922832489,0.6071428656578064
l_curve_3,6,0.9080807566642761,0.6071428656578064
l_curve_3,7,0.8963837027549744,0.6071428656578064
l_curve_3,8,0.8848778605461121,0.6071428656578064
l_curve_3,9,0.8735623359680176,0.6071428656578064
l_curve_3,10,0.862391471862793,0.6071428656578064
l_curve_3,11,0.8514795303344727,0.6071428656578064
l_curve_3,12,0.8407185673713684,0.6071428656578064
l_curve_3,13,0.8301844000816345,0.6071428656578064
l_curve_3,14,0.8197986483573914,0.6071428656578064
l_curve_3,15,0.8095073103904724,0.6071428656578064
l_curve_3,16,0.7995219826698303,0.6071428656578064
l_curve_3,17,0.7897438406944275,0.6071428656578064
l_curve_3,18,0.7801634669303894,0.6071428656578064
l_curve_3,19,0.770718514919281,0.6071428656578064
l_curve_3,20,0.7615307569503784,0.6071428656578064
l_curve_3,21,0.7525647878646851,0.6071428656578064
l_curve_3,22,0.7438612580299377,0.6071428656578064
l_curve_3,23,0.7352811694145203,0.6071428656578064
l_curve_3,24,0.7268700003623962,0.6071428656578064
l_curve_3,25,0.7186409831047058,0.6071428656578064
l_curve_3,26,0.7106004357337952,0.6071428656578064
l_curve_3,27,0.7027091383934021,0.6071428656578064
l_curve_3,28,0.6950739026069641,0.6071428656578064
l_curve_3,29,0.6875284314155579,0.6071428656578064
l_curve_3,30,0.6800797581672668,0.6071428656578064
l_curve_3,31,0.6727507710456848,0.6071428656578064
l_curve_3,32,0.6656178832054138,0.6071428656578064
l_curve_3,33,0.6587217450141907,0.6071428656578064
l_curve_3,34,0.6519985198974609,0.6071428656578064
l_curve_3,35,0.6453269720077515,0.6071428656578064
l_curve_3,36,0.6388200521469116,0.6071428656578064
l_curve_3,37,0.6325307488441467,0.6071428656578064
l_curve_3,38,0.6263934373855591,0.6071428656578064
l_curve_3,39,0.6203379034996033,0.6071428656578064
l_curve_3,40,0.614383339881897,0.6071428656578064
l_curve_3,41,0.6086225509643555,0.6071428656578064
l_curve_3,42,0.6030117273330688,0.6071428656578064
l_curve_3,43,0.597466766834259,0.6071428656578064
l_curve_3,44,0.5920688509941101,0.6071428656578064
l_curve_3,45,0.5867370963096619,0.6071428656578064
l_curve_3,46,0.5815607905387878,0.6071428656578064
l_curve_3,47,0.5765085816383362,0.6071428656578064
l_curve_3,48,0.571590006351471,0.6071428656578064
l_curve_3,49,0.5667243003845215,0.6071428656578064
l_curve_3,50,0.5619589686393738,0.6071428656578064
l_curve_3,51,0.5572846531867981,0.6071428656578064
l_curve_3,52,0.5526589155197144,0.6071428656578064
l_curve_3,53,0.5481938123703003,0.6071428656578064
l_curve_3,54,0.5438040494918823,0.7142857313156128
l_curve_3,55,0.539402186870575,0.7142857313156128
l_curve_3,56,0.5351215600967407,0.7142857313156128
l_curve_3,57,0.5309584140777588,0.7142857313156128
l_curve_3,58,0.526922345161438,0.7142857313156128
l_curve_3,59,0.5230351090431213,0.7142857313156128
l_curve_3,60,0.519222617149353,0.75
l_curve_3,61,0.5154411792755127,0.75
l_curve_3,62,0.5117745995521545,0.75
l_curve_3,63,0.5081490278244019,0.8214285969734192
l_curve_3,64,0.5045357346534729,0.8214285969734192
l_curve_3,65,0.5009210705757141,0.8571428656578064
l_curve_3,66,0.49744319915771484,0.8571428656578064
l_curve_3,67,0.49403223395347595,0.8571428656578064
l_curve_3,68,0.49070796370506287,0.8571428656578064
l_curve_3,69,0.4874003529548645,0.8571428656578064
l_curve_3,70,0.48412129282951355,0.8571428656578064
l_curve_3,71,0.48092418909072876,0.8571428656578064
l_curve_3,72,0.47774654626846313,0.8571428656578064
l_curve_3,73,0.474673330783844,0.8571428656578064
l_curve_3,74,0.4716029167175293,0.8571428656578064
l_curve_3,75,0.46859410405158997,0.8571428656578064
l_curve_3,76,0.4656003415584564,0.8571428656578064
l_curve_3,77,0.4625914394855499,0.8928571343421936
l_curve_3,78,0.45967501401901245,0.8928571343421936
l_curve_3,79,0.4567740559577942,0.8928571343421936
l_curve_3,80,0.45392975211143494,0.8928571343421936
l_curve_3,81,0.45108476281166077,0.8928571343421936
l_curve_3,82,0.4482046663761139,0.8928571343421936
l_curve_3,83,0.44546109437942505,0.8928571343421936
l_curve_3,84,0.44281697273254395,0.8928571343421936
l_curve_3,85,0.44019240140914917,0.8928571343421936
l_curve_3,86,0.4374798834323883,0.8928571343421936
l_curve_3,87,0.4349716305732727,0.8928571343421936
l_curve_3,88,0.4324955642223358,0.8928571343421936
l_curve_3,89,0.42996740341186523,0.8928571343421936
l_curve_3,90,0.4275839030742645,0.8928571343421936
l_curve_3,91,0.42520952224731445,0.9285714030265808
l_curve_3,92,0.422859251499176,0.9285714030265808
l_curve_3,93,0.42055168747901917,0.9285714030265808
l_curve_3,94,0.41828855872154236,0.9285714030265808
l_curve_3,95,0.4160483777523041,0.9285714030265808
l_curve_3,96,0.4137888550758362,0.9285714030265808
l_curve_3,97,0.41164088249206543,0.9285714030265808
l_curve_3,98,0.40948382019996643,0.9285714030265808
l_curve_3,99,0.4073887765407562,0.9285714030265808
l_curve_3,100,0.4053131639957428,0.9285714030265808
l_curve_3,101,0.4032028317451477,0.9285714030265808
l_curve_3,102,0.4011554718017578,0.9285714030265808
l_curve_3,103,0.39914923906326294,0.9285714030265808
l_curve_3,104,0.3972247540950775,0.9285714030265808
l_curve_3,105,0.3952631652355194,0.9285714030265808
l_curve_3,106,0.39330536127090454,0.9285714030265808
l_curve_3,107,0.3913990557193756,0.9285714030265808
l_curve_3,108,0.38953444361686707,0.9285714030265808
l_curve_3,109,0.38765624165534973,0.9285714030265808
l_curve_3,110,0.38583904504776,0.9285714030265808
l_curve_3,111,0.38408002257347107,0.9285714030265808
l_curve_3,112,0.38234812021255493,0.9285714030265808
l_curve_3,113,0.3806478679180145,0.9285714030265808
l_curve_3,114,0.3789789080619812,0.9285714030265808
l_curve_3,115,0.3773413300514221,0.9285714030265808
l_curve_3,116,0.37569475173950195,0.9285714030265808
l_curve_3,117,0.3741013705730438,0.9285714030265808
l_curve_3,118,0.3725520968437195,0.9285714030265808
l_curve_3,119,0.3710342347621918,0.9285714030265808
l_curve_3,120,0.36953407526016235,0.9285714030265808
l_curve_3,121,0.3680402934551239,0.9285714030265808
l_curve_3,122,0.36655643582344055,0.9285714030265808
l_curve_3,123,0.3650822937488556,0.9285714030265808
l_curve_3,124,0.36372020840644836,0.9285714030265808
l_curve_3,125,0.3623318076133728,0.9285714030265808
l_curve_3,126,0.36095118522644043,0.9285714030265808
l_curve_3,127,0.3596123158931732,0.9285714030265808
l_curve_3,128,0.35817357897758484,0.9285714030265808
l_curve_3,129,0.35681748390197754,0.9285714030265808
l_curve_3,130,0.35559511184692383,0.9285714030265808
l_curve_3,131,0.35438013076782227,0.9285714030265808
l_curve_3,132,0.3530462682247162,0.9285714030265808
l_curve_3,133,0.35172930359840393,0.9285714030265808
l_curve_3,134,0.3505246937274933,0.9285714030265808
l_curve_3,135,0.34933051466941833,0.9285714030265808
l_curve_3,136,0.3481200635433197,0.9285714030265808
l_curve_3,137,0.3469727635383606,0.9285714030265808
l_curve_3,138,0.3458208441734314,0.9285714030265808
l_curve_3,139,0.3446774482727051,0.9285714030265808
l_curve_3,140,0.3435196280479431,0.9285714030265808
l_curve_3,141,0.3423200249671936,0.9285714030265808
l_curve_3,142,0.34126386046409607,0.9285714030265808
l_curve_3,143,0.3401276469230652,0.9285714030265808
l_curve_3,144,0.33901479840278625,0.9285714030265808
l_curve_3,145,0.3379287123680115,0.9285714030265808
l_curve_3,146,0.33681580424308777,0.9285714030265808
l_curve_3,147,0.33572933077812195,0.9285714030265808
l_curve_3,148,0.3347811698913574,0.9285714030265808
l_curve_3,149,0.33377203345298767,0.8928571343421936
l_curve_3,150,0.3328841030597687,0.8928571343421936
l_curve_3,151,0.3320298492908478,0.8928571343421936
l_curve_3,152,0.33114859461784363,0.8928571343421936
l_curve_3,153,0.3302845358848572,0.8928571343421936
l_curve_3,154,0.32931190729141235,0.8928571343421936
l_curve_3,155,0.32842519879341125,0.8928571343421936
l_curve_3,156,0.3275112211704254,0.8928571343421936
l_curve_3,157,0.3265863060951233,0.8928571343421936
l_curve_3,158,0.32562652230262756,0.8928571343421936
l_curve_3,159,0.3246927261352539,0.8928571343421936
l_curve_3,160,0.3237733244895935,0.8928571343421936
l_curve_3,161,0.3228190839290619,0.8928571343421936
l_curve_3,162,0.32190847396850586,0.8928571343421936
l_curve_3,163,0.32100579142570496,0.8928571343421936
l_curve_3,164,0.3201700747013092,0.8928571343421936
l_curve_3,165,0.3192990720272064,0.8928571343421936
l_curve_3,166,0.3185201585292816,0.8928571343421936
l_curve_3,167,0.31772083044052124,0.8928571343421936
l_curve_3,168,0.3168719410896301,0.8928571343421936
l_curve_3,169,0.3160784840583801,0.8928571343421936
l_curve_3,170,0.3153427541255951,0.8928571343421936
l_curve_3,171,0.31461068987846375,0.8928571343421936
l_curve_3,172,0.3138171136379242,0.8928571343421936
l_curve_3,173,0.31302982568740845,0.8928571343421936
l_curve_3,174,0.3122958540916443,0.8928571343421936
l_curve_3,175,0.3116280436515808,0.8928571343421936
l_curve_3,176,0.31085720658302307,0.8928571343421936
l_curve_3,177,0.3101975619792938,0.9285714030265808
l_curve_3,178,0.30949756503105164,0.9285714030265808
l_curve_3,179,0.30883604288101196,0.9285714030265808
l_curve_3,180,0.3081212043762207,0.9285714030265808
l_curve_3,181,0.30750301480293274,0.9285714030265808
l_curve_3,182,0.3068685829639435,0.9285714030265808
l_curve_3,183,0.3062050938606262,0.9285714030265808
l_curve_3,184,0.30553823709487915,0.9285714030265808
l_curve_3,185,0.3048403263092041,0.9285714030265808
l_curve_3,186,0.30410170555114746,0.9285714030265808
l_curve_3,187,0.30343541502952576,0.9285714030265808
l_curve_3,188,0.3027612864971161,0.9285714030265808
l_curve_3,189,0.302072137594223,0.9285714030265808
l_curve_3,190,0.3014783561229706,0.9285714030265808
l_curve_3,191,0.3007940948009491,0.9285714030265808
l_curve_3,192,0.3001616895198822,0.9285714030265808
l_curve_3,193,0.2994935214519501,0.9285714030265808
l_curve_3,194,0.29882296919822693,0.9285714030265808
l_curve_3,195,0.2982085347175598,0.9285714030265808
l_curve_3,196,0.2975460886955261,0.9285714030265808
l_curve_3,197,0.29695120453834534,0.9285714030265808
l_curve_3,198,0.2963426411151886,0.9285714030265808
l_curve_3,199,0.2957385182380676,0.9285714030265808
l_curve_3,200,0.2951560616493225,0.9285714030265808
l_curve_3,201,0.29460546374320984,0.9285714030265808
l_curve_3,202,0.29399603605270386,0.9285714030265808
l_curve_3,203,0.29346057772636414,0.9285714030265808
l_curve_3,204,0.29288697242736816,0.9285714030265808
l_curve_3,205,0.2923521399497986,0.9285714030265808
l_curve_3,206,0.29180654883384705,0.9285714030265808
l_curve_3,207,0.29128000140190125,0.9285714030265808
l_curve_3,208,0.2906940281391144,0.9285714030265808
l_curve_3,209,0.29004785418510437,0.9285714030265808
l_curve_3,210,0.28943243622779846,0.9285714030265808
l_curve_3,211,0.2887776792049408,0.9285714030265808
l_curve_3,212,0.2882423400878906,0.9285714030265808
l_curve_3,213,0.2876809239387512,0.9285714030265808
l_curve_3,214,0.28717729449272156,0.9285714030265808
l_curve_3,215,0.2865893542766571,0.9285714030265808
l_curve_3,216,0.2860465347766876,0.9285714030265808
l_curve_3,217,0.28544488549232483,0.9285714030265808
l_curve_3,218,0.2849797010421753,0.9285714030265808
l_curve_3,219,0.2843966484069824,0.9285714030265808
l_curve_3,220,0.2837870419025421,0.9285714030265808
l_curve_3,221,0.2832186222076416,0.9285714030265808
l_curve_3,222,0.28266486525535583,0.9285714030265808
l_curve_3,223,0.2821134030818939,0.9285714030265808
l_curve_3,224,0.28159722685813904,0.9285714030265808
l_curve_3,225,0.28112688660621643,0.9285714030265808
l_curve_3,226,0.2806060314178467,0.9285714030265808
l_curve_3,227,0.28002944588661194,0.9285714030265808
l_curve_3,228,0.2794839143753052,0.9285714030265808
l_curve_3,229,0.2790498435497284,0.9285714030265808
l_curve_3,230,0.27848926186561584,0.9285714030265808
l_curve_3,231,0.2779182493686676,0.9285714030265808
l_curve_3,232,0.2773422300815582,0.9285714030265808
l_curve_3,233,0.27687951922416687,0.9285714030265808
l_curve_3,234,0.27635255455970764,0.9285714030265808
l_curve_3,235,0.2757909595966339,0.9285714030265808
l_curve_3,236,0.2752891182899475,0.9285714030265808
l_curve_3,237,0.27479326725006104,0.9285714030265808
l_curve_3,238,0.2742994725704193,0.9285714030265808
l_curve_3,239,0.27387291193008423,0.9285714030265808
l_curve_3,240,0.27341973781585693,0.9285714030265808
l_curve_3,241,0.27302539348602295,0.9285714030265808
l_curve_3,242,0.27258726954460144,0.9285714030265808
l_curve_3,243,0.2721833288669586,0.9285714030265808
l_curve_3,244,0.27171406149864197,0.9285714030265808
l_curve_3,245,0.27128902077674866,0.9285714030265808
l_curve_3,246,0.2708645164966583,0.9285714030265808
l_curve_3,247,0.270354688167572,0.9285714030265808
l_curve_3,248,0.26992374658584595,0.9285714030265808
l_curve_3,249,0.2694564461708069,0.9285714030265808
l_curve_3,250,0.26891812682151794,0.9285714030265808
l_curve_3,251,0.2684680223464966,0.9285714030265808
l_curve_3,252,0.26797863841056824,0.9285714030265808
l_curve_3,253,0.2675440013408661,0.9285714030265808
l_curve_3,254,0.26705822348594666,0.9285714030265808
l_curve_3,255,0.26659780740737915,0.9285714030265808
l_curve_3,256,0.2660372853279114,0.9285714030265808
l_curve_3,257,0.26551157236099243,0.9285714030265808
l_curve_3,258,0.2650150656700134,0.9285714030265808
l_curve_3,259,0.2645326554775238,0.9285714030265808
l_curve_3,260,0.26405879855155945,0.9285714030265808
l_curve_3,261,0.26358717679977417,0.9285714030265808
l_curve_3,262,0.2631548047065735,0.9285714030265808
l_curve_3,263,0.26263734698295593,0.9285714030265808
l_curve_3,264,0.26219895482063293,0.9285714030265808
l_curve_3,265,0.2617557942867279,0.9285714030265808
l_curve_3,266,0.2613099217414856,0.9285714030265808
l_curve_3,267,0.2608828842639923,0.9285714030265808
l_curve_3,268,0.2603597939014435,0.9285714030265808
l_curve_3,269,0.2598833739757538,0.9285714030265808
l_curve_3,270,0.25941717624664307,0.9285714030265808
l_curve_3,271,0.2589676082134247,0.9285714030265808
l_curve_3,272,0.258558064699173,0.9285714030265808
l_curve_3,273,0.25818124413490295,0.9285714030265808
l_curve_3,274,0.25782808661460876,0.9285714030265808
l_curve_3,275,0.25755175948143005,0.9285714030265808
l_curve_3,276,0.25723692774772644,0.9285714030265808
l_curve_3,277,0.2568519711494446,0.9285714030265808
l_curve_3,278,0.25646600127220154,0.9285714030265808
l_curve_3,279,0.25603440403938293,0.9285714030265808
l_curve_3,280,0.2556611895561218,0.9285714030265808
l_curve_3,281,0.25520771741867065,0.9285714030265808
l_curve_3,282,0.25475820899009705,0.9285714030265808
l_curve_3,283,0.25444358587265015,0.9285714030265808
l_curve_3,284,0.2541130483150482,0.9285714030265808
l_curve_3,285,0.25375816226005554,0.9285714030265808
l_curve_3,286,0.25335693359375,0.9285714030265808
l_curve_3,287,0.2529740333557129,0.9285714030265808
l_curve_3,288,0.2525549530982971,0.9285714030265808
l_curve_3,289,0.25209954380989075,0.9285714030265808
l_curve_3,290,0.25168663263320923,0.9285714030265808
l_curve_3,291,0.2512200176715851,0.9285714030265808
l_curve_3,292,0.2508031725883484,0.9285714030265808
l_curve_3,293,0.25037339329719543,0.9285714030265808
l_curve_3,294,0.25001129508018494,0.9285714030265808
l_curve_3,295,0.24963484704494476,0.9285714030265808
l_curve_3,296,0.24931025505065918,0.9285714030265808
l_curve_3,297,0.2488970011472702,0.9285714030265808
l_curve_3,298,0.24852168560028076,0.9285714030265808
l_curve_3,299,0.24804054200649261,0.9285714030265808
l_curve_3,300,0.24753114581108093,0.9285714030265808
l_curve_3,301,0.24708212912082672,0.9285714030265808
l_curve_3,302,0.24661172926425934,0.9285714030265808
l_curve_3,303,0.24615074694156647,0.9285714030265808
l_curve_3,304,0.2458072006702423,0.9285714030265808
l_curve_3,305,0.24550290405750275,0.9285714030265808
l_curve_3,306,0.24518705904483795,0.9285714030265808
l_curve_3,307,0.2448558658361435,0.9285714030265808
l_curve_3,308,0.24442075192928314,0.9285714030265808
l_curve_3,309,0.24410554766654968,0.9285714030265808
l_curve_3,310,0.2437194287776947,0.9285714030265808
l_curve_3,311,0.24344787001609802,0.9285714030265808
l_curve_3,312,0.24311646819114685,0.9285714030265808
l_curve_3,313,0.24276039004325867,0.9285714030265808
l_curve_3,314,0.24238638579845428,0.9285714030265808
l_curve_3,315,0.24204549193382263,0.9285714030265808
l_curve_3,316,0.24159298837184906,0.9285714030265808
l_curve_3,317,0.24129028618335724,0.9285714030265808
l_curve_3,318,0.2409089356660843,0.9285714030265808
l_curve_3,319,0.24059636890888214,0.9285714030265808
l_curve_3,320,0.24021026492118835,0.9285714030265808
l_curve_3,321,0.23984859883785248,0.9285714030265808
l_curve_3,322,0.23948900401592255,0.9285714030265808
l_curve_3,323,0.23920626938343048,0.9285714030265808
l_curve_3,324,0.2389100342988968,0.9285714030265808
l_curve_3,325,0.23861625790596008,0.9285714030265808
l_curve_3,326,0.23830905556678772,0.9285714030265808
l_curve_3,327,0.23798620700836182,0.9285714030265808
l_curve_3,328,0.23765158653259277,0.9285714030265808
l_curve_3,329,0.23723134398460388,0.9285714030265808
l_curve_3,330,0.23681838810443878,0.9285714030265808
l_curve_3,331,0.23646856844425201,0.9285714030265808
l_curve_3,332,0.23607566952705383,0.9285714030265808
l_curve_3,333,0.23575159907341003,0.9285714030265808
l_curve_3,334,0.23548449575901031,0.9285714030265808
l_curve_3,335,0.23515020310878754,0.9285714030265808
l_curve_3,336,0.23478522896766663,0.9285714030265808
l_curve_3,337,0.23439906537532806,0.9285714030265808
l_curve_3,338,0.23407456278800964,0.9285714030265808
l_curve_3,339,0.23384355008602142,0.9285714030265808
l_curve_3,340,0.23349979519844055,0.9285714030265808
l_curve_3,341,0.23317191004753113,0.9285714030265808
l_curve_3,342,0.2329828441143036,0.9285714030265808
l_curve_3,343,0.23259015381336212,0.9285714030265808
l_curve_3,344,0.2322233021259308,0.9285714030265808
l_curve_3,345,0.23188519477844238,0.9285714030265808
l_curve_3,346,0.23141273856163025,0.9285714030265808
l_curve_3,347,0.23108315467834473,0.9285714030265808
l_curve_3,348,0.23078563809394836,0.9285714030265808
l_curve_3,349,0.23044715821743011,0.9285714030265808
l_curve_3,350,0.23005710542201996,0.9285714030265808
l_curve_3,351,0.22971007227897644,0.9285714030265808
l_curve_3,352,0.22941400110721588,0.9285714030265808
l_curve_3,353,0.22909872233867645,0.9285714030265808
l_curve_3,354,0.22869296371936798,0.9285714030265808
l_curve_3,355,0.22833487391471863,0.9285714030265808
l_curve_3,356,0.2278841733932495,0.9285714030265808
l_curve_3,357,0.22752784192562103,0.9285714030265808
l_curve_3,358,0.2272796332836151,0.9285714030265808
l_curve_3,359,0.22701700031757355,0.9285714030265808
l_curve_3,360,0.2267596572637558,0.9285714030265808
l_curve_3,361,0.22647349536418915,0.9285714030265808
l_curve_3,362,0.2261183261871338,0.9285714030265808
l_curve_3,363,0.22573545575141907,0.9285714030265808
l_curve_3,364,0.2253859043121338,0.9285714030265808
l_curve_3,365,0.2248803675174713,0.9285714030265808
l_curve_3,366,0.22446438670158386,0.9285714030265808
l_curve_3,367,0.22410838305950165,0.9285714030265808
l_curve_3,368,0.22372324764728546,0.9285714030265808
l_curve_3,369,0.22337113320827484,0.9285714030265808
l_curve_3,370,0.22301700711250305,0.9285714030265808
l_curve_3,371,0.2225794792175293,0.9285714030265808
l_curve_3,372,0.22219637036323547,0.9285714030265808
l_curve_3,373,0.22203032672405243,0.9285714030265808
l_curve_3,374,0.22187088429927826,0.9285714030265808
l_curve_3,375,0.22170720994472504,0.9285714030265808
l_curve_3,376,0.22149601578712463,0.9285714030265808
l_curve_3,377,0.22137130796909332,0.9285714030265808
l_curve_3,378,0.22110791504383087,0.9285714030265808
l_curve_3,379,0.22072799503803253,0.9285714030265808
l_curve_3,380,0.22037482261657715,0.9285714030265808
l_curve_3,381,0.22003071010112762,0.9285714030265808
l_curve_3,382,0.21961770951747894,0.9285714030265808
l_curve_3,383,0.21915189921855927,0.9285714030265808
l_curve_3,384,0.21875207126140594,0.9285714030265808
l_curve_3,385,0.21836742758750916,0.9285714030265808
l_curve_3,386,0.2179534137248993,0.9285714030265808
l_curve_3,387,0.21760691702365875,0.9285714030265808
l_curve_3,388,0.2172929346561432,0.9285714030265808
l_curve_3,389,0.21695780754089355,0.9285714030265808
l_curve_3,390,0.21663673222064972,0.9285714030265808
l_curve_3,391,0.21640822291374207,0.9285714030265808
l_curve_3,392,0.21612706780433655,0.9285714030265808
l_curve_3,393,0.21591629087924957,0.9285714030265808
l_curve_3,394,0.21569310128688812,0.9285714030265808
l_curve_3,395,0.21544215083122253,0.9285714030265808
l_curve_3,396,0.2152373492717743,0.9285714030265808
l_curve_3,397,0.21493573486804962,0.9285714030265808
l_curve_3,398,0.21472345292568207,0.9285714030265808
l_curve_3,399,0.21443036198616028,0.9285714030265808
l_curve_3,400,0.21413567662239075,0.9285714030265808
l_curve_3,401,0.21379336714744568,0.9285714030265808
l_curve_3,402,0.2135055959224701,0.9285714030265808
l_curve_3,403,0.21311137080192566,0.9285714030265808
l_curve_3,404,0.21283496916294098,0.9285714030265808
l_curve_3,405,0.2124926894903183,0.9285714030265808
l_curve_3,406,0.21215544641017914,0.9285714030265808
l_curve_3,407,0.2117462009191513,0.9285714030265808
l_curve_3,408,0.21143032610416412,0.9285714030265808
l_curve_3,409,0.21117691695690155,0.9285714030265808
l_curve_3,410,0.210898756980896,0.9285714030265808
l_curve_3,411,0.21055562794208527,0.9285714030265808
l_curve_3,412,0.21024182438850403,0.9285714030265808
l_curve_3,413,0.20997227728366852,0.9285714030265808
l_curve_3,414,0.2097020447254181,0.9285714030265808
l_curve_3,415,0.20944106578826904,0.9285714030265808
l_curve_3,416,0.2090575397014618,0.9285714030265808
l_curve_3,417,0.20878039300441742,0.9285714030265808
l_curve_3,418,0.20857609808444977,0.9285714030265808
l_curve_3,419,0.2083364576101303,0.9285714030265808
l_curve_3,420,0.2081197053194046,0.9285714030265808
l_curve_3,421,0.2079673707485199,0.9285714030265808
l_curve_3,422,0.20779001712799072,0.9285714030265808
l_curve_3,423,0.20769746601581573,0.9285714030265808
l_curve_3,424,0.20741340517997742,0.9285714030265808
l_curve_3,425,0.20713521540164948,0.9285714030265808
l_curve_3,426,0.20675155520439148,0.9285714030265808
l_curve_3,427,0.20648346841335297,0.9285714030265808
l_curve_3,428,0.20621907711029053,0.9285714030265808
l_curve_3,429,0.20590128004550934,0.9285714030265808
l_curve_3,430,0.20555952191352844,0.9285714030265808
l_curve_3,431,0.20532509684562683,0.9285714030265808
l_curve_3,432,0.20507262647151947,0.9285714030265808
l_curve_3,433,0.2047213762998581,0.9285714030265808
l_curve_3,434,0.2044941484928131,0.9285714030265808
l_curve_3,435,0.2041657418012619,0.9285714030265808
l_curve_3,436,0.20392224192619324,0.9285714030265808
l_curve_3,437,0.20359380543231964,0.9285714030265808
l_curve_3,438,0.20326396822929382,0.9285714030265808
l_curve_3,439,0.20288215577602386,0.9285714030265808
l_curve_3,440,0.2026287466287613,0.9285714030265808
l_curve_3,441,0.20239655673503876,0.9285714030265808
l_curve_3,442,0.2022320181131363,0.9285714030265808
l_curve_3,443,0.20197470486164093,0.9285714030265808
l_curve_3,444,0.20172607898712158,0.9285714030265808
l_curve_3,445,0.20145416259765625,0.9285714030265808
l_curve_3,446,0.20128515362739563,0.9285714030265808
l_curve_3,447,0.20112855732440948,0.9285714030265808
l_curve_3,448,0.20081867277622223,0.9285714030265808
l_curve_3,449,0.2004648894071579,0.9285714030265808
l_curve_3,450,0.2001532018184662,0.9285714030265808
l_curve_3,451,0.1999702900648117,0.9285714030265808
l_curve_3,452,0.19968076050281525,0.9285714030265808
l_curve_3,453,0.199226513504982,0.9285714030265808
l_curve_3,454,0.19890601933002472,0.9285714030265808
l_curve_3,455,0.1985786259174347,0.9285714030265808
l_curve_3,456,0.19831308722496033,0.9285714030265808
l_curve_3,457,0.1980401575565338,0.9285714030265808
l_curve_3,458,0.1977871209383011,0.9285714030265808
l_curve_3,459,0.19748523831367493,0.9285714030265808
l_curve_3,460,0.19722947478294373,0.9285714030265808
l_curve_3,461,0.1969352662563324,0.9285714030265808
l_curve_3,462,0.1966886818408966,0.9285714030265808
l_curve_3,463,0.19643445312976837,0.9285714030265808
l_curve_3,464,0.1963537186384201,0.9285714030265808
l_curve_3,465,0.19613279402256012,0.9285714030265808
l_curve_3,466,0.19584621489048004,0.9285714030265808
l_curve_3,467,0.19557809829711914,0.9285714030265808
l_curve_3,468,0.19532108306884766,0.9285714030265808
l_curve_3,469,0.1950855553150177,0.9285714030265808
l_curve_3,470,0.1947549730539322,0.9285714030265808
l_curve_3,471,0.19443579018115997,0.9285714030265808
l_curve_3,472,0.19417384266853333,0.9285714030265808
l_curve_3,473,0.19395561516284943,0.9285714030265808
l_curve_3,474,0.1936699002981186,0.9285714030265808
l_curve_3,475,0.19341178238391876,0.9285714030265808
l_curve_3,476,0.19316433370113373,0.9285714030265808
l_curve_3,477,0.19290344417095184,0.9285714030265808
l_curve_3,478,0.19263850152492523,0.9285714030265808
l_curve_3,479,0.1922660917043686,0.9285714030265808
l_curve_3,480,0.1920144110918045,0.9285714030265808
l_curve_3,481,0.19168563187122345,0.9285714030265808
l_curve_3,482,0.19135211408138275,0.9285714030265808
l_curve_3,483,0.19098712503910065,0.9285714030265808
l_curve_3,484,0.19066408276557922,0.9285714030265808
l_curve_3,485,0.1902569681406021,0.9285714030265808
l_curve_3,486,0.18994097411632538,0.9285714030265808
l_curve_3,487,0.18962742388248444,0.9285714030265808
l_curve_3,488,0.1893293559551239,0.9285714030265808
l_curve_3,489,0.18898425996303558,0.9285714030265808
l_curve_3,490,0.18862135708332062,0.9285714030265808
l_curve_3,491,0.18832595646381378,0.9285714030265808
l_curve_3,492,0.18801812827587128,0.9285714030265808
l_curve_3,493,0.18777677416801453,0.9285714030265808
l_curve_3,494,0.18746086955070496,0.9285714030265808
l_curve_3,495,0.1872018724679947,0.9285714030265808
l_curve_3,496,0.186955064535141,0.9285714030265808
l_curve_3,497,0.1866300404071808,0.9285714030265808
l_curve_3,498,0.18635793030261993,0.9285714030265808
l_curve_3,499,0.18613393604755402,0.9285714030265808
l_curve_3,500,0.18592846393585205,0.9285714030265808
l_curve_3,501,0.18571557104587555,0.9285714030265808
l_curve_3,502,0.18542838096618652,0.9285714030265808
l_curve_3,503,0.1852329671382904,0.9285714030265808
l_curve_3,504,0.1849810928106308,0.9285714030265808
l_curve_3,505,0.184701070189476,0.9285714030265808
l_curve_3,506,0.18449099361896515,0.9285714030265808
l_curve_3,507,0.1842556893825531,0.9285714030265808
l_curve_3,508,0.1840013712644577,0.9285714030265808
l_curve_3,509,0.18374499678611755,0.9285714030265808
l_curve_3,510,0.18344688415527344,0.9285714030265808
l_curve_3,511,0.18314501643180847,0.9285714030265808
l_curve_3,512,0.1828068643808365,0.9285714030265808
l_curve_3,513,0.18249133229255676,0.9285714030265808
l_curve_3,514,0.1821516752243042,0.9285714030265808
l_curve_3,515,0.18183453381061554,0.9285714030265808
l_curve_3,516,0.18155133724212646,0.9285714030265808
l_curve_3,517,0.18133245408535004,0.9285714030265808
l_curve_3,518,0.18117034435272217,0.9285714030265808
l_curve_3,519,0.1809895783662796,0.9285714030265808
l_curve_3,520,0.18083664774894714,0.9285714030265808
l_curve_3,521,0.18063271045684814,0.9285714030265808
l_curve_3,522,0.18045338988304138,0.9285714030265808
l_curve_3,523,0.18021397292613983,0.9285714030265808
l_curve_3,524,0.18002545833587646,0.9285714030265808
l_curve_3,525,0.1798216849565506,0.9285714030265808
l_curve_3,526,0.17954686284065247,0.9285714030265808
l_curve_3,527,0.1793622523546219,0.9285714030265808
l_curve_3,528,0.17919452488422394,0.9285714030265808
l_curve_3,529,0.17901289463043213,0.9285714030265808
l_curve_3,530,0.17873571813106537,0.9285714030265808
l_curve_3,531,0.17851176857948303,0.9285714030265808
l_curve_3,532,0.17820198833942413,0.9285714030265808
l_curve_3,533,0.17790739238262177,0.9285714030265808
l_curve_3,534,0.17755040526390076,0.9285714030265808
l_curve_3,535,0.17727752029895782,0.9285714030265808
l_curve_3,536,0.17694570124149323,0.9285714030265808
l_curve_3,537,0.17662201821804047,0.9285714030265808
l_curve_3,538,0.17631399631500244,0.9285714030265808
l_curve_3,539,0.17603017389774323,0.9285714030265808
l_curve_3,540,0.17567427456378937,0.9285714030265808
l_curve_3,541,0.17537525296211243,0.9285714030265808
l_curve_3,542,0.17512090504169464,0.9285714030265808
l_curve_3,543,0.17478691041469574,0.9285714030265808
l_curve_3,544,0.17450521886348724,0.9285714030265808
l_curve_3,545,0.17425599694252014,0.9285714030265808
l_curve_3,546,0.17393597960472107,0.9285714030265808
l_curve_3,547,0.17373572289943695,0.9285714030265808
l_curve_3,548,0.17343170940876007,0.9285714030265808
l_curve_3,549,0.17314396798610687,0.9285714030265808
l_curve_3,550,0.1728743016719818,0.9285714030265808
l_curve_3,551,0.17257003486156464,0.9285714030265808
l_curve_3,552,0.17235064506530762,0.9285714030265808
l_curve_3,553,0.17199812829494476,0.9285714030265808
l_curve_3,554,0.1717042177915573,0.9285714030265808
l_curve_3,555,0.17141887545585632,0.9285714030265808
l_curve_3,556,0.17117555439472198,0.9285714030265808
l_curve_3,557,0.17094920575618744,0.9285714030265808
l_curve_3,558,0.17065903544425964,0.9285714030265808
l_curve_3,559,0.1703435629606247,0.9285714030265808
l_curve_3,560,0.17008177936077118,0.9285714030265808
l_curve_3,561,0.16976450383663177,0.9285714030265808
l_curve_3,562,0.16939379274845123,0.9285714030265808
l_curve_3,563,0.16915664076805115,0.9285714030265808
l_curve_3,564,0.1689344346523285,0.9285714030265808
l_curve_3,565,0.16866649687290192,0.9285714030265808
l_curve_3,566,0.16844260692596436,0.9285714030265808
l_curve_3,567,0.16826975345611572,0.9285714030265808
l_curve_3,568,0.16812685132026672,0.9285714030265808
l_curve_3,569,0.16792549192905426,0.9285714030265808
l_curve_3,570,0.16770286858081818,0.9285714030265808
l_curve_3,571,0.16754496097564697,0.9285714030265808
l_curve_3,572,0.16735149919986725,0.9285714030265808
l_curve_3,573,0.16707266867160797,0.9285714030265808
l_curve_3,574,0.1668149083852768,0.9285714030265808
l_curve_3,575,0.16652394831180573,0.9285714030265808
l_curve_3,576,0.1662452667951584,0.9285714030265808
l_curve_3,577,0.16597811877727509,0.9285714030265808
l_curve_3,578,0.16572508215904236,0.9285714030265808
l_curve_3,579,0.1654394567012787,0.9285714030265808
l_curve_3,580,0.16516456007957458,0.9285714030265808
l_curve_3,581,0.16488035023212433,0.9285714030265808
l_curve_3,582,0.16455964744091034,0.9285714030265808
l_curve_3,583,0.16422948241233826,0.9285714030265808
l_curve_3,584,0.16395902633666992,0.9285714030265808
l_curve_3,585,0.16371557116508484,0.9285714030265808
l_curve_3,586,0.16341324150562286,0.9285714030265808
l_curve_3,587,0.16312678158283234,0.9285714030265808
l_curve_3,588,0.16285797953605652,0.9285714030265808
l_curve_3,589,0.16263458132743835,0.9285714030265808
l_curve_3,590,0.162454292178154,0.9285714030265808
l_curve_3,591,0.16224832832813263,0.9285714030265808
l_curve_3,592,0.1620650738477707,0.9285714030265808
l_curve_3,593,0.1618136465549469,0.9285714030265808
l_curve_3,594,0.16169293224811554,0.9285714030265808
l_curve_3,595,0.161512091755867,0.9285714030265808
l_curve_3,596,0.16129930317401886,0.9285714030265808
l_curve_3,597,0.16107432544231415,0.9285714030265808
l_curve_3,598,0.16083872318267822,0.9285714030265808
l_curve_3,599,0.16060471534729004,0.9285714030265808
l_curve_3,600,0.160307839512825,0.9285714030265808
l_curve_3,601,0.1601027399301529,0.9285714030265808
l_curve_3,602,0.1598329246044159,0.9285714030265808
l_curve_3,603,0.15957322716712952,0.9285714030265808
l_curve_3,604,0.15930095314979553,0.9285714030265808
l_curve_3,605,0.1590094119310379,0.9285714030265808
l_curve_3,606,0.15869036316871643,0.9285714030265808
l_curve_3,607,0.15839216113090515,0.9285714030265808
l_curve_3,608,0.15813876688480377,0.9285714030265808
l_curve_3,609,0.1578284204006195,0.9285714030265808
l_curve_3,610,0.15747927129268646,0.9285714030265808
l_curve_3,611,0.15717940032482147,0.9642857313156128
l_curve_3,612,0.15685991942882538,0.9642857313156128
l_curve_3,613,0.15661008656024933,0.9642857313156128
l_curve_3,614,0.15635059773921967,0.9642857313156128
l_curve_3,615,0.15614189207553864,0.9642857313156128
l_curve_3,616,0.15588359534740448,0.9642857313156128
l_curve_3,617,0.15563876926898956,0.9642857313156128
l_curve_3,618,0.15540811419487,0.9642857313156128
l_curve_3,619,0.15513743460178375,0.9642857313156128
l_curve_3,620,0.15488861501216888,0.9642857313156128
l_curve_3,621,0.15463922917842865,0.9642857313156128
l_curve_3,622,0.1543954312801361,0.9642857313156128
l_curve_3,623,0.15413816273212433,0.9642857313156128
l_curve_3,624,0.15390588343143463,0.9642857313156128
l_curve_3,625,0.15361453592777252,0.9642857313156128
l_curve_3,626,0.1533985584974289,0.9642857313156128
l_curve_3,627,0.15320730209350586,0.9642857313156128
l_curve_3,628,0.15301215648651123,0.9642857313156128
l_curve_3,629,0.15270569920539856,0.9642857313156128
l_curve_3,630,0.15244421362876892,0.9642857313156128
l_curve_3,631,0.15222251415252686,0.9642857313156128
l_curve_3,632,0.15192316472530365,0.9642857313156128
l_curve_3,633,0.15162475407123566,0.9642857313156128
l_curve_3,634,0.15128694474697113,0.9642857313156128
l_curve_3,635,0.1510642021894455,0.9642857313156128
l_curve_3,636,0.15077534317970276,0.9642857313156128
l_curve_3,637,0.15045271813869476,0.9642857313156128
l_curve_3,638,0.15012617409229279,0.9642857313156128
l_curve_3,639,0.14985640347003937,0.9642857313156128
l_curve_3,640,0.14955337345600128,0.9642857313156128
l_curve_3,641,0.14919281005859375,0.9642857313156128
l_curve_3,642,0.1489027738571167,0.9642857313156128
l_curve_3,643,0.14863228797912598,0.9642857313156128
l_curve_3,644,0.14834679663181305,0.9642857313156128
l_curve_3,645,0.14812171459197998,0.9642857313156128
l_curve_3,646,0.14791430532932281,0.9642857313156128
l_curve_3,647,0.14767420291900635,0.9642857313156128
l_curve_3,648,0.1474948227405548,0.9642857313156128
l_curve_3,649,0.1473114788532257,0.9642857313156128
l_curve_3,650,0.1470545530319214,0.9642857313156128
l_curve_3,651,0.1468416452407837,0.9642857313156128
l_curve_3,652,0.14662031829357147,0.9642857313156128
l_curve_3,653,0.1463535577058792,0.9642857313156128
l_curve_3,654,0.14615657925605774,0.9642857313156128
l_curve_3,655,0.14589190483093262,0.9642857313156128
l_curve_3,656,0.14564141631126404,0.9642857313156128
l_curve_3,657,0.14539626240730286,0.9642857313156128
l_curve_3,658,0.14521315693855286,0.9642857313156128
l_curve_3,659,0.14498665928840637,0.9642857313156128
l_curve_3,660,0.1447829008102417,0.9642857313156128
l_curve_3,661,0.1446361094713211,0.9642857313156128
l_curve_3,662,0.14439453184604645,0.9642857313156128
l_curve_3,663,0.1441839188337326,0.9642857313156128
l_curve_3,664,0.14394855499267578,0.9642857313156128
l_curve_3,665,0.14378155767917633,0.9642857313156128
l_curve_3,666,0.14354810118675232,0.9642857313156128
l_curve_3,667,0.14332221448421478,0.9642857313156128
l_curve_3,668,0.1430603265762329,0.9642857313156128
l_curve_3,669,0.14278486371040344,0.9642857313156128
l_curve_3,670,0.14250347018241882,0.9642857313156128
l_curve_3,671,0.1422368884086609,0.9642857313156128
l_curve_3,672,0.14194294810295105,0.9642857313156128
l_curve_3,673,0.14165236055850983,0.9642857313156128
l_curve_3,674,0.14133261144161224,0.9642857313156128
l_curve_3,675,0.14109884202480316,0.9642857313156128
l_curve_3,676,0.14081019163131714,0.9642857313156128
l_curve_3,677,0.14053896069526672,0.9642857313156128
l_curve_3,678,0.14028824865818024,0.9642857313156128
l_curve_3,679,0.14004774391651154,0.9642857313156128
l_curve_3,680,0.13984175026416779,0.9642857313156128
l_curve_3,681,0.13957586884498596,0.9642857313156128
l_curve_3,682,0.13930712640285492,0.9642857313156128
l_curve_3,683,0.1390458047389984,0.9642857313156128
l_curve_3,684,0.1387823522090912,0.9642857313156128
l_curve_3,685,0.13851340115070343,0.9642857313156128
l_curve_3,686,0.13823740184307098,0.9642857313156128
l_curve_3,687,0.13804765045642853,0.9642857313156128
l_curve_3,688,0.13783471286296844,0.9642857313156128
l_curve_3,689,0.1375981867313385,0.9642857313156128
l_curve_3,690,0.13743376731872559,0.9642857313156128
l_curve_3,691,0.13724403083324432,0.9642857313156128
l_curve_3,692,0.13708212971687317,0.9642857313156128
l_curve_3,693,0.1367887705564499,0.9642857313156128
l_curve_3,694,0.13654494285583496,0.9642857313156128
l_curve_3,695,0.13636639714241028,0.9642857313156128
l_curve_3,696,0.13608823716640472,0.9642857313156128
l_curve_3,697,0.13581649959087372,0.9642857313156128
l_curve_3,698,0.13560639321804047,0.9642857313156128
l_curve_3,699,0.1353113055229187,0.9642857313156128
l_curve_3,700,0.13506104052066803,0.9642857313156128
l_curve_3,701,0.13482490181922913,0.9642857313156128
l_curve_3,702,0.13457757234573364,0.9642857313156128
l_curve_3,703,0.13435538113117218,0.9642857313156128
l_curve_3,704,0.13402007520198822,0.9642857313156128
l_curve_3,705,0.1337510049343109,0.9642857313156128
l_curve_3,706,0.13348576426506042,0.9642857313156128
l_curve_3,707,0.13322380185127258,0.9642857313156128
l_curve_3,708,0.13293977081775665,0.9642857313156128
l_curve_3,709,0.13265575468540192,0.9642857313156128
l_curve_3,710,0.13243211805820465,0.9642857313156128
l_curve_3,711,0.13223901391029358,0.9642857313156128
l_curve_3,712,0.1320229023694992,0.9642857313156128
l_curve_3,713,0.13180020451545715,0.9642857313156128
l_curve_3,714,0.1315796971321106,0.9642857313156128
l_curve_3,715,0.13132928311824799,0.9642857313156128
l_curve_3,716,0.13106507062911987,0.9642857313156128
l_curve_3,717,0.13083593547344208,0.9642857313156128
l_curve_3,718,0.1306702345609665,0.9642857313156128
l_curve_3,719,0.1304336041212082,0.9642857313156128
l_curve_3,720,0.1301879584789276,0.9642857313156128
l_curve_3,721,0.1299118548631668,0.9642857313156128
l_curve_3,722,0.1296747326850891,0.9642857313156128
l_curve_3,723,0.12933674454689026,0.9642857313156128
l_curve_3,724,0.12909115850925446,0.9642857313156128
l_curve_3,725,0.12888231873512268,0.9642857313156128
l_curve_3,726,0.12860210239887238,0.9642857313156128
l_curve_3,727,0.12838946282863617,0.9642857313156128
l_curve_3,728,0.12821896374225616,0.9642857313156128
l_curve_3,729,0.12798336148262024,0.9642857313156128
l_curve_3,730,0.12772150337696075,0.9642857313156128
l_curve_3,731,0.12751582264900208,0.9642857313156128
l_curve_3,732,0.12727579474449158,0.9642857313156128
l_curve_3,733,0.1270686239004135,0.9642857313156128
l_curve_3,734,0.1268918514251709,0.9642857313156128
l_curve_3,735,0.12672284245491028,0.9642857313156128
l_curve_3,736,0.1265413463115692,0.9642857313156128
l_curve_3,737,0.12628968060016632,0.9642857313156128
l_curve_3,738,0.12607114017009735,0.9642857313156128
l_curve_3,739,0.1259085088968277,0.9642857313156128
l_curve_3,740,0.12566010653972626,0.9642857313156128
l_curve_3,741,0.12546803057193756,0.9642857313156128
l_curve_3,742,0.12523308396339417,0.9642857313156128
l_curve_3,743,0.1250762790441513,0.9642857313156128
l_curve_3,744,0.1248730942606926,0.9642857313156128
l_curve_3,745,0.12465663254261017,0.9642857313156128
l_curve_3,746,0.12444775551557541,0.9642857313156128
l_curve_3,747,0.1243080347776413,0.9642857313156128
l_curve_3,748,0.12413190305233002,0.9642857313156128
l_curve_3,749,0.12388730049133301,0.9642857313156128
l_curve_3,750,0.12359851598739624,0.9642857313156128
l_curve_3,751,0.12333313375711441,0.9642857313156128
l_curve_3,752,0.12308357656002045,0.9642857313156128
l_curve_3,753,0.12279088795185089,0.9642857313156128
l_curve_3,754,0.12256111204624176,0.9642857313156128
l_curve_3,755,0.12233234941959381,0.9642857313156128
l_curve_3,756,0.12210820615291595,0.9642857313156128
l_curve_3,757,0.12187498062849045,0.9642857313156128
l_curve_3,758,0.12162012606859207,0.9642857313156128
l_curve_3,759,0.12138517200946808,0.9642857313156128
l_curve_3,760,0.12115485221147537,0.9642857313156128
l_curve_3,761,0.1209065169095993,0.9642857313156128
l_curve_3,762,0.12064053118228912,0.9642857313156128
l_curve_3,763,0.1203766018152237,0.9642857313156128
l_curve_3,764,0.12013208866119385,0.9642857313156128
l_curve_3,765,0.11990399658679962,0.9642857313156128
l_curve_3,766,0.11964323371648788,0.9642857313156128
l_curve_3,767,0.11944074183702469,0.9642857313156128
l_curve_3,768,0.11926734447479248,0.9642857313156128
l_curve_3,769,0.1191045418381691,0.9642857313156128
l_curve_3,770,0.11889202147722244,0.9642857313156128
l_curve_3,771,0.11867551505565643,0.9642857313156128
l_curve_3,772,0.11847522109746933,0.9642857313156128
l_curve_3,773,0.1182851791381836,0.9642857313156128
l_curve_3,774,0.11809972673654556,0.9642857313156128
l_curve_3,775,0.1179056242108345,0.9642857313156128
l_curve_3,776,0.11768025159835815,0.9642857313156128
l_curve_3,777,0.11747513711452484,0.9642857313156128
l_curve_3,778,0.11727424710988998,0.9642857313156128
l_curve_3,779,0.11704573780298233,0.9642857313156128
l_curve_3,780,0.11682723462581635,0.9642857313156128
l_curve_3,781,0.11658582836389542,0.9642857313156128
l_curve_3,782,0.1164175271987915,0.9642857313156128
l_curve_3,783,0.11620992422103882,0.9642857313156128
l_curve_3,784,0.11603504419326782,0.9642857313156128
l_curve_3,785,0.11583631485700607,0.9642857313156128
l_curve_3,786,0.11563030630350113,0.9642857313156128
l_curve_3,787,0.11544156074523926,0.9642857313156128
l_curve_3,788,0.11523819714784622,0.9642857313156128
l_curve_3,789,0.1150132343173027,0.9642857313156128
l_curve_3,790,0.11480933427810669,0.9642857313156128
l_curve_3,791,0.11457586288452148,0.9642857313156128
l_curve_3,792,0.11439450830221176,0.9642857313156128
l_curve_3,793,0.1142110675573349,0.9642857313156128
l_curve_3,794,0.11398196220397949,0.9642857313156128
l_curve_3,795,0.11378179490566254,0.9642857313156128
l_curve_3,796,0.11359202116727829,0.9642857313156128
l_curve_3,797,0.11339088529348373,0.9642857313156128
l_curve_3,798,0.11317996680736542,0.9642857313156128
l_curve_3,799,0.11295606940984726,0.9642857313156128
l_curve_3,800,0.11269418895244598,0.9642857313156128
l_curve_3,801,0.11249475181102753,0.9642857313156128
l_curve_3,802,0.1122487261891365,0.9642857313156128
l_curve_3,803,0.11209391057491302,0.9642857313156128
l_curve_3,804,0.11193667352199554,0.9642857313156128
l_curve_3,805,0.11178145557641983,0.9642857313156128
l_curve_3,806,0.11154525727033615,0.9642857313156128
l_curve_3,807,0.11140765249729156,0.9642857313156128
l_curve_3,808,0.11119495332241058,0.9642857313156128
l_curve_3,809,0.11096782237291336,0.9642857313156128
l_curve_3,810,0.11072032153606415,0.9642857313156128
l_curve_3,811,0.11052228510379791,0.9642857313156128
l_curve_3,812,0.11028053611516953,0.9642857313156128
l_curve_3,813,0.11003284901380539,0.9642857313156128
l_curve_3,814,0.1098175197839737,0.9642857313156128
l_curve_3,815,0.10960845649242401,0.9642857313156128
l_curve_3,816,0.10936173051595688,0.9642857313156128
l_curve_3,817,0.10912533104419708,0.9642857313156128
l_curve_3,818,0.10890878736972809,0.9642857313156128
l_curve_3,819,0.1086653545498848,0.9642857313156128
l_curve_3,820,0.10845907777547836,0.9642857313156128
l_curve_3,821,0.10821731388568878,0.9642857313156128
l_curve_3,822,0.10805685073137283,0.9642857313156128
l_curve_3,823,0.10782388597726822,0.9642857313156128
l_curve_3,824,0.10763800144195557,0.9642857313156128
l_curve_3,825,0.10740943998098373,0.9642857313156128
l_curve_3,826,0.10724460333585739,0.9642857313156128
l_curve_3,827,0.10706460475921631,0.9642857313156128
l_curve_3,828,0.10688687860965729,0.9642857313156128
l_curve_3,829,0.10674064606428146,0.9642857313156128
l_curve_3,830,0.1065177246928215,0.9642857313156128
l_curve_3,831,0.10630422085523605,0.9642857313156128
l_curve_3,832,0.1060875803232193,0.9642857313156128
l_curve_3,833,0.1058664321899414,0.9642857313156128
l_curve_3,834,0.10564873367547989,0.9642857313156128
l_curve_3,835,0.10543762147426605,0.9642857313156128
l_curve_3,836,0.10520845651626587,0.9642857313156128
l_curve_3,837,0.10504274815320969,0.9642857313156128
l_curve_3,838,0.10488103330135345,0.9642857313156128
l_curve_3,839,0.10468902438879013,0.9642857313156128
l_curve_3,840,0.10450734198093414,0.9642857313156128
l_curve_3,841,0.10429698973894119,0.9642857313156128
l_curve_3,842,0.1041291132569313,0.9642857313156128
l_curve_3,843,0.10397898405790329,0.9642857313156128
l_curve_3,844,0.10380160808563232,0.9642857313156128
l_curve_3,845,0.10363441705703735,0.9642857313156128
l_curve_3,846,0.10345344990491867,0.9642857313156128
l_curve_3,847,0.10325538367033005,0.9642857313156128
l_curve_3,848,0.10304121673107147,0.9642857313156128
l_curve_3,849,0.10284404456615448,0.9642857313156128
l_curve_3,850,0.10264886915683746,0.9642857313156128
l_curve_3,851,0.1024741381406784,0.9642857313156128
l_curve_3,852,0.1022448018193245,0.9642857313156128
l_curve_3,853,0.1020255908370018,0.9642857313156128
l_curve_3,854,0.10181868076324463,0.9642857313156128
l_curve_3,855,0.10159759223461151,0.9642857313156128
l_curve_3,856,0.10147614032030106,0.9642857313156128
l_curve_3,857,0.10130246728658676,0.9642857313156128
l_curve_3,858,0.10114828497171402,0.9642857313156128
l_curve_3,859,0.10098075866699219,0.9642857313156128
l_curve_3,860,0.10079486668109894,0.9642857313156128
l_curve_3,861,0.10064075142145157,0.9642857313156128
l_curve_3,862,0.10048041492700577,0.9642857313156128
l_curve_3,863,0.10033116489648819,0.9642857313156128
l_curve_3,864,0.10012584924697876,0.9642857313156128
l_curve_3,865,0.09996826201677322,0.9642857313156128
l_curve_3,866,0.09978783130645752,0.9642857313156128
l_curve_3,867,0.09958207607269287,0.9642857313156128
l_curve_3,868,0.09935098886489868,0.9642857313156128
l_curve_3,869,0.09916062653064728,0.9642857313156128
l_curve_3,870,0.098972849547863,0.9642857313156128
l_curve_3,871,0.09882499277591705,0.9642857313156128
l_curve_3,872,0.09865459054708481,0.9642857313156128
l_curve_3,873,0.09852425754070282,0.9642857313156128
l_curve_3,874,0.09834518283605576,0.9642857313156128
l_curve_3,875,0.09814982116222382,0.9642857313156128
l_curve_3,876,0.09795068949460983,0.9642857313156128
l_curve_3,877,0.0977754071354866,0.9642857313156128
l_curve_3,878,0.09760035574436188,0.9642857313156128
l_curve_3,879,0.09739849716424942,0.9642857313156128
l_curve_3,880,0.09724180400371552,0.9642857313156128
l_curve_3,881,0.09703394025564194,0.9642857313156128
l_curve_3,882,0.09679395705461502,0.9642857313156128
l_curve_3,883,0.09662306308746338,0.9642857313156128
l_curve_3,884,0.09648574888706207,0.9642857313156128
l_curve_3,885,0.09630607813596725,0.9642857313156128
l_curve_3,886,0.0961437001824379,0.9642857313156128
l_curve_3,887,0.09597568958997726,0.9642857313156128
l_curve_3,888,0.09576950967311859,0.9642857313156128
l_curve_3,889,0.0955873504281044,0.9642857313156128
l_curve_3,890,0.09542388468980789,0.9642857313156128
l_curve_3,891,0.09521998465061188,0.9642857313156128
l_curve_3,892,0.09501077234745026,0.9642857313156128
l_curve_3,893,0.0948701947927475,0.9642857313156128
l_curve_3,894,0.09470740705728531,0.9642857313156128
l_curve_3,895,0.09454841166734695,0.9642857313156128
l_curve_3,896,0.0943961963057518,0.9642857313156128
l_curve_3,897,0.0942053273320198,0.9642857313156128
l_curve_3,898,0.0940428301692009,0.9642857313156128
l_curve_3,899,0.09393870085477829,0.9642857313156128
l_curve_3,900,0.09379596263170242,0.9642857313156128
l_curve_3,901,0.0936475470662117,0.9642857313156128
l_curve_3,902,0.09347236156463623,0.9642857313156128
l_curve_3,903,0.093303382396698,0.9642857313156128
l_curve_3,904,0.09312677383422852,0.9642857313156128
l_curve_3,905,0.09296424686908722,0.9642857313156128
l_curve_3,906,0.0927765741944313,0.9642857313156128
l_curve_3,907,0.09257682412862778,0.9642857313156128
l_curve_3,908,0.09240605682134628,0.9642857313156128
l_curve_3,909,0.0922146812081337,0.9642857313156128
l_curve_3,910,0.09204090386629105,0.9642857313156128
l_curve_3,911,0.09181158989667892,0.9642857313156128
l_curve_3,912,0.09162313491106033,0.9642857313156128
l_curve_3,913,0.09146951884031296,0.9642857313156128
l_curve_3,914,0.09134630113840103,0.9642857313156128
l_curve_3,915,0.09119942039251328,0.9642857313156128
l_curve_3,916,0.09104825556278229,0.9642857313156128
l_curve_3,917,0.09087453782558441,0.9642857313156128
l_curve_3,918,0.09070507436990738,0.9642857313156128
l_curve_3,919,0.09050773084163666,0.9642857313156128
l_curve_3,920,0.09034807980060577,0.9642857313156128
l_curve_3,921,0.09019533544778824,0.9642857313156128
l_curve_3,922,0.09003601968288422,0.9642857313156128
l_curve_3,923,0.08988994359970093,0.9642857313156128
l_curve_3,924,0.08973489701747894,0.9642857313156128
l_curve_3,925,0.08957608789205551,0.9642857313156128
l_curve_3,926,0.08944432437419891,0.9642857313156128
l_curve_3,927,0.08928138017654419,0.9642857313156128
l_curve_3,928,0.08912456780672073,0.9642857313156128
l_curve_3,929,0.08898866176605225,0.9642857313156128
l_curve_3,930,0.08879714459180832,0.9642857313156128
l_curve_3,931,0.08860661089420319,0.9642857313156128
l_curve_3,932,0.08838502317667007,0.9642857313156128
l_curve_3,933,0.08821370452642441,0.9642857313156128
l_curve_3,934,0.08806348592042923,0.9642857313156128
l_curve_3,935,0.08794718235731125,0.9642857313156128
l_curve_3,936,0.08784101903438568,0.9642857313156128
l_curve_3,937,0.08769302070140839,0.9642857313156128
l_curve_3,938,0.08753836154937744,0.9642857313156128
l_curve_3,939,0.08736010640859604,0.9642857313156128
l_curve_3,940,0.08719895035028458,0.9642857313156128
l_curve_3,941,0.08702404052019119,0.9642857313156128
l_curve_3,942,0.08682305365800858,0.9642857313156128
l_curve_3,943,0.08665724098682404,0.9642857313156128
l_curve_3,944,0.08645331114530563,0.9642857313156128
l_curve_3,945,0.08627981692552567,0.9642857313156128
l_curve_3,946,0.08608927577733994,0.9642857313156128
l_curve_3,947,0.08590640127658844,0.9642857313156128
l_curve_3,948,0.0857238620519638,0.9642857313156128
l_curve_3,949,0.0855332612991333,0.9642857313156128
l_curve_3,950,0.08538586646318436,0.9642857313156128
l_curve_3,951,0.08522594720125198,0.9642857313156128
l_curve_3,952,0.0850829929113388,0.9642857313156128
l_curve_3,953,0.08493166416883469,0.9642857313156128
l_curve_3,954,0.08480433374643326,0.9642857313156128
l_curve_3,955,0.08466974645853043,0.9642857313156128
l_curve_3,956,0.08455055207014084,0.9642857313156128
l_curve_3,957,0.08441104739904404,0.9642857313156128
l_curve_3,958,0.08428435027599335,0.9642857313156128
l_curve_3,959,0.08412914723157883,0.9642857313156128
l_curve_3,960,0.08396724611520767,0.9642857313156128
l_curve_3,961,0.08381114155054092,0.9642857313156128
l_curve_3,962,0.08371104300022125,0.9642857313156128
l_curve_3,963,0.08352794498205185,0.9642857313156128
l_curve_3,964,0.08335805684328079,0.9642857313156128
l_curve_3,965,0.08320430666208267,0.9642857313156128
l_curve_3,966,0.08302516490221024,0.9642857313156128
l_curve_3,967,0.08286263048648834,0.9642857313156128
l_curve_3,968,0.08270101994276047,0.9642857313156128
l_curve_3,969,0.08253974467515945,0.9642857313156128
l_curve_3,970,0.08236481249332428,0.9642857313156128
l_curve_3,971,0.08222507685422897,0.9642857313156128
l_curve_3,972,0.0820632204413414,0.9642857313156128
l_curve_3,973,0.08190885931253433,0.9642857313156128
l_curve_3,974,0.0817524790763855,0.9642857313156128
l_curve_3,975,0.08157463371753693,0.9642857313156128
l_curve_3,976,0.08139622211456299,0.9642857313156128
l_curve_3,977,0.08123123645782471,0.9642857313156128
l_curve_3,978,0.0810544565320015,0.9642857313156128
l_curve_3,979,0.08086995035409927,0.9642857313156128
l_curve_3,980,0.08072731643915176,0.9642857313156128
l_curve_3,981,0.08058219403028488,0.9642857313156128
l_curve_3,982,0.0804644227027893,0.9642857313156128
l_curve_3,983,0.08033013343811035,0.9642857313156128
l_curve_3,984,0.08019053936004639,0.9642857313156128
l_curve_3,985,0.08004515618085861,0.9642857313156128
l_curve_3,986,0.07989386469125748,0.9642857313156128
l_curve_3,987,0.07971782982349396,0.9642857313156128
l_curve_3,988,0.07957125455141068,0.9642857313156128
l_curve_3,989,0.07942962646484375,0.9642857313156128
l_curve_3,990,0.07926379144191742,0.9642857313156128
l_curve_3,991,0.07911854982376099,0.9642857313156128
l_curve_3,992,0.07899467647075653,0.9642857313156128
l_curve_3,993,0.07888589054346085,0.9642857313156128
l_curve_3,994,0.07873182743787766,0.9642857313156128
l_curve_3,995,0.07858838886022568,0.9642857313156128
l_curve_3,996,0.07848116010427475,0.9642857313156128
l_curve_3,997,0.07835894078016281,0.9642857313156128
l_curve_3,998,0.07820062339305878,0.9642857313156128
l_curve_3,999,0.07805448770523071,0.9642857313156128
l_curve_3,1000,0.07790493220090866,0.9642857313156128
l_curve_3,1000,0.07790493220090866,0.9642857313156128
