client,round,loss,accuracy
l_curve_2,1,1.4638346433639526,0.3928571343421936
l_curve_2,2,1.4422706365585327,0.3928571343421936
l_curve_2,3,1.4207671880722046,0.3928571343421936
l_curve_2,4,1.3995654582977295,0.3928571343421936
l_curve_2,5,1.3785203695297241,0.3928571343421936
l_curve_2,6,1.3577401638031006,0.3928571343421936
l_curve_2,7,1.3371702432632446,0.3928571343421936
l_curve_2,8,1.3169591426849365,0.3928571343421936
l_curve_2,9,1.296961784362793,0.3928571343421936
l_curve_2,10,1.277168869972229,0.3928571343421936
l_curve_2,11,1.2578468322753906,0.3928571343421936
l_curve_2,12,1.2386424541473389,0.3928571343421936
l_curve_2,13,1.2198294401168823,0.3928571343421936
l_curve_2,14,1.2012208700180054,0.3928571343421936
l_curve_2,15,1.1827061176300049,0.3928571343421936
l_curve_2,16,1.164592981338501,0.3928571343421936
l_curve_2,17,1.1469249725341797,0.3928571343421936
l_curve_2,18,1.1295661926269531,0.3928571343421936
l_curve_2,19,1.1124305725097656,0.3928571343421936
l_curve_2,20,1.095729112625122,0.3928571343421936
l_curve_2,21,1.0794130563735962,0.3928571343421936
l_curve_2,22,1.0635079145431519,0.3928571343421936
l_curve_2,23,1.0477796792984009,0.3928571343421936
l_curve_2,24,1.0322773456573486,0.3928571343421936
l_curve_2,25,1.017152190208435,0.3928571343421936
l_curve_2,26,1.0024335384368896,0.3928571343421936
l_curve_2,27,0.9878681302070618,0.3928571343421936
l_curve_2,28,0.9737735986709595,0.3928571343421936
l_curve_2,29,0.9598740339279175,0.3928571343421936
l_curve_2,30,0.946264922618866,0.3928571343421936
l_curve_2,31,0.932804524898529,0.3928571343421936
l_curve_2,32,0.9197707772254944,0.3928571343421936
l_curve_2,33,0.9069705009460449,0.3928571343421936
l_curve_2,34,0.8944520354270935,0.3928571343421936
l_curve_2,35,0.8820950388908386,0.3928571343421936
l_curve_2,36,0.8700672388076782,0.3928571343421936
l_curve_2,37,0.8583380579948425,0.3928571343421936
l_curve_2,38,0.8468589782714844,0.3928571343421936
l_curve_2,39,0.8355792760848999,0.3928571343421936
l_curve_2,40,0.824529767036438,0.3928571343421936
l_curve_2,41,0.8137224316596985,0.3928571343421936
l_curve_2,42,0.803314745426178,0.3928571343421936
l_curve_2,43,0.7931135296821594,0.3928571343421936
l_curve_2,44,0.7831494212150574,0.3928571343421936
l_curve_2,45,0.7733675837516785,0.3928571343421936
l_curve_2,46,0.7639595866203308,0.3928571343421936
l_curve_2,47,0.7547633051872253,0.3928571343421936
l_curve_2,48,0.7458588480949402,0.3928571343421936
l_curve_2,49,0.7371667623519897,0.3928571343421936
l_curve_2,50,0.7286494374275208,0.3928571343421936
l_curve_2,51,0.7202361822128296,0.3928571343421936
l_curve_2,52,0.7121092677116394,0.3928571343421936
l_curve_2,53,0.7041482925415039,0.4285714328289032
l_curve_2,54,0.6964127421379089,0.4285714328289032
l_curve_2,55,0.6887869238853455,0.4642857015132904
l_curve_2,56,0.6813311576843262,0.4642857015132904
l_curve_2,57,0.6740639805793762,0.5
l_curve_2,58,0.6669537425041199,0.5
l_curve_2,59,0.6600054502487183,0.5714285969734192
l_curve_2,60,0.653167724609375,0.5714285969734192
l_curve_2,61,0.6465095281600952,0.5714285969734192
l_curve_2,62,0.640097439289093,0.6428571343421936
l_curve_2,63,0.633829653263092,0.6785714030265808
l_curve_2,64,0.6276406049728394,0.6785714030265808
l_curve_2,65,0.6214747428894043,0.7142857313156128
l_curve_2,66,0.6154731512069702,0.7142857313156128
l_curve_2,67,0.6095777750015259,0.7142857313156128
l_curve_2,68,0.6038355231285095,0.7142857313156128
l_curve_2,69,0.5982492566108704,0.7142857313156128
l_curve_2,70,0.5927721858024597,0.75
l_curve_2,71,0.5872723460197449,0.75
l_curve_2,72,0.5820513367652893,0.75
l_curve_2,73,0.5769501328468323,0.75
l_curve_2,74,0.5718687176704407,0.75
l_curve_2,75,0.5669259428977966,0.75
l_curve_2,76,0.56206876039505,0.75
l_curve_2,77,0.5572735667228699,0.75
l_curve_2,78,0.5526105165481567,0.75
l_curve_2,79,0.5480198264122009,0.75
l_curve_2,80,0.543505072593689,0.75
l_curve_2,81,0.5390897989273071,0.75
l_curve_2,82,0.5347558856010437,0.75
l_curve_2,83,0.5304738879203796,0.75
l_curve_2,84,0.5262599587440491,0.75
l_curve_2,85,0.5221813917160034,0.75
l_curve_2,86,0.5181655883789062,0.75
l_curve_2,87,0.5141476392745972,0.75
l_curve_2,88,0.5101587176322937,0.75
l_curve_2,89,0.506312906742096,0.7857142686843872
l_curve_2,90,0.5025379061698914,0.7857142686843872
l_curve_2,91,0.4988558888435364,0.7857142686843872
l_curve_2,92,0.4952593743801117,0.7857142686843872
l_curve_2,93,0.4916982650756836,0.7857142686843872
l_curve_2,94,0.4881734848022461,0.7857142686843872
l_curve_2,95,0.48469582200050354,0.7857142686843872
l_curve_2,96,0.4813160300254822,0.7857142686843872
l_curve_2,97,0.477984219789505,0.7857142686843872
l_curve_2,98,0.4747266471385956,0.7857142686843872
l_curve_2,99,0.4715324342250824,0.8571428656578064
l_curve_2,100,0.4683864116668701,0.8571428656578064
l_curve_2,101,0.465317964553833,0.8571428656578064
l_curve_2,102,0.46226659417152405,0.8571428656578064
l_curve_2,103,0.4592518210411072,0.8571428656578064
l_curve_2,104,0.4563165307044983,0.8571428656578064
l_curve_2,105,0.4534570276737213,0.8571428656578064
l_curve_2,106,0.45066800713539124,0.8571428656578064
l_curve_2,107,0.44792914390563965,0.8571428656578064
l_curve_2,108,0.44521307945251465,0.8571428656578064
l_curve_2,109,0.4425521790981293,0.8571428656578064
l_curve_2,110,0.43992337584495544,0.8571428656578064
l_curve_2,111,0.437317430973053,0.8928571343421936
l_curve_2,112,0.4347420036792755,0.8928571343421936
l_curve_2,113,0.4322107434272766,0.8928571343421936
l_curve_2,114,0.42971500754356384,0.8928571343421936
l_curve_2,115,0.4272719919681549,0.8928571343421936
l_curve_2,116,0.42486366629600525,0.8928571343421936
l_curve_2,117,0.42249351739883423,0.8928571343421936
l_curve_2,118,0.42014625668525696,0.8928571343421936
l_curve_2,119,0.4178236424922943,0.8928571343421936
l_curve_2,120,0.4155465066432953,0.8928571343421936
l_curve_2,121,0.4133090376853943,0.8928571343421936
l_curve_2,122,0.41113218665122986,0.8928571343421936
l_curve_2,123,0.4089919626712799,0.8928571343421936
l_curve_2,124,0.40689119696617126,0.8928571343421936
l_curve_2,125,0.40482649207115173,0.8928571343421936
l_curve_2,126,0.4028191566467285,0.8928571343421936
l_curve_2,127,0.40083616971969604,0.8928571343421936
l_curve_2,128,0.3988894522190094,0.9285714030265808
l_curve_2,129,0.39693522453308105,0.9285714030265808
l_curve_2,130,0.39499759674072266,0.9285714030265808
l_curve_2,131,0.3930749297142029,0.8928571343421936
l_curve_2,132,0.3912034332752228,0.8928571343421936
l_curve_2,133,0.3893565535545349,0.8928571343421936
l_curve_2,134,0.3875453770160675,0.8928571343421936
l_curve_2,135,0.3857550323009491,0.8928571343421936
l_curve_2,136,0.384014368057251,0.8571428656578064
l_curve_2,137,0.38230276107788086,0.8571428656578064
l_curve_2,138,0.3806195855140686,0.8571428656578064
l_curve_2,139,0.3789527714252472,0.8571428656578064
l_curve_2,140,0.377303808927536,0.8571428656578064
l_curve_2,141,0.3756856322288513,0.8571428656578064
l_curve_2,142,0.3740820288658142,0.8571428656578064
l_curve_2,143,0.3725056052207947,0.8571428656578064
l_curve_2,144,0.3709544539451599,0.8571428656578064
l_curve_2,145,0.3694189190864563,0.8571428656578064
l_curve_2,146,0.36791855096817017,0.8571428656578064
l_curve_2,147,0.3664582669734955,0.8571428656578064
l_curve_2,148,0.3650004267692566,0.8571428656578064
l_curve_2,149,0.3635755479335785,0.8571428656578064
l_curve_2,150,0.36215588450431824,0.8571428656578064
l_curve_2,151,0.36075758934020996,0.8571428656578064
l_curve_2,152,0.3593766391277313,0.8571428656578064
l_curve_2,153,0.3580045998096466,0.8571428656578064
l_curve_2,154,0.3566577732563019,0.8571428656578064
l_curve_2,155,0.3553292453289032,0.8571428656578064
l_curve_2,156,0.35401272773742676,0.8571428656578064
l_curve_2,157,0.3527279794216156,0.8571428656578064
l_curve_2,158,0.3514537215232849,0.8571428656578064
l_curve_2,159,0.35020682215690613,0.8571428656578064
l_curve_2,160,0.3489674925804138,0.8571428656578064
l_curve_2,161,0.3477623462677002,0.8571428656578064
l_curve_2,162,0.3465692400932312,0.8571428656578064
l_curve_2,163,0.3453764319419861,0.8571428656578064
l_curve_2,164,0.3441954553127289,0.8571428656578064
l_curve_2,165,0.3430368900299072,0.8571428656578064
l_curve_2,166,0.3418932855129242,0.8571428656578064
l_curve_2,167,0.34077396988868713,0.8571428656578064
l_curve_2,168,0.33967024087905884,0.8571428656578064
l_curve_2,169,0.33858463168144226,0.8571428656578064
l_curve_2,170,0.3375191390514374,0.8571428656578064
l_curve_2,171,0.33647581934928894,0.8571428656578064
l_curve_2,172,0.3354392647743225,0.8571428656578064
l_curve_2,173,0.3344113826751709,0.8571428656578064
l_curve_2,174,0.33339637517929077,0.8571428656578064
l_curve_2,175,0.33240213990211487,0.8571428656578064
l_curve_2,176,0.33142608404159546,0.8571428656578064
l_curve_2,177,0.33046284317970276,0.8571428656578064
l_curve_2,178,0.3295176327228546,0.8571428656578064
l_curve_2,179,0.3285842835903168,0.8571428656578064
l_curve_2,180,0.3276626467704773,0.8571428656578064
l_curve_2,181,0.32675784826278687,0.8571428656578064
l_curve_2,182,0.32586684823036194,0.8571428656578064
l_curve_2,183,0.3249973654747009,0.8571428656578064
l_curve_2,184,0.32413047552108765,0.8571428656578064
l_curve_2,185,0.32326728105545044,0.8571428656578064
l_curve_2,186,0.32241371273994446,0.8571428656578064
l_curve_2,187,0.3215692937374115,0.8571428656578064
l_curve_2,188,0.3207382559776306,0.8571428656578064
l_curve_2,189,0.3199312686920166,0.8571428656578064
l_curve_2,190,0.31913116574287415,0.8571428656578064
l_curve_2,191,0.31835222244262695,0.8571428656578064
l_curve_2,192,0.3175737261772156,0.8571428656578064
l_curve_2,193,0.3168107867240906,0.8571428656578064
l_curve_2,194,0.3160552978515625,0.8571428656578064
l_curve_2,195,0.3153074085712433,0.8571428656578064
l_curve_2,196,0.31457090377807617,0.8571428656578064
l_curve_2,197,0.31384843587875366,0.8571428656578064
l_curve_2,198,0.31314414739608765,0.8571428656578064
l_curve_2,199,0.3124516010284424,0.8571428656578064
l_curve_2,200,0.31176063418388367,0.8571428656578064
l_curve_2,201,0.3110904097557068,0.8571428656578064
l_curve_2,202,0.3104284703731537,0.8571428656578064
l_curve_2,203,0.3097662329673767,0.8571428656578064
l_curve_2,204,0.3091227412223816,0.8571428656578064
l_curve_2,205,0.3084830641746521,0.8571428656578064
l_curve_2,206,0.3078474700450897,0.8571428656578064
l_curve_2,207,0.30722323060035706,0.8571428656578064
l_curve_2,208,0.30661559104919434,0.8571428656578064
l_curve_2,209,0.30601468682289124,0.8571428656578064
l_curve_2,210,0.3054216802120209,0.8571428656578064
l_curve_2,211,0.3048372268676758,0.8571428656578064
l_curve_2,212,0.30425548553466797,0.8571428656578064
l_curve_2,213,0.30368098616600037,0.8571428656578064
l_curve_2,214,0.3031061589717865,0.8571428656578064
l_curve_2,215,0.30254384875297546,0.8571428656578064
l_curve_2,216,0.3019934594631195,0.8571428656578064
l_curve_2,217,0.3014584481716156,0.8571428656578064
l_curve_2,218,0.3009258806705475,0.8571428656578064
l_curve_2,219,0.30040159821510315,0.8571428656578064
l_curve_2,220,0.2998864948749542,0.8571428656578064
l_curve_2,221,0.2993733286857605,0.8571428656578064
l_curve_2,222,0.298861563205719,0.8571428656578064
l_curve_2,223,0.2983591556549072,0.8571428656578064
l_curve_2,224,0.2978648245334625,0.8571428656578064
l_curve_2,225,0.297378808259964,0.8571428656578064
l_curve_2,226,0.29689717292785645,0.8571428656578064
l_curve_2,227,0.29642364382743835,0.8571428656578064
l_curve_2,228,0.29595449566841125,0.8571428656578064
l_curve_2,229,0.29549509286880493,0.8928571343421936
l_curve_2,230,0.29504355788230896,0.8928571343421936
l_curve_2,231,0.2945978045463562,0.8928571343421936
l_curve_2,232,0.29416248202323914,0.8928571343421936
l_curve_2,233,0.29372885823249817,0.8928571343421936
l_curve_2,234,0.29329654574394226,0.8928571343421936
l_curve_2,235,0.29287096858024597,0.8928571343421936
l_curve_2,236,0.29245179891586304,0.8928571343421936
l_curve_2,237,0.29204005002975464,0.8928571343421936
l_curve_2,238,0.29163679480552673,0.8928571343421936
l_curve_2,239,0.29124459624290466,0.8928571343421936
l_curve_2,240,0.29085710644721985,0.8928571343421936
l_curve_2,241,0.2904716432094574,0.8928571343421936
l_curve_2,242,0.29008641839027405,0.8928571343421936
l_curve_2,243,0.2897091507911682,0.8928571343421936
l_curve_2,244,0.2893333435058594,0.8928571343421936
l_curve_2,245,0.2889668345451355,0.8928571343421936
l_curve_2,246,0.28860655426979065,0.8928571343421936
l_curve_2,247,0.28824472427368164,0.8928571343421936
l_curve_2,248,0.2878893315792084,0.8928571343421936
l_curve_2,249,0.2875359356403351,0.8928571343421936
l_curve_2,250,0.287183552980423,0.8928571343421936
l_curve_2,251,0.2868398129940033,0.8928571343421936
l_curve_2,252,0.2865007519721985,0.8928571343421936
l_curve_2,253,0.2861636281013489,0.8928571343421936
l_curve_2,254,0.28583043813705444,0.8928571343421936
l_curve_2,255,0.2855038344860077,0.8928571343421936
l_curve_2,256,0.2851758599281311,0.8928571343421936
l_curve_2,257,0.28485679626464844,0.8928571343421936
l_curve_2,258,0.28454047441482544,0.8928571343421936
l_curve_2,259,0.28423333168029785,0.8928571343421936
l_curve_2,260,0.2839278280735016,0.8928571343421936
l_curve_2,261,0.28362348675727844,0.8928571343421936
l_curve_2,262,0.2833285927772522,0.8928571343421936
l_curve_2,263,0.2830335199832916,0.8928571343421936
l_curve_2,264,0.28274470567703247,0.8928571343421936
l_curve_2,265,0.2824583053588867,0.8928571343421936
l_curve_2,266,0.2821759879589081,0.8928571343421936
l_curve_2,267,0.28189951181411743,0.8928571343421936
l_curve_2,268,0.2816191613674164,0.8928571343421936
l_curve_2,269,0.2813437879085541,0.8928571343421936
l_curve_2,270,0.2810717821121216,0.8928571343421936
l_curve_2,271,0.28080296516418457,0.8928571343421936
l_curve_2,272,0.28053754568099976,0.8928571343421936
l_curve_2,273,0.28027868270874023,0.8928571343421936
l_curve_2,274,0.2800244092941284,0.8928571343421936
l_curve_2,275,0.27977454662323,0.8928571343421936
l_curve_2,276,0.2795252203941345,0.8928571343421936
l_curve_2,277,0.27927443385124207,0.8928571343421936
l_curve_2,278,0.279032438993454,0.8928571343421936
l_curve_2,279,0.2787868082523346,0.8928571343421936
l_curve_2,280,0.2785472571849823,0.8928571343421936
l_curve_2,281,0.2783026695251465,0.8928571343421936
l_curve_2,282,0.2780604660511017,0.8928571343421936
l_curve_2,283,0.2778281271457672,0.8928571343421936
l_curve_2,284,0.2775953710079193,0.8928571343421936
l_curve_2,285,0.27736449241638184,0.8928571343421936
l_curve_2,286,0.2771352231502533,0.8928571343421936
l_curve_2,287,0.27690932154655457,0.8928571343421936
l_curve_2,288,0.27668243646621704,0.8928571343421936
l_curve_2,289,0.27645713090896606,0.8928571343421936
l_curve_2,290,0.27623632550239563,0.8928571343421936
l_curve_2,291,0.27601224184036255,0.8928571343421936
l_curve_2,292,0.2757911682128906,0.8928571343421936
l_curve_2,293,0.27557244896888733,0.8928571343421936
l_curve_2,294,0.27535995841026306,0.8928571343421936
l_curve_2,295,0.27515020966529846,0.8928571343421936
l_curve_2,296,0.27494192123413086,0.8928571343421936
l_curve_2,297,0.2747359275817871,0.8928571343421936
l_curve_2,298,0.27453261613845825,0.8928571343421936
l_curve_2,299,0.2743249237537384,0.8928571343421936
l_curve_2,300,0.2741190791130066,0.8928571343421936
l_curve_2,301,0.2739217281341553,0.8928571343421936
l_curve_2,302,0.27372339367866516,0.8928571343421936
l_curve_2,303,0.273526132106781,0.8928571343421936
l_curve_2,304,0.2733372747898102,0.8928571343421936
l_curve_2,305,0.27314427495002747,0.8928571343421936
l_curve_2,306,0.2729590833187103,0.8928571343421936
l_curve_2,307,0.27277639508247375,0.8928571343421936
l_curve_2,308,0.27258962392807007,0.8928571343421936
l_curve_2,309,0.27240902185440063,0.8928571343421936
l_curve_2,310,0.27222535014152527,0.8928571343421936
l_curve_2,311,0.2720458507537842,0.8928571343421936
l_curve_2,312,0.27185896039009094,0.8928571343421936
l_curve_2,313,0.27167418599128723,0.8928571343421936
l_curve_2,314,0.2714881896972656,0.8928571343421936
l_curve_2,315,0.27130672335624695,0.8928571343421936
l_curve_2,316,0.27111679315567017,0.8928571343421936
l_curve_2,317,0.2709414064884186,0.8928571343421936
l_curve_2,318,0.27076855301856995,0.8928571343421936
l_curve_2,319,0.27059489488601685,0.8928571343421936
l_curve_2,320,0.2704218924045563,0.8928571343421936
l_curve_2,321,0.2702493369579315,0.8928571343421936
l_curve_2,322,0.27007803320884705,0.8928571343421936
l_curve_2,323,0.2699158787727356,0.8928571343421936
l_curve_2,324,0.2697501480579376,0.8928571343421936
l_curve_2,325,0.2695801556110382,0.8928571343421936
l_curve_2,326,0.26942041516304016,0.8928571343421936
l_curve_2,327,0.2692590355873108,0.8928571343421936
l_curve_2,328,0.26910150051116943,0.8928571343421936
l_curve_2,329,0.2689366340637207,0.8928571343421936
l_curve_2,330,0.2687644362449646,0.8928571343421936
l_curve_2,331,0.26860010623931885,0.8928571343421936
l_curve_2,332,0.2684352695941925,0.8928571343421936
l_curve_2,333,0.2682742774486542,0.8928571343421936
l_curve_2,334,0.2681235373020172,0.8928571343421936
l_curve_2,335,0.2679702937602997,0.8928571343421936
l_curve_2,336,0.2678138315677643,0.8928571343421936
l_curve_2,337,0.2676532566547394,0.8928571343421936
l_curve_2,338,0.2674961984157562,0.8928571343421936
l_curve_2,339,0.26734456419944763,0.8928571343421936
l_curve_2,340,0.2671855390071869,0.8928571343421936
l_curve_2,341,0.2670268416404724,0.8928571343421936
l_curve_2,342,0.26688411831855774,0.8928571343421936
l_curve_2,343,0.2667161226272583,0.8928571343421936
l_curve_2,344,0.26656201481819153,0.8928571343421936
l_curve_2,345,0.26640352606773376,0.8928571343421936
l_curve_2,346,0.2662375867366791,0.8928571343421936
l_curve_2,347,0.2660835385322571,0.8928571343421936
l_curve_2,348,0.2659374177455902,0.8928571343421936
l_curve_2,349,0.26578816771507263,0.8928571343421936
l_curve_2,350,0.2656361162662506,0.8928571343421936
l_curve_2,351,0.2654915750026703,0.8928571343421936
l_curve_2,352,0.26535043120384216,0.8928571343421936
l_curve_2,353,0.26520100235939026,0.8928571343421936
l_curve_2,354,0.26503947377204895,0.8928571343421936
l_curve_2,355,0.2648862600326538,0.8928571343421936
l_curve_2,356,0.264721542596817,0.8928571343421936
l_curve_2,357,0.26455968618392944,0.8928571343421936
l_curve_2,358,0.26441454887390137,0.8928571343421936
l_curve_2,359,0.26426875591278076,0.8928571343421936
l_curve_2,360,0.2641359269618988,0.8928571343421936
l_curve_2,361,0.26400628685951233,0.8928571343421936
l_curve_2,362,0.26386624574661255,0.8928571343421936
l_curve_2,363,0.2637141942977905,0.8928571343421936
l_curve_2,364,0.2635677754878998,0.8928571343421936
l_curve_2,365,0.2633988559246063,0.8928571343421936
l_curve_2,366,0.2632386088371277,0.8928571343421936
l_curve_2,367,0.2630917429924011,0.8928571343421936
l_curve_2,368,0.26294833421707153,0.8928571343421936
l_curve_2,369,0.26280346512794495,0.8928571343421936
l_curve_2,370,0.2626534700393677,0.8928571343421936
l_curve_2,371,0.2624988257884979,0.8928571343421936
l_curve_2,372,0.2623504400253296,0.8928571343421936
l_curve_2,373,0.2622219920158386,0.8928571343421936
l_curve_2,374,0.26209336519241333,0.8928571343421936
l_curve_2,375,0.2619558274745941,0.8928571343421936
l_curve_2,376,0.26180633902549744,0.8928571343421936
l_curve_2,377,0.2616787254810333,0.8928571343421936
l_curve_2,378,0.2615380883216858,0.8928571343421936
l_curve_2,379,0.2613854706287384,0.8928571343421936
l_curve_2,380,0.26124268770217896,0.8928571343421936
l_curve_2,381,0.26109084486961365,0.8928571343421936
l_curve_2,382,0.2609338164329529,0.8928571343421936
l_curve_2,383,0.26077064871788025,0.8928571343421936
l_curve_2,384,0.2606160342693329,0.8928571343421936
l_curve_2,385,0.26046958565711975,0.8928571343421936
l_curve_2,386,0.26032906770706177,0.8928571343421936
l_curve_2,387,0.2601800262928009,0.8928571343421936
l_curve_2,388,0.2600242793560028,0.8928571343421936
l_curve_2,389,0.25987276434898376,0.8928571343421936
l_curve_2,390,0.25973227620124817,0.8928571343421936
l_curve_2,391,0.2595982253551483,0.8928571343421936
l_curve_2,392,0.25945374369621277,0.8928571343421936
l_curve_2,393,0.25933027267456055,0.8928571343421936
l_curve_2,394,0.2592085301876068,0.8928571343421936
l_curve_2,395,0.2590876519680023,0.8928571343421936
l_curve_2,396,0.2589530050754547,0.8928571343421936
l_curve_2,397,0.25881966948509216,0.8928571343421936
l_curve_2,398,0.2586912214756012,0.8928571343421936
l_curve_2,399,0.258564293384552,0.8928571343421936
l_curve_2,400,0.2584350109100342,0.8928571343421936
l_curve_2,401,0.2583041489124298,0.8928571343421936
l_curve_2,402,0.25817638635635376,0.8928571343421936
l_curve_2,403,0.25801628828048706,0.8928571343421936
l_curve_2,404,0.25785934925079346,0.8928571343421936
l_curve_2,405,0.25770655274391174,0.8928571343421936
l_curve_2,406,0.25756749510765076,0.8928571343421936
l_curve_2,407,0.25741374492645264,0.8928571343421936
l_curve_2,408,0.25726932287216187,0.8928571343421936
l_curve_2,409,0.25712114572525024,0.8928571343421936
l_curve_2,410,0.2569870352745056,0.8928571343421936
l_curve_2,411,0.2568361461162567,0.8928571343421936
l_curve_2,412,0.25669175386428833,0.8928571343421936
l_curve_2,413,0.25653788447380066,0.8928571343421936
l_curve_2,414,0.25638464093208313,0.8928571343421936
l_curve_2,415,0.25623059272766113,0.8928571343421936
l_curve_2,416,0.25607678294181824,0.8928571343421936
l_curve_2,417,0.2559305429458618,0.8928571343421936
l_curve_2,418,0.25579312443733215,0.8928571343421936
l_curve_2,419,0.2556455731391907,0.8928571343421936
l_curve_2,420,0.2555115818977356,0.8928571343421936
l_curve_2,421,0.25538405776023865,0.8928571343421936
l_curve_2,422,0.2552608847618103,0.8928571343421936
l_curve_2,423,0.25513756275177,0.8928571343421936
l_curve_2,424,0.2550002932548523,0.8928571343421936
l_curve_2,425,0.25485655665397644,0.8928571343421936
l_curve_2,426,0.2547001540660858,0.8928571343421936
l_curve_2,427,0.25455790758132935,0.8928571343421936
l_curve_2,428,0.25441521406173706,0.8928571343421936
l_curve_2,429,0.25426748394966125,0.8928571343421936
l_curve_2,430,0.25411131978034973,0.8928571343421936
l_curve_2,431,0.2539597451686859,0.8928571343421936
l_curve_2,432,0.25380778312683105,0.8928571343421936
l_curve_2,433,0.2536385655403137,0.8928571343421936
l_curve_2,434,0.2534962296485901,0.8928571343421936
l_curve_2,435,0.25334838032722473,0.8928571343421936
l_curve_2,436,0.2532030940055847,0.8928571343421936
l_curve_2,437,0.2530384659767151,0.8928571343421936
l_curve_2,438,0.2528707683086395,0.8928571343421936
l_curve_2,439,0.25270095467567444,0.8928571343421936
l_curve_2,440,0.25255733728408813,0.8928571343421936
l_curve_2,441,0.25239917635917664,0.8928571343421936
l_curve_2,442,0.2522456645965576,0.8928571343421936
l_curve_2,443,0.25209203362464905,0.8928571343421936
l_curve_2,444,0.2519244849681854,0.8928571343421936
l_curve_2,445,0.25173482298851013,0.8928571343421936
l_curve_2,446,0.2515740692615509,0.8928571343421936
l_curve_2,447,0.251427561044693,0.8928571343421936
l_curve_2,448,0.25126662850379944,0.8928571343421936
l_curve_2,449,0.2510952651500702,0.8928571343421936
l_curve_2,450,0.2509393095970154,0.8928571343421936
l_curve_2,451,0.2507966160774231,0.8928571343421936
l_curve_2,452,0.2506430447101593,0.8928571343421936
l_curve_2,453,0.25046390295028687,0.8928571343421936
l_curve_2,454,0.25029727816581726,0.8928571343421936
l_curve_2,455,0.2501368224620819,0.8928571343421936
l_curve_2,456,0.24997210502624512,0.8928571343421936
l_curve_2,457,0.249802827835083,0.8928571343421936
l_curve_2,458,0.24964271485805511,0.8928571343421936
l_curve_2,459,0.2494717389345169,0.8928571343421936
l_curve_2,460,0.2492913454771042,0.8928571343421936
l_curve_2,461,0.24911503493785858,0.8928571343421936
l_curve_2,462,0.2489565759897232,0.8928571343421936
l_curve_2,463,0.24879558384418488,0.8928571343421936
l_curve_2,464,0.24865330755710602,0.8928571343421936
l_curve_2,465,0.2484959065914154,0.8928571343421936
l_curve_2,466,0.24832309782505035,0.8928571343421936
l_curve_2,467,0.24816016852855682,0.8928571343421936
l_curve_2,468,0.24799250066280365,0.8928571343421936
l_curve_2,469,0.24783825874328613,0.8928571343421936
l_curve_2,470,0.24766957759857178,0.8928571343421936
l_curve_2,471,0.2475021779537201,0.8928571343421936
l_curve_2,472,0.24735043942928314,0.8928571343421936
l_curve_2,473,0.2472066730260849,0.8928571343421936
l_curve_2,474,0.24703511595726013,0.8928571343421936
l_curve_2,475,0.24685826897621155,0.8928571343421936
l_curve_2,476,0.24669988453388214,0.8928571343421936
l_curve_2,477,0.2465231716632843,0.8928571343421936
l_curve_2,478,0.24633534252643585,0.8928571343421936
l_curve_2,479,0.24612976610660553,0.8928571343421936
l_curve_2,480,0.24593253433704376,0.8928571343421936
l_curve_2,481,0.2457418441772461,0.8928571343421936
l_curve_2,482,0.2455538809299469,0.8928571343421936
l_curve_2,483,0.2453744113445282,0.8928571343421936
l_curve_2,484,0.24520525336265564,0.8928571343421936
l_curve_2,485,0.24503016471862793,0.8928571343421936
l_curve_2,486,0.24486187100410461,0.8928571343421936
l_curve_2,487,0.24470257759094238,0.8928571343421936
l_curve_2,488,0.24455025792121887,0.8928571343421936
l_curve_2,489,0.24440418183803558,0.8928571343421936
l_curve_2,490,0.2442532628774643,0.8928571343421936
l_curve_2,491,0.24410362541675568,0.8928571343421936
l_curve_2,492,0.2439514398574829,0.8928571343421936
l_curve_2,493,0.24379391968250275,0.8928571343421936
l_curve_2,494,0.2436199188232422,0.8928571343421936
l_curve_2,495,0.24341462552547455,0.8928571343421936
l_curve_2,496,0.24323134124279022,0.8928571343421936
l_curve_2,497,0.24304437637329102,0.8928571343421936
l_curve_2,498,0.24284806847572327,0.8928571343421936
l_curve_2,499,0.2426648885011673,0.8928571343421936
l_curve_2,500,0.24250617623329163,0.8928571343421936
l_curve_2,501,0.2423245757818222,0.8928571343421936
l_curve_2,502,0.24216531217098236,0.8928571343421936
l_curve_2,503,0.2420073300600052,0.8928571343421936
l_curve_2,504,0.2418397217988968,0.8928571343421936
l_curve_2,505,0.24167105555534363,0.8928571343421936
l_curve_2,506,0.2415023297071457,0.8928571343421936
l_curve_2,507,0.24131174385547638,0.8928571343421936
l_curve_2,508,0.24114127457141876,0.8928571343421936
l_curve_2,509,0.240963414311409,0.8928571343421936
l_curve_2,510,0.24077068269252777,0.8928571343421936
l_curve_2,511,0.24058233201503754,0.8928571343421936
l_curve_2,512,0.24034366011619568,0.8928571343421936
l_curve_2,513,0.2401413917541504,0.8928571343421936
l_curve_2,514,0.23995865881443024,0.8928571343421936
l_curve_2,515,0.239772230386734,0.8928571343421936
l_curve_2,516,0.23957385122776031,0.8928571343421936
l_curve_2,517,0.2393825352191925,0.8928571343421936
l_curve_2,518,0.23918376863002777,0.8928571343421936
l_curve_2,519,0.23901107907295227,0.8928571343421936
l_curve_2,520,0.23882339894771576,0.8928571343421936
l_curve_2,521,0.23861828446388245,0.8928571343421936
l_curve_2,522,0.23842184245586395,0.8928571343421936
l_curve_2,523,0.23821866512298584,0.8928571343421936
l_curve_2,524,0.23802442848682404,0.8928571343421936
l_curve_2,525,0.23782743513584137,0.8928571343421936
l_curve_2,526,0.2376326322555542,0.8928571343421936
l_curve_2,527,0.23746387660503387,0.8928571343421936
l_curve_2,528,0.2372991293668747,0.8928571343421936
l_curve_2,529,0.2371341735124588,0.8928571343421936
l_curve_2,530,0.23692868649959564,0.8928571343421936
l_curve_2,531,0.23672066628932953,0.8928571343421936
l_curve_2,532,0.23650430142879486,0.8928571343421936
l_curve_2,533,0.23630951344966888,0.8928571343421936
l_curve_2,534,0.23609907925128937,0.8928571343421936
l_curve_2,535,0.23590800166130066,0.8928571343421936
l_curve_2,536,0.23571594059467316,0.8928571343421936
l_curve_2,537,0.2355131059885025,0.8928571343421936
l_curve_2,538,0.23532308638095856,0.8928571343421936
l_curve_2,539,0.23512445390224457,0.8928571343421936
l_curve_2,540,0.23491379618644714,0.8928571343421936
l_curve_2,541,0.23470370471477509,0.8928571343421936
l_curve_2,542,0.23451580107212067,0.8928571343421936
l_curve_2,543,0.23431825637817383,0.8928571343421936
l_curve_2,544,0.23412486910820007,0.8928571343421936
l_curve_2,545,0.2339492291212082,0.8928571343421936
l_curve_2,546,0.23374773561954498,0.8928571343421936
l_curve_2,547,0.23358134925365448,0.8928571343421936
l_curve_2,548,0.23339469730854034,0.8928571343421936
l_curve_2,549,0.23320473730564117,0.8928571343421936
l_curve_2,550,0.2330021858215332,0.8928571343421936
l_curve_2,551,0.23279836773872375,0.8928571343421936
l_curve_2,552,0.23260299861431122,0.8928571343421936
l_curve_2,553,0.232399582862854,0.8928571343421936
l_curve_2,554,0.23219417035579681,0.8928571343421936
l_curve_2,555,0.2319757491350174,0.8928571343421936
l_curve_2,556,0.23176178336143494,0.8928571343421936
l_curve_2,557,0.23158371448516846,0.8928571343421936
l_curve_2,558,0.23140180110931396,0.8928571343421936
l_curve_2,559,0.23120489716529846,0.8928571343421936
l_curve_2,560,0.23100046813488007,0.8928571343421936
l_curve_2,561,0.2307901233434677,0.8928571343421936
l_curve_2,562,0.23056469857692719,0.8928571343421936
l_curve_2,563,0.2303440272808075,0.8928571343421936
l_curve_2,564,0.23015150427818298,0.8928571343421936
l_curve_2,565,0.22994457185268402,0.8928571343421936
l_curve_2,566,0.22972992062568665,0.8928571343421936
l_curve_2,567,0.22951340675354004,0.8928571343421936
l_curve_2,568,0.22931618988513947,0.8928571343421936
l_curve_2,569,0.22910837829113007,0.8928571343421936
l_curve_2,570,0.2289043813943863,0.8928571343421936
l_curve_2,571,0.22870543599128723,0.8928571343421936
l_curve_2,572,0.22850164771080017,0.8928571343421936
l_curve_2,573,0.2282598316669464,0.8928571343421936
l_curve_2,574,0.22805945575237274,0.8928571343421936
l_curve_2,575,0.2278607040643692,0.8928571343421936
l_curve_2,576,0.22765353322029114,0.8928571343421936
l_curve_2,577,0.2274395376443863,0.8928571343421936
l_curve_2,578,0.22721804678440094,0.8928571343421936
l_curve_2,579,0.22698943316936493,0.8928571343421936
l_curve_2,580,0.2267603576183319,0.8928571343421936
l_curve_2,581,0.22652532160282135,0.8928571343421936
l_curve_2,582,0.22627246379852295,0.8928571343421936
l_curve_2,583,0.226026251912117,0.8928571343421936
l_curve_2,584,0.22581741213798523,0.8928571343421936
l_curve_2,585,0.22561001777648926,0.8928571343421936
l_curve_2,586,0.2254021167755127,0.8928571343421936
l_curve_2,587,0.22517509758472443,0.8928571343421936
l_curve_2,588,0.22493351995944977,0.8928571343421936
l_curve_2,589,0.2247316539287567,0.8928571343421936
l_curve_2,590,0.22451379895210266,0.8928571343421936
l_curve_2,591,0.22428767383098602,0.8928571343421936
l_curve_2,592,0.2240694761276245,0.8928571343421936
l_curve_2,593,0.22385628521442413,0.8928571343421936
l_curve_2,594,0.22363026440143585,0.8928571343421936
l_curve_2,595,0.2234032303094864,0.8928571343421936
l_curve_2,596,0.2231690138578415,0.8928571343421936
l_curve_2,597,0.22293630242347717,0.8928571343421936
l_curve_2,598,0.22271819412708282,0.8928571343421936
l_curve_2,599,0.22247423231601715,0.8928571343421936
l_curve_2,600,0.22224166989326477,0.8928571343421936
l_curve_2,601,0.22198085486888885,0.8928571343421936
l_curve_2,602,0.22174838185310364,0.8928571343421936
l_curve_2,603,0.22152398526668549,0.8928571343421936
l_curve_2,604,0.2213045060634613,0.8928571343421936
l_curve_2,605,0.22107243537902832,0.8928571343421936
l_curve_2,606,0.2208479642868042,0.8928571343421936
l_curve_2,607,0.22064335644245148,0.8928571343421936
l_curve_2,608,0.22046233713626862,0.8928571343421936
l_curve_2,609,0.22026227414608002,0.8928571343421936
l_curve_2,610,0.2200629562139511,0.8928571343421936
l_curve_2,611,0.21985530853271484,0.8928571343421936
l_curve_2,612,0.21964813768863678,0.8928571343421936
l_curve_2,613,0.2194286584854126,0.8928571343421936
l_curve_2,614,0.2192303091287613,0.8928571343421936
l_curve_2,615,0.21899719536304474,0.8928571343421936
l_curve_2,616,0.21877984702587128,0.8928571343421936
l_curve_2,617,0.21856163442134857,0.8928571343421936
l_curve_2,618,0.21834604442119598,0.8928571343421936
l_curve_2,619,0.21810908615589142,0.8928571343421936
l_curve_2,620,0.21787413954734802,0.8928571343421936
l_curve_2,621,0.21766571700572968,0.8928571343421936
l_curve_2,622,0.21744878590106964,0.8928571343421936
l_curve_2,623,0.21719874441623688,0.8928571343421936
l_curve_2,624,0.21694692969322205,0.8928571343421936
l_curve_2,625,0.2166963517665863,0.8928571343421936
l_curve_2,626,0.21648450195789337,0.8928571343421936
l_curve_2,627,0.21625031530857086,0.8928571343421936
l_curve_2,628,0.216035857796669,0.8928571343421936
l_curve_2,629,0.21583625674247742,0.8928571343421936
l_curve_2,630,0.21561299264431,0.8928571343421936
l_curve_2,631,0.2153819352388382,0.8928571343421936
l_curve_2,632,0.21515010297298431,0.8928571343421936
l_curve_2,633,0.2149111032485962,0.8928571343421936
l_curve_2,634,0.2146623432636261,0.8928571343421936
l_curve_2,635,0.21442647278308868,0.8928571343421936
l_curve_2,636,0.21418853104114532,0.8928571343421936
l_curve_2,637,0.21393558382987976,0.8928571343421936
l_curve_2,638,0.21370556950569153,0.8928571343421936
l_curve_2,639,0.21347637474536896,0.8928571343421936
l_curve_2,640,0.2132290154695511,0.8928571343421936
l_curve_2,641,0.21298906207084656,0.8928571343421936
l_curve_2,642,0.21273840963840485,0.8928571343421936
l_curve_2,643,0.21249301731586456,0.8928571343421936
l_curve_2,644,0.2122735232114792,0.8928571343421936
l_curve_2,645,0.21205739676952362,0.8928571343421936
l_curve_2,646,0.21184542775154114,0.8928571343421936
l_curve_2,647,0.21162019670009613,0.8928571343421936
l_curve_2,648,0.21140946447849274,0.8928571343421936
l_curve_2,649,0.21121332049369812,0.8928571343421936
l_curve_2,650,0.2110096514225006,0.8928571343421936
l_curve_2,651,0.21079802513122559,0.8928571343421936
l_curve_2,652,0.21057584881782532,0.8928571343421936
l_curve_2,653,0.21035908162593842,0.8928571343421936
l_curve_2,654,0.21014508605003357,0.8928571343421936
l_curve_2,655,0.20991237461566925,0.8928571343421936
l_curve_2,656,0.2096879780292511,0.8928571343421936
l_curve_2,657,0.2094665914773941,0.8928571343421936
l_curve_2,658,0.2092428207397461,0.8928571343421936
l_curve_2,659,0.20901945233345032,0.8928571343421936
l_curve_2,660,0.20877841114997864,0.8928571343421936
l_curve_2,661,0.20856909453868866,0.8928571343421936
l_curve_2,662,0.20835044980049133,0.8928571343421936
l_curve_2,663,0.20812416076660156,0.8928571343421936
l_curve_2,664,0.20791064202785492,0.8928571343421936
l_curve_2,665,0.20767579972743988,0.8928571343421936
l_curve_2,666,0.20745013654232025,0.8928571343421936
l_curve_2,667,0.20721247792243958,0.8928571343421936
l_curve_2,668,0.20697332918643951,0.8928571343421936
l_curve_2,669,0.20675446093082428,0.8928571343421936
l_curve_2,670,0.20654305815696716,0.8928571343421936
l_curve_2,671,0.20631715655326843,0.8928571343421936
l_curve_2,672,0.2060859650373459,0.8928571343421936
l_curve_2,673,0.2058257758617401,0.8928571343421936
l_curve_2,674,0.20556025207042694,0.8928571343421936
l_curve_2,675,0.20530131459236145,0.8928571343421936
l_curve_2,676,0.20505301654338837,0.8928571343421936
l_curve_2,677,0.2048065960407257,0.8928571343421936
l_curve_2,678,0.2045695036649704,0.8928571343421936
l_curve_2,679,0.20432350039482117,0.8928571343421936
l_curve_2,680,0.20409737527370453,0.8928571343421936
l_curve_2,681,0.20385947823524475,0.8928571343421936
l_curve_2,682,0.20364591479301453,0.8928571343421936
l_curve_2,683,0.20343723893165588,0.8928571343421936
l_curve_2,684,0.20321300625801086,0.8928571343421936
l_curve_2,685,0.20299187302589417,0.8928571343421936
l_curve_2,686,0.20276711881160736,0.8928571343421936
l_curve_2,687,0.2025357186794281,0.8928571343421936
l_curve_2,688,0.20232197642326355,0.8928571343421936
l_curve_2,689,0.20211409032344818,0.8928571343421936
l_curve_2,690,0.2018924057483673,0.8928571343421936
l_curve_2,691,0.20165622234344482,0.8928571343421936
l_curve_2,692,0.2014063596725464,0.8928571343421936
l_curve_2,693,0.20118315517902374,0.8928571343421936
l_curve_2,694,0.20094266533851624,0.8928571343421936
l_curve_2,695,0.2007244974374771,0.8928571343421936
l_curve_2,696,0.2005123794078827,0.8928571343421936
l_curve_2,697,0.2003115564584732,0.8928571343421936
l_curve_2,698,0.20006392896175385,0.8928571343421936
l_curve_2,699,0.19984175264835358,0.8928571343421936
l_curve_2,700,0.19959931075572968,0.8928571343421936
l_curve_2,701,0.1993698626756668,0.8928571343421936
l_curve_2,702,0.19915679097175598,0.8928571343421936
l_curve_2,703,0.19893188774585724,0.8928571343421936
l_curve_2,704,0.19870415329933167,0.8928571343421936
l_curve_2,705,0.19850623607635498,0.8928571343421936
l_curve_2,706,0.19830560684204102,0.8928571343421936
l_curve_2,707,0.1980646550655365,0.8928571343421936
l_curve_2,708,0.19782379269599915,0.8928571343421936
l_curve_2,709,0.19757966697216034,0.8928571343421936
l_curve_2,710,0.19733311235904694,0.8928571343421936
l_curve_2,711,0.19709114730358124,0.8928571343421936
l_curve_2,712,0.19687601923942566,0.8928571343421936
l_curve_2,713,0.19668124616146088,0.8928571343421936
l_curve_2,714,0.19645224511623383,0.8928571343421936
l_curve_2,715,0.19624067842960358,0.8928571343421936
l_curve_2,716,0.1960490494966507,0.8928571343421936
l_curve_2,717,0.19582882523536682,0.8928571343421936
l_curve_2,718,0.19562415778636932,0.8928571343421936
l_curve_2,719,0.19539694488048553,0.8928571343421936
l_curve_2,720,0.19515696167945862,0.8928571343421936
l_curve_2,721,0.19492806494235992,0.8928571343421936
l_curve_2,722,0.19471456110477448,0.8928571343421936
l_curve_2,723,0.19449888169765472,0.8928571343421936
l_curve_2,724,0.19427289068698883,0.8928571343421936
l_curve_2,725,0.1940620094537735,0.8928571343421936
l_curve_2,726,0.1938018798828125,0.8928571343421936
l_curve_2,727,0.1935647577047348,0.8928571343421936
l_curve_2,728,0.19336259365081787,0.8928571343421936
l_curve_2,729,0.193154439330101,0.8928571343421936
l_curve_2,730,0.19291767477989197,0.8928571343421936
l_curve_2,731,0.19269610941410065,0.8928571343421936
l_curve_2,732,0.19245384633541107,0.8928571343421936
l_curve_2,733,0.19220338761806488,0.8928571343421936
l_curve_2,734,0.19195708632469177,0.8928571343421936
l_curve_2,735,0.19172950088977814,0.8928571343421936
l_curve_2,736,0.19150590896606445,0.8928571343421936
l_curve_2,737,0.1912640482187271,0.8928571343421936
l_curve_2,738,0.19100120663642883,0.8928571343421936
l_curve_2,739,0.19074557721614838,0.8928571343421936
l_curve_2,740,0.19048820436000824,0.8928571343421936
l_curve_2,741,0.19025249779224396,0.8928571343421936
l_curve_2,742,0.1900312453508377,0.8928571343421936
l_curve_2,743,0.18980780243873596,0.8928571343421936
l_curve_2,744,0.18954332172870636,0.8928571343421936
l_curve_2,745,0.1892838329076767,0.8928571343421936
l_curve_2,746,0.18903860449790955,0.8928571343421936
l_curve_2,747,0.18877391517162323,0.8928571343421936
l_curve_2,748,0.18854999542236328,0.8928571343421936
l_curve_2,749,0.18832890689373016,0.8928571343421936
l_curve_2,750,0.18809163570404053,0.8928571343421936
l_curve_2,751,0.1878560334444046,0.8928571343421936
l_curve_2,752,0.1876286268234253,0.8928571343421936
l_curve_2,753,0.18740125000476837,0.8928571343421936
l_curve_2,754,0.18716838955879211,0.8928571343421936
l_curve_2,755,0.18693898618221283,0.8928571343421936
l_curve_2,756,0.18670734763145447,0.8928571343421936
l_curve_2,757,0.1864934116601944,0.8928571343421936
l_curve_2,758,0.18628637492656708,0.8928571343421936
l_curve_2,759,0.18609179556369781,0.8928571343421936
l_curve_2,760,0.1858832836151123,0.8928571343421936
l_curve_2,761,0.1856759488582611,0.8928571343421936
l_curve_2,762,0.18548940122127533,0.8928571343421936
l_curve_2,763,0.1852903515100479,0.8928571343421936
l_curve_2,764,0.18511541187763214,0.8928571343421936
l_curve_2,765,0.18493451178073883,0.8928571343421936
l_curve_2,766,0.18473397195339203,0.8928571343421936
l_curve_2,767,0.18451865017414093,0.8928571343421936
l_curve_2,768,0.18430641293525696,0.8928571343421936
l_curve_2,769,0.18409110605716705,0.8928571343421936
l_curve_2,770,0.18386714160442352,0.8928571343421936
l_curve_2,771,0.18364273011684418,0.8928571343421936
l_curve_2,772,0.1834188848733902,0.8928571343421936
l_curve_2,773,0.18321171402931213,0.8928571343421936
l_curve_2,774,0.18299658596515656,0.8928571343421936
l_curve_2,775,0.18279220163822174,0.8928571343421936
l_curve_2,776,0.18258360028266907,0.8928571343421936
l_curve_2,777,0.18237455189228058,0.8928571343421936
l_curve_2,778,0.18216119706630707,0.8928571343421936
l_curve_2,779,0.1819508969783783,0.8928571343421936
l_curve_2,780,0.1817503273487091,0.8928571343421936
l_curve_2,781,0.18153904378414154,0.8928571343421936
l_curve_2,782,0.18129286170005798,0.8928571343421936
l_curve_2,783,0.18106608092784882,0.8928571343421936
l_curve_2,784,0.1808295100927353,0.8928571343421936
l_curve_2,785,0.1806037425994873,0.8928571343421936
l_curve_2,786,0.1803779900074005,0.8928571343421936
l_curve_2,787,0.1801576316356659,0.8928571343421936
l_curve_2,788,0.17997615039348602,0.8928571343421936
l_curve_2,789,0.17979133129119873,0.8928571343421936
l_curve_2,790,0.17962001264095306,0.8928571343421936
l_curve_2,791,0.17942926287651062,0.8928571343421936
l_curve_2,792,0.17923292517662048,0.8928571343421936
l_curve_2,793,0.17904402315616608,0.8928571343421936
l_curve_2,794,0.17885148525238037,0.8928571343421936
l_curve_2,795,0.1786351501941681,0.8928571343421936
l_curve_2,796,0.17844298481941223,0.8928571343421936
l_curve_2,797,0.17822971940040588,0.8928571343421936
l_curve_2,798,0.17801596224308014,0.8928571343421936
l_curve_2,799,0.1777907907962799,0.8928571343421936
l_curve_2,800,0.17759370803833008,0.8928571343421936
l_curve_2,801,0.17735104262828827,0.8928571343421936
l_curve_2,802,0.17712439596652985,0.8928571343421936
l_curve_2,803,0.17689372599124908,0.8928571343421936
l_curve_2,804,0.1766742765903473,0.8928571343421936
l_curve_2,805,0.17644274234771729,0.8928571343421936
l_curve_2,806,0.17624714970588684,0.8928571343421936
l_curve_2,807,0.1760246902704239,0.8928571343421936
l_curve_2,808,0.1757991462945938,0.8928571343421936
l_curve_2,809,0.17558850347995758,0.8928571343421936
l_curve_2,810,0.17538227140903473,0.8928571343421936
l_curve_2,811,0.17516471445560455,0.8928571343421936
l_curve_2,812,0.17495188117027283,0.9285714030265808
l_curve_2,813,0.1747942715883255,0.9285714030265808
l_curve_2,814,0.17459246516227722,0.9285714030265808
l_curve_2,815,0.17435021698474884,0.9285714030265808
l_curve_2,816,0.1741204708814621,0.9285714030265808
l_curve_2,817,0.17388497292995453,0.9285714030265808
l_curve_2,818,0.17366935312747955,0.9285714030265808
l_curve_2,819,0.1734810322523117,0.9285714030265808
l_curve_2,820,0.17326141893863678,0.9285714030265808
l_curve_2,821,0.17306581139564514,0.9285714030265808
l_curve_2,822,0.17285862565040588,0.9285714030265808
l_curve_2,823,0.17266061902046204,0.9285714030265808
l_curve_2,824,0.17246319353580475,0.9285714030265808
l_curve_2,825,0.17227934300899506,0.9285714030265808
l_curve_2,826,0.17207494378089905,0.9285714030265808
l_curve_2,827,0.17186519503593445,0.9285714030265808
l_curve_2,828,0.1716701239347458,0.9285714030265808
l_curve_2,829,0.1714862585067749,0.9285714030265808
l_curve_2,830,0.17133072018623352,0.9285714030265808
l_curve_2,831,0.17113766074180603,0.9285714030265808
l_curve_2,832,0.1709151268005371,0.9285714030265808
l_curve_2,833,0.17068873345851898,0.9285714030265808
l_curve_2,834,0.1704835146665573,0.9285714030265808
l_curve_2,835,0.17029345035552979,0.9285714030265808
l_curve_2,836,0.17011161148548126,0.9285714030265808
l_curve_2,837,0.16992054879665375,0.9285714030265808
l_curve_2,838,0.16971918940544128,0.9285714030265808
l_curve_2,839,0.1695348024368286,0.9285714030265808
l_curve_2,840,0.1693352907896042,0.9285714030265808
l_curve_2,841,0.16912934184074402,0.9285714030265808
l_curve_2,842,0.16892968118190765,0.9285714030265808
l_curve_2,843,0.16870422661304474,0.9285714030265808
l_curve_2,844,0.16849260032176971,0.9285714030265808
l_curve_2,845,0.1682923585176468,0.9285714030265808
l_curve_2,846,0.1681014746427536,0.9285714030265808
l_curve_2,847,0.16791541874408722,0.9285714030265808
l_curve_2,848,0.1677318811416626,0.9285714030265808
l_curve_2,849,0.16753074526786804,0.9285714030265808
l_curve_2,850,0.16730724275112152,0.9285714030265808
l_curve_2,851,0.16710200905799866,0.9285714030265808
l_curve_2,852,0.16691191494464874,0.9285714030265808
l_curve_2,853,0.16674590110778809,0.9285714030265808
l_curve_2,854,0.1665678322315216,0.9285714030265808
l_curve_2,855,0.1663946956396103,0.9285714030265808
l_curve_2,856,0.16619284451007843,0.9285714030265808
l_curve_2,857,0.16599278151988983,0.9285714030265808
l_curve_2,858,0.16580036282539368,0.9285714030265808
l_curve_2,859,0.1655937135219574,0.9285714030265808
l_curve_2,860,0.16540329158306122,0.9285714030265808
l_curve_2,861,0.1652047336101532,0.9285714030265808
l_curve_2,862,0.16499732434749603,0.9285714030265808
l_curve_2,863,0.1647937297821045,0.9285714030265808
l_curve_2,864,0.16464188694953918,0.9285714030265808
l_curve_2,865,0.16445282101631165,0.9285714030265808
l_curve_2,866,0.1642635613679886,0.9285714030265808
l_curve_2,867,0.16409361362457275,0.9285714030265808
l_curve_2,868,0.16395531594753265,0.9285714030265808
l_curve_2,869,0.16380575299263,0.9285714030265808
l_curve_2,870,0.1636383831501007,0.9285714030265808
l_curve_2,871,0.16344431042671204,0.9285714030265808
l_curve_2,872,0.16323235630989075,0.9285714030265808
l_curve_2,873,0.16302987933158875,0.9285714030265808
l_curve_2,874,0.16285228729248047,0.9285714030265808
l_curve_2,875,0.1626880168914795,0.9285714030265808
l_curve_2,876,0.16253650188446045,0.9285714030265808
l_curve_2,877,0.16232457756996155,0.9285714030265808
l_curve_2,878,0.16215501725673676,0.9285714030265808
l_curve_2,879,0.1619628667831421,0.9285714030265808
l_curve_2,880,0.16179081797599792,0.9285714030265808
l_curve_2,881,0.1616211086511612,0.9285714030265808
l_curve_2,882,0.16143670678138733,0.9285714030265808
l_curve_2,883,0.16123485565185547,0.9285714030265808
l_curve_2,884,0.1610221564769745,0.9285714030265808
l_curve_2,885,0.16083653271198273,0.9285714030265808
l_curve_2,886,0.16062068939208984,0.9285714030265808
l_curve_2,887,0.1604301482439041,0.9285714030265808
l_curve_2,888,0.16023685038089752,0.9285714030265808
l_curve_2,889,0.16006772220134735,0.9285714030265808
l_curve_2,890,0.15988846123218536,0.9285714030265808
l_curve_2,891,0.15972229838371277,0.9285714030265808
l_curve_2,892,0.1595541089773178,0.9285714030265808
l_curve_2,893,0.1593702733516693,0.9285714030265808
l_curve_2,894,0.15921272337436676,0.9285714030265808
l_curve_2,895,0.1590203493833542,0.9285714030265808
l_curve_2,896,0.15882669389247894,0.9285714030265808
l_curve_2,897,0.15868055820465088,0.9285714030265808
l_curve_2,898,0.15849734842777252,0.9285714030265808
l_curve_2,899,0.15828540921211243,0.9285714030265808
l_curve_2,900,0.15809272229671478,0.9285714030265808
l_curve_2,901,0.15790317952632904,0.9285714030265808
l_curve_2,902,0.1577131301164627,0.9285714030265808
l_curve_2,903,0.1575053185224533,0.9285714030265808
l_curve_2,904,0.1573251485824585,0.9285714030265808
l_curve_2,905,0.15712134540081024,0.9285714030265808
l_curve_2,906,0.1569255143404007,0.9285714030265808
l_curve_2,907,0.1567588597536087,0.9285714030265808
l_curve_2,908,0.15656635165214539,0.9285714030265808
l_curve_2,909,0.15637333691120148,0.9285714030265808
l_curve_2,910,0.15619611740112305,0.9285714030265808
l_curve_2,911,0.156040757894516,0.9285714030265808
l_curve_2,912,0.15587198734283447,0.9285714030265808
l_curve_2,913,0.1556795984506607,0.9285714030265808
l_curve_2,914,0.1555076390504837,0.9285714030265808
l_curve_2,915,0.1553211361169815,0.9285714030265808
l_curve_2,916,0.15512524545192719,0.9285714030265808
l_curve_2,917,0.1549527645111084,0.9285714030265808
l_curve_2,918,0.15477582812309265,0.9285714030265808
l_curve_2,919,0.15462936460971832,0.9285714030265808
l_curve_2,920,0.15444569289684296,0.9285714030265808
l_curve_2,921,0.15426091849803925,0.9285714030265808
l_curve_2,922,0.15409812331199646,0.9285714030265808
l_curve_2,923,0.15393218398094177,0.9285714030265808
l_curve_2,924,0.15375331044197083,0.9285714030265808
l_curve_2,925,0.1535642445087433,0.9285714030265808
l_curve_2,926,0.1533801108598709,0.9285714030265808
l_curve_2,927,0.1532164067029953,0.9285714030265808
l_curve_2,928,0.1530226320028305,0.9285714030265808
l_curve_2,929,0.1528441160917282,0.9285714030265808
l_curve_2,930,0.15269948542118073,0.9285714030265808
l_curve_2,931,0.15255853533744812,0.9285714030265808
l_curve_2,932,0.15242674946784973,0.9285714030265808
l_curve_2,933,0.15224914252758026,0.9285714030265808
l_curve_2,934,0.15206126868724823,0.9285714030265808
l_curve_2,935,0.15186429023742676,0.9285714030265808
l_curve_2,936,0.15165914595127106,0.9285714030265808
l_curve_2,937,0.1514664590358734,0.9285714030265808
l_curve_2,938,0.15128357708454132,0.9285714030265808
l_curve_2,939,0.15113286674022675,0.9285714030265808
l_curve_2,940,0.15097646415233612,0.9285714030265808
l_curve_2,941,0.15082333981990814,0.9285714030265808
l_curve_2,942,0.1506866067647934,0.9285714030265808
l_curve_2,943,0.15053057670593262,0.9285714030265808
l_curve_2,944,0.1503937542438507,0.9285714030265808
l_curve_2,945,0.1502518653869629,0.9285714030265808
l_curve_2,946,0.15011265873908997,0.9285714030265808
l_curve_2,947,0.14997729659080505,0.9285714030265808
l_curve_2,948,0.14983199536800385,0.9285714030265808
l_curve_2,949,0.14967121183872223,0.9285714030265808
l_curve_2,950,0.14946864545345306,0.9285714030265808
l_curve_2,951,0.14929497241973877,0.9285714030265808
l_curve_2,952,0.14911136031150818,0.9285714030265808
l_curve_2,953,0.14894232153892517,0.9285714030265808
l_curve_2,954,0.14876393973827362,0.9285714030265808
l_curve_2,955,0.14858491718769073,0.9285714030265808
l_curve_2,956,0.1483994722366333,0.9285714030265808
l_curve_2,957,0.14822004735469818,0.9285714030265808
l_curve_2,958,0.14803172647953033,0.9285714030265808
l_curve_2,959,0.14784285426139832,0.9285714030265808
l_curve_2,960,0.14765985310077667,0.9285714030265808
l_curve_2,961,0.14746920764446259,0.9285714030265808
l_curve_2,962,0.1472444087266922,0.9285714030265808
l_curve_2,963,0.14708487689495087,0.9285714030265808
l_curve_2,964,0.14693203568458557,0.9285714030265808
l_curve_2,965,0.14676441252231598,0.9285714030265808
l_curve_2,966,0.1466170996427536,0.9285714030265808
l_curve_2,967,0.14645805954933167,0.9285714030265808
l_curve_2,968,0.14628835022449493,0.9285714030265808
l_curve_2,969,0.1461353749036789,0.9285714030265808
l_curve_2,970,0.14599832892417908,0.9285714030265808
l_curve_2,971,0.1458347588777542,0.9285714030265808
l_curve_2,972,0.1456865519285202,0.9285714030265808
l_curve_2,973,0.14554932713508606,0.9285714030265808
l_curve_2,974,0.14541256427764893,0.9285714030265808
l_curve_2,975,0.14526261389255524,0.9285714030265808
l_curve_2,976,0.1451282501220703,0.9285714030265808
l_curve_2,977,0.14498375356197357,0.9285714030265808
l_curve_2,978,0.1448429375886917,0.9285714030265808
l_curve_2,979,0.14469684660434723,0.9285714030265808
l_curve_2,980,0.14453181624412537,0.9285714030265808
l_curve_2,981,0.14437910914421082,0.9285714030265808
l_curve_2,982,0.1441943496465683,0.9285714030265808
l_curve_2,983,0.14400489628314972,0.9285714030265808
l_curve_2,984,0.1438443809747696,0.9285714030265808
l_curve_2,985,0.14367106556892395,0.9285714030265808
l_curve_2,986,0.143480584025383,0.9642857313156128
l_curve_2,987,0.14331111311912537,0.9642857313156128
l_curve_2,988,0.14312851428985596,0.9642857313156128
l_curve_2,989,0.14294573664665222,0.9642857313156128
l_curve_2,990,0.142803356051445,0.9642857313156128
l_curve_2,991,0.1426660716533661,0.9642857313156128
l_curve_2,992,0.14247864484786987,0.9642857313156128
l_curve_2,993,0.14227734506130219,0.9642857313156128
l_curve_2,994,0.1421184241771698,0.9642857313156128
l_curve_2,995,0.14194495975971222,0.9642857313156128
l_curve_2,996,0.1417376697063446,0.9642857313156128
l_curve_2,997,0.14155897498130798,0.9642857313156128
l_curve_2,998,0.14141592383384705,0.9642857313156128
l_curve_2,999,0.14129163324832916,0.9642857313156128
l_curve_2,1000,0.1411435455083847,0.9642857313156128
l_curve_2,1000,0.1411435455083847,0.9642857313156128
