client,round,loss,accuracy
l_curve_1,1,1.1919307708740234,0.5357142686843872
l_curve_1,2,1.177078127861023,0.5357142686843872
l_curve_1,3,1.162293791770935,0.5357142686843872
l_curve_1,4,1.1477396488189697,0.5357142686843872
l_curve_1,5,1.133315920829773,0.5357142686843872
l_curve_1,6,1.1190922260284424,0.5357142686843872
l_curve_1,7,1.1050344705581665,0.5357142686843872
l_curve_1,8,1.091225504875183,0.5357142686843872
l_curve_1,9,1.0775728225708008,0.5357142686843872
l_curve_1,10,1.0640785694122314,0.5357142686843872
l_curve_1,11,1.0509090423583984,0.5357142686843872
l_curve_1,12,1.0378447771072388,0.5357142686843872
l_curve_1,13,1.0250505208969116,0.5357142686843872
l_curve_1,14,1.0124006271362305,0.5357142686843872
l_curve_1,15,0.9998365044593811,0.5357142686843872
l_curve_1,16,0.9875584840774536,0.5357142686843872
l_curve_1,17,0.97557133436203,0.5357142686843872
l_curve_1,18,0.9638004302978516,0.5357142686843872
l_curve_1,19,0.9521805644035339,0.5357142686843872
l_curve_1,20,0.9408504366874695,0.5357142686843872
l_curve_1,21,0.9297803044319153,0.5357142686843872
l_curve_1,22,0.9189869165420532,0.5357142686843872
l_curve_1,23,0.9083080291748047,0.5357142686843872
l_curve_1,24,0.8977888226509094,0.5357142686843872
l_curve_1,25,0.8875110745429993,0.5357142686843872
l_curve_1,26,0.8774718046188354,0.5357142686843872
l_curve_1,27,0.8675451874732971,0.5357142686843872
l_curve_1,28,0.8579206466674805,0.5357142686843872
l_curve_1,29,0.848416268825531,0.5357142686843872
l_curve_1,30,0.8390676379203796,0.5357142686843872
l_curve_1,31,0.8298174738883972,0.5357142686843872
l_curve_1,32,0.8208292126655579,0.5357142686843872
l_curve_1,33,0.8120337128639221,0.5357142686843872
l_curve_1,34,0.8034226298332214,0.5357142686843872
l_curve_1,35,0.7948970794677734,0.5357142686843872
l_curve_1,36,0.7865681052207947,0.5357142686843872
l_curve_1,37,0.7784518003463745,0.5357142686843872
l_curve_1,38,0.7704973220825195,0.5357142686843872
l_curve_1,39,0.762653648853302,0.5357142686843872
l_curve_1,40,0.7549366354942322,0.5357142686843872
l_curve_1,41,0.7473969459533691,0.5357142686843872
l_curve_1,42,0.7400781512260437,0.5357142686843872
l_curve_1,43,0.7328680157661438,0.5357142686843872
l_curve_1,44,0.7258089780807495,0.5357142686843872
l_curve_1,45,0.7188368439674377,0.5357142686843872
l_curve_1,46,0.7120811343193054,0.5357142686843872
l_curve_1,47,0.7054672837257385,0.5357142686843872
l_curve_1,48,0.699013888835907,0.5357142686843872
l_curve_1,49,0.692674458026886,0.5357142686843872
l_curve_1,50,0.686441957950592,0.5357142686843872
l_curve_1,51,0.6802830100059509,0.5357142686843872
l_curve_1,52,0.6742523908615112,0.5357142686843872
l_curve_1,53,0.6683596968650818,0.5357142686843872
l_curve_1,54,0.6625909805297852,0.5357142686843872
l_curve_1,55,0.6568475365638733,0.5714285969734192
l_curve_1,56,0.6512218713760376,0.5714285969734192
l_curve_1,57,0.6457271575927734,0.5714285969734192
l_curve_1,58,0.6403621435165405,0.5714285969734192
l_curve_1,59,0.6351331472396851,0.6071428656578064
l_curve_1,60,0.6299814581871033,0.6428571343421936
l_curve_1,61,0.6249139904975891,0.6785714030265808
l_curve_1,62,0.6199967265129089,0.6785714030265808
l_curve_1,63,0.6151605248451233,0.6785714030265808
l_curve_1,64,0.610355019569397,0.6785714030265808
l_curve_1,65,0.6055537462234497,0.6785714030265808
l_curve_1,66,0.6008819341659546,0.6785714030265808
l_curve_1,67,0.5962904691696167,0.6785714030265808
l_curve_1,68,0.5918105244636536,0.6785714030265808
l_curve_1,69,0.5873962044715881,0.6785714030265808
l_curve_1,70,0.5830307006835938,0.7142857313156128
l_curve_1,71,0.5786944031715393,0.7142857313156128
l_curve_1,72,0.5744932293891907,0.7142857313156128
l_curve_1,73,0.570389449596405,0.7142857313156128
l_curve_1,74,0.5662967562675476,0.75
l_curve_1,75,0.562283992767334,0.75
l_curve_1,76,0.5583197474479675,0.75
l_curve_1,77,0.5543755292892456,0.75
l_curve_1,78,0.5505415797233582,0.75
l_curve_1,79,0.5467550158500671,0.75
l_curve_1,80,0.5430346131324768,0.75
l_curve_1,81,0.5393637418746948,0.7857142686843872
l_curve_1,82,0.5357092618942261,0.7857142686843872
l_curve_1,83,0.5321504473686218,0.7857142686843872
l_curve_1,84,0.5286772847175598,0.8214285969734192
l_curve_1,85,0.5252810716629028,0.8214285969734192
l_curve_1,86,0.521873950958252,0.8214285969734192
l_curve_1,87,0.5185725092887878,0.8214285969734192
l_curve_1,88,0.5153017640113831,0.8214285969734192
l_curve_1,89,0.512075662612915,0.8571428656578064
l_curve_1,90,0.5089567303657532,0.8571428656578064
l_curve_1,91,0.5058901906013489,0.8571428656578064
l_curve_1,92,0.5028836131095886,0.8571428656578064
l_curve_1,93,0.49991875886917114,0.8571428656578064
l_curve_1,94,0.496993750333786,0.8571428656578064
l_curve_1,95,0.49410563707351685,0.8571428656578064
l_curve_1,96,0.4912646412849426,0.8571428656578064
l_curve_1,97,0.4885103106498718,0.8571428656578064
l_curve_1,98,0.485793799161911,0.8571428656578064
l_curve_1,99,0.4831366539001465,0.8571428656578064
l_curve_1,100,0.4805215299129486,0.8571428656578064
l_curve_1,101,0.4779391586780548,0.8571428656578064
l_curve_1,102,0.47539442777633667,0.8571428656578064
l_curve_1,103,0.4728924334049225,0.8571428656578064
l_curve_1,104,0.47048047184944153,0.8571428656578064
l_curve_1,105,0.46809762716293335,0.8571428656578064
l_curve_1,106,0.46576017141342163,0.8571428656578064
l_curve_1,107,0.4634779989719391,0.8571428656578064
l_curve_1,108,0.4612336754798889,0.8571428656578064
l_curve_1,109,0.4590233266353607,0.8571428656578064
l_curve_1,110,0.45685768127441406,0.8571428656578064
l_curve_1,111,0.4547335207462311,0.8571428656578064
l_curve_1,112,0.45264437794685364,0.8571428656578064
l_curve_1,113,0.4505963623523712,0.8571428656578064
l_curve_1,114,0.4485833942890167,0.8571428656578064
l_curve_1,115,0.4466192424297333,0.8571428656578064
l_curve_1,116,0.4446742832660675,0.8571428656578064
l_curve_1,117,0.4427778422832489,0.8571428656578064
l_curve_1,118,0.44092652201652527,0.8571428656578064
l_curve_1,119,0.4391014575958252,0.8571428656578064
l_curve_1,120,0.4373130202293396,0.8571428656578064
l_curve_1,121,0.43555349111557007,0.8571428656578064
l_curve_1,122,0.433834969997406,0.8571428656578064
l_curve_1,123,0.43214917182922363,0.8571428656578064
l_curve_1,124,0.43053150177001953,0.8928571343421936
l_curve_1,125,0.42893075942993164,0.8928571343421936
l_curve_1,126,0.4273727238178253,0.8928571343421936
l_curve_1,127,0.42584630846977234,0.8928571343421936
l_curve_1,128,0.4243132770061493,0.8928571343421936
l_curve_1,129,0.4228087067604065,0.8928571343421936
l_curve_1,130,0.42136216163635254,0.8928571343421936
l_curve_1,131,0.4199303984642029,0.8928571343421936
l_curve_1,132,0.4184904396533966,0.8571428656578064
l_curve_1,133,0.4170781672000885,0.8571428656578064
l_curve_1,134,0.4157337248325348,0.8571428656578064
l_curve_1,135,0.4144062101840973,0.8571428656578064
l_curve_1,136,0.4131052792072296,0.8571428656578064
l_curve_1,137,0.41185086965560913,0.8571428656578064
l_curve_1,138,0.4106122851371765,0.8571428656578064
l_curve_1,139,0.40939226746559143,0.8571428656578064
l_curve_1,140,0.40818125009536743,0.8571428656578064
l_curve_1,141,0.4069803059101105,0.8571428656578064
l_curve_1,142,0.40583744645118713,0.8571428656578064
l_curve_1,143,0.4046902060508728,0.8214285969734192
l_curve_1,144,0.403566837310791,0.8214285969734192
l_curve_1,145,0.402463436126709,0.8214285969734192
l_curve_1,146,0.401380330324173,0.8214285969734192
l_curve_1,147,0.4003305435180664,0.8214285969734192
l_curve_1,148,0.39932918548583984,0.8214285969734192
l_curve_1,149,0.3983307480812073,0.8214285969734192
l_curve_1,150,0.39737486839294434,0.8214285969734192
l_curve_1,151,0.3964475691318512,0.8214285969734192
l_curve_1,152,0.3955242931842804,0.8214285969734192
l_curve_1,153,0.39461520314216614,0.8214285969734192
l_curve_1,154,0.3936910331249237,0.8214285969734192
l_curve_1,155,0.3928073048591614,0.8214285969734192
l_curve_1,156,0.39192506670951843,0.8214285969734192
l_curve_1,157,0.39105960726737976,0.8214285969734192
l_curve_1,158,0.3901965320110321,0.8214285969734192
l_curve_1,159,0.3893616795539856,0.8214285969734192
l_curve_1,160,0.388541042804718,0.8214285969734192
l_curve_1,161,0.3877332806587219,0.8214285969734192
l_curve_1,162,0.38694924116134644,0.8214285969734192
l_curve_1,163,0.3861711025238037,0.8214285969734192
l_curve_1,164,0.38542410731315613,0.8214285969734192
l_curve_1,165,0.3846816420555115,0.8214285969734192
l_curve_1,166,0.3839743733406067,0.8214285969734192
l_curve_1,167,0.38327595591545105,0.8214285969734192
l_curve_1,168,0.382578581571579,0.8214285969734192
l_curve_1,169,0.38190728425979614,0.8214285969734192
l_curve_1,170,0.3812660276889801,0.8214285969734192
l_curve_1,171,0.3806378245353699,0.8214285969734192
l_curve_1,172,0.37999871373176575,0.8214285969734192
l_curve_1,173,0.379366397857666,0.8214285969734192
l_curve_1,174,0.37875694036483765,0.8214285969734192
l_curve_1,175,0.3781825602054596,0.8214285969734192
l_curve_1,176,0.3775942921638489,0.8214285969734192
l_curve_1,177,0.37704500555992126,0.8214285969734192
l_curve_1,178,0.37649622559547424,0.8214285969734192
l_curve_1,179,0.37596654891967773,0.8214285969734192
l_curve_1,180,0.3754306435585022,0.8214285969734192
l_curve_1,181,0.37493425607681274,0.8214285969734192
l_curve_1,182,0.37444132566452026,0.8214285969734192
l_curve_1,183,0.373953640460968,0.8214285969734192
l_curve_1,184,0.3734712302684784,0.8214285969734192
l_curve_1,185,0.3729838728904724,0.8214285969734192
l_curve_1,186,0.3724958002567291,0.8214285969734192
l_curve_1,187,0.3720366954803467,0.8214285969734192
l_curve_1,188,0.3715842366218567,0.8214285969734192
l_curve_1,189,0.3711370527744293,0.8214285969734192
l_curve_1,190,0.3707166016101837,0.8214285969734192
l_curve_1,191,0.3702876567840576,0.8214285969734192
l_curve_1,192,0.3698767125606537,0.8214285969734192
l_curve_1,193,0.36946576833724976,0.8214285969734192
l_curve_1,194,0.36905935406684875,0.8214285969734192
l_curve_1,195,0.36867690086364746,0.8214285969734192
l_curve_1,196,0.368287593126297,0.8214285969734192
l_curve_1,197,0.36792808771133423,0.8214285969734192
l_curve_1,198,0.36757132411003113,0.8214285969734192
l_curve_1,199,0.36722031235694885,0.8214285969734192
l_curve_1,200,0.36687812209129333,0.8214285969734192
l_curve_1,201,0.36655566096305847,0.8214285969734192
l_curve_1,202,0.36621996760368347,0.8214285969734192
l_curve_1,203,0.36590927839279175,0.8214285969734192
l_curve_1,204,0.36559775471687317,0.8214285969734192
l_curve_1,205,0.365300714969635,0.8214285969734192
l_curve_1,206,0.3650057911872864,0.8214285969734192
l_curve_1,207,0.3647223114967346,0.8214285969734192
l_curve_1,208,0.36442938446998596,0.8214285969734192
l_curve_1,209,0.3641219139099121,0.8214285969734192
l_curve_1,210,0.36382776498794556,0.8571428656578064
l_curve_1,211,0.36353030800819397,0.8571428656578064
l_curve_1,212,0.36327362060546875,0.8571428656578064
l_curve_1,213,0.36301231384277344,0.8571428656578064
l_curve_1,214,0.3627707064151764,0.8571428656578064
l_curve_1,215,0.3625124990940094,0.8571428656578064
l_curve_1,216,0.3622715175151825,0.8571428656578064
l_curve_1,217,0.36202043294906616,0.8571428656578064
l_curve_1,218,0.3618083894252777,0.8571428656578064
l_curve_1,219,0.36157146096229553,0.8571428656578064
l_curve_1,220,0.36132997274398804,0.8571428656578064
l_curve_1,221,0.36110416054725647,0.8571428656578064
l_curve_1,222,0.3608867824077606,0.8571428656578064
l_curve_1,223,0.3606727421283722,0.8571428656578064
l_curve_1,224,0.3604724705219269,0.8571428656578064
l_curve_1,225,0.3602893650531769,0.8571428656578064
l_curve_1,226,0.36009684205055237,0.8571428656578064
l_curve_1,227,0.35989218950271606,0.8571428656578064
l_curve_1,228,0.35970067977905273,0.8571428656578064
l_curve_1,229,0.35954180359840393,0.8571428656578064
l_curve_1,230,0.3593478798866272,0.8571428656578064
l_curve_1,231,0.35915789008140564,0.8571428656578064
l_curve_1,232,0.3589673340320587,0.8571428656578064
l_curve_1,233,0.3588140606880188,0.8571428656578064
l_curve_1,234,0.35864847898483276,0.8571428656578064
l_curve_1,235,0.3584749698638916,0.8571428656578064
l_curve_1,236,0.3583199679851532,0.8571428656578064
l_curve_1,237,0.3581690490245819,0.8571428656578064
l_curve_1,238,0.35801953077316284,0.8571428656578064
l_curve_1,239,0.35788917541503906,0.8571428656578064
l_curve_1,240,0.35775405168533325,0.8571428656578064
l_curve_1,241,0.3576411306858063,0.8571428656578064
l_curve_1,242,0.35752028226852417,0.8571428656578064
l_curve_1,243,0.35741016268730164,0.8571428656578064
l_curve_1,244,0.357285737991333,0.8571428656578064
l_curve_1,245,0.35717400908470154,0.8571428656578064
l_curve_1,246,0.35706478357315063,0.8571428656578064
l_curve_1,247,0.35693642497062683,0.8571428656578064
l_curve_1,248,0.35683155059814453,0.8571428656578064
l_curve_1,249,0.3567180335521698,0.8571428656578064
l_curve_1,250,0.3565903306007385,0.8571428656578064
l_curve_1,251,0.35649189352989197,0.8571428656578064
l_curve_1,252,0.35637831687927246,0.8571428656578064
l_curve_1,253,0.35628774762153625,0.8571428656578064
l_curve_1,254,0.3561888039112091,0.8571428656578064
l_curve_1,255,0.35609108209609985,0.8571428656578064
l_curve_1,256,0.3559669852256775,0.8571428656578064
l_curve_1,257,0.3558507263660431,0.8571428656578064
l_curve_1,258,0.35574886202812195,0.8571428656578064
l_curve_1,259,0.3556484878063202,0.8571428656578064
l_curve_1,260,0.35555291175842285,0.8571428656578064
l_curve_1,261,0.35546329617500305,0.8571428656578064
l_curve_1,262,0.35538220405578613,0.8571428656578064
l_curve_1,263,0.3552718758583069,0.8571428656578064
l_curve_1,264,0.35518547892570496,0.8571428656578064
l_curve_1,265,0.3550974428653717,0.8571428656578064
l_curve_1,266,0.3550085425376892,0.8571428656578064
l_curve_1,267,0.3549259305000305,0.8571428656578064
l_curve_1,268,0.3548184037208557,0.8571428656578064
l_curve_1,269,0.35472825169563293,0.8571428656578064
l_curve_1,270,0.3546357750892639,0.8571428656578064
l_curve_1,271,0.3545475900173187,0.8571428656578064
l_curve_1,272,0.35447630286216736,0.8571428656578064
l_curve_1,273,0.3544115424156189,0.8571428656578064
l_curve_1,274,0.3543557822704315,0.8571428656578064
l_curve_1,275,0.3543289601802826,0.8571428656578064
l_curve_1,276,0.35429397225379944,0.8571428656578064
l_curve_1,277,0.35423168540000916,0.8571428656578064
l_curve_1,278,0.3541697859764099,0.8571428656578064
l_curve_1,279,0.35409781336784363,0.8571428656578064
l_curve_1,280,0.3540434241294861,0.8571428656578064
l_curve_1,281,0.35396289825439453,0.8571428656578064
l_curve_1,282,0.35388556122779846,0.8571428656578064
l_curve_1,283,0.3538506031036377,0.8571428656578064
l_curve_1,284,0.3538096249103546,0.8571428656578064
l_curve_1,285,0.35377031564712524,0.8571428656578064
l_curve_1,286,0.353708416223526,0.8571428656578064
l_curve_1,287,0.3536466658115387,0.8571428656578064
l_curve_1,288,0.35357746481895447,0.8571428656578064
l_curve_1,289,0.35349586606025696,0.8571428656578064
l_curve_1,290,0.35343319177627563,0.8571428656578064
l_curve_1,291,0.3533504605293274,0.8571428656578064
l_curve_1,292,0.3532916009426117,0.8571428656578064
l_curve_1,293,0.3532233238220215,0.8571428656578064
l_curve_1,294,0.3531777858734131,0.8571428656578064
l_curve_1,295,0.35313326120376587,0.8571428656578064
l_curve_1,296,0.3530936539173126,0.8571428656578064
l_curve_1,297,0.35303205251693726,0.8571428656578064
l_curve_1,298,0.3529818058013916,0.8571428656578064
l_curve_1,299,0.3528997600078583,0.8571428656578064
l_curve_1,300,0.35280370712280273,0.8571428656578064
l_curve_1,301,0.3527344763278961,0.8571428656578064
l_curve_1,302,0.35265833139419556,0.8571428656578064
l_curve_1,303,0.35259556770324707,0.8571428656578064
l_curve_1,304,0.35256409645080566,0.8571428656578064
l_curve_1,305,0.3525340259075165,0.8571428656578064
l_curve_1,306,0.3525055944919586,0.8571428656578064
l_curve_1,307,0.35248398780822754,0.8571428656578064
l_curve_1,308,0.3524308204650879,0.8571428656578064
l_curve_1,309,0.35241469740867615,0.8571428656578064
l_curve_1,310,0.35237446427345276,0.8571428656578064
l_curve_1,311,0.3523614704608917,0.8571428656578064
l_curve_1,312,0.35232359170913696,0.8571428656578064
l_curve_1,313,0.3522854149341583,0.8571428656578064
l_curve_1,314,0.3522346317768097,0.8571428656578064
l_curve_1,315,0.35219806432724,0.8571428656578064
l_curve_1,316,0.35212498903274536,0.8571428656578064
l_curve_1,317,0.3521018922328949,0.8571428656578064
l_curve_1,318,0.35205259919166565,0.8571428656578064
l_curve_1,319,0.35201317071914673,0.8571428656578064
l_curve_1,320,0.3519588112831116,0.8571428656578064
l_curve_1,321,0.35190409421920776,0.8571428656578064
l_curve_1,322,0.35185912251472473,0.8571428656578064
l_curve_1,323,0.3518464267253876,0.8571428656578064
l_curve_1,324,0.35180792212486267,0.8571428656578064
l_curve_1,325,0.35177081823349,0.8571428656578064
l_curve_1,326,0.35174432396888733,0.8571428656578064
l_curve_1,327,0.35171201825141907,0.8571428656578064
l_curve_1,328,0.3516785502433777,0.8571428656578064
l_curve_1,329,0.3516094386577606,0.8571428656578064
l_curve_1,330,0.3515317142009735,0.8571428656578064
l_curve_1,331,0.351479709148407,0.8571428656578064
l_curve_1,332,0.35141798853874207,0.8571428656578064
l_curve_1,333,0.35137224197387695,0.8571428656578064
l_curve_1,334,0.3513578474521637,0.8571428656578064
l_curve_1,335,0.35131707787513733,0.8571428656578064
l_curve_1,336,0.35126274824142456,0.8571428656578064
l_curve_1,337,0.35120099782943726,0.8571428656578064
l_curve_1,338,0.35116344690322876,0.8571428656578064
l_curve_1,339,0.35114702582359314,0.8571428656578064
l_curve_1,340,0.35109609365463257,0.8571428656578064
l_curve_1,341,0.3510439097881317,0.8571428656578064
l_curve_1,342,0.3510529100894928,0.8571428656578064
l_curve_1,343,0.3509719669818878,0.8571428656578064
l_curve_1,344,0.35091525316238403,0.8571428656578064
l_curve_1,345,0.35086098313331604,0.8571428656578064
l_curve_1,346,0.35076430439949036,0.8571428656578064
l_curve_1,347,0.3507198691368103,0.8571428656578064
l_curve_1,348,0.35068872570991516,0.8571428656578064
l_curve_1,349,0.35063669085502625,0.8571428656578064
l_curve_1,350,0.3505609631538391,0.8571428656578064
l_curve_1,351,0.3505108654499054,0.8571428656578064
l_curve_1,352,0.3504812717437744,0.8571428656578064
l_curve_1,353,0.3504331111907959,0.8571428656578064
l_curve_1,354,0.35035306215286255,0.8571428656578064
l_curve_1,355,0.35028690099716187,0.8571428656578064
l_curve_1,356,0.35018566250801086,0.8571428656578064
l_curve_1,357,0.3501117527484894,0.8571428656578064
l_curve_1,358,0.3500821590423584,0.8571428656578064
l_curve_1,359,0.35004281997680664,0.8571428656578064
l_curve_1,360,0.35003456473350525,0.8571428656578064
l_curve_1,361,0.3500101566314697,0.8571428656578064
l_curve_1,362,0.34995484352111816,0.8571428656578064
l_curve_1,363,0.34987014532089233,0.8571428656578064
l_curve_1,364,0.34979864954948425,0.8571428656578064
l_curve_1,365,0.34965476393699646,0.8571428656578064
l_curve_1,366,0.3495473861694336,0.8571428656578064
l_curve_1,367,0.34947967529296875,0.8571428656578064
l_curve_1,368,0.34940671920776367,0.8571428656578064
l_curve_1,369,0.3493371605873108,0.8571428656578064
l_curve_1,370,0.34925755858421326,0.8571428656578064
l_curve_1,371,0.349147766828537,0.8571428656578064
l_curve_1,372,0.34906092286109924,0.8571428656578064
l_curve_1,373,0.34905844926834106,0.8571428656578064
l_curve_1,374,0.34906005859375,0.8571428656578064
l_curve_1,375,0.34904709458351135,0.8571428656578064
l_curve_1,376,0.3489990532398224,0.8571428656578064
l_curve_1,377,0.3490040600299835,0.8571428656578064
l_curve_1,378,0.34895047545433044,0.8571428656578064
l_curve_1,379,0.3488444685935974,0.8571428656578064
l_curve_1,380,0.3487590253353119,0.8571428656578064
l_curve_1,381,0.3486618101596832,0.8571428656578064
l_curve_1,382,0.34854331612586975,0.8571428656578064
l_curve_1,383,0.348407506942749,0.8571428656578064
l_curve_1,384,0.34830304980278015,0.8571428656578064
l_curve_1,385,0.3482123911380768,0.8571428656578064
l_curve_1,386,0.34811195731163025,0.8571428656578064
l_curve_1,387,0.34801769256591797,0.8571428656578064
l_curve_1,388,0.3479318916797638,0.8571428656578064
l_curve_1,389,0.34783488512039185,0.8571428656578064
l_curve_1,390,0.3477530777454376,0.8571428656578064
l_curve_1,391,0.3477049767971039,0.8571428656578064
l_curve_1,392,0.34762173891067505,0.8571428656578064
l_curve_1,393,0.3475918471813202,0.8571428656578064
l_curve_1,394,0.34756165742874146,0.8571428656578064
l_curve_1,395,0.34753352403640747,0.8571428656578064
l_curve_1,396,0.3474958539009094,0.8571428656578064
l_curve_1,397,0.3474275469779968,0.8571428656578064
l_curve_1,398,0.34739068150520325,0.8571428656578064
l_curve_1,399,0.34732577204704285,0.8571428656578064
l_curve_1,400,0.34726682305336,0.8571428656578064
l_curve_1,401,0.3471861183643341,0.8571428656578064
l_curve_1,402,0.3471212089061737,0.8571428656578064
l_curve_1,403,0.3469789922237396,0.8571428656578064
l_curve_1,404,0.34688183665275574,0.8571428656578064
l_curve_1,405,0.3467679023742676,0.8571428656578064
l_curve_1,406,0.34668371081352234,0.8571428656578064
l_curve_1,407,0.34655094146728516,0.8571428656578064
l_curve_1,408,0.3464581370353699,0.8571428656578064
l_curve_1,409,0.34638088941574097,0.8571428656578064
l_curve_1,410,0.34630969166755676,0.8571428656578064
l_curve_1,411,0.34619542956352234,0.8571428656578064
l_curve_1,412,0.34610292315483093,0.8571428656578064
l_curve_1,413,0.34601500630378723,0.8571428656578064
l_curve_1,414,0.3459301292896271,0.8571428656578064
l_curve_1,415,0.34584841132164,0.8571428656578064
l_curve_1,416,0.3457168638706207,0.8571428656578064
l_curve_1,417,0.34563255310058594,0.8571428656578064
l_curve_1,418,0.3455817997455597,0.8571428656578064
l_curve_1,419,0.3455018997192383,0.8571428656578064
l_curve_1,420,0.3454500734806061,0.8571428656578064
l_curve_1,421,0.34542566537857056,0.8571428656578064
l_curve_1,422,0.34539511799812317,0.8571428656578064
l_curve_1,423,0.34538882970809937,0.8571428656578064
l_curve_1,424,0.3453076481819153,0.8571428656578064
l_curve_1,425,0.3452204167842865,0.8571428656578064
l_curve_1,426,0.3450745940208435,0.8571428656578064
l_curve_1,427,0.34499016404151917,0.8571428656578064
l_curve_1,428,0.3449084162712097,0.8571428656578064
l_curve_1,429,0.34480318427085876,0.8571428656578064
l_curve_1,430,0.3446839451789856,0.8571428656578064
l_curve_1,431,0.3445962071418762,0.8571428656578064
l_curve_1,432,0.3445109724998474,0.8571428656578064
l_curve_1,433,0.3443634510040283,0.8571428656578064
l_curve_1,434,0.34429603815078735,0.8571428656578064
l_curve_1,435,0.34417724609375,0.8571428656578064
l_curve_1,436,0.34410205483436584,0.8571428656578064
l_curve_1,437,0.3439728915691376,0.8571428656578064
l_curve_1,438,0.34382936358451843,0.8571428656578064
l_curve_1,439,0.34366554021835327,0.8571428656578064
l_curve_1,440,0.3435811996459961,0.8571428656578064
l_curve_1,441,0.3434855043888092,0.8571428656578064
l_curve_1,442,0.34341952204704285,0.8571428656578064
l_curve_1,443,0.3433076739311218,0.8571428656578064
l_curve_1,444,0.3431869447231293,0.8571428656578064
l_curve_1,445,0.3430306613445282,0.8571428656578064
l_curve_1,446,0.3429379463195801,0.8571428656578064
l_curve_1,447,0.342877596616745,0.8571428656578064
l_curve_1,448,0.34273889660835266,0.8571428656578064
l_curve_1,449,0.3425748944282532,0.8571428656578064
l_curve_1,450,0.34244486689567566,0.8571428656578064
l_curve_1,451,0.3423852026462555,0.8571428656578064
l_curve_1,452,0.34226343035697937,0.8571428656578064
l_curve_1,453,0.3420572578907013,0.8571428656578064
l_curve_1,454,0.34190794825553894,0.8571428656578064
l_curve_1,455,0.34176284074783325,0.8571428656578064
l_curve_1,456,0.34163716435432434,0.8571428656578064
l_curve_1,457,0.3415040075778961,0.8571428656578064
l_curve_1,458,0.3413796126842499,0.8571428656578064
l_curve_1,459,0.3412324786186218,0.8571428656578064
l_curve_1,460,0.34109339118003845,0.8571428656578064
l_curve_1,461,0.34094133973121643,0.8571428656578064
l_curve_1,462,0.34082671999931335,0.8571428656578064
l_curve_1,463,0.3407079875469208,0.8571428656578064
l_curve_1,464,0.3406679332256317,0.8571428656578064
l_curve_1,465,0.3405585289001465,0.8571428656578064
l_curve_1,466,0.34041112661361694,0.8571428656578064
l_curve_1,467,0.34027913212776184,0.8571428656578064
l_curve_1,468,0.34014466404914856,0.8571428656578064
l_curve_1,469,0.3400372564792633,0.8571428656578064
l_curve_1,470,0.3398679792881012,0.8571428656578064
l_curve_1,471,0.33970943093299866,0.8571428656578064
l_curve_1,472,0.3395853638648987,0.8571428656578064
l_curve_1,473,0.3394773006439209,0.8571428656578064
l_curve_1,474,0.3393213152885437,0.8571428656578064
l_curve_1,475,0.3391692340373993,0.8571428656578064
l_curve_1,476,0.33903226256370544,0.8571428656578064
l_curve_1,477,0.3388684093952179,0.8571428656578064
l_curve_1,478,0.3386898636817932,0.8571428656578064
l_curve_1,479,0.33845242857933044,0.8571428656578064
l_curve_1,480,0.3382716774940491,0.8571428656578064
l_curve_1,481,0.3380797207355499,0.8571428656578064
l_curve_1,482,0.3378928005695343,0.8571428656578064
l_curve_1,483,0.3377033770084381,0.8571428656578064
l_curve_1,484,0.33754202723503113,0.8571428656578064
l_curve_1,485,0.3373240828514099,0.8571428656578064
l_curve_1,486,0.33716925978660583,0.8571428656578064
l_curve_1,487,0.33702248334884644,0.8571428656578064
l_curve_1,488,0.3368830680847168,0.8571428656578064
l_curve_1,489,0.33673611283302307,0.8571428656578064
l_curve_1,490,0.3365787863731384,0.8571428656578064
l_curve_1,491,0.33644795417785645,0.8571428656578064
l_curve_1,492,0.3363119959831238,0.8571428656578064
l_curve_1,493,0.3361876606941223,0.8571428656578064
l_curve_1,494,0.3360174000263214,0.8571428656578064
l_curve_1,495,0.33582156896591187,0.8571428656578064
l_curve_1,496,0.33565592765808105,0.8571428656578064
l_curve_1,497,0.3354473114013672,0.8571428656578064
l_curve_1,498,0.33525776863098145,0.8571428656578064
l_curve_1,499,0.33510512113571167,0.8571428656578064
l_curve_1,500,0.33498862385749817,0.8571428656578064
l_curve_1,501,0.33485278487205505,0.8571428656578064
l_curve_1,502,0.3346981406211853,0.8571428656578064
l_curve_1,503,0.3345835506916046,0.8571428656578064
l_curve_1,504,0.3344382643699646,0.8571428656578064
l_curve_1,505,0.3342743515968323,0.8571428656578064
l_curve_1,506,0.3341461718082428,0.8571428656578064
l_curve_1,507,0.33397218585014343,0.8571428656578064
l_curve_1,508,0.3338242471218109,0.8571428656578064
l_curve_1,509,0.3336690366268158,0.8571428656578064
l_curve_1,510,0.33348435163497925,0.8571428656578064
l_curve_1,511,0.3332931697368622,0.8571428656578064
l_curve_1,512,0.3330295979976654,0.8571428656578064
l_curve_1,513,0.3328212797641754,0.8571428656578064
l_curve_1,514,0.33261361718177795,0.8571428656578064
l_curve_1,515,0.332406610250473,0.8571428656578064
l_curve_1,516,0.3321987986564636,0.8571428656578064
l_curve_1,517,0.3320346474647522,0.8571428656578064
l_curve_1,518,0.33187204599380493,0.8571428656578064
l_curve_1,519,0.33173248171806335,0.8571428656578064
l_curve_1,520,0.33159133791923523,0.8571428656578064
l_curve_1,521,0.33141446113586426,0.8571428656578064
l_curve_1,522,0.33125829696655273,0.8571428656578064
l_curve_1,523,0.331076443195343,0.8571428656578064
l_curve_1,524,0.3309180438518524,0.8571428656578064
l_curve_1,525,0.3307636082172394,0.8571428656578064
l_curve_1,526,0.3305746912956238,0.8571428656578064
l_curve_1,527,0.33045676350593567,0.8571428656578064
l_curve_1,528,0.3303487300872803,0.8571428656578064
l_curve_1,529,0.33022308349609375,0.8571428656578064
l_curve_1,530,0.33000868558883667,0.8571428656578064
l_curve_1,531,0.32981279492378235,0.8571428656578064
l_curve_1,532,0.3295665383338928,0.8571428656578064
l_curve_1,533,0.329363614320755,0.8571428656578064
l_curve_1,534,0.32911330461502075,0.8571428656578064
l_curve_1,535,0.32891756296157837,0.8571428656578064
l_curve_1,536,0.3286881744861603,0.8571428656578064
l_curve_1,537,0.32845109701156616,0.8571428656578064
l_curve_1,538,0.3282339870929718,0.8571428656578064
l_curve_1,539,0.32802706956863403,0.8571428656578064
l_curve_1,540,0.3277822434902191,0.8571428656578064
l_curve_1,541,0.32756444811820984,0.8571428656578064
l_curve_1,542,0.3273794949054718,0.8571428656578064
l_curve_1,543,0.3271593451499939,0.8571428656578064
l_curve_1,544,0.3269578814506531,0.8571428656578064
l_curve_1,545,0.3267865478992462,0.8571428656578064
l_curve_1,546,0.3265429139137268,0.8571428656578064
l_curve_1,547,0.32639721035957336,0.8571428656578064
l_curve_1,548,0.3261739909648895,0.8571428656578064
l_curve_1,549,0.3259490132331848,0.8571428656578064
l_curve_1,550,0.32572928071022034,0.8571428656578064
l_curve_1,551,0.32549843192100525,0.8571428656578064
l_curve_1,552,0.3253205716609955,0.8571428656578064
l_curve_1,553,0.32504796981811523,0.8571428656578064
l_curve_1,554,0.3248085677623749,0.8571428656578064
l_curve_1,555,0.32456445693969727,0.8571428656578064
l_curve_1,556,0.32434168457984924,0.8571428656578064
l_curve_1,557,0.3241470158100128,0.8571428656578064
l_curve_1,558,0.32391899824142456,0.8571428656578064
l_curve_1,559,0.3236723840236664,0.8571428656578064
l_curve_1,560,0.3234521746635437,0.8571428656578064
l_curve_1,561,0.3231886923313141,0.8571428656578064
l_curve_1,562,0.32288503646850586,0.8571428656578064
l_curve_1,563,0.32265710830688477,0.8571428656578064
l_curve_1,564,0.3224654197692871,0.8571428656578064
l_curve_1,565,0.32223811745643616,0.8571428656578064
l_curve_1,566,0.32201847434043884,0.8571428656578064
l_curve_1,567,0.32181501388549805,0.8571428656578064
l_curve_1,568,0.32164713740348816,0.8571428656578064
l_curve_1,569,0.32145604491233826,0.8571428656578064
l_curve_1,570,0.3212567865848541,0.8571428656578064
l_curve_1,571,0.32108616828918457,0.8571428656578064
l_curve_1,572,0.32089781761169434,0.8571428656578064
l_curve_1,573,0.3206159770488739,0.8571428656578064
l_curve_1,574,0.3203931152820587,0.8571428656578064
l_curve_1,575,0.3201529383659363,0.8571428656578064
l_curve_1,576,0.31992533802986145,0.8571428656578064
l_curve_1,577,0.31968003511428833,0.8571428656578064
l_curve_1,578,0.3194381892681122,0.8571428656578064
l_curve_1,579,0.3191772401332855,0.8571428656578064
l_curve_1,580,0.318927139043808,0.8571428656578064
l_curve_1,581,0.31866249442100525,0.8571428656578064
l_curve_1,582,0.31835395097732544,0.8571428656578064
l_curve_1,583,0.3180532157421112,0.8571428656578064
l_curve_1,584,0.3178207278251648,0.8571428656578064
l_curve_1,585,0.3175985515117645,0.8571428656578064
l_curve_1,586,0.3173304498195648,0.8571428656578064
l_curve_1,587,0.3170606195926666,0.8571428656578064
l_curve_1,588,0.3167843222618103,0.8571428656578064
l_curve_1,589,0.3165673315525055,0.8571428656578064
l_curve_1,590,0.3163434863090515,0.8571428656578064
l_curve_1,591,0.316099613904953,0.8571428656578064
l_curve_1,592,0.3158775269985199,0.8571428656578064
l_curve_1,593,0.31564679741859436,0.8571428656578064
l_curve_1,594,0.31547310948371887,0.8571428656578064
l_curve_1,595,0.3152514100074768,0.8571428656578064
l_curve_1,596,0.31502780318260193,0.8571428656578064
l_curve_1,597,0.3147929012775421,0.8571428656578064
l_curve_1,598,0.31457093358039856,0.8571428656578064
l_curve_1,599,0.31430506706237793,0.8571428656578064
l_curve_1,600,0.3140263557434082,0.8571428656578064
l_curve_1,601,0.31375840306282043,0.8571428656578064
l_curve_1,602,0.3134901821613312,0.8571428656578064
l_curve_1,603,0.3132445812225342,0.8571428656578064
l_curve_1,604,0.31299325823783875,0.8571428656578064
l_curve_1,605,0.31270959973335266,0.8571428656578064
l_curve_1,606,0.312431275844574,0.8571428656578064
l_curve_1,607,0.3121825158596039,0.8571428656578064
l_curve_1,608,0.31198400259017944,0.8571428656578064
l_curve_1,609,0.3117477297782898,0.8571428656578064
l_curve_1,610,0.3114795386791229,0.8571428656578064
l_curve_1,611,0.31123751401901245,0.8571428656578064
l_curve_1,612,0.31098175048828125,0.8571428656578064
l_curve_1,613,0.3107337951660156,0.8571428656578064
l_curve_1,614,0.3104937970638275,0.8571428656578064
l_curve_1,615,0.3102565407752991,0.8571428656578064
l_curve_1,616,0.30999770760536194,0.8571428656578064
l_curve_1,617,0.3097513020038605,0.8571428656578064
l_curve_1,618,0.30952897667884827,0.8571428656578064
l_curve_1,619,0.309256374835968,0.8571428656578064
l_curve_1,620,0.30899888277053833,0.8571428656578064
l_curve_1,621,0.3087572157382965,0.8571428656578064
l_curve_1,622,0.3085002303123474,0.8571428656578064
l_curve_1,623,0.30820831656455994,0.8571428656578064
l_curve_1,624,0.3079405725002289,0.8571428656578064
l_curve_1,625,0.307640939950943,0.8571428656578064
l_curve_1,626,0.30741071701049805,0.8571428656578064
l_curve_1,627,0.30717578530311584,0.8571428656578064
l_curve_1,628,0.3069397807121277,0.8571428656578064
l_curve_1,629,0.30665937066078186,0.8571428656578064
l_curve_1,630,0.30638962984085083,0.8571428656578064
l_curve_1,631,0.30612948536872864,0.8571428656578064
l_curve_1,632,0.305829256772995,0.8571428656578064
l_curve_1,633,0.30553486943244934,0.8571428656578064
l_curve_1,634,0.30520743131637573,0.8571428656578064
l_curve_1,635,0.3049340844154358,0.8571428656578064
l_curve_1,636,0.3046388626098633,0.8571428656578064
l_curve_1,637,0.30431243777275085,0.8571428656578064
l_curve_1,638,0.30400413274765015,0.8571428656578064
l_curve_1,639,0.3037244379520416,0.8571428656578064
l_curve_1,640,0.30341726541519165,0.8571428656578064
l_curve_1,641,0.30308133363723755,0.8571428656578064
l_curve_1,642,0.30275750160217285,0.8571428656578064
l_curve_1,643,0.3024616837501526,0.8571428656578064
l_curve_1,644,0.3021791875362396,0.8571428656578064
l_curve_1,645,0.30192622542381287,0.8571428656578064
l_curve_1,646,0.3016696572303772,0.8571428656578064
l_curve_1,647,0.30141162872314453,0.8571428656578064
l_curve_1,648,0.3011874556541443,0.8571428656578064
l_curve_1,649,0.3009829521179199,0.8571428656578064
l_curve_1,650,0.30073219537734985,0.8571428656578064
l_curve_1,651,0.3004959225654602,0.8571428656578064
l_curve_1,652,0.3002360165119171,0.8571428656578064
l_curve_1,653,0.2999582588672638,0.8571428656578064
l_curve_1,654,0.2997271418571472,0.8571428656578064
l_curve_1,655,0.29942983388900757,0.8571428656578064
l_curve_1,656,0.2991386950016022,0.8571428656578064
l_curve_1,657,0.2988693416118622,0.8571428656578064
l_curve_1,658,0.29862186312675476,0.8571428656578064
l_curve_1,659,0.29835429787635803,0.8571428656578064
l_curve_1,660,0.2980842888355255,0.8571428656578064
l_curve_1,661,0.2978808581829071,0.8571428656578064
l_curve_1,662,0.29761579632759094,0.8571428656578064
l_curve_1,663,0.29736199975013733,0.8571428656578064
l_curve_1,664,0.2970999777317047,0.8571428656578064
l_curve_1,665,0.2968619465827942,0.8571428656578064
l_curve_1,666,0.2965928018093109,0.8571428656578064
l_curve_1,667,0.296313613653183,0.8571428656578064
l_curve_1,668,0.2960003912448883,0.8571428656578064
l_curve_1,669,0.2957007586956024,0.8571428656578064
l_curve_1,670,0.2954115867614746,0.8928571343421936
l_curve_1,671,0.2951250374317169,0.8928571343421936
l_curve_1,672,0.29483312368392944,0.8928571343421936
l_curve_1,673,0.2945030629634857,0.8928571343421936
l_curve_1,674,0.2941651940345764,0.8928571343421936
l_curve_1,675,0.2938616871833801,0.8928571343421936
l_curve_1,676,0.2935413420200348,0.8928571343421936
l_curve_1,677,0.2932308316230774,0.8928571343421936
l_curve_1,678,0.2929398715496063,0.8928571343421936
l_curve_1,679,0.29265904426574707,0.8928571343421936
l_curve_1,680,0.2923882007598877,0.8928571343421936
l_curve_1,681,0.29208484292030334,0.8928571343421936
l_curve_1,682,0.29181304574012756,0.8928571343421936
l_curve_1,683,0.2915644943714142,0.8928571343421936
l_curve_1,684,0.2912893295288086,0.8928571343421936
l_curve_1,685,0.2910166382789612,0.8928571343421936
l_curve_1,686,0.2907484471797943,0.8928571343421936
l_curve_1,687,0.2905004322528839,0.8928571343421936
l_curve_1,688,0.2902693450450897,0.8928571343421936
l_curve_1,689,0.28999409079551697,0.8928571343421936
l_curve_1,690,0.28974413871765137,0.8928571343421936
l_curve_1,691,0.2894831597805023,0.8928571343421936
l_curve_1,692,0.28922906517982483,0.8928571343421936
l_curve_1,693,0.28892388939857483,0.8928571343421936
l_curve_1,694,0.2886272966861725,0.8928571343421936
l_curve_1,695,0.2883748412132263,0.8928571343421936
l_curve_1,696,0.2880757749080658,0.8928571343421936
l_curve_1,697,0.28779467940330505,0.8928571343421936
l_curve_1,698,0.28750064969062805,0.8928571343421936
l_curve_1,699,0.2871611416339874,0.8928571343421936
l_curve_1,700,0.2868380844593048,0.8928571343421936
l_curve_1,701,0.2865440845489502,0.8928571343421936
l_curve_1,702,0.2862582504749298,0.8928571343421936
l_curve_1,703,0.2859634757041931,0.8928571343421936
l_curve_1,704,0.28560638427734375,0.8928571343421936
l_curve_1,705,0.285321980714798,0.8928571343421936
l_curve_1,706,0.2850390076637268,0.8928571343421936
l_curve_1,707,0.2847321033477783,0.8928571343421936
l_curve_1,708,0.284406840801239,0.8928571343421936
l_curve_1,709,0.28409284353256226,0.8928571343421936
l_curve_1,710,0.2837887108325958,0.8928571343421936
l_curve_1,711,0.28349730372428894,0.8928571343421936
l_curve_1,712,0.2832162082195282,0.8928571343421936
l_curve_1,713,0.2829478979110718,0.8928571343421936
l_curve_1,714,0.2826662063598633,0.8928571343421936
l_curve_1,715,0.2823759913444519,0.8928571343421936
l_curve_1,716,0.2821026146411896,0.8928571343421936
l_curve_1,717,0.28182291984558105,0.8928571343421936
l_curve_1,718,0.28157514333724976,0.8928571343421936
l_curve_1,719,0.28125709295272827,0.8928571343421936
l_curve_1,720,0.2809246778488159,0.8928571343421936
l_curve_1,721,0.2806006968021393,0.8928571343421936
l_curve_1,722,0.2803097069263458,0.8928571343421936
l_curve_1,723,0.27996256947517395,0.8928571343421936
l_curve_1,724,0.27965548634529114,0.8928571343421936
l_curve_1,725,0.2793795168399811,0.8928571343421936
l_curve_1,726,0.27902039885520935,0.8928571343421936
l_curve_1,727,0.27872103452682495,0.8928571343421936
l_curve_1,728,0.2784888446331024,0.8928571343421936
l_curve_1,729,0.27819088101387024,0.8928571343421936
l_curve_1,730,0.27785879373550415,0.8928571343421936
l_curve_1,731,0.27757444977760315,0.8928571343421936
l_curve_1,732,0.27723297476768494,0.8928571343421936
l_curve_1,733,0.2769292891025543,0.8928571343421936
l_curve_1,734,0.27664420008659363,0.8928571343421936
l_curve_1,735,0.27636316418647766,0.8928571343421936
l_curve_1,736,0.2760949432849884,0.8928571343421936
l_curve_1,737,0.2757800221443176,0.8928571343421936
l_curve_1,738,0.2754712402820587,0.8928571343421936
l_curve_1,739,0.275178462266922,0.8928571343421936
l_curve_1,740,0.2748430371284485,0.8928571343421936
l_curve_1,741,0.2745571732521057,0.8928571343421936
l_curve_1,742,0.27424606680870056,0.8928571343421936
l_curve_1,743,0.27397483587265015,0.8928571343421936
l_curve_1,744,0.27365216612815857,0.8928571343421936
l_curve_1,745,0.2733398377895355,0.8928571343421936
l_curve_1,746,0.27303725481033325,0.8928571343421936
l_curve_1,747,0.2727283537387848,0.8928571343421936
l_curve_1,748,0.272450715303421,0.8928571343421936
l_curve_1,749,0.27214381098747253,0.8928571343421936
l_curve_1,750,0.27180877327919006,0.8928571343421936
l_curve_1,751,0.27148622274398804,0.8928571343421936
l_curve_1,752,0.27116599678993225,0.8928571343421936
l_curve_1,753,0.270817369222641,0.8928571343421936
l_curve_1,754,0.27050334215164185,0.8928571343421936
l_curve_1,755,0.27021104097366333,0.8928571343421936
l_curve_1,756,0.2699083983898163,0.8928571343421936
l_curve_1,757,0.2696368098258972,0.8928571343421936
l_curve_1,758,0.26934969425201416,0.8928571343421936
l_curve_1,759,0.2690886855125427,0.8928571343421936
l_curve_1,760,0.26883354783058167,0.8928571343421936
l_curve_1,761,0.268561452627182,0.8928571343421936
l_curve_1,762,0.2682812511920929,0.8928571343421936
l_curve_1,763,0.2679937183856964,0.8928571343421936
l_curve_1,764,0.2677377760410309,0.8928571343421936
l_curve_1,765,0.26749151945114136,0.8928571343421936
l_curve_1,766,0.2672002613544464,0.8928571343421936
l_curve_1,767,0.2669069170951843,0.8928571343421936
l_curve_1,768,0.2666284739971161,0.8928571343421936
l_curve_1,769,0.2663660943508148,0.8928571343421936
l_curve_1,770,0.2660762369632721,0.8928571343421936
l_curve_1,771,0.2657737135887146,0.8928571343421936
l_curve_1,772,0.2654751241207123,0.8928571343421936
l_curve_1,773,0.2651931941509247,0.8928571343421936
l_curve_1,774,0.264916330575943,0.8928571343421936
l_curve_1,775,0.26465991139411926,0.8928571343421936
l_curve_1,776,0.26438167691230774,0.8928571343421936
l_curve_1,777,0.26410338282585144,0.8928571343421936
l_curve_1,778,0.2638275921344757,0.8928571343421936
l_curve_1,779,0.26354631781578064,0.8928571343421936
l_curve_1,780,0.2632718086242676,0.8928571343421936
l_curve_1,781,0.2629830241203308,0.8928571343421936
l_curve_1,782,0.2626977860927582,0.8928571343421936
l_curve_1,783,0.2624059319496155,0.8928571343421936
l_curve_1,784,0.26211482286453247,0.8928571343421936
l_curve_1,785,0.2618143856525421,0.8928571343421936
l_curve_1,786,0.2615188956260681,0.8928571343421936
l_curve_1,787,0.2612287998199463,0.8928571343421936
l_curve_1,788,0.26098671555519104,0.8928571343421936
l_curve_1,789,0.2607211470603943,0.8928571343421936
l_curve_1,790,0.2604794204235077,0.8928571343421936
l_curve_1,791,0.2602207362651825,0.8928571343421936
l_curve_1,792,0.2599872946739197,0.8928571343421936
l_curve_1,793,0.2597442865371704,0.8928571343421936
l_curve_1,794,0.25948473811149597,0.8928571343421936
l_curve_1,795,0.2592073082923889,0.8928571343421936
l_curve_1,796,0.25894033908843994,0.8928571343421936
l_curve_1,797,0.25867098569869995,0.8928571343421936
l_curve_1,798,0.2583882212638855,0.8928571343421936
l_curve_1,799,0.2580772042274475,0.8928571343421936
l_curve_1,800,0.25775542855262756,0.8928571343421936
l_curve_1,801,0.2574321925640106,0.8928571343421936
l_curve_1,802,0.25712257623672485,0.8928571343421936
l_curve_1,803,0.2568218410015106,0.8928571343421936
l_curve_1,804,0.25654688477516174,0.8928571343421936
l_curve_1,805,0.25626707077026367,0.8928571343421936
l_curve_1,806,0.2559913992881775,0.8928571343421936
l_curve_1,807,0.25573214888572693,0.8928571343421936
l_curve_1,808,0.2554475963115692,0.8928571343421936
l_curve_1,809,0.25516146421432495,0.8928571343421936
l_curve_1,810,0.2548621594905853,0.8928571343421936
l_curve_1,811,0.25456875562667847,0.8928571343421936
l_curve_1,812,0.25426575541496277,0.8928571343421936
l_curve_1,813,0.25399747490882874,0.8928571343421936
l_curve_1,814,0.25371643900871277,0.8928571343421936
l_curve_1,815,0.25340673327445984,0.8928571343421936
l_curve_1,816,0.2530979514122009,0.8928571343421936
l_curve_1,817,0.2527867257595062,0.8928571343421936
l_curve_1,818,0.252492219209671,0.8928571343421936
l_curve_1,819,0.252218633890152,0.9285714030265808
l_curve_1,820,0.25192245841026306,0.9285714030265808
l_curve_1,821,0.25163301825523376,0.9285714030265808
l_curve_1,822,0.25135913491249084,0.9285714030265808
l_curve_1,823,0.2510736286640167,0.9285714030265808
l_curve_1,824,0.25079718232154846,0.9285714030265808
l_curve_1,825,0.2505019009113312,0.9285714030265808
l_curve_1,826,0.25021231174468994,0.9285714030265808
l_curve_1,827,0.2499302476644516,0.9285714030265808
l_curve_1,828,0.24965569376945496,0.9285714030265808
l_curve_1,829,0.24940036237239838,0.9285714030265808
l_curve_1,830,0.24914638698101044,0.9285714030265808
l_curve_1,831,0.2488662749528885,0.9285714030265808
l_curve_1,832,0.24857008457183838,0.9285714030265808
l_curve_1,833,0.24826791882514954,0.9285714030265808
l_curve_1,834,0.24797777831554413,0.9285714030265808
l_curve_1,835,0.24769935011863708,0.9285714030265808
l_curve_1,836,0.24742178618907928,0.9285714030265808
l_curve_1,837,0.24717001616954803,0.9285714030265808
l_curve_1,838,0.24687620997428894,0.9285714030265808
l_curve_1,839,0.24660377204418182,0.9285714030265808
l_curve_1,840,0.2463316172361374,0.9285714030265808
l_curve_1,841,0.24606475234031677,0.9285714030265808
l_curve_1,842,0.24579699337482452,0.9285714030265808
l_curve_1,843,0.2455197274684906,0.9285714030265808
l_curve_1,844,0.245254248380661,0.9285714030265808
l_curve_1,845,0.24499832093715668,0.9285714030265808
l_curve_1,846,0.2447356879711151,0.9285714030265808
l_curve_1,847,0.24446403980255127,0.9285714030265808
l_curve_1,848,0.24420227110385895,0.9285714030265808
l_curve_1,849,0.24393121898174286,0.9285714030265808
l_curve_1,850,0.24364401400089264,0.9285714030265808
l_curve_1,851,0.24337682127952576,0.9285714030265808
l_curve_1,852,0.2431032508611679,0.9285714030265808
l_curve_1,853,0.24283847212791443,0.9285714030265808
l_curve_1,854,0.24256929755210876,0.9285714030265808
l_curve_1,855,0.2422991544008255,0.9285714030265808
l_curve_1,856,0.24203619360923767,0.9285714030265808
l_curve_1,857,0.24176529049873352,0.9285714030265808
l_curve_1,858,0.2415023148059845,0.9285714030265808
l_curve_1,859,0.241219162940979,0.9285714030265808
l_curve_1,860,0.24094454944133759,0.9285714030265808
l_curve_1,861,0.240670844912529,0.9285714030265808
l_curve_1,862,0.2403889149427414,0.9285714030265808
l_curve_1,863,0.24010634422302246,0.9285714030265808
l_curve_1,864,0.2398422807455063,0.9285714030265808
l_curve_1,865,0.239576056599617,0.9285714030265808
l_curve_1,866,0.23931345343589783,0.9285714030265808
l_curve_1,867,0.2390678972005844,0.9285714030265808
l_curve_1,868,0.23882734775543213,0.9285714030265808
l_curve_1,869,0.2385883629322052,0.9285714030265808
l_curve_1,870,0.23834054172039032,0.9285714030265808
l_curve_1,871,0.23807087540626526,0.9285714030265808
l_curve_1,872,0.23778198659420013,0.9285714030265808
l_curve_1,873,0.23750868439674377,0.9285714030265808
l_curve_1,874,0.2372208833694458,0.9285714030265808
l_curve_1,875,0.23697258532047272,0.9285714030265808
l_curve_1,876,0.23674552142620087,0.9285714030265808
l_curve_1,877,0.23645968735218048,0.9285714030265808
l_curve_1,878,0.23620209097862244,0.9285714030265808
l_curve_1,879,0.23592008650302887,0.9285714030265808
l_curve_1,880,0.2356720268726349,0.9285714030265808
l_curve_1,881,0.23541224002838135,0.9285714030265808
l_curve_1,882,0.23513095080852509,0.9285714030265808
l_curve_1,883,0.23484419286251068,0.9285714030265808
l_curve_1,884,0.23456071317195892,0.9285714030265808
l_curve_1,885,0.2342943698167801,0.9285714030265808
l_curve_1,886,0.2340114563703537,0.9285714030265808
l_curve_1,887,0.2337450236082077,0.9285714030265808
l_curve_1,888,0.23345573246479034,0.9285714030265808
l_curve_1,889,0.23320160806179047,0.9285714030265808
l_curve_1,890,0.2329549789428711,0.9285714030265808
l_curve_1,891,0.2327202707529068,0.9285714030265808
l_curve_1,892,0.23246097564697266,0.9285714030265808
l_curve_1,893,0.23220288753509521,0.9285714030265808
l_curve_1,894,0.23196561634540558,0.9285714030265808
l_curve_1,895,0.2316981852054596,0.9285714030265808
l_curve_1,896,0.23144905269145966,0.9285714030265808
l_curve_1,897,0.23120780289173126,0.9285714030265808
l_curve_1,898,0.23094233870506287,0.9285714030265808
l_curve_1,899,0.2306710034608841,0.9285714030265808
l_curve_1,900,0.23039960861206055,0.9285714030265808
l_curve_1,901,0.23012416064739227,0.9285714030265808
l_curve_1,902,0.2298581302165985,0.9285714030265808
l_curve_1,903,0.22957845032215118,0.9285714030265808
l_curve_1,904,0.22931575775146484,0.9285714030265808
l_curve_1,905,0.22903276979923248,0.9285714030265808
l_curve_1,906,0.22876226902008057,0.9285714030265808
l_curve_1,907,0.22852052748203278,0.9285714030265808
l_curve_1,908,0.2282511442899704,0.9285714030265808
l_curve_1,909,0.2279817759990692,0.9285714030265808
l_curve_1,910,0.2277427464723587,0.9285714030265808
l_curve_1,911,0.2274886816740036,0.9285714030265808
l_curve_1,912,0.22723932564258575,0.9285714030265808
l_curve_1,913,0.22698548436164856,0.9285714030265808
l_curve_1,914,0.22675880789756775,0.9285714030265808
l_curve_1,915,0.22651605308055878,0.9285714030265808
l_curve_1,916,0.2262507826089859,0.9285714030265808
l_curve_1,917,0.22600777447223663,0.9285714030265808
l_curve_1,918,0.2257484346628189,0.9285714030265808
l_curve_1,919,0.22550366818904877,0.9285714030265808
l_curve_1,920,0.22524385154247284,0.9285714030265808
l_curve_1,921,0.22499410808086395,0.9285714030265808
l_curve_1,922,0.2247755378484726,0.9285714030265808
l_curve_1,923,0.22454090416431427,0.9285714030265808
l_curve_1,924,0.2242927998304367,0.9285714030265808
l_curve_1,925,0.22403833270072937,0.9285714030265808
l_curve_1,926,0.2237919569015503,0.9285714030265808
l_curve_1,927,0.2235565334558487,0.9285714030265808
l_curve_1,928,0.22331000864505768,0.9285714030265808
l_curve_1,929,0.22306732833385468,0.9285714030265808
l_curve_1,930,0.22282110154628754,0.9285714030265808
l_curve_1,931,0.22258488833904266,0.9285714030265808
l_curve_1,932,0.22236406803131104,0.9285714030265808
l_curve_1,933,0.22211110591888428,0.9285714030265808
l_curve_1,934,0.2218603640794754,0.9285714030265808
l_curve_1,935,0.22160379588603973,0.9285714030265808
l_curve_1,936,0.22133341431617737,0.9285714030265808
l_curve_1,937,0.22108206152915955,0.9285714030265808
l_curve_1,938,0.22084186971187592,0.9285714030265808
l_curve_1,939,0.22062334418296814,0.9285714030265808
l_curve_1,940,0.22040584683418274,0.9285714030265808
l_curve_1,941,0.22016753256320953,0.9285714030265808
l_curve_1,942,0.21992428600788116,0.9285714030265808
l_curve_1,943,0.2196776121854782,0.9285714030265808
l_curve_1,944,0.21944423019886017,0.9285714030265808
l_curve_1,945,0.21922525763511658,0.9285714030265808
l_curve_1,946,0.21898877620697021,0.9285714030265808
l_curve_1,947,0.21875989437103271,0.9285714030265808
l_curve_1,948,0.21852274239063263,0.9285714030265808
l_curve_1,949,0.21828226745128632,0.9285714030265808
l_curve_1,950,0.21799495816230774,0.9285714030265808
l_curve_1,951,0.2177383005619049,0.9285714030265808
l_curve_1,952,0.21746914088726044,0.9285714030265808
l_curve_1,953,0.21721653640270233,0.9285714030265808
l_curve_1,954,0.2169734090566635,0.9285714030265808
l_curve_1,955,0.21673162281513214,0.9285714030265808
l_curve_1,956,0.21647624671459198,0.9285714030265808
l_curve_1,957,0.2162192165851593,0.9285714030265808
l_curve_1,958,0.21596720814704895,0.9285714030265808
l_curve_1,959,0.21569769084453583,0.9285714030265808
l_curve_1,960,0.2154444009065628,0.9285714030265808
l_curve_1,961,0.21517564356327057,0.9285714030265808
l_curve_1,962,0.21488256752490997,0.9285714030265808
l_curve_1,963,0.21463961899280548,0.9285714030265808
l_curve_1,964,0.21439997851848602,0.9285714030265808
l_curve_1,965,0.21415916085243225,0.9285714030265808
l_curve_1,966,0.2139275074005127,0.9285714030265808
l_curve_1,967,0.21368205547332764,0.9285714030265808
l_curve_1,968,0.21344326436519623,0.9285714030265808
l_curve_1,969,0.2132120132446289,0.9285714030265808
l_curve_1,970,0.2129877805709839,0.9285714030265808
l_curve_1,971,0.21273992955684662,0.9285714030265808
l_curve_1,972,0.21252329647541046,0.9285714030265808
l_curve_1,973,0.21230539679527283,0.9285714030265808
l_curve_1,974,0.2120802104473114,0.9285714030265808
l_curve_1,975,0.21183450520038605,0.9285714030265808
l_curve_1,976,0.21161992847919464,0.9285714030265808
l_curve_1,977,0.2114056795835495,0.9285714030265808
l_curve_1,978,0.2111952006816864,0.9285714030265808
l_curve_1,979,0.21096985042095184,0.9285714030265808
l_curve_1,980,0.21071560680866241,0.9285714030265808
l_curve_1,981,0.21047867834568024,0.9285714030265808
l_curve_1,982,0.21021640300750732,0.9285714030265808
l_curve_1,983,0.20996904373168945,0.9285714030265808
l_curve_1,984,0.20972661674022675,0.9285714030265808
l_curve_1,985,0.20949219167232513,0.9285714030265808
l_curve_1,986,0.20923146605491638,0.9285714030265808
l_curve_1,987,0.2089960277080536,0.9285714030265808
l_curve_1,988,0.20875073969364166,0.9285714030265808
l_curve_1,989,0.20851102471351624,0.9285714030265808
l_curve_1,990,0.20829680562019348,0.9285714030265808
l_curve_1,991,0.2080697864294052,0.9285714030265808
l_curve_1,992,0.20781512558460236,0.9285714030265808
l_curve_1,993,0.2075367271900177,0.9285714030265808
l_curve_1,994,0.20729972422122955,0.9285714030265808
l_curve_1,995,0.20703737437725067,0.9285714030265808
l_curve_1,996,0.20676307380199432,0.9285714030265808
l_curve_1,997,0.2065146267414093,0.9285714030265808
l_curve_1,998,0.20629741251468658,0.9285714030265808
l_curve_1,999,0.20608823001384735,0.9285714030265808
l_curve_1,1000,0.2058645784854889,0.9285714030265808
l_curve_1,1000,0.2058645784854889,0.9285714030265808
