client,round,loss,accuracy
l_curve_4,1,0.9115043878555298,0.38235294818878174
l_curve_4,2,0.8996403813362122,0.38235294818878174
l_curve_4,3,0.8882870674133301,0.38235294818878174
l_curve_4,4,0.8777482509613037,0.38235294818878174
l_curve_4,5,0.8676581382751465,0.38235294818878174
l_curve_4,6,0.8581065535545349,0.38235294818878174
l_curve_4,7,0.8487501740455627,0.3235294222831726
l_curve_4,8,0.8396596312522888,0.3235294222831726
l_curve_4,9,0.8309705257415771,0.3235294222831726
l_curve_4,10,0.8226787447929382,0.3235294222831726
l_curve_4,11,0.8149369955062866,0.3235294222831726
l_curve_4,12,0.8074616193771362,0.3235294222831726
l_curve_4,13,0.7999958395957947,0.3235294222831726
l_curve_4,14,0.7925710082054138,0.3235294222831726
l_curve_4,15,0.7856717109680176,0.3235294222831726
l_curve_4,16,0.7789880037307739,0.3235294222831726
l_curve_4,17,0.7724515795707703,0.3235294222831726
l_curve_4,18,0.7662942409515381,0.3235294222831726
l_curve_4,19,0.76021409034729,0.3235294222831726
l_curve_4,20,0.7542973160743713,0.3235294222831726
l_curve_4,21,0.7484022378921509,0.3235294222831726
l_curve_4,22,0.7427086234092712,0.3235294222831726
l_curve_4,23,0.7370291352272034,0.3235294222831726
l_curve_4,24,0.7314367890357971,0.3529411852359772
l_curve_4,25,0.7259162068367004,0.3529411852359772
l_curve_4,26,0.7204838991165161,0.3529411852359772
l_curve_4,27,0.7152212858200073,0.3529411852359772
l_curve_4,28,0.7100682258605957,0.38235294818878174
l_curve_4,29,0.7048417925834656,0.38235294818878174
l_curve_4,30,0.6996878385543823,0.38235294818878174
l_curve_4,31,0.6947212219238281,0.38235294818878174
l_curve_4,32,0.6897397637367249,0.4117647111415863
l_curve_4,33,0.6848173141479492,0.4117647111415863
l_curve_4,34,0.6798747777938843,0.4117647111415863
l_curve_4,35,0.6749597787857056,0.47058823704719543
l_curve_4,36,0.6702544689178467,0.47058823704719543
l_curve_4,37,0.6655920743942261,0.47058823704719543
l_curve_4,38,0.6609326601028442,0.5
l_curve_4,39,0.656222403049469,0.5588235259056091
l_curve_4,40,0.6515601873397827,0.5882353186607361
l_curve_4,41,0.6469541192054749,0.7058823704719543
l_curve_4,42,0.6425291895866394,0.7352941036224365
l_curve_4,43,0.6380336284637451,0.7647058963775635
l_curve_4,44,0.6335161328315735,0.7941176295280457
l_curve_4,45,0.6288920044898987,0.7941176295280457
l_curve_4,46,0.6242735385894775,0.7941176295280457
l_curve_4,47,0.6197305917739868,0.8235294222831726
l_curve_4,48,0.6152505278587341,0.8235294222831726
l_curve_4,49,0.610836386680603,0.8235294222831726
l_curve_4,50,0.6065015196800232,0.8235294222831726
l_curve_4,51,0.602245032787323,0.8529411554336548
l_curve_4,52,0.5980788469314575,0.8529411554336548
l_curve_4,53,0.5938559770584106,0.8529411554336548
l_curve_4,54,0.5896379947662354,0.8823529481887817
l_curve_4,55,0.5853790640830994,0.8823529481887817
l_curve_4,56,0.5810244679450989,0.8823529481887817
l_curve_4,57,0.5766156911849976,0.8823529481887817
l_curve_4,58,0.572259783744812,0.8823529481887817
l_curve_4,59,0.567924439907074,0.8529411554336548
l_curve_4,60,0.5635969042778015,0.8529411554336548
l_curve_4,61,0.5592073202133179,0.8529411554336548
l_curve_4,62,0.5547521114349365,0.8529411554336548
l_curve_4,63,0.5503228902816772,0.8529411554336548
l_curve_4,64,0.5458787679672241,0.8235294222831726
l_curve_4,65,0.5413821935653687,0.8529411554336548
l_curve_4,66,0.5368512868881226,0.8529411554336548
l_curve_4,67,0.5325079560279846,0.8529411554336548
l_curve_4,68,0.5281739234924316,0.8529411554336548
l_curve_4,69,0.5239129066467285,0.8529411554336548
l_curve_4,70,0.5196972489356995,0.8529411554336548
l_curve_4,71,0.5154128670692444,0.8529411554336548
l_curve_4,72,0.511345386505127,0.8529411554336548
l_curve_4,73,0.5071349143981934,0.8529411554336548
l_curve_4,74,0.5030321478843689,0.8529411554336548
l_curve_4,75,0.4989948272705078,0.8529411554336548
l_curve_4,76,0.4949612319469452,0.8529411554336548
l_curve_4,77,0.4910683333873749,0.8529411554336548
l_curve_4,78,0.4871358275413513,0.8529411554336548
l_curve_4,79,0.483323872089386,0.8529411554336548
l_curve_4,80,0.47956860065460205,0.8529411554336548
l_curve_4,81,0.475781112909317,0.8529411554336548
l_curve_4,82,0.4720229506492615,0.8529411554336548
l_curve_4,83,0.4682786166667938,0.8529411554336548
l_curve_4,84,0.46470093727111816,0.8529411554336548
l_curve_4,85,0.46106675267219543,0.8529411554336548
l_curve_4,86,0.45722031593322754,0.8529411554336548
l_curve_4,87,0.45344656705856323,0.8529411554336548
l_curve_4,88,0.44978517293930054,0.8529411554336548
l_curve_4,89,0.4461243152618408,0.8529411554336548
l_curve_4,90,0.4424670338630676,0.8529411554336548
l_curve_4,91,0.4388538897037506,0.8529411554336548
l_curve_4,92,0.43511953949928284,0.8529411554336548
l_curve_4,93,0.43159064650535583,0.8529411554336548
l_curve_4,94,0.4281941056251526,0.8529411554336548
l_curve_4,95,0.4248202443122864,0.8529411554336548
l_curve_4,96,0.4216836392879486,0.8529411554336548
l_curve_4,97,0.41869959235191345,0.8529411554336548
l_curve_4,98,0.4159362018108368,0.8529411554336548
l_curve_4,99,0.4131675064563751,0.8529411554336548
l_curve_4,100,0.41024643182754517,0.8529411554336548
l_curve_4,101,0.407255619764328,0.8529411554336548
l_curve_4,102,0.40437760949134827,0.8529411554336548
l_curve_4,103,0.40136635303497314,0.8235294222831726
l_curve_4,104,0.3984619677066803,0.8235294222831726
l_curve_4,105,0.3958360254764557,0.8235294222831726
l_curve_4,106,0.3932456076145172,0.8235294222831726
l_curve_4,107,0.3906190097332001,0.8235294222831726
l_curve_4,108,0.38801345229148865,0.8235294222831726
l_curve_4,109,0.3855830430984497,0.8235294222831726
l_curve_4,110,0.3833431601524353,0.8235294222831726
l_curve_4,111,0.3810257315635681,0.8235294222831726
l_curve_4,112,0.3785133957862854,0.8235294222831726
l_curve_4,113,0.37624797224998474,0.8235294222831726
l_curve_4,114,0.37391960620880127,0.8235294222831726
l_curve_4,115,0.3716714382171631,0.8235294222831726
l_curve_4,116,0.36952850222587585,0.8235294222831726
l_curve_4,117,0.36761143803596497,0.8235294222831726
l_curve_4,118,0.3656531274318695,0.8235294222831726
l_curve_4,119,0.3638260066509247,0.8235294222831726
l_curve_4,120,0.36198487877845764,0.8235294222831726
l_curve_4,121,0.3601043224334717,0.8235294222831726
l_curve_4,122,0.35812535881996155,0.8235294222831726
l_curve_4,123,0.3561649024486542,0.8235294222831726
l_curve_4,124,0.35431504249572754,0.8235294222831726
l_curve_4,125,0.35260269045829773,0.8235294222831726
l_curve_4,126,0.35099226236343384,0.8235294222831726
l_curve_4,127,0.3494461178779602,0.8235294222831726
l_curve_4,128,0.34792089462280273,0.8235294222831726
l_curve_4,129,0.34630802273750305,0.8235294222831726
l_curve_4,130,0.34484967589378357,0.8235294222831726
l_curve_4,131,0.34366682171821594,0.8235294222831726
l_curve_4,132,0.34254515171051025,0.8235294222831726
l_curve_4,133,0.34139418601989746,0.8235294222831726
l_curve_4,134,0.34026479721069336,0.8235294222831726
l_curve_4,135,0.3391835689544678,0.8235294222831726
l_curve_4,136,0.3380568027496338,0.8235294222831726
l_curve_4,137,0.33697664737701416,0.8235294222831726
l_curve_4,138,0.33579254150390625,0.8235294222831726
l_curve_4,139,0.3347852826118469,0.8235294222831726
l_curve_4,140,0.3337428569793701,0.8235294222831726
l_curve_4,141,0.33283719420433044,0.8235294222831726
l_curve_4,142,0.3318197727203369,0.8235294222831726
l_curve_4,143,0.33084791898727417,0.8235294222831726
l_curve_4,144,0.32962706685066223,0.8235294222831726
l_curve_4,145,0.3285185992717743,0.8235294222831726
l_curve_4,146,0.3273735046386719,0.8235294222831726
l_curve_4,147,0.32633718848228455,0.8235294222831726
l_curve_4,148,0.325361967086792,0.8235294222831726
l_curve_4,149,0.3245832920074463,0.8235294222831726
l_curve_4,150,0.32375606894493103,0.8235294222831726
l_curve_4,151,0.32285359501838684,0.8235294222831726
l_curve_4,152,0.3220549523830414,0.8235294222831726
l_curve_4,153,0.32124796509742737,0.8235294222831726
l_curve_4,154,0.3206061124801636,0.8235294222831726
l_curve_4,155,0.3198501467704773,0.8235294222831726
l_curve_4,156,0.3192286193370819,0.8235294222831726
l_curve_4,157,0.3184223175048828,0.8235294222831726
l_curve_4,158,0.31763020157814026,0.8235294222831726
l_curve_4,159,0.3169413208961487,0.8235294222831726
l_curve_4,160,0.31630539894104004,0.8235294222831726
l_curve_4,161,0.31565555930137634,0.8235294222831726
l_curve_4,162,0.31508809328079224,0.8235294222831726
l_curve_4,163,0.3145565986633301,0.8235294222831726
l_curve_4,164,0.31404224038124084,0.8235294222831726
l_curve_4,165,0.3134213387966156,0.8235294222831726
l_curve_4,166,0.3128567337989807,0.8235294222831726
l_curve_4,167,0.31235313415527344,0.8235294222831726
l_curve_4,168,0.31194108724594116,0.8235294222831726
l_curve_4,169,0.311443567276001,0.8235294222831726
l_curve_4,170,0.3109004497528076,0.8235294222831726
l_curve_4,171,0.3105018734931946,0.8235294222831726
l_curve_4,172,0.3101229667663574,0.8235294222831726
l_curve_4,173,0.3098127841949463,0.8235294222831726
l_curve_4,174,0.3094433844089508,0.8235294222831726
l_curve_4,175,0.3091087341308594,0.8235294222831726
l_curve_4,176,0.3087441921234131,0.8235294222831726
l_curve_4,177,0.3082777261734009,0.8235294222831726
l_curve_4,178,0.30784404277801514,0.8235294222831726
l_curve_4,179,0.30750954151153564,0.8235294222831726
l_curve_4,180,0.3071669042110443,0.8235294222831726
l_curve_4,181,0.30686989426612854,0.8235294222831726
l_curve_4,182,0.3065897226333618,0.8235294222831726
l_curve_4,183,0.30624109506607056,0.8235294222831726
l_curve_4,184,0.30582281947135925,0.8235294222831726
l_curve_4,185,0.3054293990135193,0.8235294222831726
l_curve_4,186,0.30500873923301697,0.8235294222831726
l_curve_4,187,0.3047882914543152,0.8235294222831726
l_curve_4,188,0.30448365211486816,0.8235294222831726
l_curve_4,189,0.30420222878456116,0.8235294222831726
l_curve_4,190,0.30393052101135254,0.8235294222831726
l_curve_4,191,0.3036242127418518,0.8235294222831726
l_curve_4,192,0.3033068776130676,0.8235294222831726
l_curve_4,193,0.303108274936676,0.8235294222831726
l_curve_4,194,0.30297189950942993,0.8235294222831726
l_curve_4,195,0.3028932213783264,0.8235294222831726
l_curve_4,196,0.30288198590278625,0.8235294222831726
l_curve_4,197,0.302799254655838,0.8529411554336548
l_curve_4,198,0.3026004135608673,0.8529411554336548
l_curve_4,199,0.3024974763393402,0.8529411554336548
l_curve_4,200,0.30238673090934753,0.8529411554336548
l_curve_4,201,0.30228862166404724,0.8529411554336548
l_curve_4,202,0.30202144384384155,0.8529411554336548
l_curve_4,203,0.30163154006004333,0.8529411554336548
l_curve_4,204,0.3013162612915039,0.8529411554336548
l_curve_4,205,0.3011774718761444,0.8529411554336548
l_curve_4,206,0.30109843611717224,0.8529411554336548
l_curve_4,207,0.3010029196739197,0.8529411554336548
l_curve_4,208,0.30114150047302246,0.8529411554336548
l_curve_4,209,0.30123382806777954,0.8529411554336548
l_curve_4,210,0.3012487292289734,0.8529411554336548
l_curve_4,211,0.3012630343437195,0.8529411554336548
l_curve_4,212,0.3011915683746338,0.8529411554336548
l_curve_4,213,0.30098414421081543,0.8529411554336548
l_curve_4,214,0.3007630705833435,0.8529411554336548
l_curve_4,215,0.3006199598312378,0.8529411554336548
l_curve_4,216,0.30069732666015625,0.8529411554336548
l_curve_4,217,0.30077826976776123,0.8529411554336548
l_curve_4,218,0.3009055256843567,0.8529411554336548
l_curve_4,219,0.3008023202419281,0.8529411554336548
l_curve_4,220,0.3005402684211731,0.8529411554336548
l_curve_4,221,0.3002917766571045,0.8529411554336548
l_curve_4,222,0.29992178082466125,0.8529411554336548
l_curve_4,223,0.2996814250946045,0.8529411554336548
l_curve_4,224,0.2994985282421112,0.8529411554336548
l_curve_4,225,0.2993222177028656,0.8529411554336548
l_curve_4,226,0.2991660535335541,0.8529411554336548
l_curve_4,227,0.29900923371315,0.8529411554336548
l_curve_4,228,0.2987743616104126,0.8529411554336548
l_curve_4,229,0.29850614070892334,0.8529411554336548
l_curve_4,230,0.2983208894729614,0.8529411554336548
l_curve_4,231,0.2981663644313812,0.8529411554336548
l_curve_4,232,0.29806947708129883,0.8529411554336548
l_curve_4,233,0.29780420660972595,0.8529411554336548
l_curve_4,234,0.2976594865322113,0.8529411554336548
l_curve_4,235,0.2975562810897827,0.8529411554336548
l_curve_4,236,0.29737746715545654,0.8529411554336548
l_curve_4,237,0.2972242534160614,0.8529411554336548
l_curve_4,238,0.29730352759361267,0.8529411554336548
l_curve_4,239,0.29741370677948,0.8529411554336548
l_curve_4,240,0.29741472005844116,0.8529411554336548
l_curve_4,241,0.29719531536102295,0.8529411554336548
l_curve_4,242,0.2970272898674011,0.8529411554336548
l_curve_4,243,0.296884685754776,0.8529411554336548
l_curve_4,244,0.2967093884944916,0.8529411554336548
l_curve_4,245,0.29656046628952026,0.8529411554336548
l_curve_4,246,0.2962758541107178,0.8529411554336548
l_curve_4,247,0.2961042821407318,0.8529411554336548
l_curve_4,248,0.29600897431373596,0.8529411554336548
l_curve_4,249,0.2959888279438019,0.8529411554336548
l_curve_4,250,0.2959528863430023,0.8529411554336548
l_curve_4,251,0.2958570122718811,0.8529411554336548
l_curve_4,252,0.29571622610092163,0.8529411554336548
l_curve_4,253,0.295639306306839,0.8529411554336548
l_curve_4,254,0.2956599295139313,0.8529411554336548
l_curve_4,255,0.2957565486431122,0.8529411554336548
l_curve_4,256,0.2958098351955414,0.8529411554336548
l_curve_4,257,0.29599034786224365,0.8529411554336548
l_curve_4,258,0.2962084114551544,0.8529411554336548
l_curve_4,259,0.29611289501190186,0.8529411554336548
l_curve_4,260,0.29596829414367676,0.8529411554336548
l_curve_4,261,0.2959003448486328,0.8529411554336548
l_curve_4,262,0.2960658669471741,0.8529411554336548
l_curve_4,263,0.29620784521102905,0.8529411554336548
l_curve_4,264,0.29640254378318787,0.8529411554336548
l_curve_4,265,0.2962842881679535,0.8529411554336548
l_curve_4,266,0.2959538400173187,0.8529411554336548
l_curve_4,267,0.2958172559738159,0.8529411554336548
l_curve_4,268,0.2957237958908081,0.8529411554336548
l_curve_4,269,0.2955663800239563,0.8529411554336548
l_curve_4,270,0.2953421175479889,0.8529411554336548
l_curve_4,271,0.2952154874801636,0.8529411554336548
l_curve_4,272,0.29522159695625305,0.8529411554336548
l_curve_4,273,0.29532384872436523,0.8529411554336548
l_curve_4,274,0.29541316628456116,0.8529411554336548
l_curve_4,275,0.295280784368515,0.8529411554336548
l_curve_4,276,0.2950303554534912,0.8529411554336548
l_curve_4,277,0.29490649700164795,0.8529411554336548
l_curve_4,278,0.29495567083358765,0.8529411554336548
l_curve_4,279,0.29510337114334106,0.8529411554336548
l_curve_4,280,0.29522231221199036,0.8529411554336548
l_curve_4,281,0.29517120122909546,0.8529411554336548
l_curve_4,282,0.2949332892894745,0.8529411554336548
l_curve_4,283,0.2947664260864258,0.8529411554336548
l_curve_4,284,0.29459643363952637,0.8529411554336548
l_curve_4,285,0.29463088512420654,0.8529411554336548
l_curve_4,286,0.2946260869503021,0.8529411554336548
l_curve_4,287,0.29463085532188416,0.8529411554336548
l_curve_4,288,0.29460814595222473,0.8529411554336548
l_curve_4,289,0.2945697009563446,0.8529411554336548
l_curve_4,290,0.2945728898048401,0.8529411554336548
l_curve_4,291,0.2945883572101593,0.8529411554336548
l_curve_4,292,0.2946667969226837,0.8529411554336548
l_curve_4,293,0.2947276532649994,0.8529411554336548
l_curve_4,294,0.2947518527507782,0.8529411554336548
l_curve_4,295,0.2946195900440216,0.8529411554336548
l_curve_4,296,0.29434114694595337,0.8529411554336548
l_curve_4,297,0.29415643215179443,0.8529411554336548
l_curve_4,298,0.2939770221710205,0.8529411554336548
l_curve_4,299,0.29395928978919983,0.8529411554336548
l_curve_4,300,0.2941282391548157,0.8529411554336548
l_curve_4,301,0.29418182373046875,0.8529411554336548
l_curve_4,302,0.29433274269104004,0.8823529481887817
l_curve_4,303,0.2942284941673279,0.8823529481887817
l_curve_4,304,0.29423218965530396,0.8823529481887817
l_curve_4,305,0.29425275325775146,0.8823529481887817
l_curve_4,306,0.2941552400588989,0.8823529481887817
l_curve_4,307,0.29388952255249023,0.8823529481887817
l_curve_4,308,0.2937372028827667,0.8823529481887817
l_curve_4,309,0.2937493622303009,0.8823529481887817
l_curve_4,310,0.29374200105667114,0.8823529481887817
l_curve_4,311,0.2935245633125305,0.8823529481887817
l_curve_4,312,0.293112188577652,0.8529411554336548
l_curve_4,313,0.29295480251312256,0.8529411554336548
l_curve_4,314,0.292856365442276,0.8529411554336548
l_curve_4,315,0.2928521931171417,0.8823529481887817
l_curve_4,316,0.29262498021125793,0.8529411554336548
l_curve_4,317,0.2924743890762329,0.8529411554336548
l_curve_4,318,0.2922929525375366,0.8529411554336548
l_curve_4,319,0.29225799441337585,0.8823529481887817
l_curve_4,320,0.29209211468696594,0.8529411554336548
l_curve_4,321,0.2917981743812561,0.8529411554336548
l_curve_4,322,0.2915625274181366,0.8529411554336548
l_curve_4,323,0.2911786437034607,0.8529411554336548
l_curve_4,324,0.2909590005874634,0.8529411554336548
l_curve_4,325,0.2908550798892975,0.8529411554336548
l_curve_4,326,0.2909204363822937,0.8529411554336548
l_curve_4,327,0.29085907340049744,0.8529411554336548
l_curve_4,328,0.2907179296016693,0.8529411554336548
l_curve_4,329,0.29064249992370605,0.8529411554336548
l_curve_4,330,0.2906017005443573,0.8529411554336548
l_curve_4,331,0.2904536724090576,0.8529411554336548
l_curve_4,332,0.29028311371803284,0.8529411554336548
l_curve_4,333,0.2901378273963928,0.8529411554336548
l_curve_4,334,0.29001736640930176,0.8529411554336548
l_curve_4,335,0.2900308668613434,0.8529411554336548
l_curve_4,336,0.2900350093841553,0.8529411554336548
l_curve_4,337,0.29005834460258484,0.8529411554336548
l_curve_4,338,0.29021602869033813,0.8823529481887817
l_curve_4,339,0.2901498079299927,0.8823529481887817
l_curve_4,340,0.29015660285949707,0.8823529481887817
l_curve_4,341,0.29026952385902405,0.8823529481887817
l_curve_4,342,0.2901867628097534,0.8823529481887817
l_curve_4,343,0.2901855409145355,0.8823529481887817
l_curve_4,344,0.2901254892349243,0.8823529481887817
l_curve_4,345,0.2902335822582245,0.8823529481887817
l_curve_4,346,0.2901911437511444,0.8823529481887817
l_curve_4,347,0.29012495279312134,0.8823529481887817
l_curve_4,348,0.2899666130542755,0.8823529481887817
l_curve_4,349,0.2898629307746887,0.8823529481887817
l_curve_4,350,0.28969740867614746,0.8823529481887817
l_curve_4,351,0.28964048624038696,0.8823529481887817
l_curve_4,352,0.28978902101516724,0.8823529481887817
l_curve_4,353,0.2897999882698059,0.8823529481887817
l_curve_4,354,0.2898606061935425,0.8823529481887817
l_curve_4,355,0.2897876799106598,0.8823529481887817
l_curve_4,356,0.28980502486228943,0.8823529481887817
l_curve_4,357,0.28974878787994385,0.8823529481887817
l_curve_4,358,0.28969520330429077,0.8823529481887817
l_curve_4,359,0.2896921634674072,0.8823529481887817
l_curve_4,360,0.2896726727485657,0.8823529481887817
l_curve_4,361,0.28944095969200134,0.8823529481887817
l_curve_4,362,0.2892763912677765,0.8823529481887817
l_curve_4,363,0.28919529914855957,0.8823529481887817
l_curve_4,364,0.2888942360877991,0.8823529481887817
l_curve_4,365,0.28845906257629395,0.8823529481887817
l_curve_4,366,0.2883567810058594,0.8823529481887817
l_curve_4,367,0.2883261740207672,0.8823529481887817
l_curve_4,368,0.28817227482795715,0.8823529481887817
l_curve_4,369,0.2880697548389435,0.8823529481887817
l_curve_4,370,0.2880402207374573,0.8823529481887817
l_curve_4,371,0.28823041915893555,0.8823529481887817
l_curve_4,372,0.28854602575302124,0.8823529481887817
l_curve_4,373,0.2887982726097107,0.8823529481887817
l_curve_4,374,0.2890216112136841,0.8823529481887817
l_curve_4,375,0.288950115442276,0.8823529481887817
l_curve_4,376,0.28884458541870117,0.8823529481887817
l_curve_4,377,0.2888045907020569,0.8823529481887817
l_curve_4,378,0.28877902030944824,0.8823529481887817
l_curve_4,379,0.2887554466724396,0.8823529481887817
l_curve_4,380,0.28879472613334656,0.8823529481887817
l_curve_4,381,0.28846266865730286,0.8823529481887817
l_curve_4,382,0.2880653142929077,0.8823529481887817
l_curve_4,383,0.28767016530036926,0.8823529481887817
l_curve_4,384,0.28724509477615356,0.8823529481887817
l_curve_4,385,0.2868386507034302,0.8823529481887817
l_curve_4,386,0.28631800413131714,0.8823529481887817
l_curve_4,387,0.2859295904636383,0.8823529481887817
l_curve_4,388,0.28563228249549866,0.8823529481887817
l_curve_4,389,0.2854270339012146,0.8823529481887817
l_curve_4,390,0.28519731760025024,0.8823529481887817
l_curve_4,391,0.28495728969573975,0.8823529481887817
l_curve_4,392,0.28461089730262756,0.8823529481887817
l_curve_4,393,0.28439611196517944,0.8823529481887817
l_curve_4,394,0.28405460715293884,0.8823529481887817
l_curve_4,395,0.2838786542415619,0.8823529481887817
l_curve_4,396,0.28368401527404785,0.8823529481887817
l_curve_4,397,0.283601850271225,0.8823529481887817
l_curve_4,398,0.2835739552974701,0.8823529481887817
l_curve_4,399,0.2834267020225525,0.8823529481887817
l_curve_4,400,0.2832508981227875,0.8823529481887817
l_curve_4,401,0.2830846309661865,0.8823529481887817
l_curve_4,402,0.2828803062438965,0.8823529481887817
l_curve_4,403,0.282825767993927,0.8823529481887817
l_curve_4,404,0.28290805220603943,0.8823529481887817
l_curve_4,405,0.28306713700294495,0.8823529481887817
l_curve_4,406,0.28336262702941895,0.8823529481887817
l_curve_4,407,0.28354349732398987,0.8823529481887817
l_curve_4,408,0.2834855318069458,0.8823529481887817
l_curve_4,409,0.28355666995048523,0.8823529481887817
l_curve_4,410,0.28346073627471924,0.8823529481887817
l_curve_4,411,0.2834220230579376,0.8823529481887817
l_curve_4,412,0.28342169523239136,0.8823529481887817
l_curve_4,413,0.28331658244132996,0.8823529481887817
l_curve_4,414,0.2833726406097412,0.8823529481887817
l_curve_4,415,0.28314247727394104,0.8823529481887817
l_curve_4,416,0.28300929069519043,0.8823529481887817
l_curve_4,417,0.28285717964172363,0.8823529481887817
l_curve_4,418,0.28270021080970764,0.8823529481887817
l_curve_4,419,0.28254765272140503,0.8823529481887817
l_curve_4,420,0.28227919340133667,0.8823529481887817
l_curve_4,421,0.2822072505950928,0.8823529481887817
l_curve_4,422,0.2819546163082123,0.8823529481887817
l_curve_4,423,0.28179144859313965,0.8823529481887817
l_curve_4,424,0.2816561460494995,0.8823529481887817
l_curve_4,425,0.28157612681388855,0.8823529481887817
l_curve_4,426,0.28148362040519714,0.8823529481887817
l_curve_4,427,0.2813716530799866,0.8823529481887817
l_curve_4,428,0.2814529836177826,0.8823529481887817
l_curve_4,429,0.28146520256996155,0.8823529481887817
l_curve_4,430,0.281376451253891,0.8823529481887817
l_curve_4,431,0.2811228632926941,0.8823529481887817
l_curve_4,432,0.28112727403640747,0.8823529481887817
l_curve_4,433,0.28119349479675293,0.8823529481887817
l_curve_4,434,0.281180739402771,0.8823529481887817
l_curve_4,435,0.2811241149902344,0.8823529481887817
l_curve_4,436,0.2812173068523407,0.8823529481887817
l_curve_4,437,0.28104156255722046,0.8823529481887817
l_curve_4,438,0.28065335750579834,0.8823529481887817
l_curve_4,439,0.28043848276138306,0.8823529481887817
l_curve_4,440,0.28038668632507324,0.8823529481887817
l_curve_4,441,0.2803837060928345,0.8823529481887817
l_curve_4,442,0.2802235782146454,0.8823529481887817
l_curve_4,443,0.2803047299385071,0.8823529481887817
l_curve_4,444,0.28037574887275696,0.8823529481887817
l_curve_4,445,0.2802872955799103,0.8823529481887817
l_curve_4,446,0.280413955450058,0.8823529481887817
l_curve_4,447,0.2806307077407837,0.8823529481887817
l_curve_4,448,0.28074193000793457,0.8823529481887817
l_curve_4,449,0.28078097105026245,0.8823529481887817
l_curve_4,450,0.28083670139312744,0.8823529481887817
l_curve_4,451,0.280653178691864,0.8823529481887817
l_curve_4,452,0.2803962230682373,0.8823529481887817
l_curve_4,453,0.2801258862018585,0.8823529481887817
l_curve_4,454,0.27999797463417053,0.8823529481887817
l_curve_4,455,0.2798248827457428,0.8823529481887817
l_curve_4,456,0.27944105863571167,0.8823529481887817
l_curve_4,457,0.2790854275226593,0.8823529481887817
l_curve_4,458,0.2791024446487427,0.8823529481887817
l_curve_4,459,0.27914389967918396,0.8823529481887817
l_curve_4,460,0.2790908217430115,0.8823529481887817
l_curve_4,461,0.2788112163543701,0.8823529481887817
l_curve_4,462,0.27863726019859314,0.8823529481887817
l_curve_4,463,0.2785516679286957,0.8823529481887817
l_curve_4,464,0.2783156931400299,0.8823529481887817
l_curve_4,465,0.27792584896087646,0.8823529481887817
l_curve_4,466,0.2776196002960205,0.8823529481887817
l_curve_4,467,0.27738696336746216,0.8823529481887817
l_curve_4,468,0.27713555097579956,0.8823529481887817
l_curve_4,469,0.2771250009536743,0.8823529481887817
l_curve_4,470,0.27710646390914917,0.8823529481887817
l_curve_4,471,0.2770937383174896,0.8823529481887817
l_curve_4,472,0.2771523594856262,0.8823529481887817
l_curve_4,473,0.27692967653274536,0.8823529481887817
l_curve_4,474,0.27657049894332886,0.8823529481887817
l_curve_4,475,0.27611243724823,0.8823529481887817
l_curve_4,476,0.27548617124557495,0.8823529481887817
l_curve_4,477,0.2752074599266052,0.8823529481887817
l_curve_4,478,0.2750144898891449,0.8823529481887817
l_curve_4,479,0.2749727964401245,0.8823529481887817
l_curve_4,480,0.2748519778251648,0.8823529481887817
l_curve_4,481,0.27493250370025635,0.8823529481887817
l_curve_4,482,0.27503398060798645,0.8823529481887817
l_curve_4,483,0.27509114146232605,0.8823529481887817
l_curve_4,484,0.2748643159866333,0.8823529481887817
l_curve_4,485,0.2747943699359894,0.8823529481887817
l_curve_4,486,0.2746342718601227,0.8823529481887817
l_curve_4,487,0.27451109886169434,0.8823529481887817
l_curve_4,488,0.27430129051208496,0.8823529481887817
l_curve_4,489,0.2741234600543976,0.8823529481887817
l_curve_4,490,0.2738739550113678,0.8823529481887817
l_curve_4,491,0.2738201320171356,0.8823529481887817
l_curve_4,492,0.27384817600250244,0.8823529481887817
l_curve_4,493,0.2738371789455414,0.8823529481887817
l_curve_4,494,0.2737886309623718,0.8823529481887817
l_curve_4,495,0.273635596036911,0.8823529481887817
l_curve_4,496,0.27338677644729614,0.8823529481887817
l_curve_4,497,0.2733178436756134,0.8823529481887817
l_curve_4,498,0.273541659116745,0.8823529481887817
l_curve_4,499,0.2736283242702484,0.8823529481887817
l_curve_4,500,0.2736184298992157,0.9117646813392639
l_curve_4,501,0.27354156970977783,0.9117646813392639
l_curve_4,502,0.2735125422477722,0.9117646813392639
l_curve_4,503,0.2732805013656616,0.9117646813392639
l_curve_4,504,0.2733027935028076,0.9117646813392639
l_curve_4,505,0.27349936962127686,0.9117646813392639
l_curve_4,506,0.2734074890613556,0.9117646813392639
l_curve_4,507,0.2730536162853241,0.9117646813392639
l_curve_4,508,0.2728918194770813,0.9117646813392639
l_curve_4,509,0.2726571261882782,0.9117646813392639
l_curve_4,510,0.272706538438797,0.9117646813392639
l_curve_4,511,0.27258917689323425,0.9117646813392639
l_curve_4,512,0.2724200487136841,0.9117646813392639
l_curve_4,513,0.2720935344696045,0.9117646813392639
l_curve_4,514,0.27167654037475586,0.9117646813392639
l_curve_4,515,0.27154865860939026,0.9117646813392639
l_curve_4,516,0.27126753330230713,0.9117646813392639
l_curve_4,517,0.2708895206451416,0.9117646813392639
l_curve_4,518,0.2705848217010498,0.9117646813392639
l_curve_4,519,0.2705766260623932,0.9117646813392639
l_curve_4,520,0.27059921622276306,0.9117646813392639
l_curve_4,521,0.27044957876205444,0.9117646813392639
l_curve_4,522,0.27029097080230713,0.9117646813392639
l_curve_4,523,0.2702782452106476,0.9117646813392639
l_curve_4,524,0.2700638175010681,0.9117646813392639
l_curve_4,525,0.26964759826660156,0.9117646813392639
l_curve_4,526,0.26927754282951355,0.9117646813392639
l_curve_4,527,0.2690669596195221,0.9117646813392639
l_curve_4,528,0.26895689964294434,0.9117646813392639
l_curve_4,529,0.26901453733444214,0.9117646813392639
l_curve_4,530,0.26871371269226074,0.9117646813392639
l_curve_4,531,0.26875001192092896,0.9117646813392639
l_curve_4,532,0.26907408237457275,0.9117646813392639
l_curve_4,533,0.2690671384334564,0.9117646813392639
l_curve_4,534,0.26907745003700256,0.9117646813392639
l_curve_4,535,0.2686291038990021,0.9117646813392639
l_curve_4,536,0.2679111957550049,0.9117646813392639
l_curve_4,537,0.26709818840026855,0.9117646813392639
l_curve_4,538,0.2666132152080536,0.9117646813392639
l_curve_4,539,0.2664945125579834,0.9117646813392639
l_curve_4,540,0.26668885350227356,0.9117646813392639
l_curve_4,541,0.2667047679424286,0.9117646813392639
l_curve_4,542,0.2667507827281952,0.9117646813392639
l_curve_4,543,0.26687517762184143,0.9117646813392639
l_curve_4,544,0.26734375953674316,0.9117646813392639
l_curve_4,545,0.26740342378616333,0.9117646813392639
l_curve_4,546,0.26729273796081543,0.9117646813392639
l_curve_4,547,0.2672743797302246,0.9117646813392639
l_curve_4,548,0.267411470413208,0.9117646813392639
l_curve_4,549,0.2672325670719147,0.9117646813392639
l_curve_4,550,0.2669530510902405,0.9117646813392639
l_curve_4,551,0.26662686467170715,0.9117646813392639
l_curve_4,552,0.26645055413246155,0.9117646813392639
l_curve_4,553,0.266385942697525,0.9117646813392639
l_curve_4,554,0.2662748396396637,0.9117646813392639
l_curve_4,555,0.26618218421936035,0.9117646813392639
l_curve_4,556,0.2662551701068878,0.9117646813392639
l_curve_4,557,0.26623091101646423,0.9117646813392639
l_curve_4,558,0.26615265011787415,0.9117646813392639
l_curve_4,559,0.26612040400505066,0.9117646813392639
l_curve_4,560,0.26597660779953003,0.9117646813392639
l_curve_4,561,0.26595279574394226,0.9117646813392639
l_curve_4,562,0.26589271426200867,0.9117646813392639
l_curve_4,563,0.2656424641609192,0.9117646813392639
l_curve_4,564,0.26531291007995605,0.9117646813392639
l_curve_4,565,0.2651952803134918,0.9117646813392639
l_curve_4,566,0.26498013734817505,0.9117646813392639
l_curve_4,567,0.2647412121295929,0.9117646813392639
l_curve_4,568,0.2641780376434326,0.9117646813392639
l_curve_4,569,0.2636072635650635,0.9117646813392639
l_curve_4,570,0.2631668448448181,0.9117646813392639
l_curve_4,571,0.262688010931015,0.9117646813392639
l_curve_4,572,0.2623041868209839,0.9117646813392639
l_curve_4,573,0.26187652349472046,0.9117646813392639
l_curve_4,574,0.26185107231140137,0.9117646813392639
l_curve_4,575,0.26149260997772217,0.9117646813392639
l_curve_4,576,0.2612936198711395,0.9117646813392639
l_curve_4,577,0.2612403631210327,0.9117646813392639
l_curve_4,578,0.26125121116638184,0.9117646813392639
l_curve_4,579,0.26105719804763794,0.9117646813392639
l_curve_4,580,0.2610580325126648,0.9117646813392639
l_curve_4,581,0.26119932532310486,0.9117646813392639
l_curve_4,582,0.26124897599220276,0.9117646813392639
l_curve_4,583,0.2611069977283478,0.9117646813392639
l_curve_4,584,0.26095452904701233,0.9117646813392639
l_curve_4,585,0.26090705394744873,0.9117646813392639
l_curve_4,586,0.26067739725112915,0.9117646813392639
l_curve_4,587,0.26030877232551575,0.9117646813392639
l_curve_4,588,0.26012274622917175,0.9117646813392639
l_curve_4,589,0.26021456718444824,0.9117646813392639
l_curve_4,590,0.2602764964103699,0.9117646813392639
l_curve_4,591,0.2604336738586426,0.9117646813392639
l_curve_4,592,0.2605160176753998,0.9117646813392639
l_curve_4,593,0.2605181634426117,0.9117646813392639
l_curve_4,594,0.26035210490226746,0.9117646813392639
l_curve_4,595,0.2601870596408844,0.9117646813392639
l_curve_4,596,0.2601306438446045,0.9117646813392639
l_curve_4,597,0.25991249084472656,0.9117646813392639
l_curve_4,598,0.25962942838668823,0.9117646813392639
l_curve_4,599,0.2594575583934784,0.9117646813392639
l_curve_4,600,0.2592198848724365,0.9117646813392639
l_curve_4,601,0.25914254784584045,0.9117646813392639
l_curve_4,602,0.25931817293167114,0.9117646813392639
l_curve_4,603,0.2594107389450073,0.9117646813392639
l_curve_4,604,0.25935885310173035,0.9117646813392639
l_curve_4,605,0.25939786434173584,0.9117646813392639
l_curve_4,606,0.2591133713722229,0.9117646813392639
l_curve_4,607,0.2587140202522278,0.9117646813392639
l_curve_4,608,0.25816652178764343,0.9117646813392639
l_curve_4,609,0.2579169273376465,0.9117646813392639
l_curve_4,610,0.2577778697013855,0.9117646813392639
l_curve_4,611,0.2576408088207245,0.9117646813392639
l_curve_4,612,0.2575778365135193,0.9117646813392639
l_curve_4,613,0.2573120594024658,0.9117646813392639
l_curve_4,614,0.25683897733688354,0.9117646813392639
l_curve_4,615,0.2561153769493103,0.9117646813392639
l_curve_4,616,0.2553071677684784,0.9117646813392639
l_curve_4,617,0.2545627951622009,0.9117646813392639
l_curve_4,618,0.2539295554161072,0.9117646813392639
l_curve_4,619,0.25348100066185,0.9117646813392639
l_curve_4,620,0.2530295252799988,0.9117646813392639
l_curve_4,621,0.25255271792411804,0.9117646813392639
l_curve_4,622,0.2523815929889679,0.9117646813392639
l_curve_4,623,0.25244104862213135,0.9117646813392639
l_curve_4,624,0.2523615062236786,0.9117646813392639
l_curve_4,625,0.25220629572868347,0.9117646813392639
l_curve_4,626,0.2521790564060211,0.9117646813392639
l_curve_4,627,0.25209489464759827,0.9117646813392639
l_curve_4,628,0.25236526131629944,0.9117646813392639
l_curve_4,629,0.2527017295360565,0.9117646813392639
l_curve_4,630,0.25279897451400757,0.9117646813392639
l_curve_4,631,0.2525760233402252,0.9117646813392639
l_curve_4,632,0.252404123544693,0.9117646813392639
l_curve_4,633,0.2523879110813141,0.9117646813392639
l_curve_4,634,0.2525142431259155,0.9117646813392639
l_curve_4,635,0.25260233879089355,0.9117646813392639
l_curve_4,636,0.2525455951690674,0.9117646813392639
l_curve_4,637,0.252577543258667,0.9117646813392639
l_curve_4,638,0.25281670689582825,0.9117646813392639
l_curve_4,639,0.25309690833091736,0.9117646813392639
l_curve_4,640,0.2532694339752197,0.9117646813392639
l_curve_4,641,0.25318852066993713,0.9117646813392639
l_curve_4,642,0.25326472520828247,0.9117646813392639
l_curve_4,643,0.25316667556762695,0.9117646813392639
l_curve_4,644,0.25290125608444214,0.9117646813392639
l_curve_4,645,0.25259944796562195,0.9117646813392639
l_curve_4,646,0.25212007761001587,0.9117646813392639
l_curve_4,647,0.25172582268714905,0.9117646813392639
l_curve_4,648,0.2516637444496155,0.9117646813392639
l_curve_4,649,0.251536101102829,0.9117646813392639
l_curve_4,650,0.2513943910598755,0.9117646813392639
l_curve_4,651,0.2514558732509613,0.9117646813392639
l_curve_4,652,0.2513834238052368,0.9117646813392639
l_curve_4,653,0.25118643045425415,0.9117646813392639
l_curve_4,654,0.2509276866912842,0.9117646813392639
l_curve_4,655,0.25082287192344666,0.9117646813392639
l_curve_4,656,0.25068241357803345,0.9117646813392639
l_curve_4,657,0.25077933073043823,0.9117646813392639
l_curve_4,658,0.2509201765060425,0.9117646813392639
l_curve_4,659,0.2509533166885376,0.9117646813392639
l_curve_4,660,0.2507918179035187,0.9117646813392639
l_curve_4,661,0.25061970949172974,0.9117646813392639
l_curve_4,662,0.2502116858959198,0.9117646813392639
l_curve_4,663,0.24997341632843018,0.9117646813392639
l_curve_4,664,0.24968986213207245,0.9117646813392639
l_curve_4,665,0.24915479123592377,0.9117646813392639
l_curve_4,666,0.2486540526151657,0.9117646813392639
l_curve_4,667,0.24855470657348633,0.9117646813392639
l_curve_4,668,0.24857139587402344,0.9117646813392639
l_curve_4,669,0.24858640134334564,0.9117646813392639
l_curve_4,670,0.24837344884872437,0.9117646813392639
l_curve_4,671,0.24823090434074402,0.9117646813392639
l_curve_4,672,0.24801254272460938,0.9117646813392639
l_curve_4,673,0.24754412472248077,0.9117646813392639
l_curve_4,674,0.24710655212402344,0.9117646813392639
l_curve_4,675,0.24693766236305237,0.9117646813392639
l_curve_4,676,0.2468062788248062,0.9117646813392639
l_curve_4,677,0.24645134806632996,0.9117646813392639
l_curve_4,678,0.24611295759677887,0.9117646813392639
l_curve_4,679,0.24568019807338715,0.9117646813392639
l_curve_4,680,0.24556148052215576,0.9117646813392639
l_curve_4,681,0.24526150524616241,0.9117646813392639
l_curve_4,682,0.24507884681224823,0.9117646813392639
l_curve_4,683,0.2450019270181656,0.9117646813392639
l_curve_4,684,0.2449725866317749,0.9117646813392639
l_curve_4,685,0.24471069872379303,0.9117646813392639
l_curve_4,686,0.24435317516326904,0.9117646813392639
l_curve_4,687,0.24390192329883575,0.9117646813392639
l_curve_4,688,0.2435939460992813,0.9117646813392639
l_curve_4,689,0.24319712817668915,0.9117646813392639
l_curve_4,690,0.24256639182567596,0.9117646813392639
l_curve_4,691,0.24204523861408234,0.9117646813392639
l_curve_4,692,0.2419985830783844,0.9117646813392639
l_curve_4,693,0.24170707166194916,0.9117646813392639
l_curve_4,694,0.24172143638134003,0.9117646813392639
l_curve_4,695,0.24158614873886108,0.9117646813392639
l_curve_4,696,0.24116766452789307,0.9117646813392639
l_curve_4,697,0.24062468111515045,0.9117646813392639
l_curve_4,698,0.24007749557495117,0.9117646813392639
l_curve_4,699,0.23978480696678162,0.9117646813392639
l_curve_4,700,0.2395932823419571,0.9117646813392639
l_curve_4,701,0.23951998353004456,0.9117646813392639
l_curve_4,702,0.23933082818984985,0.9117646813392639
l_curve_4,703,0.23916269838809967,0.9117646813392639
l_curve_4,704,0.23924249410629272,0.9117646813392639
l_curve_4,705,0.23934945464134216,0.9117646813392639
l_curve_4,706,0.23923902213573456,0.9117646813392639
l_curve_4,707,0.23938290774822235,0.9117646813392639
l_curve_4,708,0.23974597454071045,0.9117646813392639
l_curve_4,709,0.23985464870929718,0.9117646813392639
l_curve_4,710,0.2395833283662796,0.9117646813392639
l_curve_4,711,0.23921264708042145,0.9117646813392639
l_curve_4,712,0.23891448974609375,0.9117646813392639
l_curve_4,713,0.23879115283489227,0.9117646813392639
l_curve_4,714,0.23864392936229706,0.9117646813392639
l_curve_4,715,0.2384520173072815,0.9117646813392639
l_curve_4,716,0.23828449845314026,0.9117646813392639
l_curve_4,717,0.23803450167179108,0.9117646813392639
l_curve_4,718,0.2380921095609665,0.9117646813392639
l_curve_4,719,0.2381371557712555,0.9117646813392639
l_curve_4,720,0.2380913496017456,0.9117646813392639
l_curve_4,721,0.23832817375659943,0.9117646813392639
l_curve_4,722,0.2386961579322815,0.9117646813392639
l_curve_4,723,0.23910872638225555,0.9117646813392639
l_curve_4,724,0.23912544548511505,0.9117646813392639
l_curve_4,725,0.23869197070598602,0.9117646813392639
l_curve_4,726,0.23822273313999176,0.9117646813392639
l_curve_4,727,0.23790454864501953,0.9117646813392639
l_curve_4,728,0.23790059983730316,0.9117646813392639
l_curve_4,729,0.23813511431217194,0.9117646813392639
l_curve_4,730,0.23808526992797852,0.9117646813392639
l_curve_4,731,0.23786601424217224,0.9117646813392639
l_curve_4,732,0.23763740062713623,0.9117646813392639
l_curve_4,733,0.2375926375389099,0.9117646813392639
l_curve_4,734,0.23753245174884796,0.9117646813392639
l_curve_4,735,0.23716513812541962,0.9117646813392639
l_curve_4,736,0.23648270964622498,0.9117646813392639
l_curve_4,737,0.23610897362232208,0.9117646813392639
l_curve_4,738,0.23559817671775818,0.9117646813392639
l_curve_4,739,0.23544687032699585,0.9117646813392639
l_curve_4,740,0.2352583408355713,0.9117646813392639
l_curve_4,741,0.23500928282737732,0.9117646813392639
l_curve_4,742,0.2350327968597412,0.9117646813392639
l_curve_4,743,0.23512472212314606,0.9117646813392639
l_curve_4,744,0.23519854247570038,0.9117646813392639
l_curve_4,745,0.23541414737701416,0.9117646813392639
l_curve_4,746,0.23536555469036102,0.9117646813392639
l_curve_4,747,0.2350660264492035,0.9117646813392639
l_curve_4,748,0.2348540723323822,0.9117646813392639
l_curve_4,749,0.23485280573368073,0.9117646813392639
l_curve_4,750,0.23486505448818207,0.9117646813392639
l_curve_4,751,0.23444634675979614,0.9117646813392639
l_curve_4,752,0.23399537801742554,0.9117646813392639
l_curve_4,753,0.23387479782104492,0.9117646813392639
l_curve_4,754,0.2335301786661148,0.9117646813392639
l_curve_4,755,0.2329898327589035,0.9117646813392639
l_curve_4,756,0.2323838323354721,0.9117646813392639
l_curve_4,757,0.23203976452350616,0.9117646813392639
l_curve_4,758,0.23160003125667572,0.9117646813392639
l_curve_4,759,0.23148751258850098,0.9117646813392639
l_curve_4,760,0.23138394951820374,0.9117646813392639
l_curve_4,761,0.23147347569465637,0.9117646813392639
l_curve_4,762,0.2314322143793106,0.9117646813392639
l_curve_4,763,0.23133237659931183,0.9117646813392639
l_curve_4,764,0.23127764463424683,0.9117646813392639
l_curve_4,765,0.23120826482772827,0.9117646813392639
l_curve_4,766,0.23089587688446045,0.9117646813392639
l_curve_4,767,0.23090088367462158,0.9117646813392639
l_curve_4,768,0.23079437017440796,0.9117646813392639
l_curve_4,769,0.23035061359405518,0.9117646813392639
l_curve_4,770,0.22989422082901,0.9117646813392639
l_curve_4,771,0.22950877249240875,0.9117646813392639
l_curve_4,772,0.22938743233680725,0.9117646813392639
l_curve_4,773,0.22974196076393127,0.9117646813392639
l_curve_4,774,0.22982732951641083,0.9117646813392639
l_curve_4,775,0.22961486876010895,0.9117646813392639
l_curve_4,776,0.22920143604278564,0.9117646813392639
l_curve_4,777,0.2288154661655426,0.9117646813392639
l_curve_4,778,0.2285017967224121,0.9117646813392639
l_curve_4,779,0.2282111942768097,0.9117646813392639
l_curve_4,780,0.2280941605567932,0.9117646813392639
l_curve_4,781,0.22808721661567688,0.9117646813392639
l_curve_4,782,0.22807054221630096,0.9117646813392639
l_curve_4,783,0.22817178070545197,0.9117646813392639
l_curve_4,784,0.22785933315753937,0.9117646813392639
l_curve_4,785,0.22746822237968445,0.9117646813392639
l_curve_4,786,0.22680668532848358,0.9117646813392639
l_curve_4,787,0.2264012098312378,0.9117646813392639
l_curve_4,788,0.22627472877502441,0.9117646813392639
l_curve_4,789,0.2266075611114502,0.9117646813392639
l_curve_4,790,0.2268592119216919,0.9117646813392639
l_curve_4,791,0.22669467329978943,0.9117646813392639
l_curve_4,792,0.22657418251037598,0.9117646813392639
l_curve_4,793,0.22637799382209778,0.9117646813392639
l_curve_4,794,0.22579337656497955,0.9117646813392639
l_curve_4,795,0.22536331415176392,0.9117646813392639
l_curve_4,796,0.22500763833522797,0.9117646813392639
l_curve_4,797,0.224847674369812,0.9117646813392639
l_curve_4,798,0.22471337020397186,0.9117646813392639
l_curve_4,799,0.2245502769947052,0.9117646813392639
l_curve_4,800,0.22433286905288696,0.9117646813392639
l_curve_4,801,0.22418393194675446,0.9117646813392639
l_curve_4,802,0.22407929599285126,0.9117646813392639
l_curve_4,803,0.22385060787200928,0.9117646813392639
l_curve_4,804,0.2237265259027481,0.9117646813392639
l_curve_4,805,0.22363674640655518,0.9117646813392639
l_curve_4,806,0.22314301133155823,0.9117646813392639
l_curve_4,807,0.22281278669834137,0.9117646813392639
l_curve_4,808,0.22261598706245422,0.9117646813392639
l_curve_4,809,0.22271525859832764,0.9117646813392639
l_curve_4,810,0.22279280424118042,0.9117646813392639
l_curve_4,811,0.2226523458957672,0.9117646813392639
l_curve_4,812,0.22300486266613007,0.9117646813392639
l_curve_4,813,0.22310541570186615,0.9117646813392639
l_curve_4,814,0.2231924682855606,0.9117646813392639
l_curve_4,815,0.22310172021389008,0.9117646813392639
l_curve_4,816,0.22295089066028595,0.9117646813392639
l_curve_4,817,0.2230738401412964,0.9117646813392639
l_curve_4,818,0.22305524349212646,0.9117646813392639
l_curve_4,819,0.22296668589115143,0.9117646813392639
l_curve_4,820,0.22286862134933472,0.9117646813392639
l_curve_4,821,0.2228650450706482,0.9117646813392639
l_curve_4,822,0.22258272767066956,0.9117646813392639
l_curve_4,823,0.22228538990020752,0.9117646813392639
l_curve_4,824,0.2219935953617096,0.9117646813392639
l_curve_4,825,0.2219192534685135,0.9117646813392639
l_curve_4,826,0.22195552289485931,0.9117646813392639
l_curve_4,827,0.22184504568576813,0.9117646813392639
l_curve_4,828,0.22175025939941406,0.9117646813392639
l_curve_4,829,0.22110849618911743,0.9117646813392639
l_curve_4,830,0.22019357979297638,0.9117646813392639
l_curve_4,831,0.21979495882987976,0.9117646813392639
l_curve_4,832,0.2192806899547577,0.9117646813392639
l_curve_4,833,0.2186247706413269,0.9117646813392639
l_curve_4,834,0.21841949224472046,0.9117646813392639
l_curve_4,835,0.21802327036857605,0.9117646813392639
l_curve_4,836,0.21770210564136505,0.9117646813392639
l_curve_4,837,0.21737709641456604,0.9117646813392639
l_curve_4,838,0.21739116311073303,0.9117646813392639
l_curve_4,839,0.21703170239925385,0.9117646813392639
l_curve_4,840,0.21667009592056274,0.9117646813392639
l_curve_4,841,0.21637317538261414,0.9117646813392639
l_curve_4,842,0.21592392027378082,0.9117646813392639
l_curve_4,843,0.21561993658542633,0.9117646813392639
l_curve_4,844,0.21554270386695862,0.9117646813392639
l_curve_4,845,0.21537825465202332,0.9117646813392639
l_curve_4,846,0.21530486643314362,0.9117646813392639
l_curve_4,847,0.21486328542232513,0.9117646813392639
l_curve_4,848,0.21437686681747437,0.9411764740943909
l_curve_4,849,0.21395163238048553,0.9411764740943909
l_curve_4,850,0.21369414031505585,0.9411764740943909
l_curve_4,851,0.21338683366775513,0.9411764740943909
l_curve_4,852,0.2132258117198944,0.9411764740943909
l_curve_4,853,0.21309293806552887,0.9411764740943909
l_curve_4,854,0.21291609108448029,0.9411764740943909
l_curve_4,855,0.2129128873348236,0.9411764740943909
l_curve_4,856,0.21263983845710754,0.9411764740943909
l_curve_4,857,0.21239511668682098,0.9411764740943909
l_curve_4,858,0.21205835044384003,0.9411764740943909
l_curve_4,859,0.21195438504219055,0.9411764740943909
l_curve_4,860,0.2117828130722046,0.9411764740943909
l_curve_4,861,0.21165889501571655,0.9411764740943909
l_curve_4,862,0.21163305640220642,0.9411764740943909
l_curve_4,863,0.21175840497016907,0.9411764740943909
l_curve_4,864,0.21141567826271057,0.9411764740943909
l_curve_4,865,0.21138496696949005,0.9411764740943909
l_curve_4,866,0.21118630468845367,0.9411764740943909
l_curve_4,867,0.2112060934305191,0.9411764740943909
l_curve_4,868,0.21110431849956512,0.9411764740943909
l_curve_4,869,0.2109343260526657,0.9411764740943909
l_curve_4,870,0.21087345480918884,0.9411764740943909
l_curve_4,871,0.21074475347995758,0.9411764740943909
l_curve_4,872,0.21086344122886658,0.9411764740943909
l_curve_4,873,0.21096965670585632,0.9411764740943909
l_curve_4,874,0.21085412800312042,0.9411764740943909
l_curve_4,875,0.21086251735687256,0.9411764740943909
l_curve_4,876,0.21086058020591736,0.9411764740943909
l_curve_4,877,0.21066048741340637,0.9411764740943909
l_curve_4,878,0.21030175685882568,0.9411764740943909
l_curve_4,879,0.20999842882156372,0.9411764740943909
l_curve_4,880,0.20994289219379425,0.9411764740943909
l_curve_4,881,0.20977264642715454,0.9411764740943909
l_curve_4,882,0.2095576673746109,0.9411764740943909
l_curve_4,883,0.20932549238204956,0.9411764740943909
l_curve_4,884,0.20906144380569458,0.9411764740943909
l_curve_4,885,0.20867536962032318,0.9411764740943909
l_curve_4,886,0.20783279836177826,0.9411764740943909
l_curve_4,887,0.20730286836624146,0.9411764740943909
l_curve_4,888,0.20712511241436005,0.9411764740943909
l_curve_4,889,0.2071363776922226,0.9411764740943909
l_curve_4,890,0.20706145465373993,0.9411764740943909
l_curve_4,891,0.20699453353881836,0.9411764740943909
l_curve_4,892,0.2068861722946167,0.9411764740943909
l_curve_4,893,0.20672883093357086,0.9411764740943909
l_curve_4,894,0.20657624304294586,0.9411764740943909
l_curve_4,895,0.2063261866569519,0.9411764740943909
l_curve_4,896,0.20609746873378754,0.9411764740943909
l_curve_4,897,0.20576946437358856,0.9411764740943909
l_curve_4,898,0.20522521436214447,0.9411764740943909
l_curve_4,899,0.20462438464164734,0.9411764740943909
l_curve_4,900,0.204176664352417,0.9411764740943909
l_curve_4,901,0.20395487546920776,0.9411764740943909
l_curve_4,902,0.20389798283576965,0.9411764740943909
l_curve_4,903,0.20417939126491547,0.9411764740943909
l_curve_4,904,0.2043202519416809,0.9411764740943909
l_curve_4,905,0.2040446549654007,0.9411764740943909
l_curve_4,906,0.20388074219226837,0.9411764740943909
l_curve_4,907,0.2038426399230957,0.9411764740943909
l_curve_4,908,0.20377233624458313,0.9411764740943909
l_curve_4,909,0.2035275101661682,0.9411764740943909
l_curve_4,910,0.20316992700099945,0.9411764740943909
l_curve_4,911,0.20298084616661072,0.9411764740943909
l_curve_4,912,0.2031540721654892,0.9411764740943909
l_curve_4,913,0.20340493321418762,0.9411764740943909
l_curve_4,914,0.20382893085479736,0.9411764740943909
l_curve_4,915,0.20372019708156586,0.9411764740943909
l_curve_4,916,0.20327118039131165,0.9411764740943909
l_curve_4,917,0.2027219533920288,0.9411764740943909
l_curve_4,918,0.2025202512741089,0.9411764740943909
l_curve_4,919,0.20261423289775848,0.9411764740943909
l_curve_4,920,0.2025408148765564,0.9411764740943909
l_curve_4,921,0.2021893858909607,0.9411764740943909
l_curve_4,922,0.2017204761505127,0.9411764740943909
l_curve_4,923,0.20111893117427826,0.9411764740943909
l_curve_4,924,0.20058421790599823,0.9411764740943909
l_curve_4,925,0.20017492771148682,0.9411764740943909
l_curve_4,926,0.19971641898155212,0.9411764740943909
l_curve_4,927,0.1994616985321045,0.9411764740943909
l_curve_4,928,0.19949446618556976,0.9411764740943909
l_curve_4,929,0.19913506507873535,0.9411764740943909
l_curve_4,930,0.19905152916908264,0.9411764740943909
l_curve_4,931,0.19877448678016663,0.9411764740943909
l_curve_4,932,0.19849634170532227,0.9411764740943909
l_curve_4,933,0.19817297160625458,0.9411764740943909
l_curve_4,934,0.19798123836517334,0.9411764740943909
l_curve_4,935,0.19773903489112854,0.9411764740943909
l_curve_4,936,0.19778227806091309,0.9411764740943909
l_curve_4,937,0.19748665392398834,0.9411764740943909
l_curve_4,938,0.19717682898044586,0.9411764740943909
l_curve_4,939,0.1968749761581421,0.9411764740943909
l_curve_4,940,0.19676411151885986,0.9411764740943909
l_curve_4,941,0.1965305656194687,0.9411764740943909
l_curve_4,942,0.1963070034980774,0.9411764740943909
l_curve_4,943,0.19594232738018036,0.9411764740943909
l_curve_4,944,0.19581377506256104,0.9411764740943909
l_curve_4,945,0.19554445147514343,0.9411764740943909
l_curve_4,946,0.19523391127586365,0.9411764740943909
l_curve_4,947,0.19489707052707672,0.9411764740943909
l_curve_4,948,0.19480039179325104,0.9411764740943909
l_curve_4,949,0.19462954998016357,0.9411764740943909
l_curve_4,950,0.19426608085632324,0.9411764740943909
l_curve_4,951,0.19371013343334198,0.9411764740943909
l_curve_4,952,0.19305996596813202,0.9411764740943909
l_curve_4,953,0.1923975944519043,0.9411764740943909
l_curve_4,954,0.19193518161773682,0.9411764740943909
l_curve_4,955,0.19160160422325134,0.9411764740943909
l_curve_4,956,0.19107964634895325,0.9411764740943909
l_curve_4,957,0.19068299233913422,0.9411764740943909
l_curve_4,958,0.1905156821012497,0.9411764740943909
l_curve_4,959,0.19040623307228088,0.9411764740943909
l_curve_4,960,0.19009745121002197,0.9411764740943909
l_curve_4,961,0.19005411863327026,0.9411764740943909
l_curve_4,962,0.18990585207939148,0.9411764740943909
l_curve_4,963,0.1898704320192337,0.9411764740943909
l_curve_4,964,0.18995320796966553,0.9411764740943909
l_curve_4,965,0.1898510754108429,0.9411764740943909
l_curve_4,966,0.189595565199852,0.9411764740943909
l_curve_4,967,0.18922248482704163,0.9411764740943909
l_curve_4,968,0.18869473040103912,0.9411764740943909
l_curve_4,969,0.18821772933006287,0.9411764740943909
l_curve_4,970,0.18781159818172455,0.9411764740943909
l_curve_4,971,0.18750199675559998,0.9411764740943909
l_curve_4,972,0.1872117519378662,0.9411764740943909
l_curve_4,973,0.1870078295469284,0.9411764740943909
l_curve_4,974,0.18691761791706085,0.9411764740943909
l_curve_4,975,0.1868058294057846,0.9411764740943909
l_curve_4,976,0.18688221275806427,0.9411764740943909
l_curve_4,977,0.186910942196846,0.9411764740943909
l_curve_4,978,0.1866917908191681,0.9411764740943909
l_curve_4,979,0.1864050328731537,0.9411764740943909
l_curve_4,980,0.18640315532684326,0.9411764740943909
l_curve_4,981,0.18664143979549408,0.9411764740943909
l_curve_4,982,0.18672683835029602,0.9411764740943909
l_curve_4,983,0.18664266169071198,0.9411764740943909
l_curve_4,984,0.18645869195461273,0.9411764740943909
l_curve_4,985,0.18635177612304688,0.9411764740943909
l_curve_4,986,0.18615710735321045,0.9411764740943909
l_curve_4,987,0.18570996820926666,0.9411764740943909
l_curve_4,988,0.18519261479377747,0.9411764740943909
l_curve_4,989,0.18480360507965088,0.9411764740943909
l_curve_4,990,0.18438422679901123,0.9411764740943909
l_curve_4,991,0.1838531196117401,0.9411764740943909
l_curve_4,992,0.1833760142326355,0.9411764740943909
l_curve_4,993,0.18304646015167236,0.9411764740943909
l_curve_4,994,0.1826850175857544,0.9411764740943909
l_curve_4,995,0.182355597615242,0.9411764740943909
l_curve_4,996,0.18184888362884521,0.9411764740943909
l_curve_4,997,0.18124425411224365,0.9411764740943909
l_curve_4,998,0.18078160285949707,0.9411764740943909
l_curve_4,999,0.18035435676574707,0.9411764740943909
l_curve_4,1000,0.17985165119171143,0.9411764740943909
l_curve_4,1000,0.17985165119171143,0.9411764740943909
