client,round,loss,accuracy
l_curve_0,1,1.1601704359054565,0.523809552192688
l_curve_0,2,1.1186902523040771,0.523809552192688
l_curve_0,3,1.079721212387085,0.523809552192688
l_curve_0,4,1.0428998470306396,0.523809552192688
l_curve_0,5,1.008565902709961,0.523809552192688
l_curve_0,6,0.976650059223175,0.523809552192688
l_curve_0,7,0.9473084211349487,0.523809552192688
l_curve_0,8,0.9202950596809387,0.523809552192688
l_curve_0,9,0.8956276178359985,0.523809552192688
l_curve_0,10,0.873073399066925,0.523809552192688
l_curve_0,11,0.8523325324058533,0.523809552192688
l_curve_0,12,0.833519458770752,0.523809552192688
l_curve_0,13,0.8164759874343872,0.523809552192688
l_curve_0,14,0.8010432124137878,0.523809552192688
l_curve_0,15,0.7871071696281433,0.523809552192688
l_curve_0,16,0.7745002508163452,0.523809552192688
l_curve_0,17,0.7631661295890808,0.523809552192688
l_curve_0,18,0.7529056668281555,0.523809552192688
l_curve_0,19,0.7437031865119934,0.4761904776096344
l_curve_0,20,0.7353948950767517,0.4761904776096344
l_curve_0,21,0.7278612852096558,0.4761904776096344
l_curve_0,22,0.7210199236869812,0.4285714328289032
l_curve_0,23,0.7147675156593323,0.4285714328289032
l_curve_0,24,0.7089632153511047,0.4285714328289032
l_curve_0,25,0.7035619616508484,0.4285714328289032
l_curve_0,26,0.6984923481941223,0.4285714328289032
l_curve_0,27,0.693693995475769,0.4285714328289032
l_curve_0,28,0.6891822218894958,0.4285714328289032
l_curve_0,29,0.6849375367164612,0.4285714328289032
l_curve_0,30,0.6808362603187561,0.4285714328289032
l_curve_0,31,0.676861584186554,0.4285714328289032
l_curve_0,32,0.6729903817176819,0.4285714328289032
l_curve_0,33,0.6691727042198181,0.4761904776096344
l_curve_0,34,0.6654137969017029,0.4761904776096344
l_curve_0,35,0.6616809964179993,0.4761904776096344
l_curve_0,36,0.6579505205154419,0.5714285969734192
l_curve_0,37,0.6541762351989746,0.5714285969734192
l_curve_0,38,0.6503722667694092,0.6190476417541504
l_curve_0,39,0.6464932560920715,0.7142857313156128
l_curve_0,40,0.6425356864929199,0.8095238208770752
l_curve_0,41,0.6384658813476562,0.8095238208770752
l_curve_0,42,0.6342781782150269,0.8095238208770752
l_curve_0,43,0.6299435496330261,0.8571428656578064
l_curve_0,44,0.6254523396492004,0.8571428656578064
l_curve_0,45,0.6207879185676575,0.8571428656578064
l_curve_0,46,0.6159241795539856,0.8571428656578064
l_curve_0,47,0.6108477115631104,0.8571428656578064
l_curve_0,48,0.6055315732955933,0.8571428656578064
l_curve_0,49,0.5999930500984192,0.9047619104385376
l_curve_0,50,0.5942094922065735,0.9047619104385376
l_curve_0,51,0.5881444811820984,0.9523809552192688
l_curve_0,52,0.5817359685897827,0.9523809552192688
l_curve_0,53,0.5749737024307251,0.9523809552192688
l_curve_0,54,0.5678494572639465,0.9523809552192688
l_curve_0,55,0.5604289770126343,0.9523809552192688
l_curve_0,56,0.5526877641677856,0.9523809552192688
l_curve_0,57,0.5445693731307983,0.9523809552192688
l_curve_0,58,0.53617924451828,0.9523809552192688
l_curve_0,59,0.5275132060050964,0.9523809552192688
l_curve_0,60,0.5186465382575989,0.9523809552192688
l_curve_0,61,0.509574830532074,0.9047619104385376
l_curve_0,62,0.500489354133606,0.9047619104385376
l_curve_0,63,0.4913269579410553,0.9047619104385376
l_curve_0,64,0.4821704626083374,0.9047619104385376
l_curve_0,65,0.4731239080429077,0.9047619104385376
l_curve_0,66,0.46425336599349976,0.9047619104385376
l_curve_0,67,0.4556083679199219,0.8571428656578064
l_curve_0,68,0.44723019003868103,0.8571428656578064
l_curve_0,69,0.43918949365615845,0.8571428656578064
l_curve_0,70,0.4314076006412506,0.8571428656578064
l_curve_0,71,0.4239228069782257,0.8571428656578064
l_curve_0,72,0.4167899191379547,0.8571428656578064
l_curve_0,73,0.40996310114860535,0.8571428656578064
l_curve_0,74,0.4034796357154846,0.8571428656578064
l_curve_0,75,0.39737802743911743,0.8571428656578064
l_curve_0,76,0.39159029722213745,0.8571428656578064
l_curve_0,77,0.3861103951931,0.8571428656578064
l_curve_0,78,0.38086751103401184,0.8571428656578064
l_curve_0,79,0.37581485509872437,0.8571428656578064
l_curve_0,80,0.3710055947303772,0.8571428656578064
l_curve_0,81,0.36648935079574585,0.8571428656578064
l_curve_0,82,0.362207293510437,0.8571428656578064
l_curve_0,83,0.358140230178833,0.8571428656578064
l_curve_0,84,0.35432925820350647,0.8571428656578064
l_curve_0,85,0.35068783164024353,0.8571428656578064
l_curve_0,86,0.3472421169281006,0.8571428656578064
l_curve_0,87,0.3439747989177704,0.8571428656578064
l_curve_0,88,0.34081634879112244,0.8571428656578064
l_curve_0,89,0.3377768397331238,0.8571428656578064
l_curve_0,90,0.33491379022598267,0.8571428656578064
l_curve_0,91,0.3321722447872162,0.8571428656578064
l_curve_0,92,0.329450398683548,0.8571428656578064
l_curve_0,93,0.3269234299659729,0.8571428656578064
l_curve_0,94,0.32451921701431274,0.8571428656578064
l_curve_0,95,0.32220473885536194,0.8571428656578064
l_curve_0,96,0.3199860751628876,0.8571428656578064
l_curve_0,97,0.31782540678977966,0.8571428656578064
l_curve_0,98,0.31570982933044434,0.8571428656578064
l_curve_0,99,0.3137282729148865,0.8571428656578064
l_curve_0,100,0.3118360638618469,0.8571428656578064
l_curve_0,101,0.3100569248199463,0.8571428656578064
l_curve_0,102,0.30834275484085083,0.8571428656578064
l_curve_0,103,0.3065854012966156,0.8571428656578064
l_curve_0,104,0.3049136996269226,0.8571428656578064
l_curve_0,105,0.3032837510108948,0.8571428656578064
l_curve_0,106,0.30180689692497253,0.8571428656578064
l_curve_0,107,0.30036553740501404,0.8571428656578064
l_curve_0,108,0.29893261194229126,0.8571428656578064
l_curve_0,109,0.29753395915031433,0.8571428656578064
l_curve_0,110,0.29618507623672485,0.8571428656578064
l_curve_0,111,0.2948860228061676,0.8571428656578064
l_curve_0,112,0.29349327087402344,0.8571428656578064
l_curve_0,113,0.29223519563674927,0.8571428656578064
l_curve_0,114,0.2910396158695221,0.8571428656578064
l_curve_0,115,0.2898898720741272,0.8571428656578064
l_curve_0,116,0.28877225518226624,0.8571428656578064
l_curve_0,117,0.2876836061477661,0.8571428656578064
l_curve_0,118,0.28659677505493164,0.8571428656578064
l_curve_0,119,0.2854331433773041,0.8571428656578064
l_curve_0,120,0.28440040349960327,0.8571428656578064
l_curve_0,121,0.28349584341049194,0.8571428656578064
l_curve_0,122,0.28257256746292114,0.8571428656578064
l_curve_0,123,0.28166401386260986,0.8571428656578064
l_curve_0,124,0.2807759642601013,0.8571428656578064
l_curve_0,125,0.27982667088508606,0.8571428656578064
l_curve_0,126,0.27901050448417664,0.8571428656578064
l_curve_0,127,0.27819448709487915,0.8571428656578064
l_curve_0,128,0.27732786536216736,0.8571428656578064
l_curve_0,129,0.2767603099346161,0.8571428656578064
l_curve_0,130,0.27599596977233887,0.8571428656578064
l_curve_0,131,0.2752241790294647,0.8571428656578064
l_curve_0,132,0.2743109166622162,0.8571428656578064
l_curve_0,133,0.2736666202545166,0.8571428656578064
l_curve_0,134,0.2730262279510498,0.8571428656578064
l_curve_0,135,0.27237311005592346,0.8571428656578064
l_curve_0,136,0.2716847360134125,0.8571428656578064
l_curve_0,137,0.2711440920829773,0.8571428656578064
l_curve_0,138,0.2705317735671997,0.8571428656578064
l_curve_0,139,0.26993024349212646,0.8571428656578064
l_curve_0,140,0.269363135099411,0.8571428656578064
l_curve_0,141,0.26884523034095764,0.8571428656578064
l_curve_0,142,0.26820752024650574,0.8571428656578064
l_curve_0,143,0.2676551342010498,0.8571428656578064
l_curve_0,144,0.2669343054294586,0.8571428656578064
l_curve_0,145,0.26625382900238037,0.8571428656578064
l_curve_0,146,0.2657693922519684,0.8571428656578064
l_curve_0,147,0.26503586769104004,0.8571428656578064
l_curve_0,148,0.26451992988586426,0.8571428656578064
l_curve_0,149,0.2641090750694275,0.8571428656578064
l_curve_0,150,0.2635524272918701,0.8571428656578064
l_curve_0,151,0.26316675543785095,0.8571428656578064
l_curve_0,152,0.2627042233943939,0.8571428656578064
l_curve_0,153,0.2621372938156128,0.8571428656578064
l_curve_0,154,0.2616488039493561,0.8571428656578064
l_curve_0,155,0.2613263726234436,0.8571428656578064
l_curve_0,156,0.2609066069126129,0.8571428656578064
l_curve_0,157,0.26042237877845764,0.8571428656578064
l_curve_0,158,0.2599249482154846,0.8571428656578064
l_curve_0,159,0.25944754481315613,0.8571428656578064
l_curve_0,160,0.2591816484928131,0.8571428656578064
l_curve_0,161,0.258822500705719,0.8571428656578064
l_curve_0,162,0.2585427463054657,0.8571428656578064
l_curve_0,163,0.2582731544971466,0.8571428656578064
l_curve_0,164,0.25790223479270935,0.8571428656578064
l_curve_0,165,0.257477343082428,0.8571428656578064
l_curve_0,166,0.2571262717247009,0.8571428656578064
l_curve_0,167,0.2567417323589325,0.8571428656578064
l_curve_0,168,0.2565170228481293,0.8571428656578064
l_curve_0,169,0.2563147246837616,0.8571428656578064
l_curve_0,170,0.2558439373970032,0.8571428656578064
l_curve_0,171,0.2554638683795929,0.8571428656578064
l_curve_0,172,0.255156546831131,0.8571428656578064
l_curve_0,173,0.25473570823669434,0.8571428656578064
l_curve_0,174,0.2543615400791168,0.8571428656578064
l_curve_0,175,0.25439268350601196,0.8571428656578064
l_curve_0,176,0.25416895747184753,0.8571428656578064
l_curve_0,177,0.2539280354976654,0.8571428656578064
l_curve_0,178,0.2536041736602783,0.8571428656578064
l_curve_0,179,0.25317689776420593,0.8571428656578064
l_curve_0,180,0.2529994547367096,0.8571428656578064
l_curve_0,181,0.2527956962585449,0.8571428656578064
l_curve_0,182,0.25256189703941345,0.8571428656578064
l_curve_0,183,0.25223901867866516,0.8571428656578064
l_curve_0,184,0.25184592604637146,0.8571428656578064
l_curve_0,185,0.25145772099494934,0.8571428656578064
l_curve_0,186,0.2511847913265228,0.8571428656578064
l_curve_0,187,0.25080180168151855,0.8571428656578064
l_curve_0,188,0.2504670321941376,0.8571428656578064
l_curve_0,189,0.25018152594566345,0.8571428656578064
l_curve_0,190,0.24993883073329926,0.8571428656578064
l_curve_0,191,0.24973627924919128,0.8571428656578064
l_curve_0,192,0.24937804043293,0.8571428656578064
l_curve_0,193,0.24919605255126953,0.8571428656578064
l_curve_0,194,0.24913299083709717,0.8571428656578064
l_curve_0,195,0.24882914125919342,0.8571428656578064
l_curve_0,196,0.24850957095623016,0.8571428656578064
l_curve_0,197,0.2485109120607376,0.8571428656578064
l_curve_0,198,0.248402938246727,0.8571428656578064
l_curve_0,199,0.24827952682971954,0.8571428656578064
l_curve_0,200,0.2478986531496048,0.8571428656578064
l_curve_0,201,0.24750970304012299,0.8571428656578064
l_curve_0,202,0.24723218381404877,0.8571428656578064
l_curve_0,203,0.24709555506706238,0.8571428656578064
l_curve_0,204,0.246978759765625,0.8571428656578064
l_curve_0,205,0.24676930904388428,0.8571428656578064
l_curve_0,206,0.24654795229434967,0.8571428656578064
l_curve_0,207,0.2463672012090683,0.8571428656578064
l_curve_0,208,0.24626164138317108,0.8571428656578064
l_curve_0,209,0.24613700807094574,0.8571428656578064
l_curve_0,210,0.24602438509464264,0.8571428656578064
l_curve_0,211,0.2457561194896698,0.8571428656578064
l_curve_0,212,0.24564053118228912,0.8571428656578064
l_curve_0,213,0.24543531239032745,0.8571428656578064
l_curve_0,214,0.24523326754570007,0.8571428656578064
l_curve_0,215,0.24516494572162628,0.8571428656578064
l_curve_0,216,0.2449212372303009,0.8571428656578064
l_curve_0,217,0.24474437534809113,0.8571428656578064
l_curve_0,218,0.2446364164352417,0.8571428656578064
l_curve_0,219,0.24454915523529053,0.8571428656578064
l_curve_0,220,0.244410902261734,0.8571428656578064
l_curve_0,221,0.24413836002349854,0.8571428656578064
l_curve_0,222,0.2439001351594925,0.8571428656578064
l_curve_0,223,0.24373063445091248,0.8571428656578064
l_curve_0,224,0.2438514530658722,0.8571428656578064
l_curve_0,225,0.24382464587688446,0.8571428656578064
l_curve_0,226,0.24366851150989532,0.8571428656578064
l_curve_0,227,0.24359530210494995,0.8571428656578064
l_curve_0,228,0.24355854094028473,0.8571428656578064
l_curve_0,229,0.24342802166938782,0.8571428656578064
l_curve_0,230,0.24301207065582275,0.8571428656578064
l_curve_0,231,0.2426987886428833,0.8571428656578064
l_curve_0,232,0.242483451962471,0.8571428656578064
l_curve_0,233,0.24238672852516174,0.8571428656578064
l_curve_0,234,0.24228084087371826,0.8571428656578064
l_curve_0,235,0.24200141429901123,0.8571428656578064
l_curve_0,236,0.24158500134944916,0.8571428656578064
l_curve_0,237,0.2414415031671524,0.8571428656578064
l_curve_0,238,0.24136647582054138,0.8571428656578064
l_curve_0,239,0.24140730500221252,0.8571428656578064
l_curve_0,240,0.24128687381744385,0.8571428656578064
l_curve_0,241,0.24109676480293274,0.8571428656578064
l_curve_0,242,0.24102137982845306,0.8571428656578064
l_curve_0,243,0.24060136079788208,0.8571428656578064
l_curve_0,244,0.24035705626010895,0.8571428656578064
l_curve_0,245,0.24009250104427338,0.8571428656578064
l_curve_0,246,0.24007613956928253,0.8571428656578064
l_curve_0,247,0.23990313708782196,0.8571428656578064
l_curve_0,248,0.2398921698331833,0.8571428656578064
l_curve_0,249,0.23970091342926025,0.8571428656578064
l_curve_0,250,0.2394440770149231,0.8571428656578064
l_curve_0,251,0.23920229077339172,0.8571428656578064
l_curve_0,252,0.23915702104568481,0.8571428656578064
l_curve_0,253,0.23920947313308716,0.8571428656578064
l_curve_0,254,0.2391437143087387,0.8571428656578064
l_curve_0,255,0.2391015887260437,0.8571428656578064
l_curve_0,256,0.23909105360507965,0.8571428656578064
l_curve_0,257,0.2387797236442566,0.8571428656578064
l_curve_0,258,0.23853015899658203,0.8571428656578064
l_curve_0,259,0.2385941445827484,0.8571428656578064
l_curve_0,260,0.2385980486869812,0.8571428656578064
l_curve_0,261,0.23857156932353973,0.8571428656578064
l_curve_0,262,0.23845919966697693,0.8571428656578064
l_curve_0,263,0.23845863342285156,0.8571428656578064
l_curve_0,264,0.23830464482307434,0.8095238208770752
l_curve_0,265,0.23821765184402466,0.8095238208770752
l_curve_0,266,0.23834383487701416,0.8095238208770752
l_curve_0,267,0.23845472931861877,0.8095238208770752
l_curve_0,268,0.23844411969184875,0.8095238208770752
l_curve_0,269,0.23804673552513123,0.8095238208770752
l_curve_0,270,0.23770029842853546,0.8095238208770752
l_curve_0,271,0.23747198283672333,0.8095238208770752
l_curve_0,272,0.23737739026546478,0.8095238208770752
l_curve_0,273,0.23713164031505585,0.8095238208770752
l_curve_0,274,0.23707783222198486,0.8095238208770752
l_curve_0,275,0.2367721050977707,0.8095238208770752
l_curve_0,276,0.23660768568515778,0.8095238208770752
l_curve_0,277,0.23637616634368896,0.8095238208770752
l_curve_0,278,0.236027330160141,0.8095238208770752
l_curve_0,279,0.2359147071838379,0.8095238208770752
l_curve_0,280,0.2358013391494751,0.8095238208770752
l_curve_0,281,0.2357051521539688,0.8095238208770752
l_curve_0,282,0.235417440533638,0.8095238208770752
l_curve_0,283,0.23544341325759888,0.8095238208770752
l_curve_0,284,0.2353823035955429,0.8095238208770752
l_curve_0,285,0.23551484942436218,0.8095238208770752
l_curve_0,286,0.23538239300251007,0.8095238208770752
l_curve_0,287,0.2353118509054184,0.8095238208770752
l_curve_0,288,0.23515646159648895,0.8095238208770752
l_curve_0,289,0.2350751757621765,0.8095238208770752
l_curve_0,290,0.23490697145462036,0.8095238208770752
l_curve_0,291,0.23467865586280823,0.8095238208770752
l_curve_0,292,0.23449304699897766,0.8095238208770752
l_curve_0,293,0.23454320430755615,0.8095238208770752
l_curve_0,294,0.23438887298107147,0.8095238208770752
l_curve_0,295,0.23407836258411407,0.8095238208770752
l_curve_0,296,0.23381415009498596,0.8095238208770752
l_curve_0,297,0.23380282521247864,0.8095238208770752
l_curve_0,298,0.23379123210906982,0.8095238208770752
l_curve_0,299,0.23348024487495422,0.8095238208770752
l_curve_0,300,0.2335592657327652,0.8095238208770752
l_curve_0,301,0.2335146963596344,0.8095238208770752
l_curve_0,302,0.23312890529632568,0.8095238208770752
l_curve_0,303,0.2328854501247406,0.8095238208770752
l_curve_0,304,0.23280495405197144,0.8095238208770752
l_curve_0,305,0.23292143642902374,0.8095238208770752
l_curve_0,306,0.2330222874879837,0.8095238208770752
l_curve_0,307,0.23321625590324402,0.8095238208770752
l_curve_0,308,0.2331114113330841,0.8095238208770752
l_curve_0,309,0.23277972638607025,0.8095238208770752
l_curve_0,310,0.23237422108650208,0.8095238208770752
l_curve_0,311,0.23219987750053406,0.8095238208770752
l_curve_0,312,0.23188969492912292,0.8095238208770752
l_curve_0,313,0.23183152079582214,0.8095238208770752
l_curve_0,314,0.23159867525100708,0.8095238208770752
l_curve_0,315,0.23168762028217316,0.8095238208770752
l_curve_0,316,0.23150582611560822,0.8095238208770752
l_curve_0,317,0.23150981962680817,0.8095238208770752
l_curve_0,318,0.23151440918445587,0.8095238208770752
l_curve_0,319,0.2314002811908722,0.8095238208770752
l_curve_0,320,0.23143704235553741,0.8095238208770752
l_curve_0,321,0.23112712800502777,0.8095238208770752
l_curve_0,322,0.2310677021741867,0.8095238208770752
l_curve_0,323,0.2309541255235672,0.8095238208770752
l_curve_0,324,0.23102621734142303,0.8095238208770752
l_curve_0,325,0.23070982098579407,0.8095238208770752
l_curve_0,326,0.23061907291412354,0.8095238208770752
l_curve_0,327,0.23067419230937958,0.8095238208770752
l_curve_0,328,0.23049919307231903,0.8095238208770752
l_curve_0,329,0.23024263978004456,0.8095238208770752
l_curve_0,330,0.23000526428222656,0.8095238208770752
l_curve_0,331,0.2296815812587738,0.8095238208770752
l_curve_0,332,0.2296002060174942,0.8095238208770752
l_curve_0,333,0.2296455204486847,0.8095238208770752
l_curve_0,334,0.22951720654964447,0.8095238208770752
l_curve_0,335,0.2291836440563202,0.8095238208770752
l_curve_0,336,0.2288891226053238,0.8095238208770752
l_curve_0,337,0.22882163524627686,0.8095238208770752
l_curve_0,338,0.22854159772396088,0.8095238208770752
l_curve_0,339,0.22827373445034027,0.8095238208770752
l_curve_0,340,0.22823718190193176,0.8095238208770752
l_curve_0,341,0.22822979092597961,0.8095238208770752
l_curve_0,342,0.22804026305675507,0.8095238208770752
l_curve_0,343,0.2279781997203827,0.8095238208770752
l_curve_0,344,0.228000208735466,0.8095238208770752
l_curve_0,345,0.22820495069026947,0.8095238208770752
l_curve_0,346,0.22840888798236847,0.8095238208770752
l_curve_0,347,0.22847886383533478,0.8095238208770752
l_curve_0,348,0.2284311056137085,0.8095238208770752
l_curve_0,349,0.22845874726772308,0.8095238208770752
l_curve_0,350,0.22847530245780945,0.8095238208770752
l_curve_0,351,0.2284420132637024,0.8095238208770752
l_curve_0,352,0.2282843291759491,0.8095238208770752
l_curve_0,353,0.22812972962856293,0.8095238208770752
l_curve_0,354,0.2279687374830246,0.8095238208770752
l_curve_0,355,0.22786396741867065,0.8095238208770752
l_curve_0,356,0.2275945097208023,0.8095238208770752
l_curve_0,357,0.22756163775920868,0.8095238208770752
l_curve_0,358,0.2274075299501419,0.8095238208770752
l_curve_0,359,0.22734463214874268,0.8095238208770752
l_curve_0,360,0.22696153819561005,0.8095238208770752
l_curve_0,361,0.22683346271514893,0.8095238208770752
l_curve_0,362,0.226699560880661,0.8095238208770752
l_curve_0,363,0.22678722441196442,0.8095238208770752
l_curve_0,364,0.22662562131881714,0.8095238208770752
l_curve_0,365,0.22672709822654724,0.8095238208770752
l_curve_0,366,0.22669637203216553,0.8095238208770752
l_curve_0,367,0.22633877396583557,0.8095238208770752
l_curve_0,368,0.22634141147136688,0.8095238208770752
l_curve_0,369,0.226101353764534,0.8095238208770752
l_curve_0,370,0.22591370344161987,0.8095238208770752
l_curve_0,371,0.2259845733642578,0.8095238208770752
l_curve_0,372,0.22598835825920105,0.8095238208770752
l_curve_0,373,0.22593657672405243,0.8095238208770752
l_curve_0,374,0.22571611404418945,0.8095238208770752
l_curve_0,375,0.22536377608776093,0.8095238208770752
l_curve_0,376,0.22524745762348175,0.8095238208770752
l_curve_0,377,0.22533069550991058,0.8095238208770752
l_curve_0,378,0.22533637285232544,0.8095238208770752
l_curve_0,379,0.22536221146583557,0.8095238208770752
l_curve_0,380,0.22530457377433777,0.8095238208770752
l_curve_0,381,0.22518253326416016,0.8095238208770752
l_curve_0,382,0.22508041560649872,0.8095238208770752
l_curve_0,383,0.2249809205532074,0.8095238208770752
l_curve_0,384,0.22469477355480194,0.8095238208770752
l_curve_0,385,0.22429898381233215,0.8095238208770752
l_curve_0,386,0.2243262082338333,0.8095238208770752
l_curve_0,387,0.22443406283855438,0.8095238208770752
l_curve_0,388,0.22426722943782806,0.8095238208770752
l_curve_0,389,0.22408096492290497,0.8095238208770752
l_curve_0,390,0.22400274872779846,0.8095238208770752
l_curve_0,391,0.22397176921367645,0.8095238208770752
l_curve_0,392,0.2238403707742691,0.8095238208770752
l_curve_0,393,0.22368872165679932,0.8095238208770752
l_curve_0,394,0.2237735539674759,0.8095238208770752
l_curve_0,395,0.22383253276348114,0.8095238208770752
l_curve_0,396,0.22383162379264832,0.8095238208770752
l_curve_0,397,0.22382000088691711,0.8095238208770752
l_curve_0,398,0.22398056089878082,0.8095238208770752
l_curve_0,399,0.2241806983947754,0.8095238208770752
l_curve_0,400,0.2241576910018921,0.8095238208770752
l_curve_0,401,0.22397847473621368,0.8095238208770752
l_curve_0,402,0.22392508387565613,0.8095238208770752
l_curve_0,403,0.22392581403255463,0.8095238208770752
l_curve_0,404,0.22394709289073944,0.8095238208770752
l_curve_0,405,0.22375352680683136,0.8095238208770752
l_curve_0,406,0.2238548994064331,0.8095238208770752
l_curve_0,407,0.22413451969623566,0.8095238208770752
l_curve_0,408,0.2241954803466797,0.8095238208770752
l_curve_0,409,0.22399157285690308,0.8095238208770752
l_curve_0,410,0.22368380427360535,0.8095238208770752
l_curve_0,411,0.2235565483570099,0.8095238208770752
l_curve_0,412,0.2233102172613144,0.8095238208770752
l_curve_0,413,0.22319836914539337,0.8095238208770752
l_curve_0,414,0.22299475967884064,0.8095238208770752
l_curve_0,415,0.222367063164711,0.8095238208770752
l_curve_0,416,0.22225430607795715,0.8095238208770752
l_curve_0,417,0.2221352756023407,0.8095238208770752
l_curve_0,418,0.22239884734153748,0.8095238208770752
l_curve_0,419,0.2224487066268921,0.8095238208770752
l_curve_0,420,0.22258813679218292,0.8095238208770752
l_curve_0,421,0.2224990725517273,0.8095238208770752
l_curve_0,422,0.22232484817504883,0.8095238208770752
l_curve_0,423,0.222362220287323,0.8095238208770752
l_curve_0,424,0.22233469784259796,0.8095238208770752
l_curve_0,425,0.22215384244918823,0.8095238208770752
l_curve_0,426,0.22224022448062897,0.8095238208770752
l_curve_0,427,0.22234530746936798,0.8095238208770752
l_curve_0,428,0.2222953736782074,0.8095238208770752
l_curve_0,429,0.22236815094947815,0.8095238208770752
l_curve_0,430,0.22248856723308563,0.8095238208770752
l_curve_0,431,0.222429096698761,0.8095238208770752
l_curve_0,432,0.22239328920841217,0.8095238208770752
l_curve_0,433,0.2223874032497406,0.8095238208770752
l_curve_0,434,0.22257797420024872,0.8095238208770752
l_curve_0,435,0.22246725857257843,0.8095238208770752
l_curve_0,436,0.22259756922721863,0.8095238208770752
l_curve_0,437,0.2225298434495926,0.8095238208770752
l_curve_0,438,0.22265322506427765,0.8095238208770752
l_curve_0,439,0.22277596592903137,0.8095238208770752
l_curve_0,440,0.22241567075252533,0.8095238208770752
l_curve_0,441,0.22214768826961517,0.8571428656578064
l_curve_0,442,0.2220696061849594,0.8571428656578064
l_curve_0,443,0.22188177704811096,0.8571428656578064
l_curve_0,444,0.2219136357307434,0.8571428656578064
l_curve_0,445,0.22190584242343903,0.8571428656578064
l_curve_0,446,0.22194239497184753,0.8571428656578064
l_curve_0,447,0.2218691110610962,0.8571428656578064
l_curve_0,448,0.22160005569458008,0.8571428656578064
l_curve_0,449,0.22158826887607574,0.8571428656578064
l_curve_0,450,0.221797376871109,0.8571428656578064
l_curve_0,451,0.2219969928264618,0.8571428656578064
l_curve_0,452,0.22183670103549957,0.8571428656578064
l_curve_0,453,0.22204044461250305,0.8571428656578064
l_curve_0,454,0.22240552306175232,0.8571428656578064
l_curve_0,455,0.22279101610183716,0.8571428656578064
l_curve_0,456,0.2225685566663742,0.8571428656578064
l_curve_0,457,0.22219757735729218,0.8571428656578064
l_curve_0,458,0.2220035344362259,0.8571428656578064
l_curve_0,459,0.22179971635341644,0.8571428656578064
l_curve_0,460,0.22161857783794403,0.8571428656578064
l_curve_0,461,0.22169417142868042,0.8571428656578064
l_curve_0,462,0.22172801196575165,0.8571428656578064
l_curve_0,463,0.2216435670852661,0.8571428656578064
l_curve_0,464,0.2214776873588562,0.8571428656578064
l_curve_0,465,0.22144849598407745,0.8571428656578064
l_curve_0,466,0.2211679220199585,0.8571428656578064
l_curve_0,467,0.22083346545696259,0.8571428656578064
l_curve_0,468,0.22063739597797394,0.8571428656578064
l_curve_0,469,0.22042326629161835,0.8571428656578064
l_curve_0,470,0.22032083570957184,0.8571428656578064
l_curve_0,471,0.22059866786003113,0.8571428656578064
l_curve_0,472,0.22080166637897491,0.8571428656578064
l_curve_0,473,0.2210220992565155,0.8571428656578064
l_curve_0,474,0.22096695005893707,0.8571428656578064
l_curve_0,475,0.2207883894443512,0.8571428656578064
l_curve_0,476,0.22042648494243622,0.8571428656578064
l_curve_0,477,0.2205493152141571,0.8571428656578064
l_curve_0,478,0.22034043073654175,0.8571428656578064
l_curve_0,479,0.2202969342470169,0.8571428656578064
l_curve_0,480,0.22028133273124695,0.8571428656578064
l_curve_0,481,0.21999628841876984,0.8571428656578064
l_curve_0,482,0.21975217759609222,0.8571428656578064
l_curve_0,483,0.21974043548107147,0.8571428656578064
l_curve_0,484,0.2198091447353363,0.8571428656578064
l_curve_0,485,0.21960709989070892,0.8571428656578064
l_curve_0,486,0.2194870114326477,0.8571428656578064
l_curve_0,487,0.21961286664009094,0.8571428656578064
l_curve_0,488,0.2199016809463501,0.8571428656578064
l_curve_0,489,0.21990060806274414,0.8571428656578064
l_curve_0,490,0.21991175413131714,0.8571428656578064
l_curve_0,491,0.2198595255613327,0.8571428656578064
l_curve_0,492,0.2197006791830063,0.8571428656578064
l_curve_0,493,0.21990971267223358,0.8571428656578064
l_curve_0,494,0.2197866439819336,0.8571428656578064
l_curve_0,495,0.2199733555316925,0.8571428656578064
l_curve_0,496,0.2199677675962448,0.8571428656578064
l_curve_0,497,0.22005704045295715,0.8571428656578064
l_curve_0,498,0.21981768310070038,0.8571428656578064
l_curve_0,499,0.22000214457511902,0.8571428656578064
l_curve_0,500,0.22020618617534637,0.8571428656578064
l_curve_0,501,0.21990950405597687,0.8571428656578064
l_curve_0,502,0.21980012953281403,0.8571428656578064
l_curve_0,503,0.21977970004081726,0.8571428656578064
l_curve_0,504,0.21985889971256256,0.8571428656578064
l_curve_0,505,0.21965858340263367,0.8571428656578064
l_curve_0,506,0.21934761106967926,0.8571428656578064
l_curve_0,507,0.21907135844230652,0.8571428656578064
l_curve_0,508,0.21885935962200165,0.8571428656578064
l_curve_0,509,0.21865342557430267,0.8571428656578064
l_curve_0,510,0.21851661801338196,0.8571428656578064
l_curve_0,511,0.2185574471950531,0.8571428656578064
l_curve_0,512,0.21878984570503235,0.8571428656578064
l_curve_0,513,0.2189224809408188,0.8571428656578064
l_curve_0,514,0.21903203427791595,0.8571428656578064
l_curve_0,515,0.219135120511055,0.8571428656578064
l_curve_0,516,0.21907922625541687,0.8571428656578064
l_curve_0,517,0.21906203031539917,0.8571428656578064
l_curve_0,518,0.21917316317558289,0.8571428656578064
l_curve_0,519,0.21923616528511047,0.8571428656578064
l_curve_0,520,0.2190961390733719,0.8571428656578064
l_curve_0,521,0.21891215443611145,0.8571428656578064
l_curve_0,522,0.21865054965019226,0.8571428656578064
l_curve_0,523,0.21876756846904755,0.8571428656578064
l_curve_0,524,0.21842236816883087,0.8571428656578064
l_curve_0,525,0.21820107102394104,0.8571428656578064
l_curve_0,526,0.21829478442668915,0.8571428656578064
l_curve_0,527,0.21829049289226532,0.8571428656578064
l_curve_0,528,0.21831287443637848,0.8571428656578064
l_curve_0,529,0.21839812397956848,0.8571428656578064
l_curve_0,530,0.21841204166412354,0.8571428656578064
l_curve_0,531,0.2186116725206375,0.8571428656578064
l_curve_0,532,0.218685582280159,0.8571428656578064
l_curve_0,533,0.21869325637817383,0.8571428656578064
l_curve_0,534,0.21853424608707428,0.8571428656578064
l_curve_0,535,0.2184293568134308,0.8571428656578064
l_curve_0,536,0.2182852178812027,0.8571428656578064
l_curve_0,537,0.2181987464427948,0.8571428656578064
l_curve_0,538,0.21815145015716553,0.8571428656578064
l_curve_0,539,0.2182466834783554,0.8571428656578064
l_curve_0,540,0.21809308230876923,0.8571428656578064
l_curve_0,541,0.21811124682426453,0.8571428656578064
l_curve_0,542,0.2178712785243988,0.8571428656578064
l_curve_0,543,0.2177756130695343,0.8571428656578064
l_curve_0,544,0.21778886020183563,0.8571428656578064
l_curve_0,545,0.21789148449897766,0.8571428656578064
l_curve_0,546,0.21783234179019928,0.8571428656578064
l_curve_0,547,0.2178376317024231,0.8571428656578064
l_curve_0,548,0.21793274581432343,0.8571428656578064
l_curve_0,549,0.21797248721122742,0.8571428656578064
l_curve_0,550,0.21808555722236633,0.8571428656578064
l_curve_0,551,0.21813786029815674,0.8571428656578064
l_curve_0,552,0.21785475313663483,0.8571428656578064
l_curve_0,553,0.2172842025756836,0.8571428656578064
l_curve_0,554,0.21690893173217773,0.8571428656578064
l_curve_0,555,0.21660687029361725,0.8571428656578064
l_curve_0,556,0.2164645493030548,0.8571428656578064
l_curve_0,557,0.21616260707378387,0.8571428656578064
l_curve_0,558,0.21631738543510437,0.8571428656578064
l_curve_0,559,0.21633680164813995,0.8571428656578064
l_curve_0,560,0.2162458747625351,0.8571428656578064
l_curve_0,561,0.21626156568527222,0.8571428656578064
l_curve_0,562,0.2161521166563034,0.8571428656578064
l_curve_0,563,0.21599188446998596,0.8571428656578064
l_curve_0,564,0.21608193218708038,0.8571428656578064
l_curve_0,565,0.2159261405467987,0.8571428656578064
l_curve_0,566,0.21556641161441803,0.8571428656578064
l_curve_0,567,0.21580660343170166,0.8571428656578064
l_curve_0,568,0.216122105717659,0.8571428656578064
l_curve_0,569,0.21625028550624847,0.8571428656578064
l_curve_0,570,0.21655945479869843,0.8571428656578064
l_curve_0,571,0.21668030321598053,0.8571428656578064
l_curve_0,572,0.2168080061674118,0.8571428656578064
l_curve_0,573,0.21650578081607819,0.8571428656578064
l_curve_0,574,0.21626406908035278,0.8571428656578064
l_curve_0,575,0.21612218022346497,0.8571428656578064
l_curve_0,576,0.21570634841918945,0.8571428656578064
l_curve_0,577,0.21564263105392456,0.8571428656578064
l_curve_0,578,0.21528145670890808,0.8571428656578064
l_curve_0,579,0.21506370604038239,0.8571428656578064
l_curve_0,580,0.21487413346767426,0.8571428656578064
l_curve_0,581,0.21469862759113312,0.8571428656578064
l_curve_0,582,0.21482613682746887,0.8571428656578064
l_curve_0,583,0.21461273729801178,0.8571428656578064
l_curve_0,584,0.21442829072475433,0.8571428656578064
l_curve_0,585,0.21415016055107117,0.8571428656578064
l_curve_0,586,0.21428358554840088,0.8571428656578064
l_curve_0,587,0.2142314463853836,0.8571428656578064
l_curve_0,588,0.21434055268764496,0.8571428656578064
l_curve_0,589,0.21411144733428955,0.8571428656578064
l_curve_0,590,0.2138381451368332,0.8571428656578064
l_curve_0,591,0.21373185515403748,0.8571428656578064
l_curve_0,592,0.21381573379039764,0.8571428656578064
l_curve_0,593,0.21367143094539642,0.8571428656578064
l_curve_0,594,0.21373063325881958,0.8571428656578064
l_curve_0,595,0.21391907334327698,0.8571428656578064
l_curve_0,596,0.21390359103679657,0.8571428656578064
l_curve_0,597,0.21357908844947815,0.8571428656578064
l_curve_0,598,0.21345268189907074,0.8571428656578064
l_curve_0,599,0.21344634890556335,0.8571428656578064
l_curve_0,600,0.21347005665302277,0.8571428656578064
l_curve_0,601,0.21361152827739716,0.8571428656578064
l_curve_0,602,0.21331049501895905,0.8571428656578064
l_curve_0,603,0.21321682631969452,0.8571428656578064
l_curve_0,604,0.2134983241558075,0.8571428656578064
l_curve_0,605,0.2132866531610489,0.8571428656578064
l_curve_0,606,0.21308846771717072,0.8571428656578064
l_curve_0,607,0.21269814670085907,0.8571428656578064
l_curve_0,608,0.21242940425872803,0.8571428656578064
l_curve_0,609,0.21246853470802307,0.8571428656578064
l_curve_0,610,0.2125101536512375,0.8571428656578064
l_curve_0,611,0.2122948318719864,0.8571428656578064
l_curve_0,612,0.21214807033538818,0.8571428656578064
l_curve_0,613,0.2121199667453766,0.8571428656578064
l_curve_0,614,0.2122945338487625,0.8571428656578064
l_curve_0,615,0.21240819990634918,0.8571428656578064
l_curve_0,616,0.21221035718917847,0.8571428656578064
l_curve_0,617,0.21198324859142303,0.8571428656578064
l_curve_0,618,0.21188615262508392,0.8571428656578064
l_curve_0,619,0.21196335554122925,0.8571428656578064
l_curve_0,620,0.21195359528064728,0.8571428656578064
l_curve_0,621,0.2118733525276184,0.8571428656578064
l_curve_0,622,0.21163061261177063,0.8571428656578064
l_curve_0,623,0.21149374544620514,0.8571428656578064
l_curve_0,624,0.2113134264945984,0.8571428656578064
l_curve_0,625,0.21150615811347961,0.8571428656578064
l_curve_0,626,0.2115352749824524,0.8571428656578064
l_curve_0,627,0.21136696636676788,0.8571428656578064
l_curve_0,628,0.21115736663341522,0.8571428656578064
l_curve_0,629,0.21088989078998566,0.8571428656578064
l_curve_0,630,0.21043960750102997,0.8571428656578064
l_curve_0,631,0.21016108989715576,0.8571428656578064
l_curve_0,632,0.20994311571121216,0.8571428656578064
l_curve_0,633,0.21015994250774384,0.8571428656578064
l_curve_0,634,0.2102426290512085,0.8571428656578064
l_curve_0,635,0.21033599972724915,0.8571428656578064
l_curve_0,636,0.21033191680908203,0.8571428656578064
l_curve_0,637,0.21022064983844757,0.8571428656578064
l_curve_0,638,0.20987637341022491,0.8571428656578064
l_curve_0,639,0.2092757225036621,0.8571428656578064
l_curve_0,640,0.20918038487434387,0.8571428656578064
l_curve_0,641,0.20921452343463898,0.8571428656578064
l_curve_0,642,0.20913705229759216,0.8571428656578064
l_curve_0,643,0.20914407074451447,0.8571428656578064
l_curve_0,644,0.20909731090068817,0.8571428656578064
l_curve_0,645,0.2090224027633667,0.8571428656578064
l_curve_0,646,0.20895758271217346,0.8571428656578064
l_curve_0,647,0.20874495804309845,0.8571428656578064
l_curve_0,648,0.2082323133945465,0.8571428656578064
l_curve_0,649,0.20811721682548523,0.8571428656578064
l_curve_0,650,0.20809738337993622,0.8571428656578064
l_curve_0,651,0.2076345682144165,0.8571428656578064
l_curve_0,652,0.20733201503753662,0.8571428656578064
l_curve_0,653,0.20719435811042786,0.8571428656578064
l_curve_0,654,0.20724591612815857,0.8571428656578064
l_curve_0,655,0.2073662430047989,0.8571428656578064
l_curve_0,656,0.20719406008720398,0.8571428656578064
l_curve_0,657,0.20693066716194153,0.8571428656578064
l_curve_0,658,0.2065666764974594,0.8571428656578064
l_curve_0,659,0.20622260868549347,0.8571428656578064
l_curve_0,660,0.205959752202034,0.8571428656578064
l_curve_0,661,0.20582139492034912,0.8571428656578064
l_curve_0,662,0.20578277111053467,0.8571428656578064
l_curve_0,663,0.2052023708820343,0.8571428656578064
l_curve_0,664,0.20496611297130585,0.8571428656578064
l_curve_0,665,0.20460198819637299,0.8571428656578064
l_curve_0,666,0.2043488323688507,0.8571428656578064
l_curve_0,667,0.20438826084136963,0.8571428656578064
l_curve_0,668,0.2044348269701004,0.8571428656578064
l_curve_0,669,0.20432575047016144,0.8571428656578064
l_curve_0,670,0.2044261246919632,0.8571428656578064
l_curve_0,671,0.20416271686553955,0.8571428656578064
l_curve_0,672,0.20375636219978333,0.8571428656578064
l_curve_0,673,0.20344959199428558,0.8571428656578064
l_curve_0,674,0.2033247947692871,0.8571428656578064
l_curve_0,675,0.203445702791214,0.8571428656578064
l_curve_0,676,0.2035505175590515,0.8571428656578064
l_curve_0,677,0.20358024537563324,0.8571428656578064
l_curve_0,678,0.2035086303949356,0.8571428656578064
l_curve_0,679,0.2033795863389969,0.8571428656578064
l_curve_0,680,0.20289520919322968,0.8571428656578064
l_curve_0,681,0.20233787596225739,0.8571428656578064
l_curve_0,682,0.20205484330654144,0.8571428656578064
l_curve_0,683,0.20194993913173676,0.8571428656578064
l_curve_0,684,0.20173917710781097,0.8571428656578064
l_curve_0,685,0.2012469470500946,0.8571428656578064
l_curve_0,686,0.20090900361537933,0.8571428656578064
l_curve_0,687,0.20074103772640228,0.8571428656578064
l_curve_0,688,0.2003886103630066,0.8571428656578064
l_curve_0,689,0.20023570954799652,0.8571428656578064
l_curve_0,690,0.20012687146663666,0.8571428656578064
l_curve_0,691,0.19986598193645477,0.8571428656578064
l_curve_0,692,0.19957560300827026,0.8571428656578064
l_curve_0,693,0.19961604475975037,0.8571428656578064
l_curve_0,694,0.19933809340000153,0.8571428656578064
l_curve_0,695,0.1990881711244583,0.8571428656578064
l_curve_0,696,0.19864238798618317,0.8571428656578064
l_curve_0,697,0.19842152297496796,0.8571428656578064
l_curve_0,698,0.19841228425502777,0.8571428656578064
l_curve_0,699,0.19846782088279724,0.8571428656578064
l_curve_0,700,0.19799596071243286,0.8571428656578064
l_curve_0,701,0.19769641757011414,0.8571428656578064
l_curve_0,702,0.1972205489873886,0.8571428656578064
l_curve_0,703,0.19698044657707214,0.8571428656578064
l_curve_0,704,0.1966622918844223,0.8571428656578064
l_curve_0,705,0.19621562957763672,0.9047619104385376
l_curve_0,706,0.19602636992931366,0.9047619104385376
l_curve_0,707,0.195735365152359,0.9047619104385376
l_curve_0,708,0.1958288848400116,0.9047619104385376
l_curve_0,709,0.19571642577648163,0.9047619104385376
l_curve_0,710,0.1954253911972046,0.9047619104385376
l_curve_0,711,0.19521917402744293,0.9047619104385376
l_curve_0,712,0.19509769976139069,0.9047619104385376
l_curve_0,713,0.19486244022846222,0.9047619104385376
l_curve_0,714,0.19438950717449188,0.9047619104385376
l_curve_0,715,0.1939106285572052,0.9047619104385376
l_curve_0,716,0.19382928311824799,0.9047619104385376
l_curve_0,717,0.19364126026630402,0.9047619104385376
l_curve_0,718,0.19314821064472198,0.9047619104385376
l_curve_0,719,0.19254575669765472,0.9047619104385376
l_curve_0,720,0.1920136660337448,0.9047619104385376
l_curve_0,721,0.1917850822210312,0.9047619104385376
l_curve_0,722,0.19135259091854095,0.9047619104385376
l_curve_0,723,0.19106285274028778,0.9047619104385376
l_curve_0,724,0.19080686569213867,0.9047619104385376
l_curve_0,725,0.19024594128131866,0.9047619104385376
l_curve_0,726,0.19015838205814362,0.9047619104385376
l_curve_0,727,0.1900383085012436,0.9047619104385376
l_curve_0,728,0.18984709680080414,0.9047619104385376
l_curve_0,729,0.18954472243785858,0.9047619104385376
l_curve_0,730,0.18932202458381653,0.9047619104385376
l_curve_0,731,0.18912240862846375,0.9047619104385376
l_curve_0,732,0.18875090777873993,0.9047619104385376
l_curve_0,733,0.18841800093650818,0.9047619104385376
l_curve_0,734,0.1882539987564087,0.9523809552192688
l_curve_0,735,0.18795891106128693,0.9523809552192688
l_curve_0,736,0.18749184906482697,0.9523809552192688
l_curve_0,737,0.1872316151857376,0.9523809552192688
l_curve_0,738,0.1870029717683792,0.9523809552192688
l_curve_0,739,0.18675091862678528,0.9523809552192688
l_curve_0,740,0.18626077473163605,0.9523809552192688
l_curve_0,741,0.18599875271320343,0.9523809552192688
l_curve_0,742,0.18564049899578094,0.9523809552192688
l_curve_0,743,0.18504269421100616,0.9523809552192688
l_curve_0,744,0.18476498126983643,0.9523809552192688
l_curve_0,745,0.18452326953411102,0.9523809552192688
l_curve_0,746,0.1841949224472046,0.9523809552192688
l_curve_0,747,0.18370093405246735,0.9523809552192688
l_curve_0,748,0.18330387771129608,0.9523809552192688
l_curve_0,749,0.18303059041500092,0.9523809552192688
l_curve_0,750,0.18259431421756744,0.9523809552192688
l_curve_0,751,0.18214598298072815,0.9523809552192688
l_curve_0,752,0.18203136324882507,0.9523809552192688
l_curve_0,753,0.18171937763690948,0.9523809552192688
l_curve_0,754,0.18140581250190735,0.9523809552192688
l_curve_0,755,0.18127098679542542,0.9523809552192688
l_curve_0,756,0.18094293773174286,0.9523809552192688
l_curve_0,757,0.1803509145975113,0.9523809552192688
l_curve_0,758,0.1801472008228302,0.9523809552192688
l_curve_0,759,0.17981301248073578,0.9523809552192688
l_curve_0,760,0.17970901727676392,0.9523809552192688
l_curve_0,761,0.1794087141752243,0.9523809552192688
l_curve_0,762,0.17897234857082367,0.9523809552192688
l_curve_0,763,0.17871275544166565,0.9523809552192688
l_curve_0,764,0.17855267226696014,0.9523809552192688
l_curve_0,765,0.17819668352603912,0.9523809552192688
l_curve_0,766,0.1778494268655777,0.9523809552192688
l_curve_0,767,0.1775660514831543,0.9523809552192688
l_curve_0,768,0.1771228313446045,0.9523809552192688
l_curve_0,769,0.17680999636650085,0.9523809552192688
l_curve_0,770,0.17627102136611938,0.9523809552192688
l_curve_0,771,0.1758754402399063,0.9523809552192688
l_curve_0,772,0.1752021610736847,0.9523809552192688
l_curve_0,773,0.17471857368946075,0.9523809552192688
l_curve_0,774,0.17445090413093567,0.9523809552192688
l_curve_0,775,0.1742311716079712,0.9523809552192688
l_curve_0,776,0.1741468608379364,0.9523809552192688
l_curve_0,777,0.17372342944145203,0.9523809552192688
l_curve_0,778,0.1734025478363037,0.9523809552192688
l_curve_0,779,0.1733633130788803,0.9523809552192688
l_curve_0,780,0.1732720285654068,0.9523809552192688
l_curve_0,781,0.17298530042171478,0.9523809552192688
l_curve_0,782,0.17252559959888458,0.9523809552192688
l_curve_0,783,0.17215339839458466,0.9523809552192688
l_curve_0,784,0.1718011349439621,0.9523809552192688
l_curve_0,785,0.1714773327112198,0.9523809552192688
l_curve_0,786,0.17098741233348846,0.9523809552192688
l_curve_0,787,0.17041918635368347,0.9523809552192688
l_curve_0,788,0.17009036242961884,0.9523809552192688
l_curve_0,789,0.16976888477802277,0.9523809552192688
l_curve_0,790,0.16972780227661133,0.9523809552192688
l_curve_0,791,0.16959041357040405,0.9523809552192688
l_curve_0,792,0.16929718852043152,0.9523809552192688
l_curve_0,793,0.16910207271575928,0.9523809552192688
l_curve_0,794,0.16881436109542847,0.9523809552192688
l_curve_0,795,0.16855858266353607,0.9523809552192688
l_curve_0,796,0.16816656291484833,0.9523809552192688
l_curve_0,797,0.16784226894378662,0.9523809552192688
l_curve_0,798,0.16766798496246338,0.9523809552192688
l_curve_0,799,0.1671532541513443,0.9523809552192688
l_curve_0,800,0.166772723197937,0.9523809552192688
l_curve_0,801,0.16615177690982819,0.9523809552192688
l_curve_0,802,0.1655258983373642,0.9523809552192688
l_curve_0,803,0.16534732282161713,0.9523809552192688
l_curve_0,804,0.1649981290102005,0.9523809552192688
l_curve_0,805,0.16459673643112183,0.9523809552192688
l_curve_0,806,0.16413041949272156,0.9523809552192688
l_curve_0,807,0.16358491778373718,0.9523809552192688
l_curve_0,808,0.16321516036987305,0.9523809552192688
l_curve_0,809,0.16268767416477203,0.9523809552192688
l_curve_0,810,0.16255921125411987,0.9523809552192688
l_curve_0,811,0.16224870085716248,0.9523809552192688
l_curve_0,812,0.1616724729537964,0.9523809552192688
l_curve_0,813,0.1613570898771286,0.9523809552192688
l_curve_0,814,0.16110467910766602,0.9523809552192688
l_curve_0,815,0.16090421378612518,0.9523809552192688
l_curve_0,816,0.1605263650417328,0.9523809552192688
l_curve_0,817,0.16020739078521729,0.9523809552192688
l_curve_0,818,0.15993984043598175,0.9523809552192688
l_curve_0,819,0.15959985554218292,0.9523809552192688
l_curve_0,820,0.15917852520942688,0.9523809552192688
l_curve_0,821,0.1586008369922638,0.9523809552192688
l_curve_0,822,0.1580808460712433,0.9523809552192688
l_curve_0,823,0.15798279643058777,0.9523809552192688
l_curve_0,824,0.1576787680387497,0.9523809552192688
l_curve_0,825,0.15744253993034363,0.9523809552192688
l_curve_0,826,0.15698878467082977,0.9523809552192688
l_curve_0,827,0.15660633146762848,0.9523809552192688
l_curve_0,828,0.1560194194316864,0.9523809552192688
l_curve_0,829,0.15589863061904907,0.9523809552192688
l_curve_0,830,0.15567266941070557,0.9523809552192688
l_curve_0,831,0.15526731312274933,0.9523809552192688
l_curve_0,832,0.15483210980892181,0.9523809552192688
l_curve_0,833,0.15442782640457153,0.9523809552192688
l_curve_0,834,0.15427812933921814,0.9523809552192688
l_curve_0,835,0.1540077179670334,0.9523809552192688
l_curve_0,836,0.15370163321495056,0.9523809552192688
l_curve_0,837,0.15338970720767975,0.9523809552192688
l_curve_0,838,0.1533108353614807,0.9523809552192688
l_curve_0,839,0.1527784913778305,0.9523809552192688
l_curve_0,840,0.15220339596271515,0.9523809552192688
l_curve_0,841,0.15193188190460205,0.9523809552192688
l_curve_0,842,0.15168987214565277,0.9523809552192688
l_curve_0,843,0.15103542804718018,0.9523809552192688
l_curve_0,844,0.15041470527648926,0.9523809552192688
l_curve_0,845,0.1500835418701172,0.9523809552192688
l_curve_0,846,0.14979563653469086,0.9523809552192688
l_curve_0,847,0.14931891858577728,0.9523809552192688
l_curve_0,848,0.14904220402240753,0.9523809552192688
l_curve_0,849,0.14880312979221344,0.9523809552192688
l_curve_0,850,0.1488274484872818,0.9523809552192688
l_curve_0,851,0.14847366511821747,0.9523809552192688
l_curve_0,852,0.14794614911079407,0.9523809552192688
l_curve_0,853,0.14723335206508636,0.9523809552192688
l_curve_0,854,0.14685194194316864,0.9523809552192688
l_curve_0,855,0.1464565396308899,0.9523809552192688
l_curve_0,856,0.14627890288829803,0.9523809552192688
l_curve_0,857,0.14613112807273865,0.9523809552192688
l_curve_0,858,0.14578409492969513,0.9523809552192688
l_curve_0,859,0.14552068710327148,0.9523809552192688
l_curve_0,860,0.14510056376457214,0.9523809552192688
l_curve_0,861,0.1444692611694336,0.9523809552192688
l_curve_0,862,0.14418447017669678,0.9523809552192688
l_curve_0,863,0.14394576847553253,0.9523809552192688
l_curve_0,864,0.14364078640937805,0.9523809552192688
l_curve_0,865,0.1433292180299759,0.9523809552192688
l_curve_0,866,0.14280979335308075,0.9523809552192688
l_curve_0,867,0.1423344910144806,0.9523809552192688
l_curve_0,868,0.14202196896076202,0.9523809552192688
l_curve_0,869,0.14161045849323273,0.9523809552192688
l_curve_0,870,0.14131176471710205,0.9523809552192688
l_curve_0,871,0.14095012843608856,0.9523809552192688
l_curve_0,872,0.14067858457565308,0.9523809552192688
l_curve_0,873,0.1401049643754959,0.9523809552192688
l_curve_0,874,0.13989995419979095,0.9523809552192688
l_curve_0,875,0.13956637680530548,0.9523809552192688
l_curve_0,876,0.13930144906044006,0.9523809552192688
l_curve_0,877,0.13920095562934875,0.9523809552192688
l_curve_0,878,0.13911905884742737,0.9523809552192688
l_curve_0,879,0.13870415091514587,0.9523809552192688
l_curve_0,880,0.1381821632385254,0.9523809552192688
l_curve_0,881,0.1376660168170929,0.9523809552192688
l_curve_0,882,0.13716058433055878,0.9523809552192688
l_curve_0,883,0.1367230862379074,0.9523809552192688
l_curve_0,884,0.13665524125099182,0.9523809552192688
l_curve_0,885,0.13669469952583313,0.9523809552192688
l_curve_0,886,0.1365870237350464,0.9523809552192688
l_curve_0,887,0.13612520694732666,0.9523809552192688
l_curve_0,888,0.13540399074554443,0.9523809552192688
l_curve_0,889,0.13501304388046265,0.9523809552192688
l_curve_0,890,0.13471056520938873,0.9523809552192688
l_curve_0,891,0.1343969851732254,0.9523809552192688
l_curve_0,892,0.13407042622566223,0.9523809552192688
l_curve_0,893,0.13388779759407043,0.9523809552192688
l_curve_0,894,0.13356369733810425,0.9523809552192688
l_curve_0,895,0.13319815695285797,0.9523809552192688
l_curve_0,896,0.13260586559772491,0.9523809552192688
l_curve_0,897,0.13234904408454895,0.9523809552192688
l_curve_0,898,0.13197948038578033,0.9523809552192688
l_curve_0,899,0.1317635029554367,0.9523809552192688
l_curve_0,900,0.13156017661094666,0.9523809552192688
l_curve_0,901,0.13140401244163513,0.9523809552192688
l_curve_0,902,0.13108305633068085,0.9523809552192688
l_curve_0,903,0.1306876391172409,0.9523809552192688
l_curve_0,904,0.13045549392700195,0.9523809552192688
l_curve_0,905,0.13009348511695862,0.9523809552192688
l_curve_0,906,0.12977349758148193,0.9523809552192688
l_curve_0,907,0.12970858812332153,0.9523809552192688
l_curve_0,908,0.12988020479679108,0.9523809552192688
l_curve_0,909,0.1298239827156067,0.9523809552192688
l_curve_0,910,0.12929537892341614,0.9523809552192688
l_curve_0,911,0.12877976894378662,0.9523809552192688
l_curve_0,912,0.12849944829940796,0.9523809552192688
l_curve_0,913,0.12783528864383698,0.9523809552192688
l_curve_0,914,0.12726569175720215,0.9523809552192688
l_curve_0,915,0.1270437240600586,0.9523809552192688
l_curve_0,916,0.12669333815574646,0.9523809552192688
l_curve_0,917,0.12629659473896027,0.9523809552192688
l_curve_0,918,0.1261112540960312,0.9523809552192688
l_curve_0,919,0.12561796605587006,0.9523809552192688
l_curve_0,920,0.12510596215724945,0.9523809552192688
l_curve_0,921,0.12499339133501053,0.9523809552192688
l_curve_0,922,0.12455219030380249,0.9523809552192688
l_curve_0,923,0.12450315058231354,0.9523809552192688
l_curve_0,924,0.1244330033659935,0.9523809552192688
l_curve_0,925,0.12430130690336227,0.9523809552192688
l_curve_0,926,0.12409709393978119,0.9523809552192688
l_curve_0,927,0.1238609179854393,0.9523809552192688
l_curve_0,928,0.1233416423201561,0.9523809552192688
l_curve_0,929,0.12298902869224548,0.9523809552192688
l_curve_0,930,0.12293975800275803,0.9523809552192688
l_curve_0,931,0.12244436889886856,0.9523809552192688
l_curve_0,932,0.12210456281900406,0.9523809552192688
l_curve_0,933,0.12188436836004257,0.9523809552192688
l_curve_0,934,0.12151750922203064,0.9523809552192688
l_curve_0,935,0.12111865729093552,0.9523809552192688
l_curve_0,936,0.12074790894985199,0.9523809552192688
l_curve_0,937,0.12036854028701782,0.9523809552192688
l_curve_0,938,0.12024541944265366,0.9523809552192688
l_curve_0,939,0.11992301046848297,0.9523809552192688
l_curve_0,940,0.11972068250179291,0.9523809552192688
l_curve_0,941,0.11931566894054413,0.9523809552192688
l_curve_0,942,0.11898921430110931,0.9523809552192688
l_curve_0,943,0.11870590597391129,0.9523809552192688
l_curve_0,944,0.11849037557840347,0.9523809552192688
l_curve_0,945,0.11829636991024017,0.9523809552192688
l_curve_0,946,0.11800597608089447,0.9523809552192688
l_curve_0,947,0.11776770651340485,0.9523809552192688
l_curve_0,948,0.11744984239339828,0.9523809552192688
l_curve_0,949,0.11716204881668091,0.9523809552192688
l_curve_0,950,0.11700188368558884,0.9523809552192688
l_curve_0,951,0.11673691123723984,0.9523809552192688
l_curve_0,952,0.11635453253984451,0.9523809552192688
l_curve_0,953,0.11611384153366089,0.9523809552192688
l_curve_0,954,0.11597932875156403,0.9523809552192688
l_curve_0,955,0.115803562104702,0.9523809552192688
l_curve_0,956,0.1155405193567276,0.9523809552192688
l_curve_0,957,0.11538299173116684,0.9523809552192688
l_curve_0,958,0.11498691141605377,0.9523809552192688
l_curve_0,959,0.11460834741592407,0.9523809552192688
l_curve_0,960,0.11435063928365707,0.9523809552192688
l_curve_0,961,0.11415223777294159,0.9523809552192688
l_curve_0,962,0.11396382004022598,0.9523809552192688
l_curve_0,963,0.11381171643733978,0.9523809552192688
l_curve_0,964,0.11353234201669693,0.9523809552192688
l_curve_0,965,0.11313648521900177,0.9523809552192688
l_curve_0,966,0.11291959136724472,0.9523809552192688
l_curve_0,967,0.11259707808494568,0.9523809552192688
l_curve_0,968,0.11260730773210526,0.9523809552192688
l_curve_0,969,0.11244670301675797,0.9523809552192688
l_curve_0,970,0.11216545104980469,0.9523809552192688
l_curve_0,971,0.1119128167629242,0.9523809552192688
l_curve_0,972,0.11201247572898865,0.9523809552192688
l_curve_0,973,0.11170204728841782,0.9523809552192688
l_curve_0,974,0.11127612739801407,0.9523809552192688
l_curve_0,975,0.11095970124006271,0.9523809552192688
l_curve_0,976,0.11072195321321487,0.9523809552192688
l_curve_0,977,0.11053455621004105,0.9523809552192688
l_curve_0,978,0.11025131493806839,0.9523809552192688
l_curve_0,979,0.11001309752464294,0.9523809552192688
l_curve_0,980,0.1098947525024414,0.9523809552192688
l_curve_0,981,0.10983714461326599,0.9523809552192688
l_curve_0,982,0.10950791090726852,0.9523809552192688
l_curve_0,983,0.10916168242692947,0.9523809552192688
l_curve_0,984,0.10878575593233109,0.9523809552192688
l_curve_0,985,0.10846839845180511,0.9523809552192688
l_curve_0,986,0.10810475051403046,0.9523809552192688
l_curve_0,987,0.10785592347383499,0.9523809552192688
l_curve_0,988,0.1077527180314064,0.9523809552192688
l_curve_0,989,0.10755740851163864,0.9523809552192688
l_curve_0,990,0.10726967453956604,0.9523809552192688
l_curve_0,991,0.10697568953037262,0.9523809552192688
l_curve_0,992,0.10677462816238403,0.9523809552192688
l_curve_0,993,0.10665525496006012,0.9523809552192688
l_curve_0,994,0.10658247023820877,0.9523809552192688
l_curve_0,995,0.10644737631082535,0.9523809552192688
l_curve_0,996,0.10630422830581665,0.9523809552192688
l_curve_0,997,0.10616543143987656,0.9523809552192688
l_curve_0,998,0.10581662505865097,1.0
l_curve_0,999,0.10543381422758102,1.0
l_curve_0,1000,0.10519485175609589,1.0
l_curve_0,1000,0.10519485175609589,1.0
