client,round,loss,accuracy
l_curve_6,1,1.030299425125122,0.5714285969734192
l_curve_6,2,0.9970175623893738,0.5714285969734192
l_curve_6,3,0.9650363922119141,0.5714285969734192
l_curve_6,4,0.9342418909072876,0.5714285969734192
l_curve_6,5,0.9045895338058472,0.5714285969734192
l_curve_6,6,0.876132607460022,0.5714285969734192
l_curve_6,7,0.848687469959259,0.5714285969734192
l_curve_6,8,0.8221760988235474,0.5714285969734192
l_curve_6,9,0.7965386509895325,0.5714285969734192
l_curve_6,10,0.77186518907547,0.5714285969734192
l_curve_6,11,0.7481536269187927,0.5714285969734192
l_curve_6,12,0.7253220677375793,0.5714285969734192
l_curve_6,13,0.7036439180374146,0.5714285969734192
l_curve_6,14,0.6831091046333313,0.5714285969734192
l_curve_6,15,0.6639580130577087,0.5714285969734192
l_curve_6,16,0.6460843682289124,0.5714285969734192
l_curve_6,17,0.6294139623641968,0.5714285969734192
l_curve_6,18,0.6141242980957031,0.5714285969734192
l_curve_6,19,0.6000851392745972,0.7142857313156128
l_curve_6,20,0.5873638391494751,0.7142857313156128
l_curve_6,21,0.575920045375824,0.761904776096344
l_curve_6,22,0.5656411647796631,0.761904776096344
l_curve_6,23,0.5564187169075012,0.7142857313156128
l_curve_6,24,0.5481386780738831,0.7142857313156128
l_curve_6,25,0.540643572807312,0.761904776096344
l_curve_6,26,0.5339312553405762,0.761904776096344
l_curve_6,27,0.5279197692871094,0.7142857313156128
l_curve_6,28,0.5225234627723694,0.6666666865348816
l_curve_6,29,0.5176581144332886,0.7142857313156128
l_curve_6,30,0.5132268071174622,0.7142857313156128
l_curve_6,31,0.5091990232467651,0.7142857313156128
l_curve_6,32,0.5055181384086609,0.7142857313156128
l_curve_6,33,0.5021142959594727,0.7142857313156128
l_curve_6,34,0.4989461898803711,0.7142857313156128
l_curve_6,35,0.49600377678871155,0.7142857313156128
l_curve_6,36,0.49326300621032715,0.761904776096344
l_curve_6,37,0.490763396024704,0.761904776096344
l_curve_6,38,0.4883515536785126,0.761904776096344
l_curve_6,39,0.4860345423221588,0.761904776096344
l_curve_6,40,0.4838355481624603,0.761904776096344
l_curve_6,41,0.48181357979774475,0.761904776096344
l_curve_6,42,0.4797608554363251,0.761904776096344
l_curve_6,43,0.47784343361854553,0.761904776096344
l_curve_6,44,0.4760250747203827,0.761904776096344
l_curve_6,45,0.47423890233039856,0.761904776096344
l_curve_6,46,0.4725300967693329,0.761904776096344
l_curve_6,47,0.4709510803222656,0.761904776096344
l_curve_6,48,0.46935802698135376,0.761904776096344
l_curve_6,49,0.4677441120147705,0.761904776096344
l_curve_6,50,0.4662995934486389,0.761904776096344
l_curve_6,51,0.4647600054740906,0.761904776096344
l_curve_6,52,0.4633652865886688,0.761904776096344
l_curve_6,53,0.46199068427085876,0.761904776096344
l_curve_6,54,0.4606839716434479,0.761904776096344
l_curve_6,55,0.4594457745552063,0.761904776096344
l_curve_6,56,0.4581289291381836,0.761904776096344
l_curve_6,57,0.45677974820137024,0.761904776096344
l_curve_6,58,0.4555075466632843,0.761904776096344
l_curve_6,59,0.4543183147907257,0.761904776096344
l_curve_6,60,0.453224241733551,0.761904776096344
l_curve_6,61,0.45212721824645996,0.761904776096344
l_curve_6,62,0.45103299617767334,0.761904776096344
l_curve_6,63,0.4498988091945648,0.761904776096344
l_curve_6,64,0.44864654541015625,0.761904776096344
l_curve_6,65,0.44748201966285706,0.761904776096344
l_curve_6,66,0.4463832378387451,0.761904776096344
l_curve_6,67,0.44528520107269287,0.761904776096344
l_curve_6,68,0.444307416677475,0.761904776096344
l_curve_6,69,0.4434082806110382,0.761904776096344
l_curve_6,70,0.4425327777862549,0.761904776096344
l_curve_6,71,0.4416528046131134,0.761904776096344
l_curve_6,72,0.4408451318740845,0.761904776096344
l_curve_6,73,0.44004684686660767,0.761904776096344
l_curve_6,74,0.4392572045326233,0.761904776096344
l_curve_6,75,0.43836575746536255,0.761904776096344
l_curve_6,76,0.43756720423698425,0.761904776096344
l_curve_6,77,0.43674972653388977,0.761904776096344
l_curve_6,78,0.4358580410480499,0.761904776096344
l_curve_6,79,0.43503516912460327,0.761904776096344
l_curve_6,80,0.4343949258327484,0.761904776096344
l_curve_6,81,0.43360137939453125,0.761904776096344
l_curve_6,82,0.4326471984386444,0.761904776096344
l_curve_6,83,0.43172574043273926,0.761904776096344
l_curve_6,84,0.43091341853141785,0.761904776096344
l_curve_6,85,0.4301097095012665,0.761904776096344
l_curve_6,86,0.4293522536754608,0.761904776096344
l_curve_6,87,0.42855939269065857,0.761904776096344
l_curve_6,88,0.427748441696167,0.761904776096344
l_curve_6,89,0.4271796643733978,0.761904776096344
l_curve_6,90,0.4264874756336212,0.761904776096344
l_curve_6,91,0.4256751239299774,0.761904776096344
l_curve_6,92,0.4249645471572876,0.761904776096344
l_curve_6,93,0.42422154545783997,0.761904776096344
l_curve_6,94,0.4235236644744873,0.761904776096344
l_curve_6,95,0.4227469265460968,0.761904776096344
l_curve_6,96,0.4220302104949951,0.761904776096344
l_curve_6,97,0.42136919498443604,0.761904776096344
l_curve_6,98,0.42085397243499756,0.761904776096344
l_curve_6,99,0.4201465845108032,0.761904776096344
l_curve_6,100,0.41952672600746155,0.761904776096344
l_curve_6,101,0.41885697841644287,0.761904776096344
l_curve_6,102,0.41813787817955017,0.761904776096344
l_curve_6,103,0.41744908690452576,0.761904776096344
l_curve_6,104,0.4167897403240204,0.761904776096344
l_curve_6,105,0.4163033962249756,0.761904776096344
l_curve_6,106,0.4157063663005829,0.761904776096344
l_curve_6,107,0.4150621294975281,0.761904776096344
l_curve_6,108,0.41435977816581726,0.761904776096344
l_curve_6,109,0.41359201073646545,0.761904776096344
l_curve_6,110,0.41316109895706177,0.761904776096344
l_curve_6,111,0.41278570890426636,0.761904776096344
l_curve_6,112,0.41218826174736023,0.761904776096344
l_curve_6,113,0.41178345680236816,0.761904776096344
l_curve_6,114,0.4111916124820709,0.761904776096344
l_curve_6,115,0.4108080267906189,0.761904776096344
l_curve_6,116,0.4102706015110016,0.8095238208770752
l_curve_6,117,0.4100058078765869,0.8095238208770752
l_curve_6,118,0.40950244665145874,0.8095238208770752
l_curve_6,119,0.40900543332099915,0.8095238208770752
l_curve_6,120,0.408694326877594,0.8095238208770752
l_curve_6,121,0.4083133041858673,0.8095238208770752
l_curve_6,122,0.4077160656452179,0.8095238208770752
l_curve_6,123,0.4076290726661682,0.8095238208770752
l_curve_6,124,0.40756547451019287,0.8095238208770752
l_curve_6,125,0.4074855148792267,0.8095238208770752
l_curve_6,126,0.4071636199951172,0.8095238208770752
l_curve_6,127,0.4069276452064514,0.8095238208770752
l_curve_6,128,0.40666499733924866,0.8095238208770752
l_curve_6,129,0.4065089821815491,0.8095238208770752
l_curve_6,130,0.4060969948768616,0.8095238208770752
l_curve_6,131,0.4058249890804291,0.8095238208770752
l_curve_6,132,0.40551358461380005,0.8095238208770752
l_curve_6,133,0.4053603708744049,0.8095238208770752
l_curve_6,134,0.4049557149410248,0.8095238208770752
l_curve_6,135,0.40487760305404663,0.8095238208770752
l_curve_6,136,0.4049207270145416,0.8095238208770752
l_curve_6,137,0.4050375521183014,0.8095238208770752
l_curve_6,138,0.4049972891807556,0.8095238208770752
l_curve_6,139,0.4049559533596039,0.8095238208770752
l_curve_6,140,0.40473467111587524,0.8095238208770752
l_curve_6,141,0.4047752022743225,0.8095238208770752
l_curve_6,142,0.4047410190105438,0.8095238208770752
l_curve_6,143,0.40479782223701477,0.8095238208770752
l_curve_6,144,0.4047969579696655,0.8095238208770752
l_curve_6,145,0.4046890139579773,0.8095238208770752
l_curve_6,146,0.4048032760620117,0.8095238208770752
l_curve_6,147,0.404654324054718,0.8095238208770752
l_curve_6,148,0.40455231070518494,0.8095238208770752
l_curve_6,149,0.4045608639717102,0.8095238208770752
l_curve_6,150,0.4048376679420471,0.8095238208770752
l_curve_6,151,0.40484747290611267,0.8095238208770752
l_curve_6,152,0.40503737330436707,0.8095238208770752
l_curve_6,153,0.4050196707248688,0.8095238208770752
l_curve_6,154,0.4048899710178375,0.8095238208770752
l_curve_6,155,0.4049302637577057,0.8095238208770752
l_curve_6,156,0.4050794243812561,0.8095238208770752
l_curve_6,157,0.40516552329063416,0.8095238208770752
l_curve_6,158,0.40523234009742737,0.8095238208770752
l_curve_6,159,0.40518373250961304,0.8095238208770752
l_curve_6,160,0.4054630398750305,0.8095238208770752
l_curve_6,161,0.4057169556617737,0.8095238208770752
l_curve_6,162,0.4059205651283264,0.8095238208770752
l_curve_6,163,0.40626752376556396,0.8095238208770752
l_curve_6,164,0.40623265504837036,0.8095238208770752
l_curve_6,165,0.40635770559310913,0.8095238208770752
l_curve_6,166,0.40639528632164,0.8095238208770752
l_curve_6,167,0.406187504529953,0.8095238208770752
l_curve_6,168,0.4059593975543976,0.8095238208770752
l_curve_6,169,0.4058752954006195,0.8095238208770752
l_curve_6,170,0.40589070320129395,0.8095238208770752
l_curve_6,171,0.4060102701187134,0.8095238208770752
l_curve_6,172,0.4065138101577759,0.8095238208770752
l_curve_6,173,0.40651240944862366,0.8095238208770752
l_curve_6,174,0.40645289421081543,0.8095238208770752
l_curve_6,175,0.4064282774925232,0.8095238208770752
l_curve_6,176,0.40656644105911255,0.8095238208770752
l_curve_6,177,0.4068394601345062,0.8095238208770752
l_curve_6,178,0.4068104028701782,0.8095238208770752
l_curve_6,179,0.40695762634277344,0.8095238208770752
l_curve_6,180,0.4070902466773987,0.8095238208770752
l_curve_6,181,0.40716230869293213,0.8095238208770752
l_curve_6,182,0.4074459969997406,0.8095238208770752
l_curve_6,183,0.4075312316417694,0.8095238208770752
l_curve_6,184,0.40749746561050415,0.8095238208770752
l_curve_6,185,0.40732088685035706,0.8095238208770752
l_curve_6,186,0.40704596042633057,0.8095238208770752
l_curve_6,187,0.4068286120891571,0.8095238208770752
l_curve_6,188,0.40703850984573364,0.8095238208770752
l_curve_6,189,0.40716880559921265,0.8095238208770752
l_curve_6,190,0.40698981285095215,0.8095238208770752
l_curve_6,191,0.40675899386405945,0.8095238208770752
l_curve_6,192,0.40660545229911804,0.8095238208770752
l_curve_6,193,0.4062894582748413,0.8095238208770752
l_curve_6,194,0.40646812319755554,0.8095238208770752
l_curve_6,195,0.4064706265926361,0.8095238208770752
l_curve_6,196,0.40646302700042725,0.8095238208770752
l_curve_6,197,0.4062270224094391,0.8095238208770752
l_curve_6,198,0.4061940014362335,0.8095238208770752
l_curve_6,199,0.4066278040409088,0.8095238208770752
l_curve_6,200,0.4068566858768463,0.8095238208770752
l_curve_6,201,0.4068340063095093,0.8095238208770752
l_curve_6,202,0.40667352080345154,0.8095238208770752
l_curve_6,203,0.40665391087532043,0.8095238208770752
l_curve_6,204,0.4068711996078491,0.8095238208770752
l_curve_6,205,0.40685272216796875,0.8095238208770752
l_curve_6,206,0.40696412324905396,0.8095238208770752
l_curve_6,207,0.4067399203777313,0.8095238208770752
l_curve_6,208,0.40657511353492737,0.8095238208770752
l_curve_6,209,0.40680408477783203,0.8095238208770752
l_curve_6,210,0.40692856907844543,0.8095238208770752
l_curve_6,211,0.40684637427330017,0.8095238208770752
l_curve_6,212,0.40675172209739685,0.8095238208770752
l_curve_6,213,0.4068457782268524,0.8095238208770752
l_curve_6,214,0.4071108102798462,0.8095238208770752
l_curve_6,215,0.40689900517463684,0.8095238208770752
l_curve_6,216,0.4068065881729126,0.8095238208770752
l_curve_6,217,0.4068143367767334,0.8095238208770752
l_curve_6,218,0.40695425868034363,0.8095238208770752
l_curve_6,219,0.4069068133831024,0.8095238208770752
l_curve_6,220,0.4069148004055023,0.8095238208770752
l_curve_6,221,0.40719959139823914,0.8095238208770752
l_curve_6,222,0.4069921374320984,0.8095238208770752
l_curve_6,223,0.4070669710636139,0.8095238208770752
l_curve_6,224,0.40719667077064514,0.8095238208770752
l_curve_6,225,0.40748023986816406,0.8095238208770752
l_curve_6,226,0.40767452120780945,0.8095238208770752
l_curve_6,227,0.4079948961734772,0.8095238208770752
l_curve_6,228,0.40831297636032104,0.8095238208770752
l_curve_6,229,0.40851664543151855,0.8095238208770752
l_curve_6,230,0.40867242217063904,0.8095238208770752
l_curve_6,231,0.40844812989234924,0.8095238208770752
l_curve_6,232,0.4081743657588959,0.8095238208770752
l_curve_6,233,0.40832075476646423,0.8095238208770752
l_curve_6,234,0.40804871916770935,0.8095238208770752
l_curve_6,235,0.40759363770484924,0.8095238208770752
l_curve_6,236,0.4075723886489868,0.8095238208770752
l_curve_6,237,0.40766826272010803,0.8095238208770752
l_curve_6,238,0.40744900703430176,0.8095238208770752
l_curve_6,239,0.4076426029205322,0.8095238208770752
l_curve_6,240,0.40749695897102356,0.8095238208770752
l_curve_6,241,0.4072638154029846,0.8095238208770752
l_curve_6,242,0.40760254859924316,0.8095238208770752
l_curve_6,243,0.40730440616607666,0.8095238208770752
l_curve_6,244,0.40720507502555847,0.8095238208770752
l_curve_6,245,0.407143235206604,0.8095238208770752
l_curve_6,246,0.4067869186401367,0.8095238208770752
l_curve_6,247,0.4066293239593506,0.8095238208770752
l_curve_6,248,0.4065816104412079,0.8095238208770752
l_curve_6,249,0.4066997766494751,0.8095238208770752
l_curve_6,250,0.4070580005645752,0.8095238208770752
l_curve_6,251,0.40732574462890625,0.8095238208770752
l_curve_6,252,0.407520055770874,0.8095238208770752
l_curve_6,253,0.4072827696800232,0.8095238208770752
l_curve_6,254,0.40679118037223816,0.8095238208770752
l_curve_6,255,0.4064130187034607,0.8095238208770752
l_curve_6,256,0.40601563453674316,0.8095238208770752
l_curve_6,257,0.4061548709869385,0.8095238208770752
l_curve_6,258,0.4061306416988373,0.8095238208770752
l_curve_6,259,0.4062768816947937,0.8095238208770752
l_curve_6,260,0.4060848653316498,0.8095238208770752
l_curve_6,261,0.40574413537979126,0.8095238208770752
l_curve_6,262,0.40576639771461487,0.8095238208770752
l_curve_6,263,0.405541330575943,0.8095238208770752
l_curve_6,264,0.4055701196193695,0.8095238208770752
l_curve_6,265,0.4057117998600006,0.8095238208770752
l_curve_6,266,0.40581652522087097,0.8095238208770752
l_curve_6,267,0.4061073958873749,0.8095238208770752
l_curve_6,268,0.40637829899787903,0.8095238208770752
l_curve_6,269,0.4062572717666626,0.8095238208770752
l_curve_6,270,0.4057338833808899,0.8095238208770752
l_curve_6,271,0.40547674894332886,0.8095238208770752
l_curve_6,272,0.4054113030433655,0.8095238208770752
l_curve_6,273,0.40533584356307983,0.8095238208770752
l_curve_6,274,0.4050646424293518,0.8095238208770752
l_curve_6,275,0.4048587381839752,0.8095238208770752
l_curve_6,276,0.40491440892219543,0.8095238208770752
l_curve_6,277,0.4044617712497711,0.8095238208770752
l_curve_6,278,0.4043056070804596,0.8095238208770752
l_curve_6,279,0.4041982889175415,0.8095238208770752
l_curve_6,280,0.4047040343284607,0.8095238208770752
l_curve_6,281,0.4049038290977478,0.8095238208770752
l_curve_6,282,0.40467342734336853,0.8095238208770752
l_curve_6,283,0.405151903629303,0.8095238208770752
l_curve_6,284,0.4055759906768799,0.8095238208770752
l_curve_6,285,0.4062962830066681,0.8095238208770752
l_curve_6,286,0.406572163105011,0.8095238208770752
l_curve_6,287,0.4062863290309906,0.8095238208770752
l_curve_6,288,0.40614163875579834,0.8095238208770752
l_curve_6,289,0.40649423003196716,0.8095238208770752
l_curve_6,290,0.40618109703063965,0.8095238208770752
l_curve_6,291,0.4058321416378021,0.8095238208770752
l_curve_6,292,0.40536975860595703,0.8095238208770752
l_curve_6,293,0.4049421548843384,0.8095238208770752
l_curve_6,294,0.40509772300720215,0.8095238208770752
l_curve_6,295,0.4050385653972626,0.8095238208770752
l_curve_6,296,0.40496277809143066,0.8095238208770752
l_curve_6,297,0.4049702286720276,0.8095238208770752
l_curve_6,298,0.4048771560192108,0.8095238208770752
l_curve_6,299,0.4044875204563141,0.8095238208770752
l_curve_6,300,0.4044383764266968,0.8095238208770752
l_curve_6,301,0.40444082021713257,0.8095238208770752
l_curve_6,302,0.40459397435188293,0.8095238208770752
l_curve_6,303,0.40494436025619507,0.8095238208770752
l_curve_6,304,0.4047122597694397,0.8095238208770752
l_curve_6,305,0.4043053686618805,0.8095238208770752
l_curve_6,306,0.4042195677757263,0.8095238208770752
l_curve_6,307,0.40419840812683105,0.8095238208770752
l_curve_6,308,0.40473780035972595,0.8095238208770752
l_curve_6,309,0.40489083528518677,0.8095238208770752
l_curve_6,310,0.4047424793243408,0.8095238208770752
l_curve_6,311,0.4049229323863983,0.8095238208770752
l_curve_6,312,0.4049628973007202,0.8095238208770752
l_curve_6,313,0.4046042859554291,0.8095238208770752
l_curve_6,314,0.40422549843788147,0.8095238208770752
l_curve_6,315,0.4038727581501007,0.8095238208770752
l_curve_6,316,0.40401339530944824,0.8095238208770752
l_curve_6,317,0.4039187729358673,0.8095238208770752
l_curve_6,318,0.4041200280189514,0.8095238208770752
l_curve_6,319,0.4044667184352875,0.8095238208770752
l_curve_6,320,0.4046037793159485,0.8095238208770752
l_curve_6,321,0.40452975034713745,0.8095238208770752
l_curve_6,322,0.4041224420070648,0.8095238208770752
l_curve_6,323,0.4037397801876068,0.8095238208770752
l_curve_6,324,0.4034014344215393,0.8095238208770752
l_curve_6,325,0.4031585454940796,0.8095238208770752
l_curve_6,326,0.4034372866153717,0.8095238208770752
l_curve_6,327,0.40414538979530334,0.8095238208770752
l_curve_6,328,0.4041135907173157,0.8095238208770752
l_curve_6,329,0.4035695493221283,0.8095238208770752
l_curve_6,330,0.40367239713668823,0.8095238208770752
l_curve_6,331,0.40393197536468506,0.8095238208770752
l_curve_6,332,0.4041270315647125,0.8095238208770752
l_curve_6,333,0.4037414789199829,0.8095238208770752
l_curve_6,334,0.40381795167922974,0.8095238208770752
l_curve_6,335,0.403840571641922,0.8095238208770752
l_curve_6,336,0.40405648946762085,0.8095238208770752
l_curve_6,337,0.4040098190307617,0.8095238208770752
l_curve_6,338,0.4040029048919678,0.8095238208770752
l_curve_6,339,0.40395236015319824,0.8095238208770752
l_curve_6,340,0.40389999747276306,0.8095238208770752
l_curve_6,341,0.4034808576107025,0.8095238208770752
l_curve_6,342,0.40335899591445923,0.8095238208770752
l_curve_6,343,0.4038315713405609,0.8095238208770752
l_curve_6,344,0.4039256274700165,0.8095238208770752
l_curve_6,345,0.4043937027454376,0.8095238208770752
l_curve_6,346,0.4042147099971771,0.8095238208770752
l_curve_6,347,0.40402311086654663,0.8095238208770752
l_curve_6,348,0.4041096270084381,0.8095238208770752
l_curve_6,349,0.4039043188095093,0.8095238208770752
l_curve_6,350,0.4034253656864166,0.8095238208770752
l_curve_6,351,0.4031710922718048,0.8095238208770752
l_curve_6,352,0.40319183468818665,0.8095238208770752
l_curve_6,353,0.4029299318790436,0.8095238208770752
l_curve_6,354,0.4027014374732971,0.8095238208770752
l_curve_6,355,0.4022000730037689,0.8095238208770752
l_curve_6,356,0.4023088812828064,0.8095238208770752
l_curve_6,357,0.4021492898464203,0.8095238208770752
l_curve_6,358,0.401947557926178,0.8095238208770752
l_curve_6,359,0.40225911140441895,0.8095238208770752
l_curve_6,360,0.40276122093200684,0.8095238208770752
l_curve_6,361,0.4027808904647827,0.8095238208770752
l_curve_6,362,0.40276476740837097,0.8095238208770752
l_curve_6,363,0.40280282497406006,0.8095238208770752
l_curve_6,364,0.4023771286010742,0.8095238208770752
l_curve_6,365,0.4024601876735687,0.8095238208770752
l_curve_6,366,0.40208810567855835,0.8095238208770752
l_curve_6,367,0.40183404088020325,0.8095238208770752
l_curve_6,368,0.40209680795669556,0.8095238208770752
l_curve_6,369,0.40225300192832947,0.8095238208770752
l_curve_6,370,0.4022700786590576,0.8095238208770752
l_curve_6,371,0.40215811133384705,0.8095238208770752
l_curve_6,372,0.4017777144908905,0.8095238208770752
l_curve_6,373,0.40138009190559387,0.8095238208770752
l_curve_6,374,0.40142008662223816,0.8095238208770752
l_curve_6,375,0.4014263153076172,0.8095238208770752
l_curve_6,376,0.40180251002311707,0.8095238208770752
l_curve_6,377,0.40197139978408813,0.8095238208770752
l_curve_6,378,0.4017254114151001,0.8095238208770752
l_curve_6,379,0.4016578793525696,0.8095238208770752
l_curve_6,380,0.4017711877822876,0.8095238208770752
l_curve_6,381,0.40173348784446716,0.8095238208770752
l_curve_6,382,0.4018634259700775,0.8095238208770752
l_curve_6,383,0.40202009677886963,0.8095238208770752
l_curve_6,384,0.40219342708587646,0.8095238208770752
l_curve_6,385,0.4021354019641876,0.8095238208770752
l_curve_6,386,0.40198931097984314,0.8095238208770752
l_curve_6,387,0.4015759527683258,0.8095238208770752
l_curve_6,388,0.4011100232601166,0.8095238208770752
l_curve_6,389,0.4004095196723938,0.8095238208770752
l_curve_6,390,0.4002574682235718,0.8095238208770752
l_curve_6,391,0.40027108788490295,0.8095238208770752
l_curve_6,392,0.3998866677284241,0.8095238208770752
l_curve_6,393,0.3997355103492737,0.8095238208770752
l_curve_6,394,0.3998348116874695,0.8095238208770752
l_curve_6,395,0.3998584747314453,0.8095238208770752
l_curve_6,396,0.39980873465538025,0.8095238208770752
l_curve_6,397,0.4001287817955017,0.8095238208770752
l_curve_6,398,0.3999474048614502,0.8095238208770752
l_curve_6,399,0.39993250370025635,0.8095238208770752
l_curve_6,400,0.4004291892051697,0.8095238208770752
l_curve_6,401,0.4006616473197937,0.8095238208770752
l_curve_6,402,0.400431364774704,0.8095238208770752
l_curve_6,403,0.4006090760231018,0.8095238208770752
l_curve_6,404,0.4007534682750702,0.8095238208770752
l_curve_6,405,0.40101709961891174,0.8095238208770752
l_curve_6,406,0.40102168917655945,0.8095238208770752
l_curve_6,407,0.400442898273468,0.8095238208770752
l_curve_6,408,0.40012532472610474,0.8095238208770752
l_curve_6,409,0.3998851776123047,0.8095238208770752
l_curve_6,410,0.40011972188949585,0.8095238208770752
l_curve_6,411,0.400288850069046,0.8095238208770752
l_curve_6,412,0.40040257573127747,0.8095238208770752
l_curve_6,413,0.3999212682247162,0.8095238208770752
l_curve_6,414,0.39970511198043823,0.8095238208770752
l_curve_6,415,0.39953163266181946,0.8095238208770752
l_curve_6,416,0.39961129426956177,0.8095238208770752
l_curve_6,417,0.4001457989215851,0.8095238208770752
l_curve_6,418,0.40038231015205383,0.8095238208770752
l_curve_6,419,0.3997907042503357,0.8095238208770752
l_curve_6,420,0.3992287814617157,0.8095238208770752
l_curve_6,421,0.39962613582611084,0.8095238208770752
l_curve_6,422,0.39950376749038696,0.8095238208770752
l_curve_6,423,0.39926978945732117,0.8095238208770752
l_curve_6,424,0.39947399497032166,0.8095238208770752
l_curve_6,425,0.3996390402317047,0.8095238208770752
l_curve_6,426,0.39990097284317017,0.8095238208770752
l_curve_6,427,0.4001033306121826,0.8095238208770752
l_curve_6,428,0.39998409152030945,0.8095238208770752
l_curve_6,429,0.3996107578277588,0.8095238208770752
l_curve_6,430,0.39950260519981384,0.8095238208770752
l_curve_6,431,0.3994755446910858,0.8095238208770752
l_curve_6,432,0.3992528021335602,0.8095238208770752
l_curve_6,433,0.39912399649620056,0.8095238208770752
l_curve_6,434,0.39901548624038696,0.8095238208770752
l_curve_6,435,0.3990614712238312,0.8095238208770752
l_curve_6,436,0.3993147015571594,0.8095238208770752
l_curve_6,437,0.39937660098075867,0.8095238208770752
l_curve_6,438,0.3989371359348297,0.8095238208770752
l_curve_6,439,0.3991662859916687,0.8095238208770752
l_curve_6,440,0.39970138669013977,0.8095238208770752
l_curve_6,441,0.39982926845550537,0.8095238208770752
l_curve_6,442,0.39979109168052673,0.8095238208770752
l_curve_6,443,0.39973729848861694,0.8095238208770752
l_curve_6,444,0.3996596932411194,0.8095238208770752
l_curve_6,445,0.3998669683933258,0.8095238208770752
l_curve_6,446,0.40002283453941345,0.8095238208770752
l_curve_6,447,0.40002554655075073,0.8095238208770752
l_curve_6,448,0.39984068274497986,0.8095238208770752
l_curve_6,449,0.39997267723083496,0.8095238208770752
l_curve_6,450,0.40001150965690613,0.8095238208770752
l_curve_6,451,0.4001917541027069,0.8095238208770752
l_curve_6,452,0.40011706948280334,0.8095238208770752
l_curve_6,453,0.39987683296203613,0.8095238208770752
l_curve_6,454,0.3993031084537506,0.8095238208770752
l_curve_6,455,0.3988810181617737,0.8095238208770752
l_curve_6,456,0.39922115206718445,0.8095238208770752
l_curve_6,457,0.3992938995361328,0.8095238208770752
l_curve_6,458,0.3993211090564728,0.8095238208770752
l_curve_6,459,0.39900171756744385,0.8095238208770752
l_curve_6,460,0.39891132712364197,0.8095238208770752
l_curve_6,461,0.39866548776626587,0.8095238208770752
l_curve_6,462,0.3984214663505554,0.8095238208770752
l_curve_6,463,0.3981632888317108,0.8095238208770752
l_curve_6,464,0.39798131585121155,0.8095238208770752
l_curve_6,465,0.3979315161705017,0.8095238208770752
l_curve_6,466,0.3977012038230896,0.8095238208770752
l_curve_6,467,0.39766764640808105,0.8095238208770752
l_curve_6,468,0.39782828092575073,0.8095238208770752
l_curve_6,469,0.39796358346939087,0.8095238208770752
l_curve_6,470,0.39794430136680603,0.8095238208770752
l_curve_6,471,0.39795389771461487,0.8095238208770752
l_curve_6,472,0.39770063757896423,0.8095238208770752
l_curve_6,473,0.3974461853504181,0.8095238208770752
l_curve_6,474,0.39716365933418274,0.8095238208770752
l_curve_6,475,0.39745402336120605,0.8095238208770752
l_curve_6,476,0.3974963128566742,0.8095238208770752
l_curve_6,477,0.3973066210746765,0.8095238208770752
l_curve_6,478,0.3974117934703827,0.8095238208770752
l_curve_6,479,0.39728236198425293,0.8095238208770752
l_curve_6,480,0.397245854139328,0.8095238208770752
l_curve_6,481,0.3974062502384186,0.8095238208770752
l_curve_6,482,0.39769798517227173,0.8095238208770752
l_curve_6,483,0.39795103669166565,0.8095238208770752
l_curve_6,484,0.3979862630367279,0.8095238208770752
l_curve_6,485,0.3977215588092804,0.8095238208770752
l_curve_6,486,0.39730653166770935,0.8095238208770752
l_curve_6,487,0.3974490761756897,0.8095238208770752
l_curve_6,488,0.3976325988769531,0.8095238208770752
l_curve_6,489,0.39745259284973145,0.8095238208770752
l_curve_6,490,0.3973824977874756,0.8095238208770752
l_curve_6,491,0.397743284702301,0.8095238208770752
l_curve_6,492,0.3976554870605469,0.8095238208770752
l_curve_6,493,0.39768871665000916,0.8095238208770752
l_curve_6,494,0.39756107330322266,0.8095238208770752
l_curve_6,495,0.39698973298072815,0.8095238208770752
l_curve_6,496,0.39698272943496704,0.8095238208770752
l_curve_6,497,0.397085964679718,0.8095238208770752
l_curve_6,498,0.39713120460510254,0.8095238208770752
l_curve_6,499,0.3972134292125702,0.8095238208770752
l_curve_6,500,0.39719322323799133,0.8095238208770752
l_curve_6,501,0.39705517888069153,0.8095238208770752
l_curve_6,502,0.39684009552001953,0.8095238208770752
l_curve_6,503,0.39637860655784607,0.8095238208770752
l_curve_6,504,0.3963312804698944,0.8095238208770752
l_curve_6,505,0.39656051993370056,0.8095238208770752
l_curve_6,506,0.3963296115398407,0.8095238208770752
l_curve_6,507,0.39643165469169617,0.8095238208770752
l_curve_6,508,0.3966100215911865,0.8095238208770752
l_curve_6,509,0.3972123861312866,0.8095238208770752
l_curve_6,510,0.3972148895263672,0.8095238208770752
l_curve_6,511,0.3971143960952759,0.8095238208770752
l_curve_6,512,0.3969443738460541,0.8095238208770752
l_curve_6,513,0.39692187309265137,0.8095238208770752
l_curve_6,514,0.3968021273612976,0.8095238208770752
l_curve_6,515,0.3969215750694275,0.8095238208770752
l_curve_6,516,0.3971542716026306,0.8095238208770752
l_curve_6,517,0.3972890377044678,0.8095238208770752
l_curve_6,518,0.3971201479434967,0.8095238208770752
l_curve_6,519,0.3968124985694885,0.8095238208770752
l_curve_6,520,0.39639776945114136,0.8095238208770752
l_curve_6,521,0.39646798372268677,0.8095238208770752
l_curve_6,522,0.39691051840782166,0.8095238208770752
l_curve_6,523,0.3969312310218811,0.8095238208770752
l_curve_6,524,0.39653047919273376,0.8095238208770752
l_curve_6,525,0.39656805992126465,0.8095238208770752
l_curve_6,526,0.3967311382293701,0.8095238208770752
l_curve_6,527,0.39659038186073303,0.8095238208770752
l_curve_6,528,0.39653024077415466,0.8095238208770752
l_curve_6,529,0.3967514634132385,0.8095238208770752
l_curve_6,530,0.3966433107852936,0.8095238208770752
l_curve_6,531,0.3960753381252289,0.8095238208770752
l_curve_6,532,0.3960048258304596,0.8095238208770752
l_curve_6,533,0.396461546421051,0.8095238208770752
l_curve_6,534,0.39651378989219666,0.8095238208770752
l_curve_6,535,0.39690643548965454,0.8095238208770752
l_curve_6,536,0.39676594734191895,0.8095238208770752
l_curve_6,537,0.3964698016643524,0.8095238208770752
l_curve_6,538,0.39659959077835083,0.8095238208770752
l_curve_6,539,0.39620330929756165,0.8095238208770752
l_curve_6,540,0.3956410884857178,0.8095238208770752
l_curve_6,541,0.3954322934150696,0.8095238208770752
l_curve_6,542,0.39558377861976624,0.8095238208770752
l_curve_6,543,0.3957882821559906,0.8095238208770752
l_curve_6,544,0.39623120427131653,0.8095238208770752
l_curve_6,545,0.3966958522796631,0.8095238208770752
l_curve_6,546,0.3971714377403259,0.8095238208770752
l_curve_6,547,0.3967079520225525,0.8095238208770752
l_curve_6,548,0.39634081721305847,0.8095238208770752
l_curve_6,549,0.3962096571922302,0.8095238208770752
l_curve_6,550,0.3959014415740967,0.8095238208770752
l_curve_6,551,0.39536136388778687,0.8095238208770752
l_curve_6,552,0.3954058587551117,0.8095238208770752
l_curve_6,553,0.39560943841934204,0.8095238208770752
l_curve_6,554,0.3953898251056671,0.8095238208770752
l_curve_6,555,0.3953248858451843,0.8095238208770752
l_curve_6,556,0.39520254731178284,0.8095238208770752
l_curve_6,557,0.39513421058654785,0.8095238208770752
l_curve_6,558,0.3950747549533844,0.8095238208770752
l_curve_6,559,0.3955429494380951,0.8095238208770752
l_curve_6,560,0.3959077298641205,0.8095238208770752
l_curve_6,561,0.3959112763404846,0.8095238208770752
l_curve_6,562,0.39557474851608276,0.8095238208770752
l_curve_6,563,0.3952176570892334,0.8095238208770752
l_curve_6,564,0.39511293172836304,0.8095238208770752
l_curve_6,565,0.39516520500183105,0.8095238208770752
l_curve_6,566,0.39521753787994385,0.8095238208770752
l_curve_6,567,0.3951941430568695,0.8095238208770752
l_curve_6,568,0.39548733830451965,0.8095238208770752
l_curve_6,569,0.3957562744617462,0.8095238208770752
l_curve_6,570,0.39553382992744446,0.8095238208770752
l_curve_6,571,0.39520418643951416,0.8095238208770752
l_curve_6,572,0.3949182629585266,0.8095238208770752
l_curve_6,573,0.3950953781604767,0.8095238208770752
l_curve_6,574,0.39561063051223755,0.8095238208770752
l_curve_6,575,0.39581334590911865,0.8095238208770752
l_curve_6,576,0.39563611149787903,0.8095238208770752
l_curve_6,577,0.3958270251750946,0.8095238208770752
l_curve_6,578,0.3961069583892822,0.8095238208770752
l_curve_6,579,0.39577198028564453,0.8095238208770752
l_curve_6,580,0.39531853795051575,0.8095238208770752
l_curve_6,581,0.39529794454574585,0.8095238208770752
l_curve_6,582,0.3954314589500427,0.8095238208770752
l_curve_6,583,0.39562708139419556,0.8095238208770752
l_curve_6,584,0.3956713080406189,0.8095238208770752
l_curve_6,585,0.3951960504055023,0.8095238208770752
l_curve_6,586,0.39468520879745483,0.8095238208770752
l_curve_6,587,0.39402613043785095,0.8095238208770752
l_curve_6,588,0.3941616415977478,0.8095238208770752
l_curve_6,589,0.3938034474849701,0.8095238208770752
l_curve_6,590,0.3939678966999054,0.8095238208770752
l_curve_6,591,0.393992155790329,0.8095238208770752
l_curve_6,592,0.39415472745895386,0.8095238208770752
l_curve_6,593,0.394828736782074,0.8095238208770752
l_curve_6,594,0.3948979079723358,0.8095238208770752
l_curve_6,595,0.39517349004745483,0.8095238208770752
l_curve_6,596,0.39509519934654236,0.8095238208770752
l_curve_6,597,0.3949953615665436,0.8095238208770752
l_curve_6,598,0.3951984643936157,0.8095238208770752
l_curve_6,599,0.3955152630805969,0.8095238208770752
l_curve_6,600,0.396041601896286,0.8095238208770752
l_curve_6,601,0.39610743522644043,0.8095238208770752
l_curve_6,602,0.3952634930610657,0.8095238208770752
l_curve_6,603,0.39488938450813293,0.8095238208770752
l_curve_6,604,0.39476436376571655,0.8095238208770752
l_curve_6,605,0.39501866698265076,0.8095238208770752
l_curve_6,606,0.39511817693710327,0.8095238208770752
l_curve_6,607,0.3948041498661041,0.8095238208770752
l_curve_6,608,0.39488446712493896,0.8095238208770752
l_curve_6,609,0.39471176266670227,0.8095238208770752
l_curve_6,610,0.3944571018218994,0.8095238208770752
l_curve_6,611,0.39389047026634216,0.8095238208770752
l_curve_6,612,0.39368128776550293,0.8095238208770752
l_curve_6,613,0.3939494490623474,0.8095238208770752
l_curve_6,614,0.3938583731651306,0.8095238208770752
l_curve_6,615,0.394378125667572,0.8095238208770752
l_curve_6,616,0.3945644497871399,0.8095238208770752
l_curve_6,617,0.39404091238975525,0.8095238208770752
l_curve_6,618,0.3941989243030548,0.8095238208770752
l_curve_6,619,0.3944583237171173,0.8095238208770752
l_curve_6,620,0.394217312335968,0.8095238208770752
l_curve_6,621,0.3940688967704773,0.8095238208770752
l_curve_6,622,0.39405256509780884,0.8095238208770752
l_curve_6,623,0.3937815725803375,0.8095238208770752
l_curve_6,624,0.39365455508232117,0.8095238208770752
l_curve_6,625,0.39324820041656494,0.8095238208770752
l_curve_6,626,0.39293402433395386,0.8095238208770752
l_curve_6,627,0.3925870656967163,0.8095238208770752
l_curve_6,628,0.3930822014808655,0.8095238208770752
l_curve_6,629,0.39331990480422974,0.8095238208770752
l_curve_6,630,0.39362645149230957,0.8095238208770752
l_curve_6,631,0.3937549591064453,0.8095238208770752
l_curve_6,632,0.39372849464416504,0.8095238208770752
l_curve_6,633,0.39398303627967834,0.8095238208770752
l_curve_6,634,0.393990159034729,0.8095238208770752
l_curve_6,635,0.394284188747406,0.8095238208770752
l_curve_6,636,0.39446380734443665,0.8095238208770752
l_curve_6,637,0.3945927023887634,0.8095238208770752
l_curve_6,638,0.39436694979667664,0.8095238208770752
l_curve_6,639,0.3941650390625,0.8095238208770752
l_curve_6,640,0.3939627707004547,0.8095238208770752
l_curve_6,641,0.3939530849456787,0.8095238208770752
l_curve_6,642,0.3939472734928131,0.8095238208770752
l_curve_6,643,0.39405545592308044,0.8095238208770752
l_curve_6,644,0.3942917287349701,0.8095238208770752
l_curve_6,645,0.3940976560115814,0.8095238208770752
l_curve_6,646,0.39418065547943115,0.8095238208770752
l_curve_6,647,0.3939712941646576,0.8095238208770752
l_curve_6,648,0.3938535153865814,0.8095238208770752
l_curve_6,649,0.3935244381427765,0.8095238208770752
l_curve_6,650,0.39293262362480164,0.8095238208770752
l_curve_6,651,0.39275774359703064,0.8095238208770752
l_curve_6,652,0.3931644856929779,0.8095238208770752
l_curve_6,653,0.3933602273464203,0.8095238208770752
l_curve_6,654,0.3932533264160156,0.8095238208770752
l_curve_6,655,0.39354127645492554,0.8095238208770752
l_curve_6,656,0.3936695456504822,0.8095238208770752
l_curve_6,657,0.39349988102912903,0.8095238208770752
l_curve_6,658,0.3939204514026642,0.8095238208770752
l_curve_6,659,0.3942841589450836,0.8095238208770752
l_curve_6,660,0.39404815435409546,0.8095238208770752
l_curve_6,661,0.3940761089324951,0.8095238208770752
l_curve_6,662,0.39412611722946167,0.8095238208770752
l_curve_6,663,0.3943912386894226,0.8095238208770752
l_curve_6,664,0.3947160840034485,0.8095238208770752
l_curve_6,665,0.3944135308265686,0.8095238208770752
l_curve_6,666,0.3942151665687561,0.8095238208770752
l_curve_6,667,0.39403870701789856,0.8095238208770752
l_curve_6,668,0.39387696981430054,0.8095238208770752
l_curve_6,669,0.3930533230304718,0.8095238208770752
l_curve_6,670,0.39256903529167175,0.8095238208770752
l_curve_6,671,0.39325565099716187,0.8095238208770752
l_curve_6,672,0.39344310760498047,0.8095238208770752
l_curve_6,673,0.3935330808162689,0.8095238208770752
l_curve_6,674,0.39324766397476196,0.8095238208770752
l_curve_6,675,0.39304834604263306,0.8095238208770752
l_curve_6,676,0.3927878439426422,0.8095238208770752
l_curve_6,677,0.3928537368774414,0.8095238208770752
l_curve_6,678,0.3929896652698517,0.8095238208770752
l_curve_6,679,0.3930363059043884,0.8095238208770752
l_curve_6,680,0.39291882514953613,0.8095238208770752
l_curve_6,681,0.39312630891799927,0.8095238208770752
l_curve_6,682,0.39319491386413574,0.8095238208770752
l_curve_6,683,0.39343902468681335,0.8095238208770752
l_curve_6,684,0.3934379816055298,0.8095238208770752
l_curve_6,685,0.39352381229400635,0.8095238208770752
l_curve_6,686,0.39347243309020996,0.8095238208770752
l_curve_6,687,0.39344996213912964,0.8095238208770752
l_curve_6,688,0.39294129610061646,0.8095238208770752
l_curve_6,689,0.3926841616630554,0.8095238208770752
l_curve_6,690,0.3925437927246094,0.8095238208770752
l_curve_6,691,0.3930230438709259,0.8095238208770752
l_curve_6,692,0.3933010697364807,0.8095238208770752
l_curve_6,693,0.3936940133571625,0.8095238208770752
l_curve_6,694,0.393597275018692,0.8095238208770752
l_curve_6,695,0.3942299783229828,0.8095238208770752
l_curve_6,696,0.3939269781112671,0.8095238208770752
l_curve_6,697,0.39422258734703064,0.8095238208770752
l_curve_6,698,0.39407098293304443,0.8095238208770752
l_curve_6,699,0.39408183097839355,0.8095238208770752
l_curve_6,700,0.39414888620376587,0.8095238208770752
l_curve_6,701,0.3939359784126282,0.8095238208770752
l_curve_6,702,0.39322543144226074,0.8095238208770752
l_curve_6,703,0.3932979702949524,0.8095238208770752
l_curve_6,704,0.39334842562675476,0.8095238208770752
l_curve_6,705,0.3934215009212494,0.8095238208770752
l_curve_6,706,0.39335519075393677,0.8095238208770752
l_curve_6,707,0.39299100637435913,0.8095238208770752
l_curve_6,708,0.3922758102416992,0.8095238208770752
l_curve_6,709,0.3915356695652008,0.8095238208770752
l_curve_6,710,0.3914114534854889,0.8095238208770752
l_curve_6,711,0.39152607321739197,0.8095238208770752
l_curve_6,712,0.3917877674102783,0.8095238208770752
l_curve_6,713,0.3925991952419281,0.8095238208770752
l_curve_6,714,0.3928828835487366,0.8095238208770752
l_curve_6,715,0.3928701877593994,0.8095238208770752
l_curve_6,716,0.392616331577301,0.8095238208770752
l_curve_6,717,0.3922072947025299,0.8095238208770752
l_curve_6,718,0.39231982827186584,0.8095238208770752
l_curve_6,719,0.3924584686756134,0.8095238208770752
l_curve_6,720,0.392433226108551,0.8095238208770752
l_curve_6,721,0.3925012946128845,0.8095238208770752
l_curve_6,722,0.39287811517715454,0.8095238208770752
l_curve_6,723,0.3929460048675537,0.8095238208770752
l_curve_6,724,0.3927293121814728,0.8095238208770752
l_curve_6,725,0.39294224977493286,0.8095238208770752
l_curve_6,726,0.3927839398384094,0.8095238208770752
l_curve_6,727,0.3932137191295624,0.8095238208770752
l_curve_6,728,0.3932795226573944,0.8095238208770752
l_curve_6,729,0.3931718170642853,0.8095238208770752
l_curve_6,730,0.3928212523460388,0.8095238208770752
l_curve_6,731,0.39285406470298767,0.8095238208770752
l_curve_6,732,0.3929474353790283,0.8095238208770752
l_curve_6,733,0.39294251799583435,0.8095238208770752
l_curve_6,734,0.39282771944999695,0.8095238208770752
l_curve_6,735,0.39290720224380493,0.8095238208770752
l_curve_6,736,0.3931947946548462,0.8095238208770752
l_curve_6,737,0.393271267414093,0.8095238208770752
l_curve_6,738,0.393210768699646,0.8095238208770752
l_curve_6,739,0.39314910769462585,0.8095238208770752
l_curve_6,740,0.3925422430038452,0.8095238208770752
l_curve_6,741,0.3926103711128235,0.8095238208770752
l_curve_6,742,0.392953097820282,0.8095238208770752
l_curve_6,743,0.3925721347332001,0.8095238208770752
l_curve_6,744,0.3924653232097626,0.8095238208770752
l_curve_6,745,0.39289411902427673,0.8095238208770752
l_curve_6,746,0.39293351769447327,0.8095238208770752
l_curve_6,747,0.39298778772354126,0.8095238208770752
l_curve_6,748,0.3932288885116577,0.8095238208770752
l_curve_6,749,0.3933536112308502,0.8095238208770752
l_curve_6,750,0.3929922878742218,0.8095238208770752
l_curve_6,751,0.39280685782432556,0.8095238208770752
l_curve_6,752,0.3926364481449127,0.8095238208770752
l_curve_6,753,0.3925950527191162,0.8095238208770752
l_curve_6,754,0.3923690915107727,0.8095238208770752
l_curve_6,755,0.392156183719635,0.8095238208770752
l_curve_6,756,0.39239269495010376,0.8095238208770752
l_curve_6,757,0.3926272988319397,0.8095238208770752
l_curve_6,758,0.39298614859580994,0.8095238208770752
l_curve_6,759,0.39342576265335083,0.8095238208770752
l_curve_6,760,0.39328065514564514,0.8095238208770752
l_curve_6,761,0.39299139380455017,0.8095238208770752
l_curve_6,762,0.3933490514755249,0.8095238208770752
l_curve_6,763,0.3931589722633362,0.8095238208770752
l_curve_6,764,0.3932183086872101,0.8095238208770752
l_curve_6,765,0.393416166305542,0.8095238208770752
l_curve_6,766,0.39364075660705566,0.8095238208770752
l_curve_6,767,0.3935001790523529,0.8095238208770752
l_curve_6,768,0.39290377497673035,0.8095238208770752
l_curve_6,769,0.3929409682750702,0.8095238208770752
l_curve_6,770,0.39307865500450134,0.8095238208770752
l_curve_6,771,0.39359498023986816,0.8095238208770752
l_curve_6,772,0.39391207695007324,0.8095238208770752
l_curve_6,773,0.39406439661979675,0.8095238208770752
l_curve_6,774,0.393949955701828,0.8095238208770752
l_curve_6,775,0.393828809261322,0.8095238208770752
l_curve_6,776,0.3937394320964813,0.8095238208770752
l_curve_6,777,0.39431440830230713,0.8095238208770752
l_curve_6,778,0.39456966519355774,0.8095238208770752
l_curve_6,779,0.394356369972229,0.8095238208770752
l_curve_6,780,0.3942834436893463,0.8095238208770752
l_curve_6,781,0.39436477422714233,0.8095238208770752
l_curve_6,782,0.3944016993045807,0.8095238208770752
l_curve_6,783,0.3940272033214569,0.8095238208770752
l_curve_6,784,0.39366525411605835,0.8095238208770752
l_curve_6,785,0.39320141077041626,0.8095238208770752
l_curve_6,786,0.39341476559638977,0.8095238208770752
l_curve_6,787,0.39357230067253113,0.8095238208770752
l_curve_6,788,0.3940032422542572,0.8095238208770752
l_curve_6,789,0.39426612854003906,0.8095238208770752
l_curve_6,790,0.39375415444374084,0.8095238208770752
l_curve_6,791,0.3929708003997803,0.8095238208770752
l_curve_6,792,0.3926618695259094,0.8095238208770752
l_curve_6,793,0.39262399077415466,0.8095238208770752
l_curve_6,794,0.39270806312561035,0.8095238208770752
l_curve_6,795,0.3927372395992279,0.8095238208770752
l_curve_6,796,0.39289501309394836,0.8095238208770752
l_curve_6,797,0.3934655785560608,0.8095238208770752
l_curve_6,798,0.3931654989719391,0.8095238208770752
l_curve_6,799,0.39313724637031555,0.8095238208770752
l_curve_6,800,0.39287158846855164,0.8095238208770752
l_curve_6,801,0.392920583486557,0.8095238208770752
l_curve_6,802,0.3930060565471649,0.8095238208770752
l_curve_6,803,0.3930124044418335,0.8095238208770752
l_curve_6,804,0.3928394317626953,0.8095238208770752
l_curve_6,805,0.392681747674942,0.8095238208770752
l_curve_6,806,0.3931800425052643,0.8095238208770752
l_curve_6,807,0.39333534240722656,0.8095238208770752
l_curve_6,808,0.3930525481700897,0.8095238208770752
l_curve_6,809,0.39332136511802673,0.8095238208770752
l_curve_6,810,0.3936673104763031,0.8095238208770752
l_curve_6,811,0.39381667971611023,0.8095238208770752
l_curve_6,812,0.393622487783432,0.8095238208770752
l_curve_6,813,0.3931272029876709,0.8095238208770752
l_curve_6,814,0.3925448954105377,0.8095238208770752
l_curve_6,815,0.3923056125640869,0.8095238208770752
l_curve_6,816,0.392213374376297,0.8095238208770752
l_curve_6,817,0.3924644887447357,0.8095238208770752
l_curve_6,818,0.3923906981945038,0.8095238208770752
l_curve_6,819,0.3925188183784485,0.8095238208770752
l_curve_6,820,0.3924422562122345,0.8095238208770752
l_curve_6,821,0.3923550546169281,0.8095238208770752
l_curve_6,822,0.39254483580589294,0.8095238208770752
l_curve_6,823,0.39268916845321655,0.8095238208770752
l_curve_6,824,0.39200282096862793,0.8095238208770752
l_curve_6,825,0.39183130860328674,0.8095238208770752
l_curve_6,826,0.3915477395057678,0.8095238208770752
l_curve_6,827,0.39177459478378296,0.8095238208770752
l_curve_6,828,0.3919784128665924,0.8095238208770752
l_curve_6,829,0.39185985922813416,0.8095238208770752
l_curve_6,830,0.3926246166229248,0.8095238208770752
l_curve_6,831,0.39288362860679626,0.8095238208770752
l_curve_6,832,0.39310669898986816,0.8095238208770752
l_curve_6,833,0.393593430519104,0.8095238208770752
l_curve_6,834,0.3937988877296448,0.8095238208770752
l_curve_6,835,0.393989235162735,0.8095238208770752
l_curve_6,836,0.3940640985965729,0.8095238208770752
l_curve_6,837,0.3939630091190338,0.8095238208770752
l_curve_6,838,0.39349278807640076,0.8095238208770752
l_curve_6,839,0.39317840337753296,0.8095238208770752
l_curve_6,840,0.3930823802947998,0.8095238208770752
l_curve_6,841,0.39346250891685486,0.8095238208770752
l_curve_6,842,0.39313316345214844,0.8095238208770752
l_curve_6,843,0.3927902579307556,0.8095238208770752
l_curve_6,844,0.39301732182502747,0.8095238208770752
l_curve_6,845,0.3930947780609131,0.8095238208770752
l_curve_6,846,0.3933909237384796,0.8095238208770752
l_curve_6,847,0.3932017683982849,0.8095238208770752
l_curve_6,848,0.39327022433280945,0.8095238208770752
l_curve_6,849,0.3931591510772705,0.8095238208770752
l_curve_6,850,0.3937811255455017,0.8095238208770752
l_curve_6,851,0.3936275839805603,0.8095238208770752
l_curve_6,852,0.3939651846885681,0.8095238208770752
l_curve_6,853,0.39428409934043884,0.8095238208770752
l_curve_6,854,0.3952835500240326,0.8095238208770752
l_curve_6,855,0.3950516879558563,0.8095238208770752
l_curve_6,856,0.39500105381011963,0.8095238208770752
l_curve_6,857,0.39446282386779785,0.8095238208770752
l_curve_6,858,0.39389273524284363,0.8095238208770752
l_curve_6,859,0.3938060998916626,0.8095238208770752
l_curve_6,860,0.39419350028038025,0.8095238208770752
l_curve_6,861,0.3941210210323334,0.8095238208770752
l_curve_6,862,0.3941209316253662,0.8095238208770752
l_curve_6,863,0.39372801780700684,0.8095238208770752
l_curve_6,864,0.3938775658607483,0.8095238208770752
l_curve_6,865,0.39360758662223816,0.8095238208770752
l_curve_6,866,0.39398929476737976,0.8095238208770752
l_curve_6,867,0.39395296573638916,0.8095238208770752
l_curve_6,868,0.3939797878265381,0.8095238208770752
l_curve_6,869,0.39389941096305847,0.8095238208770752
l_curve_6,870,0.3937525153160095,0.8095238208770752
l_curve_6,871,0.39396876096725464,0.8095238208770752
l_curve_6,872,0.3933526873588562,0.8095238208770752
l_curve_6,873,0.3925543427467346,0.8095238208770752
l_curve_6,874,0.392605185508728,0.8095238208770752
l_curve_6,875,0.39268356561660767,0.8095238208770752
l_curve_6,876,0.392605185508728,0.8095238208770752
l_curve_6,877,0.39260753989219666,0.8095238208770752
l_curve_6,878,0.3925776779651642,0.8095238208770752
l_curve_6,879,0.39333248138427734,0.8095238208770752
l_curve_6,880,0.39354005455970764,0.8095238208770752
l_curve_6,881,0.39316582679748535,0.8095238208770752
l_curve_6,882,0.3927486836910248,0.8095238208770752
l_curve_6,883,0.3931896686553955,0.8095238208770752
l_curve_6,884,0.3933298587799072,0.8095238208770752
l_curve_6,885,0.39386385679244995,0.8095238208770752
l_curve_6,886,0.3936768174171448,0.8095238208770752
l_curve_6,887,0.3936149477958679,0.8095238208770752
l_curve_6,888,0.3933848440647125,0.8095238208770752
l_curve_6,889,0.3939119875431061,0.8095238208770752
l_curve_6,890,0.39429011940956116,0.8095238208770752
l_curve_6,891,0.3940928280353546,0.8095238208770752
l_curve_6,892,0.39435115456581116,0.8095238208770752
l_curve_6,893,0.39442697167396545,0.8095238208770752
l_curve_6,894,0.39419275522232056,0.8095238208770752
l_curve_6,895,0.3938218653202057,0.8095238208770752
l_curve_6,896,0.3931621313095093,0.8095238208770752
l_curve_6,897,0.39310315251350403,0.8095238208770752
l_curve_6,898,0.3931443691253662,0.8095238208770752
l_curve_6,899,0.39351972937583923,0.8095238208770752
l_curve_6,900,0.39360547065734863,0.8095238208770752
l_curve_6,901,0.3939264416694641,0.8095238208770752
l_curve_6,902,0.3939323425292969,0.8095238208770752
l_curve_6,903,0.3939734995365143,0.8095238208770752
l_curve_6,904,0.3936436176300049,0.8095238208770752
l_curve_6,905,0.3935723602771759,0.8095238208770752
l_curve_6,906,0.393417626619339,0.8095238208770752
l_curve_6,907,0.3934616446495056,0.8095238208770752
l_curve_6,908,0.39335495233535767,0.8095238208770752
l_curve_6,909,0.3936779499053955,0.8095238208770752
l_curve_6,910,0.39389193058013916,0.8095238208770752
l_curve_6,911,0.39372098445892334,0.8095238208770752
l_curve_6,912,0.39437204599380493,0.8095238208770752
l_curve_6,913,0.39402148127555847,0.8095238208770752
l_curve_6,914,0.39387398958206177,0.8095238208770752
l_curve_6,915,0.39339473843574524,0.8095238208770752
l_curve_6,916,0.39294859766960144,0.8095238208770752
l_curve_6,917,0.39276137948036194,0.8095238208770752
l_curve_6,918,0.39285677671432495,0.8095238208770752
l_curve_6,919,0.3926765024662018,0.8095238208770752
l_curve_6,920,0.39269083738327026,0.8095238208770752
l_curve_6,921,0.3931865096092224,0.8095238208770752
l_curve_6,922,0.3931525647640228,0.8095238208770752
l_curve_6,923,0.3930782675743103,0.8095238208770752
l_curve_6,924,0.3932736814022064,0.8095238208770752
l_curve_6,925,0.39306721091270447,0.8095238208770752
l_curve_6,926,0.3928288519382477,0.8095238208770752
l_curve_6,927,0.39327970147132874,0.8095238208770752
l_curve_6,928,0.39341217279434204,0.8095238208770752
l_curve_6,929,0.39336273074150085,0.8095238208770752
l_curve_6,930,0.3931806981563568,0.8095238208770752
l_curve_6,931,0.3932856023311615,0.8095238208770752
l_curve_6,932,0.39329779148101807,0.8095238208770752
l_curve_6,933,0.3933098614215851,0.8095238208770752
l_curve_6,934,0.3930110037326813,0.8095238208770752
l_curve_6,935,0.3931301534175873,0.8095238208770752
l_curve_6,936,0.3933277726173401,0.8095238208770752
l_curve_6,937,0.39382442831993103,0.8095238208770752
l_curve_6,938,0.39361727237701416,0.8095238208770752
l_curve_6,939,0.393228679895401,0.8095238208770752
l_curve_6,940,0.39398398995399475,0.8095238208770752
l_curve_6,941,0.3942926526069641,0.8095238208770752
l_curve_6,942,0.39472711086273193,0.8095238208770752
l_curve_6,943,0.3944798409938812,0.8095238208770752
l_curve_6,944,0.39379850029945374,0.8095238208770752
l_curve_6,945,0.3930710256099701,0.8095238208770752
l_curve_6,946,0.3927745223045349,0.8095238208770752
l_curve_6,947,0.39336830377578735,0.8095238208770752
l_curve_6,948,0.3935795724391937,0.8095238208770752
l_curve_6,949,0.39307576417922974,0.8095238208770752
l_curve_6,950,0.3926919400691986,0.8095238208770752
l_curve_6,951,0.3921128809452057,0.8095238208770752
l_curve_6,952,0.3916761875152588,0.8095238208770752
l_curve_6,953,0.3917480707168579,0.8095238208770752
l_curve_6,954,0.39204007387161255,0.8095238208770752
l_curve_6,955,0.39199718832969666,0.8095238208770752
l_curve_6,956,0.3918758034706116,0.8095238208770752
l_curve_6,957,0.39193788170814514,0.8095238208770752
l_curve_6,958,0.39200106263160706,0.8095238208770752
l_curve_6,959,0.3917204439640045,0.8095238208770752
l_curve_6,960,0.39173924922943115,0.8095238208770752
l_curve_6,961,0.3918478786945343,0.8095238208770752
l_curve_6,962,0.3914033770561218,0.8095238208770752
l_curve_6,963,0.3917962610721588,0.8095238208770752
l_curve_6,964,0.3916161060333252,0.8095238208770752
l_curve_6,965,0.3917713165283203,0.8095238208770752
l_curve_6,966,0.3918566107749939,0.8095238208770752
l_curve_6,967,0.39164265990257263,0.8095238208770752
l_curve_6,968,0.39116939902305603,0.8095238208770752
l_curve_6,969,0.39121013879776,0.8095238208770752
l_curve_6,970,0.3910025656223297,0.8095238208770752
l_curve_6,971,0.39095941185951233,0.8095238208770752
l_curve_6,972,0.39074257016181946,0.8095238208770752
l_curve_6,973,0.390014111995697,0.8095238208770752
l_curve_6,974,0.38980647921562195,0.8095238208770752
l_curve_6,975,0.389571875333786,0.8095238208770752
l_curve_6,976,0.38951805233955383,0.8095238208770752
l_curve_6,977,0.3894464075565338,0.8095238208770752
l_curve_6,978,0.3897804915904999,0.8095238208770752
l_curve_6,979,0.39015302062034607,0.8095238208770752
l_curve_6,980,0.3904346823692322,0.8095238208770752
l_curve_6,981,0.39025115966796875,0.8095238208770752
l_curve_6,982,0.3895849883556366,0.8095238208770752
l_curve_6,983,0.3889830410480499,0.8095238208770752
l_curve_6,984,0.3885689377784729,0.8095238208770752
l_curve_6,985,0.3886640667915344,0.8095238208770752
l_curve_6,986,0.3889304995536804,0.8095238208770752
l_curve_6,987,0.38931211829185486,0.8095238208770752
l_curve_6,988,0.3890223205089569,0.8095238208770752
l_curve_6,989,0.3887574374675751,0.8095238208770752
l_curve_6,990,0.3889234662055969,0.8095238208770752
l_curve_6,991,0.3894120752811432,0.8095238208770752
l_curve_6,992,0.3893393874168396,0.8095238208770752
l_curve_6,993,0.3889130651950836,0.8095238208770752
l_curve_6,994,0.38857901096343994,0.8095238208770752
l_curve_6,995,0.3885374963283539,0.8095238208770752
l_curve_6,996,0.3885022699832916,0.8095238208770752
l_curve_6,997,0.3885372579097748,0.8095238208770752
l_curve_6,998,0.38870957493782043,0.8095238208770752
l_curve_6,999,0.3887583315372467,0.8095238208770752
l_curve_6,1000,0.3884301483631134,0.8095238208770752
l_curve_6,1000,0.3884301483631134,0.8095238208770752
