client,round,loss,accuracy
l_curve_3,1,0.8372780084609985,0.5714285969734192
l_curve_3,2,0.8149679899215698,0.5714285969734192
l_curve_3,3,0.794327437877655,0.5714285969734192
l_curve_3,4,0.7751986384391785,0.5714285969734192
l_curve_3,5,0.7576085329055786,0.5714285969734192
l_curve_3,6,0.741295576095581,0.5714285969734192
l_curve_3,7,0.7259746789932251,0.5714285969734192
l_curve_3,8,0.7115321159362793,0.5714285969734192
l_curve_3,9,0.6979292035102844,0.5714285969734192
l_curve_3,10,0.6850415468215942,0.6666666865348816
l_curve_3,11,0.6727867126464844,0.6666666865348816
l_curve_3,12,0.6610650420188904,0.6666666865348816
l_curve_3,13,0.6498287320137024,0.7142857313156128
l_curve_3,14,0.6390641331672668,0.7142857313156128
l_curve_3,15,0.6286853551864624,0.7142857313156128
l_curve_3,16,0.6187699437141418,0.7142857313156128
l_curve_3,17,0.6092734336853027,0.7142857313156128
l_curve_3,18,0.6001919507980347,0.7142857313156128
l_curve_3,19,0.5915207266807556,0.7142857313156128
l_curve_3,20,0.583293080329895,0.7142857313156128
l_curve_3,21,0.5754658579826355,0.7142857313156128
l_curve_3,22,0.5680172443389893,0.7142857313156128
l_curve_3,23,0.5609967112541199,0.7142857313156128
l_curve_3,24,0.5543345808982849,0.7142857313156128
l_curve_3,25,0.548003077507019,0.7142857313156128
l_curve_3,26,0.5419297218322754,0.7142857313156128
l_curve_3,27,0.5361369252204895,0.761904776096344
l_curve_3,28,0.5306106805801392,0.761904776096344
l_curve_3,29,0.52530837059021,0.761904776096344
l_curve_3,30,0.520200252532959,0.761904776096344
l_curve_3,31,0.5153031945228577,0.761904776096344
l_curve_3,32,0.5105098485946655,0.8095238208770752
l_curve_3,33,0.5058465600013733,0.8095238208770752
l_curve_3,34,0.5013135075569153,0.8095238208770752
l_curve_3,35,0.4968931972980499,0.8095238208770752
l_curve_3,36,0.4925580620765686,0.8095238208770752
l_curve_3,37,0.48828989267349243,0.8095238208770752
l_curve_3,38,0.4840720593929291,0.8095238208770752
l_curve_3,39,0.4799676537513733,0.8095238208770752
l_curve_3,40,0.47590672969818115,0.8095238208770752
l_curve_3,41,0.47181564569473267,0.8095238208770752
l_curve_3,42,0.46781808137893677,0.8095238208770752
l_curve_3,43,0.4638892710208893,0.8095238208770752
l_curve_3,44,0.4600115716457367,0.8095238208770752
l_curve_3,45,0.45619797706604004,0.8095238208770752
l_curve_3,46,0.45241260528564453,0.8095238208770752
l_curve_3,47,0.44875138998031616,0.8095238208770752
l_curve_3,48,0.44519227743148804,0.8095238208770752
l_curve_3,49,0.4416968822479248,0.8095238208770752
l_curve_3,50,0.4382864236831665,0.8095238208770752
l_curve_3,51,0.43495669960975647,0.8095238208770752
l_curve_3,52,0.43172404170036316,0.8095238208770752
l_curve_3,53,0.428598552942276,0.8095238208770752
l_curve_3,54,0.42557403445243835,0.8095238208770752
l_curve_3,55,0.4226101338863373,0.8095238208770752
l_curve_3,56,0.4197440445423126,0.8095238208770752
l_curve_3,57,0.417013019323349,0.8095238208770752
l_curve_3,58,0.41433995962142944,0.8095238208770752
l_curve_3,59,0.41182753443717957,0.8095238208770752
l_curve_3,60,0.4094370901584625,0.8095238208770752
l_curve_3,61,0.4070875942707062,0.8095238208770752
l_curve_3,62,0.404817670583725,0.8095238208770752
l_curve_3,63,0.40263131260871887,0.8095238208770752
l_curve_3,64,0.4005245864391327,0.8095238208770752
l_curve_3,65,0.3985074460506439,0.8095238208770752
l_curve_3,66,0.39659276604652405,0.8095238208770752
l_curve_3,67,0.3947158455848694,0.8095238208770752
l_curve_3,68,0.3929134011268616,0.8095238208770752
l_curve_3,69,0.39117303490638733,0.8095238208770752
l_curve_3,70,0.38953956961631775,0.8095238208770752
l_curve_3,71,0.3879244327545166,0.8095238208770752
l_curve_3,72,0.3864060044288635,0.8095238208770752
l_curve_3,73,0.3849357068538666,0.8095238208770752
l_curve_3,74,0.3834729790687561,0.8095238208770752
l_curve_3,75,0.382088840007782,0.8095238208770752
l_curve_3,76,0.3807591199874878,0.8095238208770752
l_curve_3,77,0.3794648051261902,0.8095238208770752
l_curve_3,78,0.3782184422016144,0.8095238208770752
l_curve_3,79,0.37706053256988525,0.8095238208770752
l_curve_3,80,0.37594106793403625,0.8095238208770752
l_curve_3,81,0.37483224272727966,0.8095238208770752
l_curve_3,82,0.3737935721874237,0.8095238208770752
l_curve_3,83,0.37286925315856934,0.8095238208770752
l_curve_3,84,0.37197935581207275,0.8095238208770752
l_curve_3,85,0.37108761072158813,0.8095238208770752
l_curve_3,86,0.3702353537082672,0.8095238208770752
l_curve_3,87,0.36938947439193726,0.8095238208770752
l_curve_3,88,0.3685854971408844,0.8095238208770752
l_curve_3,89,0.3678220808506012,0.8095238208770752
l_curve_3,90,0.36711573600769043,0.8095238208770752
l_curve_3,91,0.3663521409034729,0.8095238208770752
l_curve_3,92,0.3656400144100189,0.8095238208770752
l_curve_3,93,0.36499348282814026,0.8095238208770752
l_curve_3,94,0.36436352133750916,0.8095238208770752
l_curve_3,95,0.36378055810928345,0.8095238208770752
l_curve_3,96,0.36325204372406006,0.8095238208770752
l_curve_3,97,0.3627534508705139,0.8095238208770752
l_curve_3,98,0.362195760011673,0.8095238208770752
l_curve_3,99,0.3617265820503235,0.8095238208770752
l_curve_3,100,0.36126989126205444,0.8095238208770752
l_curve_3,101,0.36080068349838257,0.8095238208770752
l_curve_3,102,0.36034926772117615,0.8095238208770752
l_curve_3,103,0.3598937392234802,0.8095238208770752
l_curve_3,104,0.35940730571746826,0.8095238208770752
l_curve_3,105,0.35895657539367676,0.8095238208770752
l_curve_3,106,0.35852932929992676,0.8095238208770752
l_curve_3,107,0.35818952322006226,0.8095238208770752
l_curve_3,108,0.35784024000167847,0.8095238208770752
l_curve_3,109,0.3575102686882019,0.8095238208770752
l_curve_3,110,0.35715118050575256,0.8095238208770752
l_curve_3,111,0.3568011224269867,0.8095238208770752
l_curve_3,112,0.3565073609352112,0.8095238208770752
l_curve_3,113,0.35623204708099365,0.8095238208770752
l_curve_3,114,0.3560115396976471,0.8095238208770752
l_curve_3,115,0.35575369000434875,0.8095238208770752
l_curve_3,116,0.35545632243156433,0.8095238208770752
l_curve_3,117,0.35523152351379395,0.8095238208770752
l_curve_3,118,0.35497617721557617,0.8095238208770752
l_curve_3,119,0.3547506034374237,0.8095238208770752
l_curve_3,120,0.3546043038368225,0.8095238208770752
l_curve_3,121,0.35437843203544617,0.8095238208770752
l_curve_3,122,0.35407954454421997,0.8095238208770752
l_curve_3,123,0.3537200689315796,0.8095238208770752
l_curve_3,124,0.3534158766269684,0.8095238208770752
l_curve_3,125,0.3531447649002075,0.8095238208770752
l_curve_3,126,0.3529246747493744,0.8095238208770752
l_curve_3,127,0.3527275621891022,0.8095238208770752
l_curve_3,128,0.3525421917438507,0.8095238208770752
l_curve_3,129,0.3523572087287903,0.8095238208770752
l_curve_3,130,0.3521864712238312,0.8095238208770752
l_curve_3,131,0.35202330350875854,0.8095238208770752
l_curve_3,132,0.351791650056839,0.8095238208770752
l_curve_3,133,0.35152238607406616,0.8095238208770752
l_curve_3,134,0.35139480233192444,0.8095238208770752
l_curve_3,135,0.35122308135032654,0.8095238208770752
l_curve_3,136,0.35106930136680603,0.8095238208770752
l_curve_3,137,0.35094261169433594,0.8095238208770752
l_curve_3,138,0.3508009612560272,0.8095238208770752
l_curve_3,139,0.35069265961647034,0.8095238208770752
l_curve_3,140,0.3505017161369324,0.8095238208770752
l_curve_3,141,0.3503338396549225,0.8095238208770752
l_curve_3,142,0.3501262068748474,0.8095238208770752
l_curve_3,143,0.3499698042869568,0.8095238208770752
l_curve_3,144,0.3497470021247864,0.8095238208770752
l_curve_3,145,0.34957757592201233,0.8095238208770752
l_curve_3,146,0.3494030833244324,0.8095238208770752
l_curve_3,147,0.34919971227645874,0.8095238208770752
l_curve_3,148,0.34899917244911194,0.8095238208770752
l_curve_3,149,0.3488468825817108,0.8095238208770752
l_curve_3,150,0.3486931324005127,0.8095238208770752
l_curve_3,151,0.3485000729560852,0.8095238208770752
l_curve_3,152,0.3483692407608032,0.8095238208770752
l_curve_3,153,0.34819719195365906,0.8095238208770752
l_curve_3,154,0.3479817509651184,0.8095238208770752
l_curve_3,155,0.34780603647232056,0.8095238208770752
l_curve_3,156,0.3476369380950928,0.8095238208770752
l_curve_3,157,0.34747594594955444,0.8095238208770752
l_curve_3,158,0.34727635979652405,0.8095238208770752
l_curve_3,159,0.3471469283103943,0.8095238208770752
l_curve_3,160,0.34700384736061096,0.8095238208770752
l_curve_3,161,0.34691378474235535,0.8095238208770752
l_curve_3,162,0.3467434346675873,0.8095238208770752
l_curve_3,163,0.34664225578308105,0.8095238208770752
l_curve_3,164,0.34651660919189453,0.8095238208770752
l_curve_3,165,0.3462713360786438,0.8095238208770752
l_curve_3,166,0.3461339771747589,0.8095238208770752
l_curve_3,167,0.3459959328174591,0.8095238208770752
l_curve_3,168,0.3459171652793884,0.8095238208770752
l_curve_3,169,0.34580063819885254,0.8095238208770752
l_curve_3,170,0.34561312198638916,0.8095238208770752
l_curve_3,171,0.3454509973526001,0.8571428656578064
l_curve_3,172,0.3451789915561676,0.8571428656578064
l_curve_3,173,0.34493348002433777,0.8571428656578064
l_curve_3,174,0.34471818804740906,0.8571428656578064
l_curve_3,175,0.344474732875824,0.8571428656578064
l_curve_3,176,0.3442886471748352,0.8571428656578064
l_curve_3,177,0.34411922097206116,0.8571428656578064
l_curve_3,178,0.3439226746559143,0.8571428656578064
l_curve_3,179,0.34370315074920654,0.8571428656578064
l_curve_3,180,0.34343063831329346,0.8571428656578064
l_curve_3,181,0.3432643413543701,0.8571428656578064
l_curve_3,182,0.3429951071739197,0.8571428656578064
l_curve_3,183,0.3427014946937561,0.8571428656578064
l_curve_3,184,0.34251880645751953,0.8571428656578064
l_curve_3,185,0.34230008721351624,0.8571428656578064
l_curve_3,186,0.3421039879322052,0.8571428656578064
l_curve_3,187,0.34191644191741943,0.8571428656578064
l_curve_3,188,0.3417649269104004,0.8571428656578064
l_curve_3,189,0.3415427803993225,0.8571428656578064
l_curve_3,190,0.34140080213546753,0.8571428656578064
l_curve_3,191,0.3412245213985443,0.8571428656578064
l_curve_3,192,0.3410165309906006,0.8571428656578064
l_curve_3,193,0.34071487188339233,0.8571428656578064
l_curve_3,194,0.3405008316040039,0.8571428656578064
l_curve_3,195,0.3402229845523834,0.8571428656578064
l_curve_3,196,0.33995240926742554,0.8571428656578064
l_curve_3,197,0.3397351801395416,0.8571428656578064
l_curve_3,198,0.33950772881507874,0.8571428656578064
l_curve_3,199,0.3392886519432068,0.8571428656578064
l_curve_3,200,0.3390883505344391,0.8571428656578064
l_curve_3,201,0.3387848436832428,0.8571428656578064
l_curve_3,202,0.338398814201355,0.8571428656578064
l_curve_3,203,0.3381248116493225,0.8571428656578064
l_curve_3,204,0.3378135561943054,0.8571428656578064
l_curve_3,205,0.33749890327453613,0.8571428656578064
l_curve_3,206,0.3373033404350281,0.8571428656578064
l_curve_3,207,0.3370460569858551,0.8571428656578064
l_curve_3,208,0.33679258823394775,0.8571428656578064
l_curve_3,209,0.33659639954566956,0.8571428656578064
l_curve_3,210,0.336286336183548,0.8571428656578064
l_curve_3,211,0.33606046438217163,0.8571428656578064
l_curve_3,212,0.3358934223651886,0.8571428656578064
l_curve_3,213,0.3356170356273651,0.8571428656578064
l_curve_3,214,0.335309237241745,0.8571428656578064
l_curve_3,215,0.33500656485557556,0.8571428656578064
l_curve_3,216,0.3347620368003845,0.8571428656578064
l_curve_3,217,0.33444666862487793,0.8571428656578064
l_curve_3,218,0.33418792486190796,0.8571428656578064
l_curve_3,219,0.3339215815067291,0.8571428656578064
l_curve_3,220,0.3336380422115326,0.8571428656578064
l_curve_3,221,0.3333638310432434,0.8571428656578064
l_curve_3,222,0.33301588892936707,0.8571428656578064
l_curve_3,223,0.3327275812625885,0.8571428656578064
l_curve_3,224,0.3324892520904541,0.8571428656578064
l_curve_3,225,0.3322976231575012,0.8571428656578064
l_curve_3,226,0.33205556869506836,0.8571428656578064
l_curve_3,227,0.331855446100235,0.8571428656578064
l_curve_3,228,0.3315786123275757,0.8571428656578064
l_curve_3,229,0.33124446868896484,0.8571428656578064
l_curve_3,230,0.33094534277915955,0.8571428656578064
l_curve_3,231,0.33061882853507996,0.8571428656578064
l_curve_3,232,0.3303239941596985,0.8571428656578064
l_curve_3,233,0.3300558030605316,0.8571428656578064
l_curve_3,234,0.32980936765670776,0.8571428656578064
l_curve_3,235,0.32952171564102173,0.8571428656578064
l_curve_3,236,0.32909831404685974,0.8571428656578064
l_curve_3,237,0.3287830948829651,0.8571428656578064
l_curve_3,238,0.32842299342155457,0.8571428656578064
l_curve_3,239,0.3280300498008728,0.8571428656578064
l_curve_3,240,0.32762330770492554,0.8571428656578064
l_curve_3,241,0.32717451453208923,0.8571428656578064
l_curve_3,242,0.32684001326560974,0.8571428656578064
l_curve_3,243,0.32657119631767273,0.8571428656578064
l_curve_3,244,0.32639485597610474,0.8571428656578064
l_curve_3,245,0.32615503668785095,0.8571428656578064
l_curve_3,246,0.3259246051311493,0.8571428656578064
l_curve_3,247,0.3255624771118164,0.8571428656578064
l_curve_3,248,0.32520198822021484,0.8571428656578064
l_curve_3,249,0.32478252053260803,0.8571428656578064
l_curve_3,250,0.3244878053665161,0.8571428656578064
l_curve_3,251,0.32415011525154114,0.8571428656578064
l_curve_3,252,0.3237980306148529,0.8571428656578064
l_curve_3,253,0.32343533635139465,0.8571428656578064
l_curve_3,254,0.32299089431762695,0.8571428656578064
l_curve_3,255,0.3226822316646576,0.8571428656578064
l_curve_3,256,0.32232776284217834,0.8571428656578064
l_curve_3,257,0.32198646664619446,0.8571428656578064
l_curve_3,258,0.32167237997055054,0.8571428656578064
l_curve_3,259,0.32142025232315063,0.8571428656578064
l_curve_3,260,0.32110098004341125,0.8571428656578064
l_curve_3,261,0.3208794891834259,0.8571428656578064
l_curve_3,262,0.32057303190231323,0.8571428656578064
l_curve_3,263,0.3202759325504303,0.8571428656578064
l_curve_3,264,0.31990987062454224,0.8571428656578064
l_curve_3,265,0.3195417821407318,0.8571428656578064
l_curve_3,266,0.31907176971435547,0.8571428656578064
l_curve_3,267,0.3186342418193817,0.8571428656578064
l_curve_3,268,0.3182736933231354,0.8571428656578064
l_curve_3,269,0.31790873408317566,0.8571428656578064
l_curve_3,270,0.31764331459999084,0.8571428656578064
l_curve_3,271,0.31725218892097473,0.8571428656578064
l_curve_3,272,0.3168550729751587,0.8571428656578064
l_curve_3,273,0.3164936900138855,0.8571428656578064
l_curve_3,274,0.31610924005508423,0.8571428656578064
l_curve_3,275,0.3157130777835846,0.8571428656578064
l_curve_3,276,0.31545740365982056,0.8571428656578064
l_curve_3,277,0.31509798765182495,0.8571428656578064
l_curve_3,278,0.3147508203983307,0.8571428656578064
l_curve_3,279,0.3144179582595825,0.8571428656578064
l_curve_3,280,0.31400224566459656,0.8571428656578064
l_curve_3,281,0.3135514557361603,0.8571428656578064
l_curve_3,282,0.31314173340797424,0.8571428656578064
l_curve_3,283,0.3127171993255615,0.8571428656578064
l_curve_3,284,0.31242236495018005,0.8571428656578064
l_curve_3,285,0.3121025860309601,0.8571428656578064
l_curve_3,286,0.31168001890182495,0.8571428656578064
l_curve_3,287,0.31115424633026123,0.8571428656578064
l_curve_3,288,0.31069955229759216,0.8571428656578064
l_curve_3,289,0.31034284830093384,0.8571428656578064
l_curve_3,290,0.3100752532482147,0.8571428656578064
l_curve_3,291,0.3097228407859802,0.8571428656578064
l_curve_3,292,0.3092772364616394,0.8571428656578064
l_curve_3,293,0.308835506439209,0.8571428656578064
l_curve_3,294,0.30833539366722107,0.8571428656578064
l_curve_3,295,0.30789899826049805,0.8571428656578064
l_curve_3,296,0.3076417148113251,0.8571428656578064
l_curve_3,297,0.3072882890701294,0.8571428656578064
l_curve_3,298,0.3069394528865814,0.8571428656578064
l_curve_3,299,0.30648937821388245,0.8571428656578064
l_curve_3,300,0.30613428354263306,0.8571428656578064
l_curve_3,301,0.3057843744754791,0.8571428656578064
l_curve_3,302,0.30543723702430725,0.8571428656578064
l_curve_3,303,0.30492454767227173,0.8571428656578064
l_curve_3,304,0.30438414216041565,0.8571428656578064
l_curve_3,305,0.3039306104183197,0.8571428656578064
l_curve_3,306,0.3035803437232971,0.8571428656578064
l_curve_3,307,0.30330294370651245,0.8571428656578064
l_curve_3,308,0.30287495255470276,0.8571428656578064
l_curve_3,309,0.3025420308113098,0.8571428656578064
l_curve_3,310,0.3020283281803131,0.8571428656578064
l_curve_3,311,0.3015775978565216,0.8571428656578064
l_curve_3,312,0.3010963499546051,0.8571428656578064
l_curve_3,313,0.3006349205970764,0.8571428656578064
l_curve_3,314,0.30007705092430115,0.8571428656578064
l_curve_3,315,0.2995849847793579,0.8571428656578064
l_curve_3,316,0.2992357015609741,0.8571428656578064
l_curve_3,317,0.29878005385398865,0.8571428656578064
l_curve_3,318,0.29842084646224976,0.8571428656578064
l_curve_3,319,0.2979487180709839,0.8571428656578064
l_curve_3,320,0.2975018620491028,0.8571428656578064
l_curve_3,321,0.2971527874469757,0.8571428656578064
l_curve_3,322,0.29670435190200806,0.8571428656578064
l_curve_3,323,0.2961125075817108,0.8571428656578064
l_curve_3,324,0.2955443561077118,0.8571428656578064
l_curve_3,325,0.2952050268650055,0.8571428656578064
l_curve_3,326,0.2947772443294525,0.8571428656578064
l_curve_3,327,0.29434704780578613,0.8571428656578064
l_curve_3,328,0.2939133048057556,0.8571428656578064
l_curve_3,329,0.2934650182723999,0.8571428656578064
l_curve_3,330,0.293033629655838,0.8571428656578064
l_curve_3,331,0.2927183508872986,0.8571428656578064
l_curve_3,332,0.2924204468727112,0.8571428656578064
l_curve_3,333,0.29199472069740295,0.8571428656578064
l_curve_3,334,0.2915450632572174,0.8571428656578064
l_curve_3,335,0.2909652292728424,0.8571428656578064
l_curve_3,336,0.2905779480934143,0.8571428656578064
l_curve_3,337,0.2901247441768646,0.8571428656578064
l_curve_3,338,0.2898430824279785,0.8571428656578064
l_curve_3,339,0.2893582582473755,0.8571428656578064
l_curve_3,340,0.2888694107532501,0.8571428656578064
l_curve_3,341,0.28836530447006226,0.8571428656578064
l_curve_3,342,0.2879563271999359,0.8571428656578064
l_curve_3,343,0.2874232828617096,0.8571428656578064
l_curve_3,344,0.2870192229747772,0.8571428656578064
l_curve_3,345,0.2865047752857208,0.8571428656578064
l_curve_3,346,0.2860216796398163,0.8571428656578064
l_curve_3,347,0.2855645418167114,0.8571428656578064
l_curve_3,348,0.28506579995155334,0.8571428656578064
l_curve_3,349,0.2846410870552063,0.8571428656578064
l_curve_3,350,0.2840394377708435,0.8571428656578064
l_curve_3,351,0.28356069326400757,0.8571428656578064
l_curve_3,352,0.2830473780632019,0.8571428656578064
l_curve_3,353,0.2826622426509857,0.8571428656578064
l_curve_3,354,0.282264769077301,0.8571428656578064
l_curve_3,355,0.2817813754081726,0.8571428656578064
l_curve_3,356,0.2812712788581848,0.8571428656578064
l_curve_3,357,0.28082332015037537,0.8571428656578064
l_curve_3,358,0.28032824397087097,0.8571428656578064
l_curve_3,359,0.2799908220767975,0.8571428656578064
l_curve_3,360,0.2796708345413208,0.8571428656578064
l_curve_3,361,0.2791447043418884,0.8571428656578064
l_curve_3,362,0.2786523699760437,0.8571428656578064
l_curve_3,363,0.2780568301677704,0.8571428656578064
l_curve_3,364,0.2776353359222412,0.8571428656578064
l_curve_3,365,0.27716028690338135,0.8571428656578064
l_curve_3,366,0.2767890393733978,0.8571428656578064
l_curve_3,367,0.2762056887149811,0.8571428656578064
l_curve_3,368,0.27576833963394165,0.8571428656578064
l_curve_3,369,0.27533477544784546,0.8571428656578064
l_curve_3,370,0.2749498784542084,0.8571428656578064
l_curve_3,371,0.27447348833084106,0.8571428656578064
l_curve_3,372,0.27400895953178406,0.8571428656578064
l_curve_3,373,0.27345919609069824,0.8571428656578064
l_curve_3,374,0.2730812430381775,0.8571428656578064
l_curve_3,375,0.27253180742263794,0.8571428656578064
l_curve_3,376,0.27196937799453735,0.8571428656578064
l_curve_3,377,0.27145254611968994,0.8571428656578064
l_curve_3,378,0.270916610956192,0.8571428656578064
l_curve_3,379,0.2704348564147949,0.8571428656578064
l_curve_3,380,0.2700446546077728,0.8571428656578064
l_curve_3,381,0.26950985193252563,0.8571428656578064
l_curve_3,382,0.26896366477012634,0.8571428656578064
l_curve_3,383,0.2683956027030945,0.8571428656578064
l_curve_3,384,0.26786476373672485,0.8571428656578064
l_curve_3,385,0.2674001455307007,0.8571428656578064
l_curve_3,386,0.26698586344718933,0.8571428656578064
l_curve_3,387,0.26640599966049194,0.8571428656578064
l_curve_3,388,0.26596906781196594,0.8571428656578064
l_curve_3,389,0.2654688358306885,0.8571428656578064
l_curve_3,390,0.26513510942459106,0.8571428656578064
l_curve_3,391,0.26465511322021484,0.8571428656578064
l_curve_3,392,0.2642127573490143,0.8571428656578064
l_curve_3,393,0.2637723684310913,0.8571428656578064
l_curve_3,394,0.2632293105125427,0.8571428656578064
l_curve_3,395,0.2627573013305664,0.8571428656578064
l_curve_3,396,0.2623879015445709,0.8571428656578064
l_curve_3,397,0.2619452178478241,0.8571428656578064
l_curve_3,398,0.2614583373069763,0.8571428656578064
l_curve_3,399,0.26087966561317444,0.8571428656578064
l_curve_3,400,0.2603016793727875,0.8571428656578064
l_curve_3,401,0.2599639296531677,0.8571428656578064
l_curve_3,402,0.25954410433769226,0.8571428656578064
l_curve_3,403,0.25907960534095764,0.8571428656578064
l_curve_3,404,0.2585451900959015,0.8571428656578064
l_curve_3,405,0.2580943703651428,0.8571428656578064
l_curve_3,406,0.25774917006492615,0.8571428656578064
l_curve_3,407,0.2572798430919647,0.8571428656578064
l_curve_3,408,0.25677016377449036,0.8571428656578064
l_curve_3,409,0.2562503218650818,0.8571428656578064
l_curve_3,410,0.255644291639328,0.8571428656578064
l_curve_3,411,0.2551739513874054,0.8571428656578064
l_curve_3,412,0.25474661588668823,0.8571428656578064
l_curve_3,413,0.25433674454689026,0.8571428656578064
l_curve_3,414,0.25380948185920715,0.8571428656578064
l_curve_3,415,0.2532111704349518,0.8571428656578064
l_curve_3,416,0.2525607645511627,0.8571428656578064
l_curve_3,417,0.25195690989494324,0.8571428656578064
l_curve_3,418,0.25166234374046326,0.8571428656578064
l_curve_3,419,0.25130733847618103,0.8571428656578064
l_curve_3,420,0.2508014142513275,0.8571428656578064
l_curve_3,421,0.2502880096435547,0.8571428656578064
l_curve_3,422,0.24977390468120575,0.8571428656578064
l_curve_3,423,0.24925413727760315,0.8571428656578064
l_curve_3,424,0.24873821437358856,0.8571428656578064
l_curve_3,425,0.24818259477615356,0.8571428656578064
l_curve_3,426,0.2476767748594284,0.8571428656578064
l_curve_3,427,0.2472132295370102,0.8571428656578064
l_curve_3,428,0.24685299396514893,0.8571428656578064
l_curve_3,429,0.2465042620897293,0.8571428656578064
l_curve_3,430,0.24605083465576172,0.8571428656578064
l_curve_3,431,0.24553567171096802,0.8571428656578064
l_curve_3,432,0.24505320191383362,0.9047619104385376
l_curve_3,433,0.24440662562847137,0.9047619104385376
l_curve_3,434,0.24388472735881805,0.9047619104385376
l_curve_3,435,0.24346396327018738,0.9047619104385376
l_curve_3,436,0.24302273988723755,0.9047619104385376
l_curve_3,437,0.24247533082962036,0.9047619104385376
l_curve_3,438,0.24199585616588593,0.9047619104385376
l_curve_3,439,0.24143557250499725,0.9047619104385376
l_curve_3,440,0.24087770283222198,0.9047619104385376
l_curve_3,441,0.24044908583164215,0.9047619104385376
l_curve_3,442,0.24007254838943481,0.9047619104385376
l_curve_3,443,0.23959891498088837,0.9047619104385376
l_curve_3,444,0.23921748995780945,0.9047619104385376
l_curve_3,445,0.23882271349430084,0.9047619104385376
l_curve_3,446,0.23831553757190704,0.9047619104385376
l_curve_3,447,0.23791252076625824,0.9047619104385376
l_curve_3,448,0.2375202178955078,0.9047619104385376
l_curve_3,449,0.2370338886976242,0.9047619104385376
l_curve_3,450,0.2365199327468872,0.9047619104385376
l_curve_3,451,0.23606634140014648,0.9047619104385376
l_curve_3,452,0.23561647534370422,0.9047619104385376
l_curve_3,453,0.2351265847682953,0.9047619104385376
l_curve_3,454,0.2346314936876297,0.9047619104385376
l_curve_3,455,0.23427966237068176,0.9047619104385376
l_curve_3,456,0.23376715183258057,0.9047619104385376
l_curve_3,457,0.2332133948802948,0.9047619104385376
l_curve_3,458,0.2329409271478653,0.9047619104385376
l_curve_3,459,0.23248082399368286,0.9047619104385376
l_curve_3,460,0.23196472227573395,0.9047619104385376
l_curve_3,461,0.23143170773983002,0.9047619104385376
l_curve_3,462,0.23107144236564636,0.9047619104385376
l_curve_3,463,0.23073355853557587,0.9047619104385376
l_curve_3,464,0.23039458692073822,0.9047619104385376
l_curve_3,465,0.23007170855998993,0.9047619104385376
l_curve_3,466,0.22970108687877655,0.9047619104385376
l_curve_3,467,0.22903425991535187,0.9047619104385376
l_curve_3,468,0.2285049557685852,0.9047619104385376
l_curve_3,469,0.22789891064167023,0.9047619104385376
l_curve_3,470,0.2273821383714676,0.9047619104385376
l_curve_3,471,0.22676454484462738,0.9047619104385376
l_curve_3,472,0.22633998095989227,0.9047619104385376
l_curve_3,473,0.22587446868419647,0.9047619104385376
l_curve_3,474,0.2253189980983734,0.9047619104385376
l_curve_3,475,0.22486825287342072,0.9047619104385376
l_curve_3,476,0.22441734373569489,0.9047619104385376
l_curve_3,477,0.2240157425403595,0.9047619104385376
l_curve_3,478,0.22377990186214447,0.9047619104385376
l_curve_3,479,0.22351369261741638,0.9047619104385376
l_curve_3,480,0.2229311764240265,0.9047619104385376
l_curve_3,481,0.22238795459270477,0.9047619104385376
l_curve_3,482,0.2218659669160843,0.9047619104385376
l_curve_3,483,0.22145970165729523,0.9047619104385376
l_curve_3,484,0.22095012664794922,0.9047619104385376
l_curve_3,485,0.2205863744020462,0.9047619104385376
l_curve_3,486,0.22017137706279755,0.9047619104385376
l_curve_3,487,0.21980416774749756,0.9047619104385376
l_curve_3,488,0.21930226683616638,0.9047619104385376
l_curve_3,489,0.218828946352005,0.9047619104385376
l_curve_3,490,0.21832972764968872,0.9047619104385376
l_curve_3,491,0.2178327888250351,0.9047619104385376
l_curve_3,492,0.21738065779209137,0.9047619104385376
l_curve_3,493,0.21699278056621552,0.9047619104385376
l_curve_3,494,0.2165748029947281,0.9047619104385376
l_curve_3,495,0.2160707712173462,0.9047619104385376
l_curve_3,496,0.21554769575595856,0.9047619104385376
l_curve_3,497,0.21504949033260345,0.9047619104385376
l_curve_3,498,0.2145344465970993,0.9047619104385376
l_curve_3,499,0.2139366716146469,0.9047619104385376
l_curve_3,500,0.21343573927879333,0.9047619104385376
l_curve_3,501,0.21314570307731628,0.9047619104385376
l_curve_3,502,0.21283383667469025,0.9047619104385376
l_curve_3,503,0.21234829723834991,0.9047619104385376
l_curve_3,504,0.21183569729328156,0.9047619104385376
l_curve_3,505,0.21144242584705353,0.9047619104385376
l_curve_3,506,0.2110501229763031,0.9047619104385376
l_curve_3,507,0.2104181945323944,0.9047619104385376
l_curve_3,508,0.2100127935409546,0.9047619104385376
l_curve_3,509,0.20975138247013092,0.9047619104385376
l_curve_3,510,0.20953841507434845,0.9047619104385376
l_curve_3,511,0.2093038111925125,0.9047619104385376
l_curve_3,512,0.20862124860286713,0.9047619104385376
l_curve_3,513,0.2079925835132599,0.9047619104385376
l_curve_3,514,0.2075852006673813,0.9047619104385376
l_curve_3,515,0.20720840990543365,0.9047619104385376
l_curve_3,516,0.20669963955879211,0.9047619104385376
l_curve_3,517,0.2064158320426941,0.9047619104385376
l_curve_3,518,0.20608997344970703,0.9047619104385376
l_curve_3,519,0.20575793087482452,0.9047619104385376
l_curve_3,520,0.20536275207996368,0.9047619104385376
l_curve_3,521,0.2050808221101761,0.9047619104385376
l_curve_3,522,0.2047826200723648,0.9047619104385376
l_curve_3,523,0.20427456498146057,0.9047619104385376
l_curve_3,524,0.20379053056240082,0.9047619104385376
l_curve_3,525,0.2033536285161972,0.9047619104385376
l_curve_3,526,0.20285113155841827,0.9047619104385376
l_curve_3,527,0.2024250477552414,0.9047619104385376
l_curve_3,528,0.2020595222711563,0.9047619104385376
l_curve_3,529,0.20159733295440674,0.9047619104385376
l_curve_3,530,0.20106974244117737,0.9047619104385376
l_curve_3,531,0.20057575404644012,0.9047619104385376
l_curve_3,532,0.20001865923404694,0.9047619104385376
l_curve_3,533,0.1996086686849594,0.9047619104385376
l_curve_3,534,0.1991771012544632,0.9047619104385376
l_curve_3,535,0.19886787235736847,0.9047619104385376
l_curve_3,536,0.19840362668037415,0.9047619104385376
l_curve_3,537,0.19796103239059448,0.9047619104385376
l_curve_3,538,0.19749248027801514,0.9047619104385376
l_curve_3,539,0.19704096019268036,0.9047619104385376
l_curve_3,540,0.19658304750919342,0.9047619104385376
l_curve_3,541,0.19619175791740417,0.9047619104385376
l_curve_3,542,0.19592666625976562,0.9047619104385376
l_curve_3,543,0.19574975967407227,0.9047619104385376
l_curve_3,544,0.19551880657672882,0.9047619104385376
l_curve_3,545,0.19511517882347107,0.9047619104385376
l_curve_3,546,0.19458182156085968,0.9047619104385376
l_curve_3,547,0.19417235255241394,0.9047619104385376
l_curve_3,548,0.1938290297985077,0.9047619104385376
l_curve_3,549,0.19341009855270386,0.9047619104385376
l_curve_3,550,0.1929343342781067,0.9047619104385376
l_curve_3,551,0.19250714778900146,0.9047619104385376
l_curve_3,552,0.19209975004196167,0.9047619104385376
l_curve_3,553,0.19169408082962036,0.9047619104385376
l_curve_3,554,0.19122375547885895,0.9047619104385376
l_curve_3,555,0.1905856430530548,0.9047619104385376
l_curve_3,556,0.18997888267040253,0.9047619104385376
l_curve_3,557,0.18964803218841553,0.9047619104385376
l_curve_3,558,0.18941661715507507,0.9047619104385376
l_curve_3,559,0.18914347887039185,0.9047619104385376
l_curve_3,560,0.18878524005413055,0.9047619104385376
l_curve_3,561,0.18837472796440125,0.9047619104385376
l_curve_3,562,0.18788953125476837,0.9047619104385376
l_curve_3,563,0.18753363192081451,0.9047619104385376
l_curve_3,564,0.18718260526657104,0.9047619104385376
l_curve_3,565,0.1867411881685257,0.9047619104385376
l_curve_3,566,0.18641622364521027,0.9047619104385376
l_curve_3,567,0.18594014644622803,0.9047619104385376
l_curve_3,568,0.18570218980312347,0.9047619104385376
l_curve_3,569,0.18528565764427185,0.9047619104385376
l_curve_3,570,0.18490664660930634,0.9047619104385376
l_curve_3,571,0.18447569012641907,0.9047619104385376
l_curve_3,572,0.18410752713680267,0.9047619104385376
l_curve_3,573,0.1836104393005371,0.9047619104385376
l_curve_3,574,0.18300938606262207,0.9047619104385376
l_curve_3,575,0.18246997892856598,0.9047619104385376
l_curve_3,576,0.18200306594371796,0.9047619104385376
l_curve_3,577,0.18163281679153442,0.9047619104385376
l_curve_3,578,0.18131878972053528,0.9047619104385376
l_curve_3,579,0.1811051368713379,0.9047619104385376
l_curve_3,580,0.18084022402763367,0.9047619104385376
l_curve_3,581,0.18051663041114807,0.9047619104385376
l_curve_3,582,0.18013793230056763,0.9047619104385376
l_curve_3,583,0.17978118360042572,0.9047619104385376
l_curve_3,584,0.179513618350029,0.9047619104385376
l_curve_3,585,0.17915163934230804,0.9047619104385376
l_curve_3,586,0.17875687777996063,0.9047619104385376
l_curve_3,587,0.1782371699810028,0.9047619104385376
l_curve_3,588,0.1779247671365738,0.9047619104385376
l_curve_3,589,0.17759141325950623,0.9047619104385376
l_curve_3,590,0.17726872861385345,0.9047619104385376
l_curve_3,591,0.17678044736385345,0.9047619104385376
l_curve_3,592,0.17650236189365387,0.9047619104385376
l_curve_3,593,0.1761094480752945,0.9047619104385376
l_curve_3,594,0.17570741474628448,0.9047619104385376
l_curve_3,595,0.175466388463974,0.9047619104385376
l_curve_3,596,0.17516076564788818,0.9047619104385376
l_curve_3,597,0.1749340146780014,0.9047619104385376
l_curve_3,598,0.174571692943573,0.9047619104385376
l_curve_3,599,0.17424316704273224,0.9047619104385376
l_curve_3,600,0.1738498955965042,0.9047619104385376
l_curve_3,601,0.17351698875427246,0.9047619104385376
l_curve_3,602,0.17324687540531158,0.9047619104385376
l_curve_3,603,0.17300711572170258,0.9047619104385376
l_curve_3,604,0.17251761257648468,0.9047619104385376
l_curve_3,605,0.17204226553440094,0.9047619104385376
l_curve_3,606,0.17159196734428406,0.9047619104385376
l_curve_3,607,0.1711053103208542,0.9047619104385376
l_curve_3,608,0.17072662711143494,0.9047619104385376
l_curve_3,609,0.17041286826133728,0.9047619104385376
l_curve_3,610,0.1699024885892868,0.9047619104385376
l_curve_3,611,0.16943280398845673,0.9047619104385376
l_curve_3,612,0.1691369265317917,0.9047619104385376
l_curve_3,613,0.16877250373363495,0.9047619104385376
l_curve_3,614,0.16853773593902588,0.9047619104385376
l_curve_3,615,0.16806308925151825,0.9047619104385376
l_curve_3,616,0.1676933318376541,0.9047619104385376
l_curve_3,617,0.16735827922821045,0.9047619104385376
l_curve_3,618,0.16699235141277313,0.9047619104385376
l_curve_3,619,0.1667311191558838,0.9047619104385376
l_curve_3,620,0.16642159223556519,0.9047619104385376
l_curve_3,621,0.16616488993167877,0.9047619104385376
l_curve_3,622,0.16591301560401917,0.9047619104385376
l_curve_3,623,0.16561587154865265,0.9047619104385376
l_curve_3,624,0.16511346399784088,0.9047619104385376
l_curve_3,625,0.16483387351036072,0.9047619104385376
l_curve_3,626,0.16447824239730835,0.9047619104385376
l_curve_3,627,0.16404485702514648,0.9047619104385376
l_curve_3,628,0.16367614269256592,0.9047619104385376
l_curve_3,629,0.16334903240203857,0.9047619104385376
l_curve_3,630,0.16299498081207275,0.9047619104385376
l_curve_3,631,0.16268561780452728,0.9047619104385376
l_curve_3,632,0.1622680425643921,0.9047619104385376
l_curve_3,633,0.16195915639400482,0.9047619104385376
l_curve_3,634,0.1616920530796051,0.9047619104385376
l_curve_3,635,0.1613585352897644,0.9047619104385376
l_curve_3,636,0.16105052828788757,0.9047619104385376
l_curve_3,637,0.16074922680854797,0.9047619104385376
l_curve_3,638,0.16035616397857666,0.9047619104385376
l_curve_3,639,0.1599731743335724,0.9047619104385376
l_curve_3,640,0.15968888998031616,0.9047619104385376
l_curve_3,641,0.15923988819122314,0.9047619104385376
l_curve_3,642,0.15883098542690277,0.9047619104385376
l_curve_3,643,0.1584470272064209,0.9047619104385376
l_curve_3,644,0.1578431874513626,0.9047619104385376
l_curve_3,645,0.15742260217666626,0.9047619104385376
l_curve_3,646,0.157216876745224,0.9047619104385376
l_curve_3,647,0.15702544152736664,0.9047619104385376
l_curve_3,648,0.15680041909217834,0.9047619104385376
l_curve_3,649,0.1564774513244629,0.9047619104385376
l_curve_3,650,0.15615630149841309,0.9047619104385376
l_curve_3,651,0.1558706909418106,0.9047619104385376
l_curve_3,652,0.15555402636528015,0.9047619104385376
l_curve_3,653,0.15537452697753906,0.9047619104385376
l_curve_3,654,0.15518000721931458,0.9047619104385376
l_curve_3,655,0.1548466831445694,0.9047619104385376
l_curve_3,656,0.1545058935880661,0.9047619104385376
l_curve_3,657,0.15428464114665985,0.9047619104385376
l_curve_3,658,0.15394580364227295,0.9047619104385376
l_curve_3,659,0.15357187390327454,0.9047619104385376
l_curve_3,660,0.15309828519821167,0.9047619104385376
l_curve_3,661,0.15272614359855652,0.9047619104385376
l_curve_3,662,0.1524682193994522,0.9047619104385376
l_curve_3,663,0.15227797627449036,0.9047619104385376
l_curve_3,664,0.15208329260349274,0.9047619104385376
l_curve_3,665,0.1517714411020279,0.9047619104385376
l_curve_3,666,0.15161582827568054,0.9047619104385376
l_curve_3,667,0.15138503909111023,0.9047619104385376
l_curve_3,668,0.15117806196212769,0.9047619104385376
l_curve_3,669,0.15088635683059692,0.9047619104385376
l_curve_3,670,0.1505783349275589,0.9047619104385376
l_curve_3,671,0.15023210644721985,0.9047619104385376
l_curve_3,672,0.14988504350185394,0.9047619104385376
l_curve_3,673,0.14970961213111877,0.9047619104385376
l_curve_3,674,0.1493295431137085,0.9047619104385376
l_curve_3,675,0.148989737033844,0.9047619104385376
l_curve_3,676,0.1487845480442047,0.9047619104385376
l_curve_3,677,0.1486012190580368,0.9047619104385376
l_curve_3,678,0.1481967717409134,0.9047619104385376
l_curve_3,679,0.14786550402641296,0.9047619104385376
l_curve_3,680,0.1475546658039093,0.9047619104385376
l_curve_3,681,0.14722828567028046,0.9047619104385376
l_curve_3,682,0.14697274565696716,0.9047619104385376
l_curve_3,683,0.14682553708553314,0.9047619104385376
l_curve_3,684,0.1466473788022995,0.9047619104385376
l_curve_3,685,0.14632634818553925,0.9047619104385376
l_curve_3,686,0.14603152871131897,0.9047619104385376
l_curve_3,687,0.1456741839647293,0.9047619104385376
l_curve_3,688,0.14545750617980957,0.9047619104385376
l_curve_3,689,0.14507219195365906,0.9047619104385376
l_curve_3,690,0.14470773935317993,0.9047619104385376
l_curve_3,691,0.14449985325336456,0.9047619104385376
l_curve_3,692,0.14410409331321716,0.9047619104385376
l_curve_3,693,0.14396043121814728,0.9047619104385376
l_curve_3,694,0.14372655749320984,0.9047619104385376
l_curve_3,695,0.14354632794857025,0.9047619104385376
l_curve_3,696,0.14337928593158722,0.9047619104385376
l_curve_3,697,0.14310088753700256,0.9047619104385376
l_curve_3,698,0.142612025141716,0.9047619104385376
l_curve_3,699,0.1422649472951889,0.9047619104385376
l_curve_3,700,0.14196330308914185,0.9047619104385376
l_curve_3,701,0.1417449563741684,0.9047619104385376
l_curve_3,702,0.14148078858852386,0.9047619104385376
l_curve_3,703,0.14133144915103912,0.9047619104385376
l_curve_3,704,0.14110036194324493,0.9047619104385376
l_curve_3,705,0.14101183414459229,0.9047619104385376
l_curve_3,706,0.1408289670944214,0.9047619104385376
l_curve_3,707,0.14051449298858643,0.9047619104385376
l_curve_3,708,0.14020942151546478,0.9047619104385376
l_curve_3,709,0.13991843163967133,0.9047619104385376
l_curve_3,710,0.13966414332389832,0.9047619104385376
l_curve_3,711,0.1393413096666336,0.9047619104385376
l_curve_3,712,0.1389647275209427,0.9047619104385376
l_curve_3,713,0.13860447704792023,0.9047619104385376
l_curve_3,714,0.13839741051197052,0.9047619104385376
l_curve_3,715,0.13821227848529816,0.9047619104385376
l_curve_3,716,0.13777706027030945,0.9047619104385376
l_curve_3,717,0.13745130598545074,0.9047619104385376
l_curve_3,718,0.13723674416542053,0.9047619104385376
l_curve_3,719,0.13715405762195587,0.9047619104385376
l_curve_3,720,0.13705851137638092,0.9047619104385376
l_curve_3,721,0.1368541419506073,0.9047619104385376
l_curve_3,722,0.13665571808815002,0.9047619104385376
l_curve_3,723,0.13632041215896606,0.9047619104385376
l_curve_3,724,0.13604174554347992,0.9047619104385376
l_curve_3,725,0.13575875759124756,0.9047619104385376
l_curve_3,726,0.13544662296772003,0.9047619104385376
l_curve_3,727,0.13499024510383606,0.9047619104385376
l_curve_3,728,0.1347387135028839,0.9047619104385376
l_curve_3,729,0.1345989853143692,0.9047619104385376
l_curve_3,730,0.13445231318473816,0.9047619104385376
l_curve_3,731,0.13440632820129395,0.9047619104385376
l_curve_3,732,0.13425888121128082,0.9047619104385376
l_curve_3,733,0.1340380311012268,0.9047619104385376
l_curve_3,734,0.133792906999588,0.9047619104385376
l_curve_3,735,0.13358576595783234,0.9047619104385376
l_curve_3,736,0.13333266973495483,0.9047619104385376
l_curve_3,737,0.13305804133415222,0.9047619104385376
l_curve_3,738,0.1329365223646164,0.9047619104385376
l_curve_3,739,0.13270115852355957,0.9047619104385376
l_curve_3,740,0.13248403370380402,0.9047619104385376
l_curve_3,741,0.1323731541633606,0.9047619104385376
l_curve_3,742,0.13203927874565125,0.9047619104385376
l_curve_3,743,0.13177628815174103,0.9047619104385376
l_curve_3,744,0.1315961331129074,0.9047619104385376
l_curve_3,745,0.13136880099773407,0.9047619104385376
l_curve_3,746,0.13110525906085968,0.9047619104385376
l_curve_3,747,0.13076885044574738,0.9047619104385376
l_curve_3,748,0.13053762912750244,0.9047619104385376
l_curve_3,749,0.1305304765701294,0.9047619104385376
l_curve_3,750,0.13053913414478302,0.9047619104385376
l_curve_3,751,0.13037502765655518,0.9047619104385376
l_curve_3,752,0.1301933079957962,0.9047619104385376
l_curve_3,753,0.1299421489238739,0.9047619104385376
l_curve_3,754,0.12961862981319427,0.9047619104385376
l_curve_3,755,0.12937988340854645,0.9047619104385376
l_curve_3,756,0.12913517653942108,0.9047619104385376
l_curve_3,757,0.12896369397640228,0.9047619104385376
l_curve_3,758,0.1287715584039688,0.9047619104385376
l_curve_3,759,0.12859904766082764,0.9047619104385376
l_curve_3,760,0.12840154767036438,0.9047619104385376
l_curve_3,761,0.12835024297237396,0.9047619104385376
l_curve_3,762,0.1281350702047348,0.9047619104385376
l_curve_3,763,0.12790067493915558,0.9047619104385376
l_curve_3,764,0.12762244045734406,0.9047619104385376
l_curve_3,765,0.12745784223079681,0.9047619104385376
l_curve_3,766,0.12730339169502258,0.9047619104385376
l_curve_3,767,0.12708048522472382,0.9047619104385376
l_curve_3,768,0.12697593867778778,0.9047619104385376
l_curve_3,769,0.1268911212682724,0.9047619104385376
l_curve_3,770,0.12669028341770172,0.9047619104385376
l_curve_3,771,0.12641017138957977,0.9047619104385376
l_curve_3,772,0.12624499201774597,0.9047619104385376
l_curve_3,773,0.12606212496757507,0.9047619104385376
l_curve_3,774,0.125771164894104,0.9047619104385376
l_curve_3,775,0.1254177838563919,0.9047619104385376
l_curve_3,776,0.12518055737018585,0.9047619104385376
l_curve_3,777,0.12491806596517563,0.9047619104385376
l_curve_3,778,0.12467774003744125,0.9047619104385376
l_curve_3,779,0.1246112510561943,0.9047619104385376
l_curve_3,780,0.1243235245347023,0.9047619104385376
l_curve_3,781,0.124134361743927,0.9047619104385376
l_curve_3,782,0.1241377517580986,0.9047619104385376
l_curve_3,783,0.12396115064620972,0.9047619104385376
l_curve_3,784,0.1238037496805191,0.9047619104385376
l_curve_3,785,0.12356183677911758,0.9047619104385376
l_curve_3,786,0.12335360795259476,0.9047619104385376
l_curve_3,787,0.12330781668424606,0.9047619104385376
l_curve_3,788,0.12325491011142731,0.9047619104385376
l_curve_3,789,0.12320643663406372,0.9047619104385376
l_curve_3,790,0.12305442243814468,0.9047619104385376
l_curve_3,791,0.12297151982784271,0.9047619104385376
l_curve_3,792,0.12281080335378647,0.9047619104385376
l_curve_3,793,0.12267047166824341,0.9047619104385376
l_curve_3,794,0.12254618108272552,0.9047619104385376
l_curve_3,795,0.12245830148458481,0.9047619104385376
l_curve_3,796,0.12222292274236679,0.9047619104385376
l_curve_3,797,0.12207867205142975,0.9047619104385376
l_curve_3,798,0.12195476144552231,0.9047619104385376
l_curve_3,799,0.12182387709617615,0.9047619104385376
l_curve_3,800,0.12169705331325531,0.9047619104385376
l_curve_3,801,0.12167792022228241,0.9047619104385376
l_curve_3,802,0.12163810431957245,0.9047619104385376
l_curve_3,803,0.1215248703956604,0.9047619104385376
l_curve_3,804,0.12135597318410873,0.9047619104385376
l_curve_3,805,0.12122459709644318,0.9047619104385376
l_curve_3,806,0.12098914384841919,0.9047619104385376
l_curve_3,807,0.12065917253494263,0.9047619104385376
l_curve_3,808,0.12044369429349899,0.9047619104385376
l_curve_3,809,0.12028513848781586,0.9047619104385376
l_curve_3,810,0.12004297226667404,0.9047619104385376
l_curve_3,811,0.1197909414768219,0.9047619104385376
l_curve_3,812,0.11965323984622955,0.9047619104385376
l_curve_3,813,0.11963039636611938,0.9047619104385376
l_curve_3,814,0.11962834000587463,0.9047619104385376
l_curve_3,815,0.11956902593374252,0.9047619104385376
l_curve_3,816,0.11944451928138733,0.9047619104385376
l_curve_3,817,0.11937303841114044,0.9047619104385376
l_curve_3,818,0.11934815347194672,0.9047619104385376
l_curve_3,819,0.11928866058588028,0.9047619104385376
l_curve_3,820,0.11912711709737778,0.9047619104385376
l_curve_3,821,0.11895658820867538,0.9047619104385376
l_curve_3,822,0.11881865561008453,0.9047619104385376
l_curve_3,823,0.11856640130281448,0.9047619104385376
l_curve_3,824,0.11834296584129333,0.9047619104385376
l_curve_3,825,0.11828555166721344,0.9047619104385376
l_curve_3,826,0.11820689588785172,0.9047619104385376
l_curve_3,827,0.11818716675043106,0.9047619104385376
l_curve_3,828,0.11792800575494766,0.9047619104385376
l_curve_3,829,0.11779613792896271,0.9047619104385376
l_curve_3,830,0.11767177283763885,0.9047619104385376
l_curve_3,831,0.11748170852661133,0.9047619104385376
l_curve_3,832,0.11734016984701157,0.9047619104385376
l_curve_3,833,0.11718350648880005,0.9047619104385376
l_curve_3,834,0.11712148040533066,0.9047619104385376
l_curve_3,835,0.11703895032405853,0.9047619104385376
l_curve_3,836,0.1168699860572815,0.9047619104385376
l_curve_3,837,0.11680518090724945,0.9047619104385376
l_curve_3,838,0.11671226471662521,0.9047619104385376
l_curve_3,839,0.11661583185195923,0.9047619104385376
l_curve_3,840,0.11650236696004868,0.9047619104385376
l_curve_3,841,0.11643273383378983,0.9047619104385376
l_curve_3,842,0.116344153881073,0.9047619104385376
l_curve_3,843,0.11619959771633148,0.9047619104385376
l_curve_3,844,0.11606816202402115,0.9047619104385376
l_curve_3,845,0.1159391775727272,0.9047619104385376
l_curve_3,846,0.11576143652200699,0.9047619104385376
l_curve_3,847,0.11545836180448532,0.9047619104385376
l_curve_3,848,0.11528488248586655,0.9047619104385376
l_curve_3,849,0.11517216265201569,0.9047619104385376
l_curve_3,850,0.1151132583618164,0.9047619104385376
l_curve_3,851,0.11510877311229706,0.9047619104385376
l_curve_3,852,0.11496810615062714,0.9047619104385376
l_curve_3,853,0.11496742814779282,0.9047619104385376
l_curve_3,854,0.11482354253530502,0.9047619104385376
l_curve_3,855,0.11452335119247437,0.9047619104385376
l_curve_3,856,0.11442162841558456,0.9047619104385376
l_curve_3,857,0.1143280416727066,0.9047619104385376
l_curve_3,858,0.11440274864435196,0.9047619104385376
l_curve_3,859,0.11432484537363052,0.9047619104385376
l_curve_3,860,0.11426132917404175,0.9047619104385376
l_curve_3,861,0.11406634747982025,0.9047619104385376
l_curve_3,862,0.11399892717599869,0.9047619104385376
l_curve_3,863,0.11389793455600739,0.9047619104385376
l_curve_3,864,0.113823302090168,0.9047619104385376
l_curve_3,865,0.11372169107198715,0.9047619104385376
l_curve_3,866,0.1136510968208313,0.9047619104385376
l_curve_3,867,0.11373533308506012,0.9047619104385376
l_curve_3,868,0.11366356909275055,0.9047619104385376
l_curve_3,869,0.113661989569664,0.9047619104385376
l_curve_3,870,0.11354042589664459,0.9047619104385376
l_curve_3,871,0.11340101808309555,0.9047619104385376
l_curve_3,872,0.11321379989385605,0.9047619104385376
l_curve_3,873,0.11311567574739456,0.9047619104385376
l_curve_3,874,0.1129780039191246,0.9047619104385376
l_curve_3,875,0.11286254972219467,0.9047619104385376
l_curve_3,876,0.1128530353307724,0.9047619104385376
l_curve_3,877,0.1128629818558693,0.9047619104385376
l_curve_3,878,0.11268498003482819,0.9523809552192688
l_curve_3,879,0.11258333176374435,0.9047619104385376
l_curve_3,880,0.1125955805182457,0.9047619104385376
l_curve_3,881,0.11253883689641953,0.9047619104385376
l_curve_3,882,0.1124047115445137,0.9047619104385376
l_curve_3,883,0.11222044378519058,0.9047619104385376
l_curve_3,884,0.11210726201534271,0.9047619104385376
l_curve_3,885,0.11203266680240631,0.9523809552192688
l_curve_3,886,0.1118289977312088,0.9523809552192688
l_curve_3,887,0.11160924285650253,0.9523809552192688
l_curve_3,888,0.11146441847085953,0.9523809552192688
l_curve_3,889,0.11134010553359985,0.9523809552192688
l_curve_3,890,0.11127981543540955,0.9523809552192688
l_curve_3,891,0.11116901785135269,0.9523809552192688
l_curve_3,892,0.11107080429792404,0.9523809552192688
l_curve_3,893,0.11099379509687424,0.9523809552192688
l_curve_3,894,0.11093825101852417,0.9523809552192688
l_curve_3,895,0.11070293188095093,0.9523809552192688
l_curve_3,896,0.1104794442653656,0.9523809552192688
l_curve_3,897,0.11040755361318588,0.9523809552192688
l_curve_3,898,0.11042679101228714,0.9523809552192688
l_curve_3,899,0.11043093353509903,0.9523809552192688
l_curve_3,900,0.1103532463312149,0.9523809552192688
l_curve_3,901,0.11030489951372147,0.9523809552192688
l_curve_3,902,0.1102423220872879,0.9523809552192688
l_curve_3,903,0.11022699624300003,0.9523809552192688
l_curve_3,904,0.11022825539112091,0.9523809552192688
l_curve_3,905,0.11000420153141022,0.9523809552192688
l_curve_3,906,0.10981079190969467,0.9523809552192688
l_curve_3,907,0.10973065346479416,0.9523809552192688
l_curve_3,908,0.10950066149234772,0.9523809552192688
l_curve_3,909,0.10950645804405212,0.9523809552192688
l_curve_3,910,0.10953265428543091,0.9523809552192688
l_curve_3,911,0.1095600500702858,0.9523809552192688
l_curve_3,912,0.10950523614883423,0.9523809552192688
l_curve_3,913,0.10949540138244629,0.9523809552192688
l_curve_3,914,0.10939320176839828,0.9523809552192688
l_curve_3,915,0.10948661714792252,0.9523809552192688
l_curve_3,916,0.10951513051986694,0.9523809552192688
l_curve_3,917,0.10937172919511795,0.9523809552192688
l_curve_3,918,0.10918525606393814,0.9523809552192688
l_curve_3,919,0.10910749435424805,0.9523809552192688
l_curve_3,920,0.10900570452213287,0.9523809552192688
l_curve_3,921,0.10892967134714127,0.9523809552192688
l_curve_3,922,0.10884972661733627,0.9523809552192688
l_curve_3,923,0.10876031965017319,0.9523809552192688
l_curve_3,924,0.1087045669555664,0.9523809552192688
l_curve_3,925,0.10862265527248383,0.9523809552192688
l_curve_3,926,0.1085008978843689,0.9523809552192688
l_curve_3,927,0.10854192078113556,0.9523809552192688
l_curve_3,928,0.10858186334371567,0.9523809552192688
l_curve_3,929,0.10862670838832855,0.9523809552192688
l_curve_3,930,0.10859792679548264,0.9523809552192688
l_curve_3,931,0.10856099426746368,0.9523809552192688
l_curve_3,932,0.10856989771127701,0.9523809552192688
l_curve_3,933,0.10847383737564087,0.9523809552192688
l_curve_3,934,0.1083710640668869,0.9523809552192688
l_curve_3,935,0.10821479558944702,0.9523809552192688
l_curve_3,936,0.10807176679372787,0.9523809552192688
l_curve_3,937,0.10799316316843033,0.9523809552192688
l_curve_3,938,0.1079014241695404,0.9523809552192688
l_curve_3,939,0.10778013616800308,0.9523809552192688
l_curve_3,940,0.10765451192855835,0.9523809552192688
l_curve_3,941,0.10759615898132324,0.9523809552192688
l_curve_3,942,0.10770006477832794,0.9523809552192688
l_curve_3,943,0.10773179680109024,0.9523809552192688
l_curve_3,944,0.10774974524974823,0.9523809552192688
l_curve_3,945,0.10782483965158463,0.9523809552192688
l_curve_3,946,0.10773201286792755,0.9523809552192688
l_curve_3,947,0.10767567902803421,0.9523809552192688
l_curve_3,948,0.10770465433597565,0.9523809552192688
l_curve_3,949,0.10756485909223557,0.9523809552192688
l_curve_3,950,0.10748830437660217,0.9523809552192688
l_curve_3,951,0.10734391212463379,0.9523809552192688
l_curve_3,952,0.1071464866399765,0.9523809552192688
l_curve_3,953,0.10688099265098572,0.9523809552192688
l_curve_3,954,0.10675530135631561,0.9523809552192688
l_curve_3,955,0.1068471148610115,0.9523809552192688
l_curve_3,956,0.10665666311979294,0.9523809552192688
l_curve_3,957,0.10654009878635406,0.9523809552192688
l_curve_3,958,0.10640625655651093,0.9523809552192688
l_curve_3,959,0.10627828538417816,0.9523809552192688
l_curve_3,960,0.10627623647451401,0.9523809552192688
l_curve_3,961,0.10640323907136917,0.9523809552192688
l_curve_3,962,0.10639895498752594,0.9523809552192688
l_curve_3,963,0.10639587044715881,0.9523809552192688
l_curve_3,964,0.10641930997371674,0.9523809552192688
l_curve_3,965,0.10636071860790253,0.9523809552192688
l_curve_3,966,0.1064121350646019,0.9523809552192688
l_curve_3,967,0.10635906457901001,0.9523809552192688
l_curve_3,968,0.10629437118768692,0.9523809552192688
l_curve_3,969,0.10627146065235138,0.9523809552192688
l_curve_3,970,0.10630626976490021,0.9523809552192688
l_curve_3,971,0.10620113462209702,0.9523809552192688
l_curve_3,972,0.10603028535842896,0.9523809552192688
l_curve_3,973,0.1057984009385109,0.9523809552192688
l_curve_3,974,0.10574088990688324,0.9523809552192688
l_curve_3,975,0.10555370897054672,0.9523809552192688
l_curve_3,976,0.10552861541509628,0.9523809552192688
l_curve_3,977,0.10551214218139648,0.9523809552192688
l_curve_3,978,0.10549408942461014,0.9523809552192688
l_curve_3,979,0.10536418855190277,0.9523809552192688
l_curve_3,980,0.10525070875883102,0.9523809552192688
l_curve_3,981,0.10519961267709732,0.9523809552192688
l_curve_3,982,0.10521604120731354,0.9523809552192688
l_curve_3,983,0.1052083969116211,0.9523809552192688
l_curve_3,984,0.1051272302865982,0.9523809552192688
l_curve_3,985,0.10489711165428162,0.9523809552192688
l_curve_3,986,0.10473687201738358,0.9523809552192688
l_curve_3,987,0.10466674715280533,0.9523809552192688
l_curve_3,988,0.1046975776553154,0.9523809552192688
l_curve_3,989,0.10467837005853653,0.9523809552192688
l_curve_3,990,0.10476673394441605,0.9523809552192688
l_curve_3,991,0.10471735894680023,0.9523809552192688
l_curve_3,992,0.10462652891874313,0.9523809552192688
l_curve_3,993,0.1046382263302803,0.9523809552192688
l_curve_3,994,0.10458749532699585,0.9523809552192688
l_curve_3,995,0.10436692833900452,0.9523809552192688
l_curve_3,996,0.10430324822664261,0.9523809552192688
l_curve_3,997,0.10449500381946564,0.9523809552192688
l_curve_3,998,0.10445055365562439,0.9523809552192688
l_curve_3,999,0.10429327934980392,0.9523809552192688
l_curve_3,1000,0.10429545491933823,0.9523809552192688
l_curve_3,1000,0.10429545491933823,0.9523809552192688
