client,round,loss,accuracy
l_curve_6,1,0.7013329267501831,0.523809552192688
l_curve_6,2,0.6824781894683838,0.523809552192688
l_curve_6,3,0.6673216819763184,0.523809552192688
l_curve_6,4,0.655780017375946,0.5714285969734192
l_curve_6,5,0.6469963788986206,0.5714285969734192
l_curve_6,6,0.6397989392280579,0.5714285969734192
l_curve_6,7,0.6334954500198364,0.5714285969734192
l_curve_6,8,0.6283932328224182,0.5714285969734192
l_curve_6,9,0.6238089799880981,0.6190476417541504
l_curve_6,10,0.6199088096618652,0.6190476417541504
l_curve_6,11,0.615759015083313,0.6190476417541504
l_curve_6,12,0.6117724180221558,0.6190476417541504
l_curve_6,13,0.6081209778785706,0.6190476417541504
l_curve_6,14,0.6039875745773315,0.6190476417541504
l_curve_6,15,0.5999690294265747,0.6190476417541504
l_curve_6,16,0.59565669298172,0.6190476417541504
l_curve_6,17,0.5915042757987976,0.6190476417541504
l_curve_6,18,0.5874555706977844,0.6190476417541504
l_curve_6,19,0.5832988023757935,0.6666666865348816
l_curve_6,20,0.5792833566665649,0.6666666865348816
l_curve_6,21,0.5747730731964111,0.6666666865348816
l_curve_6,22,0.5699084401130676,0.6666666865348816
l_curve_6,23,0.5651460289955139,0.6666666865348816
l_curve_6,24,0.56012362241745,0.761904776096344
l_curve_6,25,0.555424690246582,0.761904776096344
l_curve_6,26,0.5507321357727051,0.761904776096344
l_curve_6,27,0.546073853969574,0.761904776096344
l_curve_6,28,0.541785717010498,0.761904776096344
l_curve_6,29,0.5372925996780396,0.761904776096344
l_curve_6,30,0.5324799418449402,0.7142857313156128
l_curve_6,31,0.5277994275093079,0.7142857313156128
l_curve_6,32,0.5226815938949585,0.7142857313156128
l_curve_6,33,0.5178097486495972,0.7142857313156128
l_curve_6,34,0.5126469135284424,0.7142857313156128
l_curve_6,35,0.5078714489936829,0.7142857313156128
l_curve_6,36,0.5033444762229919,0.7142857313156128
l_curve_6,37,0.49872276186943054,0.7142857313156128
l_curve_6,38,0.4943654239177704,0.7142857313156128
l_curve_6,39,0.4899651110172272,0.7142857313156128
l_curve_6,40,0.48538634181022644,0.7142857313156128
l_curve_6,41,0.4812333583831787,0.7142857313156128
l_curve_6,42,0.4771128296852112,0.7142857313156128
l_curve_6,43,0.47291305661201477,0.7142857313156128
l_curve_6,44,0.46916574239730835,0.7142857313156128
l_curve_6,45,0.46574434638023376,0.7142857313156128
l_curve_6,46,0.4625408947467804,0.7142857313156128
l_curve_6,47,0.4587925374507904,0.7142857313156128
l_curve_6,48,0.4552161395549774,0.761904776096344
l_curve_6,49,0.4515264630317688,0.761904776096344
l_curve_6,50,0.4480157196521759,0.761904776096344
l_curve_6,51,0.44483238458633423,0.8095238208770752
l_curve_6,52,0.4417930841445923,0.8095238208770752
l_curve_6,53,0.43941161036491394,0.8095238208770752
l_curve_6,54,0.4367862939834595,0.8095238208770752
l_curve_6,55,0.43369466066360474,0.8095238208770752
l_curve_6,56,0.43108081817626953,0.8095238208770752
l_curve_6,57,0.42879822850227356,0.8095238208770752
l_curve_6,58,0.4262728989124298,0.8095238208770752
l_curve_6,59,0.42420604825019836,0.8095238208770752
l_curve_6,60,0.4219321608543396,0.8095238208770752
l_curve_6,61,0.41979795694351196,0.8095238208770752
l_curve_6,62,0.41729050874710083,0.8095238208770752
l_curve_6,63,0.4150252044200897,0.8095238208770752
l_curve_6,64,0.41291147470474243,0.8095238208770752
l_curve_6,65,0.41070079803466797,0.8095238208770752
l_curve_6,66,0.4089299738407135,0.8095238208770752
l_curve_6,67,0.4071729779243469,0.8095238208770752
l_curve_6,68,0.4055193066596985,0.8095238208770752
l_curve_6,69,0.4041261672973633,0.8095238208770752
l_curve_6,70,0.4025944769382477,0.8095238208770752
l_curve_6,71,0.4014158248901367,0.8095238208770752
l_curve_6,72,0.4005388617515564,0.8095238208770752
l_curve_6,73,0.39943328499794006,0.8095238208770752
l_curve_6,74,0.398528516292572,0.8095238208770752
l_curve_6,75,0.3974813222885132,0.8095238208770752
l_curve_6,76,0.39625629782676697,0.8095238208770752
l_curve_6,77,0.3947521448135376,0.8095238208770752
l_curve_6,78,0.3936614990234375,0.8095238208770752
l_curve_6,79,0.39253029227256775,0.8095238208770752
l_curve_6,80,0.3920966684818268,0.8095238208770752
l_curve_6,81,0.3915662169456482,0.8095238208770752
l_curve_6,82,0.39096686244010925,0.8095238208770752
l_curve_6,83,0.3905353546142578,0.8095238208770752
l_curve_6,84,0.38999590277671814,0.8095238208770752
l_curve_6,85,0.38939303159713745,0.8095238208770752
l_curve_6,86,0.38846802711486816,0.8095238208770752
l_curve_6,87,0.3878265619277954,0.8095238208770752
l_curve_6,88,0.3872535824775696,0.8095238208770752
l_curve_6,89,0.3866533637046814,0.8095238208770752
l_curve_6,90,0.38590744137763977,0.8095238208770752
l_curve_6,91,0.38541463017463684,0.8095238208770752
l_curve_6,92,0.3851710259914398,0.8095238208770752
l_curve_6,93,0.384891152381897,0.8095238208770752
l_curve_6,94,0.38461539149284363,0.8095238208770752
l_curve_6,95,0.38435348868370056,0.8095238208770752
l_curve_6,96,0.38411086797714233,0.8095238208770752
l_curve_6,97,0.3840663433074951,0.8095238208770752
l_curve_6,98,0.38394224643707275,0.8095238208770752
l_curve_6,99,0.38358333706855774,0.8095238208770752
l_curve_6,100,0.38314101099967957,0.8095238208770752
l_curve_6,101,0.38328203558921814,0.8095238208770752
l_curve_6,102,0.3829817473888397,0.8095238208770752
l_curve_6,103,0.3830665349960327,0.8095238208770752
l_curve_6,104,0.38356563448905945,0.8095238208770752
l_curve_6,105,0.38337472081184387,0.8095238208770752
l_curve_6,106,0.3836607336997986,0.8095238208770752
l_curve_6,107,0.3837936520576477,0.8095238208770752
l_curve_6,108,0.38383224606513977,0.8095238208770752
l_curve_6,109,0.38402339816093445,0.8095238208770752
l_curve_6,110,0.3838319778442383,0.8095238208770752
l_curve_6,111,0.3839990496635437,0.8095238208770752
l_curve_6,112,0.3848186135292053,0.8095238208770752
l_curve_6,113,0.3851547837257385,0.8095238208770752
l_curve_6,114,0.3858206272125244,0.8095238208770752
l_curve_6,115,0.38609424233436584,0.8095238208770752
l_curve_6,116,0.38624459505081177,0.8095238208770752
l_curve_6,117,0.3859747350215912,0.8095238208770752
l_curve_6,118,0.385606586933136,0.8095238208770752
l_curve_6,119,0.385581910610199,0.8095238208770752
l_curve_6,120,0.3854396939277649,0.8095238208770752
l_curve_6,121,0.385577529668808,0.8095238208770752
l_curve_6,122,0.38589024543762207,0.8095238208770752
l_curve_6,123,0.38599100708961487,0.8095238208770752
l_curve_6,124,0.38632819056510925,0.8095238208770752
l_curve_6,125,0.38668641448020935,0.8095238208770752
l_curve_6,126,0.3865240216255188,0.8095238208770752
l_curve_6,127,0.3864365220069885,0.8095238208770752
l_curve_6,128,0.3867384195327759,0.8095238208770752
l_curve_6,129,0.3870689868927002,0.8095238208770752
l_curve_6,130,0.3868948519229889,0.8095238208770752
l_curve_6,131,0.3869386911392212,0.8095238208770752
l_curve_6,132,0.38719916343688965,0.8095238208770752
l_curve_6,133,0.38768091797828674,0.8095238208770752
l_curve_6,134,0.3874463140964508,0.8095238208770752
l_curve_6,135,0.3873313367366791,0.8095238208770752
l_curve_6,136,0.38722115755081177,0.8095238208770752
l_curve_6,137,0.3872523009777069,0.8095238208770752
l_curve_6,138,0.387206494808197,0.8095238208770752
l_curve_6,139,0.38738927245140076,0.8095238208770752
l_curve_6,140,0.38744282722473145,0.8095238208770752
l_curve_6,141,0.3879105746746063,0.8095238208770752
l_curve_6,142,0.38819870352745056,0.8095238208770752
l_curve_6,143,0.38829752802848816,0.8095238208770752
l_curve_6,144,0.38894861936569214,0.8095238208770752
l_curve_6,145,0.389402836561203,0.8095238208770752
l_curve_6,146,0.38963812589645386,0.8095238208770752
l_curve_6,147,0.38965049386024475,0.8095238208770752
l_curve_6,148,0.3895845413208008,0.8095238208770752
l_curve_6,149,0.3892190456390381,0.8095238208770752
l_curve_6,150,0.38884276151657104,0.8095238208770752
l_curve_6,151,0.38893941044807434,0.8095238208770752
l_curve_6,152,0.38875502347946167,0.8095238208770752
l_curve_6,153,0.38875457644462585,0.8095238208770752
l_curve_6,154,0.38900530338287354,0.8095238208770752
l_curve_6,155,0.38930249214172363,0.8095238208770752
l_curve_6,156,0.38934603333473206,0.8095238208770752
l_curve_6,157,0.3894036114215851,0.8095238208770752
l_curve_6,158,0.3894757628440857,0.8095238208770752
l_curve_6,159,0.3899659514427185,0.8095238208770752
l_curve_6,160,0.3900716006755829,0.8095238208770752
l_curve_6,161,0.3905092775821686,0.8095238208770752
l_curve_6,162,0.3905145525932312,0.8095238208770752
l_curve_6,163,0.3903741240501404,0.8095238208770752
l_curve_6,164,0.3906976580619812,0.8095238208770752
l_curve_6,165,0.3902128338813782,0.8095238208770752
l_curve_6,166,0.3904065489768982,0.8095238208770752
l_curve_6,167,0.39058488607406616,0.8095238208770752
l_curve_6,168,0.3906773626804352,0.8095238208770752
l_curve_6,169,0.39076632261276245,0.8095238208770752
l_curve_6,170,0.3906761705875397,0.8095238208770752
l_curve_6,171,0.3904021680355072,0.8095238208770752
l_curve_6,172,0.3903523087501526,0.8095238208770752
l_curve_6,173,0.39062803983688354,0.8095238208770752
l_curve_6,174,0.39051082730293274,0.8095238208770752
l_curve_6,175,0.3903345763683319,0.8095238208770752
l_curve_6,176,0.39055323600769043,0.8095238208770752
l_curve_6,177,0.39048948884010315,0.8095238208770752
l_curve_6,178,0.39065229892730713,0.8095238208770752
l_curve_6,179,0.3910846710205078,0.8095238208770752
l_curve_6,180,0.39084944128990173,0.8095238208770752
l_curve_6,181,0.39091846346855164,0.8095238208770752
l_curve_6,182,0.39119216799736023,0.8095238208770752
l_curve_6,183,0.39130425453186035,0.8095238208770752
l_curve_6,184,0.39125728607177734,0.8095238208770752
l_curve_6,185,0.391702800989151,0.8095238208770752
l_curve_6,186,0.39203181862831116,0.8095238208770752
l_curve_6,187,0.39166441559791565,0.8095238208770752
l_curve_6,188,0.39145177602767944,0.8095238208770752
l_curve_6,189,0.39186209440231323,0.8095238208770752
l_curve_6,190,0.3920431137084961,0.8095238208770752
l_curve_6,191,0.3920679986476898,0.8095238208770752
l_curve_6,192,0.39191746711730957,0.8095238208770752
l_curve_6,193,0.3916982114315033,0.8095238208770752
l_curve_6,194,0.3913803994655609,0.8095238208770752
l_curve_6,195,0.3912021219730377,0.8095238208770752
l_curve_6,196,0.39139848947525024,0.8095238208770752
l_curve_6,197,0.3916802704334259,0.8095238208770752
l_curve_6,198,0.3916238248348236,0.8095238208770752
l_curve_6,199,0.39131417870521545,0.8095238208770752
l_curve_6,200,0.3910257816314697,0.8095238208770752
l_curve_6,201,0.39132294058799744,0.8095238208770752
l_curve_6,202,0.3917473256587982,0.8095238208770752
l_curve_6,203,0.39198917150497437,0.8095238208770752
l_curve_6,204,0.39195260405540466,0.8095238208770752
l_curve_6,205,0.39189115166664124,0.8095238208770752
l_curve_6,206,0.3915446102619171,0.8095238208770752
l_curve_6,207,0.391684889793396,0.8095238208770752
l_curve_6,208,0.3921091854572296,0.8095238208770752
l_curve_6,209,0.39203476905822754,0.8095238208770752
l_curve_6,210,0.39156290888786316,0.8095238208770752
l_curve_6,211,0.39113879203796387,0.8095238208770752
l_curve_6,212,0.391092985868454,0.8095238208770752
l_curve_6,213,0.39080557227134705,0.8095238208770752
l_curve_6,214,0.3910653293132782,0.8095238208770752
l_curve_6,215,0.39047855138778687,0.8095238208770752
l_curve_6,216,0.3904177248477936,0.8095238208770752
l_curve_6,217,0.39042508602142334,0.8095238208770752
l_curve_6,218,0.3904595971107483,0.8095238208770752
l_curve_6,219,0.39039531350135803,0.8095238208770752
l_curve_6,220,0.39044421911239624,0.8095238208770752
l_curve_6,221,0.3906610608100891,0.8095238208770752
l_curve_6,222,0.3913007974624634,0.8095238208770752
l_curve_6,223,0.3917520046234131,0.8095238208770752
l_curve_6,224,0.39204779267311096,0.8095238208770752
l_curve_6,225,0.3921802043914795,0.8095238208770752
l_curve_6,226,0.3917929232120514,0.8095238208770752
l_curve_6,227,0.3912688195705414,0.8095238208770752
l_curve_6,228,0.39098089933395386,0.8095238208770752
l_curve_6,229,0.3907712399959564,0.8095238208770752
l_curve_6,230,0.39080601930618286,0.8095238208770752
l_curve_6,231,0.3911362588405609,0.8095238208770752
l_curve_6,232,0.39101117849349976,0.8095238208770752
l_curve_6,233,0.39064666628837585,0.8095238208770752
l_curve_6,234,0.39023852348327637,0.8095238208770752
l_curve_6,235,0.3902084231376648,0.8095238208770752
l_curve_6,236,0.3896123468875885,0.8095238208770752
l_curve_6,237,0.38863271474838257,0.8095238208770752
l_curve_6,238,0.3877132833003998,0.8095238208770752
l_curve_6,239,0.38737478852272034,0.8095238208770752
l_curve_6,240,0.3872280716896057,0.8095238208770752
l_curve_6,241,0.38719600439071655,0.8095238208770752
l_curve_6,242,0.38694900274276733,0.8095238208770752
l_curve_6,243,0.38634753227233887,0.8095238208770752
l_curve_6,244,0.38625267148017883,0.8095238208770752
l_curve_6,245,0.386208176612854,0.8095238208770752
l_curve_6,246,0.38609781861305237,0.8095238208770752
l_curve_6,247,0.3863954544067383,0.8095238208770752
l_curve_6,248,0.3864225745201111,0.8095238208770752
l_curve_6,249,0.3867557644844055,0.8095238208770752
l_curve_6,250,0.38668423891067505,0.8095238208770752
l_curve_6,251,0.3863848149776459,0.8095238208770752
l_curve_6,252,0.38574454188346863,0.8095238208770752
l_curve_6,253,0.38487693667411804,0.8095238208770752
l_curve_6,254,0.38454297184944153,0.8095238208770752
l_curve_6,255,0.3839353024959564,0.8095238208770752
l_curve_6,256,0.38382822275161743,0.8095238208770752
l_curve_6,257,0.3833439350128174,0.8095238208770752
l_curve_6,258,0.38276004791259766,0.8095238208770752
l_curve_6,259,0.38222241401672363,0.8095238208770752
l_curve_6,260,0.3821771740913391,0.8095238208770752
l_curve_6,261,0.38157376646995544,0.8095238208770752
l_curve_6,262,0.3811352550983429,0.8095238208770752
l_curve_6,263,0.38042160868644714,0.8095238208770752
l_curve_6,264,0.3800260126590729,0.8095238208770752
l_curve_6,265,0.38014453649520874,0.8095238208770752
l_curve_6,266,0.3798236846923828,0.8095238208770752
l_curve_6,267,0.37882208824157715,0.8095238208770752
l_curve_6,268,0.3775600492954254,0.8095238208770752
l_curve_6,269,0.3772352635860443,0.8095238208770752
l_curve_6,270,0.376973956823349,0.8095238208770752
l_curve_6,271,0.376287043094635,0.8095238208770752
l_curve_6,272,0.375559002161026,0.8095238208770752
l_curve_6,273,0.37522566318511963,0.8095238208770752
l_curve_6,274,0.3744484782218933,0.8095238208770752
l_curve_6,275,0.3740450441837311,0.8095238208770752
l_curve_6,276,0.37361598014831543,0.8095238208770752
l_curve_6,277,0.37293753027915955,0.8095238208770752
l_curve_6,278,0.37171104550361633,0.8095238208770752
l_curve_6,279,0.3703795075416565,0.8095238208770752
l_curve_6,280,0.3696563243865967,0.8095238208770752
l_curve_6,281,0.36866992712020874,0.8095238208770752
l_curve_6,282,0.3680330514907837,0.8095238208770752
l_curve_6,283,0.36739054322242737,0.8095238208770752
l_curve_6,284,0.3667680323123932,0.8095238208770752
l_curve_6,285,0.3661938011646271,0.8095238208770752
l_curve_6,286,0.36555084586143494,0.8095238208770752
l_curve_6,287,0.36484259366989136,0.8095238208770752
l_curve_6,288,0.364640474319458,0.8095238208770752
l_curve_6,289,0.36407455801963806,0.8095238208770752
l_curve_6,290,0.36306852102279663,0.8095238208770752
l_curve_6,291,0.3624148964881897,0.8095238208770752
l_curve_6,292,0.3614121973514557,0.8095238208770752
l_curve_6,293,0.36072248220443726,0.8095238208770752
l_curve_6,294,0.35964256525039673,0.8095238208770752
l_curve_6,295,0.3587922155857086,0.8095238208770752
l_curve_6,296,0.3577864468097687,0.8095238208770752
l_curve_6,297,0.3568592369556427,0.8095238208770752
l_curve_6,298,0.3557424545288086,0.8095238208770752
l_curve_6,299,0.35454216599464417,0.8095238208770752
l_curve_6,300,0.35371655225753784,0.8095238208770752
l_curve_6,301,0.3526049554347992,0.8095238208770752
l_curve_6,302,0.3513757288455963,0.8095238208770752
l_curve_6,303,0.3507339656352997,0.8095238208770752
l_curve_6,304,0.34978440403938293,0.8095238208770752
l_curve_6,305,0.3487212657928467,0.8095238208770752
l_curve_6,306,0.3475733697414398,0.8095238208770752
l_curve_6,307,0.34687232971191406,0.8095238208770752
l_curve_6,308,0.345540851354599,0.8571428656578064
l_curve_6,309,0.3444765508174896,0.8571428656578064
l_curve_6,310,0.34320491552352905,0.8571428656578064
l_curve_6,311,0.34196826815605164,0.8571428656578064
l_curve_6,312,0.34095507860183716,0.8571428656578064
l_curve_6,313,0.3399968147277832,0.8571428656578064
l_curve_6,314,0.3386777937412262,0.8571428656578064
l_curve_6,315,0.3373529314994812,0.8571428656578064
l_curve_6,316,0.3358880877494812,0.8571428656578064
l_curve_6,317,0.3345012068748474,0.8571428656578064
l_curve_6,318,0.33357396721839905,0.8571428656578064
l_curve_6,319,0.3323468565940857,0.8571428656578064
l_curve_6,320,0.33122125267982483,0.8571428656578064
l_curve_6,321,0.3303443491458893,0.8571428656578064
l_curve_6,322,0.32907766103744507,0.8571428656578064
l_curve_6,323,0.3281380534172058,0.8571428656578064
l_curve_6,324,0.3270907700061798,0.8571428656578064
l_curve_6,325,0.32605189085006714,0.8571428656578064
l_curve_6,326,0.3248472511768341,0.8571428656578064
l_curve_6,327,0.32357022166252136,0.8571428656578064
l_curve_6,328,0.3221481442451477,0.8571428656578064
l_curve_6,329,0.32101067900657654,0.8571428656578064
l_curve_6,330,0.31953367590904236,0.8571428656578064
l_curve_6,331,0.318227618932724,0.8571428656578064
l_curve_6,332,0.31738415360450745,0.8571428656578064
l_curve_6,333,0.31627601385116577,0.8571428656578064
l_curve_6,334,0.31536006927490234,0.8571428656578064
l_curve_6,335,0.3143204152584076,0.8571428656578064
l_curve_6,336,0.3130217492580414,0.8571428656578064
l_curve_6,337,0.31173256039619446,0.8571428656578064
l_curve_6,338,0.31021639704704285,0.8571428656578064
l_curve_6,339,0.30909061431884766,0.8571428656578064
l_curve_6,340,0.3079620599746704,0.8571428656578064
l_curve_6,341,0.30639898777008057,0.8571428656578064
l_curve_6,342,0.3051723539829254,0.8571428656578064
l_curve_6,343,0.3043150305747986,0.8571428656578064
l_curve_6,344,0.3035431504249573,0.8571428656578064
l_curve_6,345,0.3024623990058899,0.8571428656578064
l_curve_6,346,0.3014586865901947,0.8571428656578064
l_curve_6,347,0.3001581132411957,0.8571428656578064
l_curve_6,348,0.29861244559288025,0.8571428656578064
l_curve_6,349,0.2975834310054779,0.8571428656578064
l_curve_6,350,0.2966640293598175,0.8571428656578064
l_curve_6,351,0.29559454321861267,0.8571428656578064
l_curve_6,352,0.2946038842201233,0.8571428656578064
l_curve_6,353,0.2930344343185425,0.8571428656578064
l_curve_6,354,0.29194149374961853,0.8571428656578064
l_curve_6,355,0.2904535233974457,0.8571428656578064
l_curve_6,356,0.2891904413700104,0.8571428656578064
l_curve_6,357,0.2878207862377167,0.8571428656578064
l_curve_6,358,0.2866380512714386,0.8571428656578064
l_curve_6,359,0.2852558493614197,0.8571428656578064
l_curve_6,360,0.28398147225379944,0.8571428656578064
l_curve_6,361,0.2829347252845764,0.9047619104385376
l_curve_6,362,0.28185907006263733,0.9047619104385376
l_curve_6,363,0.28094422817230225,0.9047619104385376
l_curve_6,364,0.2799989581108093,0.9047619104385376
l_curve_6,365,0.2789853513240814,0.9047619104385376
l_curve_6,366,0.2782224714756012,0.9047619104385376
l_curve_6,367,0.2771371603012085,0.9047619104385376
l_curve_6,368,0.2758777141571045,0.9047619104385376
l_curve_6,369,0.2746170461177826,0.9047619104385376
l_curve_6,370,0.2736566662788391,0.9047619104385376
l_curve_6,371,0.2725903391838074,0.9047619104385376
l_curve_6,372,0.27170073986053467,0.9047619104385376
l_curve_6,373,0.27062341570854187,0.9047619104385376
l_curve_6,374,0.26975589990615845,0.9047619104385376
l_curve_6,375,0.2688463628292084,0.9047619104385376
l_curve_6,376,0.26805442571640015,0.9047619104385376
l_curve_6,377,0.2668975293636322,0.9047619104385376
l_curve_6,378,0.26561427116394043,0.9047619104385376
l_curve_6,379,0.26430609822273254,0.9047619104385376
l_curve_6,380,0.26318487524986267,0.9047619104385376
l_curve_6,381,0.2621753513813019,0.9047619104385376
l_curve_6,382,0.26128891110420227,0.9047619104385376
l_curve_6,383,0.2602234482765198,0.9047619104385376
l_curve_6,384,0.2595737874507904,0.9047619104385376
l_curve_6,385,0.25876420736312866,0.9047619104385376
l_curve_6,386,0.2579616904258728,0.9047619104385376
l_curve_6,387,0.2565850615501404,0.9047619104385376
l_curve_6,388,0.2554011344909668,0.9047619104385376
l_curve_6,389,0.25388303399086,0.9047619104385376
l_curve_6,390,0.2527775168418884,0.9047619104385376
l_curve_6,391,0.2518004775047302,0.9047619104385376
l_curve_6,392,0.25070080161094666,0.9047619104385376
l_curve_6,393,0.2498038411140442,0.9047619104385376
l_curve_6,394,0.24906755983829498,0.9047619104385376
l_curve_6,395,0.2486647367477417,0.9047619104385376
l_curve_6,396,0.24796950817108154,0.9047619104385376
l_curve_6,397,0.24730345606803894,0.9047619104385376
l_curve_6,398,0.24641622602939606,0.9047619104385376
l_curve_6,399,0.2453623116016388,0.9047619104385376
l_curve_6,400,0.24395084381103516,0.9047619104385376
l_curve_6,401,0.24288628995418549,0.9047619104385376
l_curve_6,402,0.24200832843780518,0.9047619104385376
l_curve_6,403,0.24125340580940247,0.9047619104385376
l_curve_6,404,0.24047231674194336,0.9047619104385376
l_curve_6,405,0.23990018665790558,0.9047619104385376
l_curve_6,406,0.23881939053535461,0.9047619104385376
l_curve_6,407,0.23779994249343872,0.9047619104385376
l_curve_6,408,0.23700886964797974,0.9047619104385376
l_curve_6,409,0.2363373041152954,0.9047619104385376
l_curve_6,410,0.23532655835151672,0.9047619104385376
l_curve_6,411,0.23444496095180511,0.9047619104385376
l_curve_6,412,0.2338453233242035,0.9047619104385376
l_curve_6,413,0.23339450359344482,0.9047619104385376
l_curve_6,414,0.2327323853969574,0.9047619104385376
l_curve_6,415,0.23179090023040771,0.9047619104385376
l_curve_6,416,0.23094585537910461,0.9047619104385376
l_curve_6,417,0.2299690693616867,0.9047619104385376
l_curve_6,418,0.22924649715423584,0.9047619104385376
l_curve_6,419,0.22836853563785553,0.9047619104385376
l_curve_6,420,0.2275945395231247,0.9047619104385376
l_curve_6,421,0.22682449221611023,0.9047619104385376
l_curve_6,422,0.22589358687400818,0.9047619104385376
l_curve_6,423,0.22527992725372314,0.9047619104385376
l_curve_6,424,0.22449854016304016,0.9047619104385376
l_curve_6,425,0.22396907210350037,0.9047619104385376
l_curve_6,426,0.2236998826265335,0.9047619104385376
l_curve_6,427,0.22294707596302032,0.9047619104385376
l_curve_6,428,0.22174428403377533,0.9047619104385376
l_curve_6,429,0.22074072062969208,0.9047619104385376
l_curve_6,430,0.2201855480670929,0.9047619104385376
l_curve_6,431,0.21960608661174774,0.9047619104385376
l_curve_6,432,0.21881882846355438,0.9047619104385376
l_curve_6,433,0.21850240230560303,0.9047619104385376
l_curve_6,434,0.21791569888591766,0.9047619104385376
l_curve_6,435,0.21727675199508667,0.9047619104385376
l_curve_6,436,0.21655207872390747,0.9047619104385376
l_curve_6,437,0.215951606631279,0.9047619104385376
l_curve_6,438,0.2152436524629593,0.9047619104385376
l_curve_6,439,0.2144589126110077,0.9047619104385376
l_curve_6,440,0.21356427669525146,0.9047619104385376
l_curve_6,441,0.21291571855545044,0.9047619104385376
l_curve_6,442,0.21226805448532104,0.9047619104385376
l_curve_6,443,0.21147707104682922,0.9047619104385376
l_curve_6,444,0.2107691466808319,0.9047619104385376
l_curve_6,445,0.20981018245220184,0.9047619104385376
l_curve_6,446,0.2088683396577835,0.9047619104385376
l_curve_6,447,0.20799295604228973,0.9047619104385376
l_curve_6,448,0.20740468800067902,0.9047619104385376
l_curve_6,449,0.20672333240509033,0.9047619104385376
l_curve_6,450,0.20599448680877686,0.9047619104385376
l_curve_6,451,0.2052634060382843,0.9047619104385376
l_curve_6,452,0.20439694821834564,0.9047619104385376
l_curve_6,453,0.20359919965267181,0.9047619104385376
l_curve_6,454,0.20309235155582428,0.9047619104385376
l_curve_6,455,0.20229384303092957,0.9047619104385376
l_curve_6,456,0.20188504457473755,0.9047619104385376
l_curve_6,457,0.20088650286197662,0.9047619104385376
l_curve_6,458,0.2000713348388672,0.9047619104385376
l_curve_6,459,0.19969519972801208,0.9047619104385376
l_curve_6,460,0.1992608904838562,0.9047619104385376
l_curve_6,461,0.19898860156536102,0.9047619104385376
l_curve_6,462,0.1983257234096527,0.9047619104385376
l_curve_6,463,0.19791868329048157,0.9047619104385376
l_curve_6,464,0.1978117823600769,0.9047619104385376
l_curve_6,465,0.19734439253807068,0.9047619104385376
l_curve_6,466,0.19670693576335907,0.9047619104385376
l_curve_6,467,0.19599537551403046,0.9047619104385376
l_curve_6,468,0.19507291913032532,0.9047619104385376
l_curve_6,469,0.19439710676670074,0.9047619104385376
l_curve_6,470,0.19376520812511444,0.9047619104385376
l_curve_6,471,0.19313852488994598,0.9047619104385376
l_curve_6,472,0.19206278026103973,0.9047619104385376
l_curve_6,473,0.19131048023700714,0.9047619104385376
l_curve_6,474,0.1908089965581894,0.9047619104385376
l_curve_6,475,0.19064739346504211,0.9047619104385376
l_curve_6,476,0.19054439663887024,0.9047619104385376
l_curve_6,477,0.18984217941761017,0.9047619104385376
l_curve_6,478,0.18916592001914978,0.9047619104385376
l_curve_6,479,0.18877561390399933,0.9047619104385376
l_curve_6,480,0.18828733265399933,0.9047619104385376
l_curve_6,481,0.18793298304080963,0.9047619104385376
l_curve_6,482,0.18754996359348297,0.9047619104385376
l_curve_6,483,0.18714061379432678,0.9047619104385376
l_curve_6,484,0.18622303009033203,0.9047619104385376
l_curve_6,485,0.18517319858074188,0.9047619104385376
l_curve_6,486,0.18450716137886047,0.9047619104385376
l_curve_6,487,0.183914914727211,0.9047619104385376
l_curve_6,488,0.1833820790052414,0.9047619104385376
l_curve_6,489,0.18285629153251648,0.9047619104385376
l_curve_6,490,0.1823783814907074,0.9047619104385376
l_curve_6,491,0.1821649968624115,0.9047619104385376
l_curve_6,492,0.18154273927211761,0.9047619104385376
l_curve_6,493,0.18059495091438293,0.9047619104385376
l_curve_6,494,0.17983710765838623,0.9047619104385376
l_curve_6,495,0.17928434908390045,0.9047619104385376
l_curve_6,496,0.17894509434700012,0.9047619104385376
l_curve_6,497,0.1784287542104721,0.9047619104385376
l_curve_6,498,0.17792388796806335,0.9047619104385376
l_curve_6,499,0.1777702271938324,0.9047619104385376
l_curve_6,500,0.17734035849571228,0.9047619104385376
l_curve_6,501,0.17701369524002075,0.9047619104385376
l_curve_6,502,0.17658671736717224,0.9047619104385376
l_curve_6,503,0.17580261826515198,0.9047619104385376
l_curve_6,504,0.17517001926898956,0.9047619104385376
l_curve_6,505,0.17417985200881958,0.9047619104385376
l_curve_6,506,0.17350251972675323,0.9047619104385376
l_curve_6,507,0.17300264537334442,0.9047619104385376
l_curve_6,508,0.17248313128948212,0.9047619104385376
l_curve_6,509,0.17195773124694824,0.9047619104385376
l_curve_6,510,0.17169447243213654,0.9047619104385376
l_curve_6,511,0.1713944673538208,0.9047619104385376
l_curve_6,512,0.17063219845294952,0.9047619104385376
l_curve_6,513,0.16982467472553253,0.9047619104385376
l_curve_6,514,0.1692860722541809,0.9047619104385376
l_curve_6,515,0.16908247768878937,0.9047619104385376
l_curve_6,516,0.16879254579544067,0.9047619104385376
l_curve_6,517,0.1685788333415985,0.9047619104385376
l_curve_6,518,0.16812095046043396,0.9047619104385376
l_curve_6,519,0.16759319603443146,0.9047619104385376
l_curve_6,520,0.16701500117778778,0.9047619104385376
l_curve_6,521,0.1666785329580307,0.9047619104385376
l_curve_6,522,0.16593444347381592,0.9047619104385376
l_curve_6,523,0.1653139740228653,0.9047619104385376
l_curve_6,524,0.16490066051483154,0.9047619104385376
l_curve_6,525,0.16471078991889954,0.9047619104385376
l_curve_6,526,0.1642487794160843,0.9047619104385376
l_curve_6,527,0.16386298835277557,0.9047619104385376
l_curve_6,528,0.16360649466514587,0.9047619104385376
l_curve_6,529,0.1630104035139084,0.9047619104385376
l_curve_6,530,0.1623886078596115,0.9047619104385376
l_curve_6,531,0.16197030246257782,0.9047619104385376
l_curve_6,532,0.16158843040466309,0.9047619104385376
l_curve_6,533,0.16134554147720337,0.9047619104385376
l_curve_6,534,0.16054564714431763,0.9047619104385376
l_curve_6,535,0.15980273485183716,0.9047619104385376
l_curve_6,536,0.15915744006633759,0.9047619104385376
l_curve_6,537,0.15859270095825195,0.9047619104385376
l_curve_6,538,0.15847575664520264,0.9047619104385376
l_curve_6,539,0.15786975622177124,0.9047619104385376
l_curve_6,540,0.15741051733493805,0.9047619104385376
l_curve_6,541,0.15700283646583557,0.9047619104385376
l_curve_6,542,0.15704819560050964,0.9047619104385376
l_curve_6,543,0.1566486656665802,0.9047619104385376
l_curve_6,544,0.1560453176498413,0.9047619104385376
l_curve_6,545,0.15578895807266235,0.9047619104385376
l_curve_6,546,0.15550367534160614,0.9047619104385376
l_curve_6,547,0.1547190248966217,0.9523809552192688
l_curve_6,548,0.1544782817363739,0.9523809552192688
l_curve_6,549,0.1543193906545639,0.9523809552192688
l_curve_6,550,0.15355722606182098,0.9523809552192688
l_curve_6,551,0.15297825634479523,0.9523809552192688
l_curve_6,552,0.15243536233901978,0.9523809552192688
l_curve_6,553,0.15203498303890228,0.9523809552192688
l_curve_6,554,0.15182660520076752,0.9523809552192688
l_curve_6,555,0.1516978144645691,0.9523809552192688
l_curve_6,556,0.15154223144054413,0.9523809552192688
l_curve_6,557,0.15138916671276093,0.9523809552192688
l_curve_6,558,0.1508169323205948,0.9523809552192688
l_curve_6,559,0.1500638723373413,0.9523809552192688
l_curve_6,560,0.14949771761894226,0.9523809552192688
l_curve_6,561,0.1488817185163498,0.9523809552192688
l_curve_6,562,0.148412823677063,0.9523809552192688
l_curve_6,563,0.1477702409029007,0.9523809552192688
l_curve_6,564,0.1472376137971878,0.9523809552192688
l_curve_6,565,0.1466340720653534,0.9523809552192688
l_curve_6,566,0.14620129764080048,0.9523809552192688
l_curve_6,567,0.14587943255901337,0.9523809552192688
l_curve_6,568,0.14574450254440308,0.9523809552192688
l_curve_6,569,0.1454385221004486,0.9523809552192688
l_curve_6,570,0.14480076730251312,0.9523809552192688
l_curve_6,571,0.1443505734205246,0.9523809552192688
l_curve_6,572,0.1439547836780548,0.9523809552192688
l_curve_6,573,0.14357540011405945,0.9523809552192688
l_curve_6,574,0.14308492839336395,0.9523809552192688
l_curve_6,575,0.1427122950553894,0.9523809552192688
l_curve_6,576,0.1422218233346939,0.9523809552192688
l_curve_6,577,0.14173071086406708,0.9523809552192688
l_curve_6,578,0.1411113440990448,0.9523809552192688
l_curve_6,579,0.14073336124420166,0.9523809552192688
l_curve_6,580,0.14026659727096558,0.9523809552192688
l_curve_6,581,0.1402786672115326,0.9523809552192688
l_curve_6,582,0.14038273692131042,0.9523809552192688
l_curve_6,583,0.13986296951770782,0.9523809552192688
l_curve_6,584,0.1395324021577835,0.9523809552192688
l_curve_6,585,0.13915789127349854,0.9523809552192688
l_curve_6,586,0.1387881636619568,0.9523809552192688
l_curve_6,587,0.1383132040500641,0.9523809552192688
l_curve_6,588,0.13782386481761932,0.9523809552192688
l_curve_6,589,0.13740375638008118,0.9523809552192688
l_curve_6,590,0.13719813525676727,0.9523809552192688
l_curve_6,591,0.13680413365364075,0.9523809552192688
l_curve_6,592,0.1365135759115219,0.9523809552192688
l_curve_6,593,0.13616561889648438,0.9523809552192688
l_curve_6,594,0.135583758354187,0.9523809552192688
l_curve_6,595,0.13530994951725006,0.9523809552192688
l_curve_6,596,0.13485029339790344,0.9523809552192688
l_curve_6,597,0.13424870371818542,0.9523809552192688
l_curve_6,598,0.13402539491653442,0.9523809552192688
l_curve_6,599,0.13399246335029602,0.9523809552192688
l_curve_6,600,0.13358381390571594,0.9523809552192688
l_curve_6,601,0.1333101987838745,0.9523809552192688
l_curve_6,602,0.1329079419374466,0.9523809552192688
l_curve_6,603,0.1324460655450821,0.9523809552192688
l_curve_6,604,0.13230526447296143,0.9523809552192688
l_curve_6,605,0.13200625777244568,0.9523809552192688
l_curve_6,606,0.1313731074333191,0.9523809552192688
l_curve_6,607,0.13116715848445892,0.9523809552192688
l_curve_6,608,0.13094547390937805,0.9523809552192688
l_curve_6,609,0.13024471700191498,0.9523809552192688
l_curve_6,610,0.12968875467777252,0.9523809552192688
l_curve_6,611,0.1292523592710495,0.9523809552192688
l_curve_6,612,0.12879712879657745,0.9523809552192688
l_curve_6,613,0.12833207845687866,0.9523809552192688
l_curve_6,614,0.12821848690509796,0.9523809552192688
l_curve_6,615,0.12811177968978882,0.9523809552192688
l_curve_6,616,0.1276530921459198,0.9523809552192688
l_curve_6,617,0.12718334794044495,0.9523809552192688
l_curve_6,618,0.1266990453004837,0.9523809552192688
l_curve_6,619,0.12635476887226105,0.9523809552192688
l_curve_6,620,0.1260167360305786,0.9523809552192688
l_curve_6,621,0.12565091252326965,0.9523809552192688
l_curve_6,622,0.12523238360881805,0.9523809552192688
l_curve_6,623,0.12472417205572128,0.9523809552192688
l_curve_6,624,0.12447196990251541,0.9523809552192688
l_curve_6,625,0.12405838072299957,0.9523809552192688
l_curve_6,626,0.12393075972795486,0.9523809552192688
l_curve_6,627,0.12360204011201859,0.9523809552192688
l_curve_6,628,0.12329596281051636,0.9523809552192688
l_curve_6,629,0.1230592355132103,0.9523809552192688
l_curve_6,630,0.12250856310129166,0.9523809552192688
l_curve_6,631,0.12203756719827652,0.9523809552192688
l_curve_6,632,0.12168456614017487,0.9523809552192688
l_curve_6,633,0.12165617942810059,0.9523809552192688
l_curve_6,634,0.12147346884012222,0.9523809552192688
l_curve_6,635,0.12105575203895569,0.9523809552192688
l_curve_6,636,0.12033988535404205,0.9523809552192688
l_curve_6,637,0.11998915672302246,0.9523809552192688
l_curve_6,638,0.1199646145105362,0.9523809552192688
l_curve_6,639,0.11992043256759644,0.9523809552192688
l_curve_6,640,0.11958333104848862,0.9523809552192688
l_curve_6,641,0.11953117698431015,0.9523809552192688
l_curve_6,642,0.11930157244205475,0.9523809552192688
l_curve_6,643,0.11912397295236588,0.9523809552192688
l_curve_6,644,0.1187046468257904,0.9523809552192688
l_curve_6,645,0.11829844862222672,0.9523809552192688
l_curve_6,646,0.11801773309707642,0.9523809552192688
l_curve_6,647,0.11783929169178009,0.9523809552192688
l_curve_6,648,0.11753487586975098,0.9523809552192688
l_curve_6,649,0.11708807945251465,0.9523809552192688
l_curve_6,650,0.11697419732809067,0.9523809552192688
l_curve_6,651,0.116518035531044,0.9523809552192688
l_curve_6,652,0.11581248044967651,0.9523809552192688
l_curve_6,653,0.11558898538351059,0.9523809552192688
l_curve_6,654,0.11530041694641113,0.9523809552192688
l_curve_6,655,0.11499656736850739,0.9523809552192688
l_curve_6,656,0.1146818995475769,0.9523809552192688
l_curve_6,657,0.11427944898605347,0.9523809552192688
l_curve_6,658,0.11391609907150269,0.9523809552192688
l_curve_6,659,0.1134987473487854,0.9523809552192688
l_curve_6,660,0.113472118973732,0.9523809552192688
l_curve_6,661,0.11316201835870743,0.9523809552192688
l_curve_6,662,0.11241773515939713,0.9523809552192688
l_curve_6,663,0.11156383901834488,0.9523809552192688
l_curve_6,664,0.11115878820419312,0.9523809552192688
l_curve_6,665,0.11088603734970093,0.9523809552192688
l_curve_6,666,0.11077054589986801,0.9523809552192688
l_curve_6,667,0.11060448735952377,0.9523809552192688
l_curve_6,668,0.11077889055013657,0.9523809552192688
l_curve_6,669,0.11096100509166718,0.9523809552192688
l_curve_6,670,0.11069414764642715,0.9523809552192688
l_curve_6,671,0.11008783429861069,0.9523809552192688
l_curve_6,672,0.10928108543157578,0.9523809552192688
l_curve_6,673,0.10852960497140884,0.9523809552192688
l_curve_6,674,0.1084461435675621,0.9523809552192688
l_curve_6,675,0.10821164399385452,0.9523809552192688
l_curve_6,676,0.10801230370998383,0.9523809552192688
l_curve_6,677,0.10781554132699966,0.9523809552192688
l_curve_6,678,0.10735727846622467,0.9523809552192688
l_curve_6,679,0.10728820413351059,0.9523809552192688
l_curve_6,680,0.10714560747146606,0.9523809552192688
l_curve_6,681,0.10664943605661392,0.9523809552192688
l_curve_6,682,0.10634756088256836,0.9523809552192688
l_curve_6,683,0.10624279081821442,0.9523809552192688
l_curve_6,684,0.10586951673030853,0.9523809552192688
l_curve_6,685,0.10561273247003555,0.9523809552192688
l_curve_6,686,0.10500864684581757,0.9523809552192688
l_curve_6,687,0.10450133681297302,0.9523809552192688
l_curve_6,688,0.10423973947763443,0.9523809552192688
l_curve_6,689,0.1043795719742775,0.9523809552192688
l_curve_6,690,0.10424059629440308,0.9523809552192688
l_curve_6,691,0.1037563681602478,0.9523809552192688
l_curve_6,692,0.10342344641685486,0.9523809552192688
l_curve_6,693,0.10309101641178131,0.9523809552192688
l_curve_6,694,0.10297718644142151,0.9523809552192688
l_curve_6,695,0.10288139432668686,0.9523809552192688
l_curve_6,696,0.10271300375461578,0.9523809552192688
l_curve_6,697,0.10229386389255524,0.9523809552192688
l_curve_6,698,0.1021573394536972,0.9523809552192688
l_curve_6,699,0.10182857513427734,0.9523809552192688
l_curve_6,700,0.10124271363019943,0.9523809552192688
l_curve_6,701,0.10082389414310455,0.9523809552192688
l_curve_6,702,0.1004197746515274,0.9523809552192688
l_curve_6,703,0.10009930282831192,0.9523809552192688
l_curve_6,704,0.09988749772310257,0.9523809552192688
l_curve_6,705,0.09965552389621735,0.9523809552192688
l_curve_6,706,0.09958580881357193,0.9523809552192688
l_curve_6,707,0.09941502660512924,0.9523809552192688
l_curve_6,708,0.09896156936883926,0.9523809552192688
l_curve_6,709,0.09852324426174164,0.9523809552192688
l_curve_6,710,0.09815710037946701,0.9523809552192688
l_curve_6,711,0.09783762693405151,0.9523809552192688
l_curve_6,712,0.09748905897140503,0.9523809552192688
l_curve_6,713,0.09734983742237091,0.9523809552192688
l_curve_6,714,0.09719166159629822,0.9523809552192688
l_curve_6,715,0.09690837562084198,0.9523809552192688
l_curve_6,716,0.09672180563211441,0.9523809552192688
l_curve_6,717,0.09652508050203323,0.9523809552192688
l_curve_6,718,0.09643568098545074,0.9523809552192688
l_curve_6,719,0.09620991349220276,0.9523809552192688
l_curve_6,720,0.09592476487159729,0.9523809552192688
l_curve_6,721,0.09570620208978653,0.9523809552192688
l_curve_6,722,0.09559699147939682,0.9523809552192688
l_curve_6,723,0.0952143594622612,0.9523809552192688
l_curve_6,724,0.09492968022823334,0.9523809552192688
l_curve_6,725,0.09462472051382065,0.9523809552192688
l_curve_6,726,0.09429298341274261,0.9523809552192688
l_curve_6,727,0.09388138353824615,0.9523809552192688
l_curve_6,728,0.09368915855884552,0.9523809552192688
l_curve_6,729,0.09330867230892181,0.9523809552192688
l_curve_6,730,0.09304872155189514,0.9523809552192688
l_curve_6,731,0.09282517433166504,0.9523809552192688
l_curve_6,732,0.09253954142332077,0.9523809552192688
l_curve_6,733,0.09227494150400162,0.9523809552192688
l_curve_6,734,0.09175175428390503,0.9523809552192688
l_curve_6,735,0.09137336909770966,0.9523809552192688
l_curve_6,736,0.0912884846329689,0.9523809552192688
l_curve_6,737,0.0912494957447052,0.9523809552192688
l_curve_6,738,0.09091081470251083,0.9523809552192688
l_curve_6,739,0.09063412994146347,0.9523809552192688
l_curve_6,740,0.0902479887008667,0.9523809552192688
l_curve_6,741,0.08989175409078598,0.9523809552192688
l_curve_6,742,0.08955068141222,0.9523809552192688
l_curve_6,743,0.08982788771390915,0.9523809552192688
l_curve_6,744,0.0895761102437973,0.9523809552192688
l_curve_6,745,0.08951611816883087,0.9523809552192688
l_curve_6,746,0.08951737731695175,0.9523809552192688
l_curve_6,747,0.08925352245569229,0.9523809552192688
l_curve_6,748,0.08925812691450119,0.9523809552192688
l_curve_6,749,0.08912043273448944,0.9523809552192688
l_curve_6,750,0.08861839026212692,0.9523809552192688
l_curve_6,751,0.08808160573244095,0.9523809552192688
l_curve_6,752,0.0878739282488823,0.9523809552192688
l_curve_6,753,0.08754624426364899,0.9523809552192688
l_curve_6,754,0.08722537755966187,0.9523809552192688
l_curve_6,755,0.08672403544187546,0.9523809552192688
l_curve_6,756,0.08635171502828598,0.9523809552192688
l_curve_6,757,0.08605874329805374,0.9523809552192688
l_curve_6,758,0.08586037904024124,0.9523809552192688
l_curve_6,759,0.0855763629078865,0.9523809552192688
l_curve_6,760,0.08548042923212051,0.9523809552192688
l_curve_6,761,0.0853462815284729,0.9523809552192688
l_curve_6,762,0.0849972739815712,0.9523809552192688
l_curve_6,763,0.08461631089448929,0.9523809552192688
l_curve_6,764,0.08450563251972198,0.9523809552192688
l_curve_6,765,0.08435095101594925,0.9523809552192688
l_curve_6,766,0.08421321213245392,0.9523809552192688
l_curve_6,767,0.08406771719455719,0.9523809552192688
l_curve_6,768,0.0840071365237236,0.9523809552192688
l_curve_6,769,0.08379659801721573,0.9523809552192688
l_curve_6,770,0.08369974046945572,0.9523809552192688
l_curve_6,771,0.08353590220212936,0.9523809552192688
l_curve_6,772,0.08325527608394623,0.9523809552192688
l_curve_6,773,0.08281216770410538,0.9523809552192688
l_curve_6,774,0.08239296823740005,0.9523809552192688
l_curve_6,775,0.0824538916349411,0.9523809552192688
l_curve_6,776,0.08223928511142731,0.9523809552192688
l_curve_6,777,0.08201006799936295,0.9523809552192688
l_curve_6,778,0.08162638545036316,0.9523809552192688
l_curve_6,779,0.0813131332397461,0.9523809552192688
l_curve_6,780,0.0809355154633522,0.9523809552192688
l_curve_6,781,0.0807173103094101,0.9523809552192688
l_curve_6,782,0.08063947409391403,0.9523809552192688
l_curve_6,783,0.08058232814073563,0.9523809552192688
l_curve_6,784,0.08044689893722534,0.9523809552192688
l_curve_6,785,0.08024626970291138,0.9523809552192688
l_curve_6,786,0.08027251064777374,0.9523809552192688
l_curve_6,787,0.07996012270450592,0.9523809552192688
l_curve_6,788,0.07939203828573227,0.9523809552192688
l_curve_6,789,0.07905753701925278,0.9523809552192688
l_curve_6,790,0.07863646745681763,0.9523809552192688
l_curve_6,791,0.07849268615245819,0.9523809552192688
l_curve_6,792,0.07836848497390747,0.9523809552192688
l_curve_6,793,0.0783991664648056,0.9523809552192688
l_curve_6,794,0.07820285856723785,0.9523809552192688
l_curve_6,795,0.07780121266841888,0.9523809552192688
l_curve_6,796,0.0774678885936737,0.9523809552192688
l_curve_6,797,0.07735422998666763,0.9523809552192688
l_curve_6,798,0.07719307392835617,0.9523809552192688
l_curve_6,799,0.07728410512208939,0.9523809552192688
l_curve_6,800,0.07748760282993317,0.9523809552192688
l_curve_6,801,0.07695650309324265,0.9523809552192688
l_curve_6,802,0.07637100666761398,0.9523809552192688
l_curve_6,803,0.0757419690489769,0.9523809552192688
l_curve_6,804,0.07544015347957611,0.9523809552192688
l_curve_6,805,0.07567764073610306,0.9523809552192688
l_curve_6,806,0.07584889978170395,0.9523809552192688
l_curve_6,807,0.07563350349664688,0.9523809552192688
l_curve_6,808,0.0754508227109909,0.9523809552192688
l_curve_6,809,0.07529348880052567,0.9523809552192688
l_curve_6,810,0.075040303170681,0.9523809552192688
l_curve_6,811,0.07459675520658493,0.9523809552192688
l_curve_6,812,0.07425760477781296,0.9523809552192688
l_curve_6,813,0.07397431880235672,0.9523809552192688
l_curve_6,814,0.0738798975944519,0.9523809552192688
l_curve_6,815,0.074002705514431,0.9523809552192688
l_curve_6,816,0.07388824224472046,0.9523809552192688
l_curve_6,817,0.07347147166728973,0.9523809552192688
l_curve_6,818,0.07319104671478271,0.9523809552192688
l_curve_6,819,0.07288919389247894,0.9523809552192688
l_curve_6,820,0.07258643954992294,0.9523809552192688
l_curve_6,821,0.07221032679080963,0.9523809552192688
l_curve_6,822,0.07192561775445938,0.9523809552192688
l_curve_6,823,0.07177543640136719,0.9523809552192688
l_curve_6,824,0.0715760812163353,0.9523809552192688
l_curve_6,825,0.07159242779016495,0.9523809552192688
l_curve_6,826,0.07140527665615082,0.9523809552192688
l_curve_6,827,0.07098046690225601,0.9523809552192688
l_curve_6,828,0.07083586603403091,0.9523809552192688
l_curve_6,829,0.07068010419607162,0.9523809552192688
l_curve_6,830,0.07045502960681915,0.9523809552192688
l_curve_6,831,0.07043249160051346,0.9523809552192688
l_curve_6,832,0.07020894438028336,0.9523809552192688
l_curve_6,833,0.06999536603689194,0.9523809552192688
l_curve_6,834,0.06990955024957657,0.9523809552192688
l_curve_6,835,0.06971913576126099,0.9523809552192688
l_curve_6,836,0.06940007209777832,0.9523809552192688
l_curve_6,837,0.06941964477300644,0.9523809552192688
l_curve_6,838,0.06917428970336914,0.9523809552192688
l_curve_6,839,0.06889326125383377,0.9523809552192688
l_curve_6,840,0.06868080794811249,0.9523809552192688
l_curve_6,841,0.068477563560009,0.9523809552192688
l_curve_6,842,0.06845726072788239,0.9523809552192688
l_curve_6,843,0.06848832219839096,0.9523809552192688
l_curve_6,844,0.06826186180114746,0.9523809552192688
l_curve_6,845,0.06811858713626862,0.9523809552192688
l_curve_6,846,0.06788501143455505,0.9523809552192688
l_curve_6,847,0.06764110177755356,0.9523809552192688
l_curve_6,848,0.06756431609392166,0.9523809552192688
l_curve_6,849,0.0671381801366806,0.9523809552192688
l_curve_6,850,0.06669862568378448,0.9523809552192688
l_curve_6,851,0.06652466207742691,0.9523809552192688
l_curve_6,852,0.06632643193006516,0.9523809552192688
l_curve_6,853,0.06591655313968658,0.9523809552192688
l_curve_6,854,0.06557276099920273,0.9523809552192688
l_curve_6,855,0.06540486216545105,0.9523809552192688
l_curve_6,856,0.06541243195533752,0.9523809552192688
l_curve_6,857,0.06558922678232193,0.9523809552192688
l_curve_6,858,0.06574159115552902,0.9523809552192688
l_curve_6,859,0.06576468795537949,0.9523809552192688
l_curve_6,860,0.06544467061758041,0.9523809552192688
l_curve_6,861,0.065000519156456,0.9523809552192688
l_curve_6,862,0.06455211341381073,0.9523809552192688
l_curve_6,863,0.06448744237422943,0.9523809552192688
l_curve_6,864,0.06445775926113129,0.9523809552192688
l_curve_6,865,0.06417123228311539,0.9523809552192688
l_curve_6,866,0.06397472321987152,0.9523809552192688
l_curve_6,867,0.06388965994119644,0.9523809552192688
l_curve_6,868,0.06379548460245132,0.9523809552192688
l_curve_6,869,0.06363337486982346,0.9523809552192688
l_curve_6,870,0.06357280910015106,0.9523809552192688
l_curve_6,871,0.06340470165014267,0.9523809552192688
l_curve_6,872,0.06307796388864517,0.9523809552192688
l_curve_6,873,0.06290725618600845,0.9523809552192688
l_curve_6,874,0.06278064846992493,0.9523809552192688
l_curve_6,875,0.062450822442770004,0.9523809552192688
l_curve_6,876,0.062154628336429596,0.9523809552192688
l_curve_6,877,0.06173821911215782,0.9523809552192688
l_curve_6,878,0.06167051941156387,0.9523809552192688
l_curve_6,879,0.06168559193611145,0.9523809552192688
l_curve_6,880,0.06149705871939659,0.9523809552192688
l_curve_6,881,0.06147538498044014,0.9523809552192688
l_curve_6,882,0.0611162967979908,0.9523809552192688
l_curve_6,883,0.06110313534736633,0.9523809552192688
l_curve_6,884,0.06096178665757179,0.9523809552192688
l_curve_6,885,0.06074221804738045,0.9523809552192688
l_curve_6,886,0.06080709770321846,0.9523809552192688
l_curve_6,887,0.06070929020643234,0.9523809552192688
l_curve_6,888,0.06059090420603752,0.9523809552192688
l_curve_6,889,0.060449935495853424,0.9523809552192688
l_curve_6,890,0.06018577143549919,0.9523809552192688
l_curve_6,891,0.059777867048978806,0.9523809552192688
l_curve_6,892,0.05956989899277687,0.9523809552192688
l_curve_6,893,0.05934775993227959,0.9523809552192688
l_curve_6,894,0.05925166606903076,0.9523809552192688
l_curve_6,895,0.0589035339653492,0.9523809552192688
l_curve_6,896,0.05874193459749222,0.9523809552192688
l_curve_6,897,0.05872336030006409,0.9523809552192688
l_curve_6,898,0.05867503210902214,0.9523809552192688
l_curve_6,899,0.058475859463214874,0.9523809552192688
l_curve_6,900,0.05831356346607208,0.9523809552192688
l_curve_6,901,0.05810723826289177,0.9523809552192688
l_curve_6,902,0.05810675024986267,0.9523809552192688
l_curve_6,903,0.057996273040771484,0.9523809552192688
l_curve_6,904,0.05787862464785576,0.9523809552192688
l_curve_6,905,0.05770126357674599,0.9523809552192688
l_curve_6,906,0.05735630542039871,0.9523809552192688
l_curve_6,907,0.05726919323205948,0.9523809552192688
l_curve_6,908,0.05738108977675438,0.9523809552192688
l_curve_6,909,0.05713218078017235,0.9523809552192688
l_curve_6,910,0.05701681971549988,0.9523809552192688
l_curve_6,911,0.056893035769462585,0.9523809552192688
l_curve_6,912,0.056785788387060165,0.9523809552192688
l_curve_6,913,0.056683074682950974,0.9523809552192688
l_curve_6,914,0.056504055857658386,0.9523809552192688
l_curve_6,915,0.056410033255815506,0.9523809552192688
l_curve_6,916,0.05618808791041374,0.9523809552192688
l_curve_6,917,0.05605240538716316,0.9523809552192688
l_curve_6,918,0.05588633194565773,0.9523809552192688
l_curve_6,919,0.05566497519612312,0.9523809552192688
l_curve_6,920,0.05561581254005432,0.9523809552192688
l_curve_6,921,0.05542418360710144,0.9523809552192688
l_curve_6,922,0.05521374195814133,0.9523809552192688
l_curve_6,923,0.055199719965457916,0.9523809552192688
l_curve_6,924,0.05495035648345947,0.9523809552192688
l_curve_6,925,0.054764945060014725,0.9523809552192688
l_curve_6,926,0.05458419770002365,0.9523809552192688
l_curve_6,927,0.05443091690540314,0.9523809552192688
l_curve_6,928,0.054214801639318466,0.9523809552192688
l_curve_6,929,0.05420353263616562,0.9523809552192688
l_curve_6,930,0.054004065692424774,0.9523809552192688
l_curve_6,931,0.05370946601033211,0.9523809552192688
l_curve_6,932,0.05340186133980751,0.9523809552192688
l_curve_6,933,0.05320693925023079,0.9523809552192688
l_curve_6,934,0.052918870002031326,0.9523809552192688
l_curve_6,935,0.052836958318948746,0.9523809552192688
l_curve_6,936,0.052653223276138306,0.9523809552192688
l_curve_6,937,0.052602581679821014,0.9523809552192688
l_curve_6,938,0.05250855162739754,0.9523809552192688
l_curve_6,939,0.052485495805740356,0.9523809552192688
l_curve_6,940,0.05236818641424179,0.9523809552192688
l_curve_6,941,0.0522485114634037,0.9523809552192688
l_curve_6,942,0.052119266241788864,0.9523809552192688
l_curve_6,943,0.052192892879247665,0.9523809552192688
l_curve_6,944,0.05192345753312111,0.9523809552192688
l_curve_6,945,0.05148081108927727,0.9523809552192688
l_curve_6,946,0.051300592720508575,0.9523809552192688
l_curve_6,947,0.051233310252428055,0.9523809552192688
l_curve_6,948,0.05108627676963806,0.9523809552192688
l_curve_6,949,0.05108017474412918,0.9523809552192688
l_curve_6,950,0.05107874050736427,0.9523809552192688
l_curve_6,951,0.05094016715884209,0.9523809552192688
l_curve_6,952,0.050558675080537796,0.9523809552192688
l_curve_6,953,0.05030498653650284,0.9523809552192688
l_curve_6,954,0.05010584369301796,0.9523809552192688
l_curve_6,955,0.04995083808898926,0.9523809552192688
l_curve_6,956,0.049917109310626984,0.9523809552192688
l_curve_6,957,0.050002098083496094,0.9523809552192688
l_curve_6,958,0.04987095668911934,0.9523809552192688
l_curve_6,959,0.04963205009698868,0.9523809552192688
l_curve_6,960,0.04945613816380501,0.9523809552192688
l_curve_6,961,0.049164555966854095,0.9523809552192688
l_curve_6,962,0.04908577725291252,0.9523809552192688
l_curve_6,963,0.04906943812966347,0.9523809552192688
l_curve_6,964,0.04902290180325508,0.9523809552192688
l_curve_6,965,0.04898468032479286,0.9523809552192688
l_curve_6,966,0.048978470265865326,0.9523809552192688
l_curve_6,967,0.04901955649256706,0.9523809552192688
l_curve_6,968,0.04883406311273575,0.9523809552192688
l_curve_6,969,0.04858851432800293,0.9523809552192688
l_curve_6,970,0.04844280704855919,0.9523809552192688
l_curve_6,971,0.048401180654764175,0.9523809552192688
l_curve_6,972,0.04807913303375244,0.9523809552192688
l_curve_6,973,0.04802544787526131,0.9523809552192688
l_curve_6,974,0.047947246581315994,0.9523809552192688
l_curve_6,975,0.047844357788562775,0.9523809552192688
l_curve_6,976,0.04752987250685692,0.9523809552192688
l_curve_6,977,0.04736156389117241,0.9523809552192688
l_curve_6,978,0.047475364059209824,0.9523809552192688
l_curve_6,979,0.04751284793019295,0.9523809552192688
l_curve_6,980,0.04723697155714035,0.9523809552192688
l_curve_6,981,0.04707364737987518,0.9523809552192688
l_curve_6,982,0.0468544103205204,1.0
l_curve_6,983,0.04662654921412468,1.0
l_curve_6,984,0.04627781733870506,1.0
l_curve_6,985,0.04591076821088791,1.0
l_curve_6,986,0.04558007791638374,1.0
l_curve_6,987,0.04578647390007973,1.0
l_curve_6,988,0.04567606374621391,1.0
l_curve_6,989,0.04571731388568878,1.0
l_curve_6,990,0.045750465244054794,1.0
l_curve_6,991,0.0456167533993721,1.0
l_curve_6,992,0.04532245546579361,1.0
l_curve_6,993,0.045133061707019806,1.0
l_curve_6,994,0.04505777359008789,1.0
l_curve_6,995,0.04497876018285751,1.0
l_curve_6,996,0.045122180134058,1.0
l_curve_6,997,0.04507305100560188,1.0
l_curve_6,998,0.04467776417732239,1.0
l_curve_6,999,0.04446160048246384,1.0
l_curve_6,1000,0.044375307857990265,1.0
l_curve_6,1000,0.044375307857990265,1.0
