client,round,loss,accuracy
l_curve_0,1,0.6043524146080017,0.6666666865348816
l_curve_0,2,0.5939134955406189,0.761904776096344
l_curve_0,3,0.5856772661209106,0.761904776096344
l_curve_0,4,0.5790901184082031,0.761904776096344
l_curve_0,5,0.5734597444534302,0.761904776096344
l_curve_0,6,0.5683024525642395,0.761904776096344
l_curve_0,7,0.5633779764175415,0.761904776096344
l_curve_0,8,0.5586025714874268,0.761904776096344
l_curve_0,9,0.5538625121116638,0.761904776096344
l_curve_0,10,0.5491364002227783,0.761904776096344
l_curve_0,11,0.5444174408912659,0.761904776096344
l_curve_0,12,0.5396940112113953,0.7142857313156128
l_curve_0,13,0.5349512696266174,0.7142857313156128
l_curve_0,14,0.5302343368530273,0.7142857313156128
l_curve_0,15,0.5254436731338501,0.7142857313156128
l_curve_0,16,0.5206364393234253,0.7142857313156128
l_curve_0,17,0.515844464302063,0.7142857313156128
l_curve_0,18,0.5110390782356262,0.7142857313156128
l_curve_0,19,0.5062528252601624,0.7142857313156128
l_curve_0,20,0.5014445185661316,0.7142857313156128
l_curve_0,21,0.49666428565979004,0.7142857313156128
l_curve_0,22,0.49186253547668457,0.7142857313156128
l_curve_0,23,0.4870541989803314,0.7142857313156128
l_curve_0,24,0.4822690188884735,0.7142857313156128
l_curve_0,25,0.47749197483062744,0.7142857313156128
l_curve_0,26,0.47267669439315796,0.761904776096344
l_curve_0,27,0.467892587184906,0.761904776096344
l_curve_0,28,0.46312087774276733,0.761904776096344
l_curve_0,29,0.45836421847343445,0.761904776096344
l_curve_0,30,0.4536270797252655,0.761904776096344
l_curve_0,31,0.44892075657844543,0.761904776096344
l_curve_0,32,0.4442153573036194,0.761904776096344
l_curve_0,33,0.43958523869514465,0.761904776096344
l_curve_0,34,0.43495023250579834,0.761904776096344
l_curve_0,35,0.43031859397888184,0.761904776096344
l_curve_0,36,0.4257630705833435,0.761904776096344
l_curve_0,37,0.4212799072265625,0.761904776096344
l_curve_0,38,0.41685476899147034,0.761904776096344
l_curve_0,39,0.41248077154159546,0.761904776096344
l_curve_0,40,0.40817636251449585,0.761904776096344
l_curve_0,41,0.40389397740364075,0.761904776096344
l_curve_0,42,0.3997138440608978,0.761904776096344
l_curve_0,43,0.3955855071544647,0.761904776096344
l_curve_0,44,0.3915816843509674,0.761904776096344
l_curve_0,45,0.38761067390441895,0.761904776096344
l_curve_0,46,0.3837422728538513,0.761904776096344
l_curve_0,47,0.3799322843551636,0.761904776096344
l_curve_0,48,0.37625652551651,0.761904776096344
l_curve_0,49,0.37258175015449524,0.8095238208770752
l_curve_0,50,0.36901307106018066,0.8095238208770752
l_curve_0,51,0.3655402362346649,0.8095238208770752
l_curve_0,52,0.3620952069759369,0.8095238208770752
l_curve_0,53,0.35873597860336304,0.8095238208770752
l_curve_0,54,0.35547471046447754,0.8095238208770752
l_curve_0,55,0.35225406289100647,0.8095238208770752
l_curve_0,56,0.34910568594932556,0.8095238208770752
l_curve_0,57,0.34602874517440796,0.8095238208770752
l_curve_0,58,0.3429926335811615,0.8571428656578064
l_curve_0,59,0.3400048613548279,0.8571428656578064
l_curve_0,60,0.3370809555053711,0.8571428656578064
l_curve_0,61,0.3342455327510834,0.8571428656578064
l_curve_0,62,0.3314467966556549,0.8571428656578064
l_curve_0,63,0.32869040966033936,0.8571428656578064
l_curve_0,64,0.3259716033935547,0.8095238208770752
l_curve_0,65,0.3233044147491455,0.8095238208770752
l_curve_0,66,0.32071834802627563,0.8095238208770752
l_curve_0,67,0.31819629669189453,0.8095238208770752
l_curve_0,68,0.3157588541507721,0.8095238208770752
l_curve_0,69,0.3133925795555115,0.8095238208770752
l_curve_0,70,0.31103599071502686,0.8571428656578064
l_curve_0,71,0.308769166469574,0.8571428656578064
l_curve_0,72,0.3065682053565979,0.8571428656578064
l_curve_0,73,0.304370641708374,0.9047619104385376
l_curve_0,74,0.30227601528167725,0.9047619104385376
l_curve_0,75,0.30025792121887207,0.9047619104385376
l_curve_0,76,0.2982364296913147,0.9047619104385376
l_curve_0,77,0.29623812437057495,0.9047619104385376
l_curve_0,78,0.2943257987499237,0.9047619104385376
l_curve_0,79,0.2924848794937134,0.9047619104385376
l_curve_0,80,0.29067274928092957,0.9047619104385376
l_curve_0,81,0.2888999283313751,0.9047619104385376
l_curve_0,82,0.28713542222976685,0.9047619104385376
l_curve_0,83,0.28546833992004395,0.9047619104385376
l_curve_0,84,0.2838871479034424,0.9047619104385376
l_curve_0,85,0.2822641134262085,0.9047619104385376
l_curve_0,86,0.2806893289089203,0.9047619104385376
l_curve_0,87,0.2792038023471832,0.9047619104385376
l_curve_0,88,0.2777159512042999,0.9047619104385376
l_curve_0,89,0.2762593626976013,0.9047619104385376
l_curve_0,90,0.2748134732246399,0.9047619104385376
l_curve_0,91,0.2733810842037201,0.9523809552192688
l_curve_0,92,0.2720370888710022,0.9523809552192688
l_curve_0,93,0.2707667350769043,0.9523809552192688
l_curve_0,94,0.26948416233062744,0.9523809552192688
l_curve_0,95,0.2682785391807556,0.9523809552192688
l_curve_0,96,0.26709574460983276,0.9523809552192688
l_curve_0,97,0.2659943699836731,0.9523809552192688
l_curve_0,98,0.2649354040622711,0.9523809552192688
l_curve_0,99,0.26386532187461853,0.9523809552192688
l_curve_0,100,0.26283425092697144,0.9523809552192688
l_curve_0,101,0.2618182897567749,0.9523809552192688
l_curve_0,102,0.2608219385147095,0.9523809552192688
l_curve_0,103,0.2598319351673126,0.9523809552192688
l_curve_0,104,0.2588844895362854,0.9523809552192688
l_curve_0,105,0.2579920291900635,0.9523809552192688
l_curve_0,106,0.25709810853004456,0.9523809552192688
l_curve_0,107,0.25622615218162537,0.9523809552192688
l_curve_0,108,0.2553847134113312,0.9523809552192688
l_curve_0,109,0.254580557346344,0.9523809552192688
l_curve_0,110,0.25382131338119507,0.9523809552192688
l_curve_0,111,0.2530720829963684,0.9523809552192688
l_curve_0,112,0.252386212348938,0.9523809552192688
l_curve_0,113,0.2517155110836029,0.9523809552192688
l_curve_0,114,0.2511020004749298,0.9523809552192688
l_curve_0,115,0.25044894218444824,0.9523809552192688
l_curve_0,116,0.24983133375644684,0.9523809552192688
l_curve_0,117,0.24922926723957062,0.9523809552192688
l_curve_0,118,0.24863728880882263,0.9523809552192688
l_curve_0,119,0.2480204850435257,0.9523809552192688
l_curve_0,120,0.24742524325847626,0.9523809552192688
l_curve_0,121,0.24690106511116028,0.9523809552192688
l_curve_0,122,0.24633671343326569,0.9523809552192688
l_curve_0,123,0.24575427174568176,0.9523809552192688
l_curve_0,124,0.2451803982257843,0.9523809552192688
l_curve_0,125,0.24464404582977295,0.9523809552192688
l_curve_0,126,0.24415098130702972,0.9523809552192688
l_curve_0,127,0.24367821216583252,0.9523809552192688
l_curve_0,128,0.2432016134262085,0.9523809552192688
l_curve_0,129,0.24277162551879883,0.9523809552192688
l_curve_0,130,0.2423599511384964,0.9523809552192688
l_curve_0,131,0.2419212907552719,0.9523809552192688
l_curve_0,132,0.24145732820034027,0.9523809552192688
l_curve_0,133,0.24104256927967072,0.9523809552192688
l_curve_0,134,0.2406255155801773,0.9523809552192688
l_curve_0,135,0.2402365803718567,0.9523809552192688
l_curve_0,136,0.2398533821105957,0.9523809552192688
l_curve_0,137,0.23948097229003906,0.9523809552192688
l_curve_0,138,0.23908483982086182,0.9523809552192688
l_curve_0,139,0.23872298002243042,0.9523809552192688
l_curve_0,140,0.23834514617919922,0.9523809552192688
l_curve_0,141,0.2379797101020813,0.9523809552192688
l_curve_0,142,0.23768143355846405,0.9523809552192688
l_curve_0,143,0.23738808929920197,0.9523809552192688
l_curve_0,144,0.23706640303134918,0.9523809552192688
l_curve_0,145,0.23673643171787262,0.9523809552192688
l_curve_0,146,0.2364002913236618,0.9523809552192688
l_curve_0,147,0.2361028492450714,0.9523809552192688
l_curve_0,148,0.2358403503894806,0.9523809552192688
l_curve_0,149,0.2355545610189438,0.9523809552192688
l_curve_0,150,0.23526747524738312,0.9523809552192688
l_curve_0,151,0.23500819504261017,0.9523809552192688
l_curve_0,152,0.23476465046405792,0.9523809552192688
l_curve_0,153,0.23455718159675598,0.9523809552192688
l_curve_0,154,0.23433391749858856,0.9523809552192688
l_curve_0,155,0.2340754270553589,0.9523809552192688
l_curve_0,156,0.23381778597831726,0.9523809552192688
l_curve_0,157,0.23353055119514465,0.9523809552192688
l_curve_0,158,0.2332867681980133,0.9523809552192688
l_curve_0,159,0.23305293917655945,0.9523809552192688
l_curve_0,160,0.232820063829422,0.9523809552192688
l_curve_0,161,0.23263245820999146,0.9523809552192688
l_curve_0,162,0.23245157301425934,0.9523809552192688
l_curve_0,163,0.2322772592306137,0.9523809552192688
l_curve_0,164,0.23206016421318054,0.9523809552192688
l_curve_0,165,0.2318650484085083,0.9523809552192688
l_curve_0,166,0.23165351152420044,0.9523809552192688
l_curve_0,167,0.2314806431531906,0.9523809552192688
l_curve_0,168,0.23127219080924988,0.9523809552192688
l_curve_0,169,0.23110464215278625,0.9523809552192688
l_curve_0,170,0.23089377582073212,0.9523809552192688
l_curve_0,171,0.2307339906692505,0.9523809552192688
l_curve_0,172,0.2305528074502945,0.9523809552192688
l_curve_0,173,0.23033306002616882,0.9523809552192688
l_curve_0,174,0.23014090955257416,0.9523809552192688
l_curve_0,175,0.22998537123203278,0.9523809552192688
l_curve_0,176,0.22985413670539856,0.9523809552192688
l_curve_0,177,0.22974634170532227,0.9523809552192688
l_curve_0,178,0.2296132743358612,0.9523809552192688
l_curve_0,179,0.22945506870746613,0.9523809552192688
l_curve_0,180,0.22930894792079926,0.9523809552192688
l_curve_0,181,0.2291582226753235,0.9523809552192688
l_curve_0,182,0.22897951304912567,0.9523809552192688
l_curve_0,183,0.22882716357707977,0.9523809552192688
l_curve_0,184,0.228628471493721,0.9523809552192688
l_curve_0,185,0.2283954620361328,0.9523809552192688
l_curve_0,186,0.2281636744737625,0.9523809552192688
l_curve_0,187,0.22798754274845123,0.9523809552192688
l_curve_0,188,0.22780725359916687,0.9523809552192688
l_curve_0,189,0.22765250504016876,0.9523809552192688
l_curve_0,190,0.22751080989837646,0.9523809552192688
l_curve_0,191,0.22738654911518097,0.9523809552192688
l_curve_0,192,0.22727791965007782,0.9523809552192688
l_curve_0,193,0.22711428999900818,0.9523809552192688
l_curve_0,194,0.22691726684570312,0.9523809552192688
l_curve_0,195,0.22672751545906067,0.9523809552192688
l_curve_0,196,0.22656548023223877,0.9523809552192688
l_curve_0,197,0.2264389544725418,0.9523809552192688
l_curve_0,198,0.2263047993183136,0.9523809552192688
l_curve_0,199,0.22619996964931488,0.9523809552192688
l_curve_0,200,0.2260773777961731,0.9523809552192688
l_curve_0,201,0.22591650485992432,0.9523809552192688
l_curve_0,202,0.225786954164505,0.9523809552192688
l_curve_0,203,0.22563518583774567,0.9523809552192688
l_curve_0,204,0.2254926562309265,0.9523809552192688
l_curve_0,205,0.22543548047542572,0.9523809552192688
l_curve_0,206,0.22534526884555817,0.9523809552192688
l_curve_0,207,0.22521279752254486,0.9523809552192688
l_curve_0,208,0.2250780612230301,0.9523809552192688
l_curve_0,209,0.22494275867938995,0.9523809552192688
l_curve_0,210,0.2247876226902008,0.9523809552192688
l_curve_0,211,0.22462098300457,0.9523809552192688
l_curve_0,212,0.22446823120117188,0.9523809552192688
l_curve_0,213,0.22438862919807434,0.9523809552192688
l_curve_0,214,0.22426363825798035,0.9523809552192688
l_curve_0,215,0.22411468625068665,0.9523809552192688
l_curve_0,216,0.22395016252994537,0.9523809552192688
l_curve_0,217,0.22379815578460693,0.9523809552192688
l_curve_0,218,0.22363798320293427,0.9523809552192688
l_curve_0,219,0.22343280911445618,0.9523809552192688
l_curve_0,220,0.22326959669589996,0.9523809552192688
l_curve_0,221,0.2231394201517105,0.9523809552192688
l_curve_0,222,0.22301647067070007,0.9523809552192688
l_curve_0,223,0.22287264466285706,0.9523809552192688
l_curve_0,224,0.22269530594348907,0.9523809552192688
l_curve_0,225,0.22249376773834229,0.9523809552192688
l_curve_0,226,0.22228960692882538,0.9523809552192688
l_curve_0,227,0.2220890372991562,0.9523809552192688
l_curve_0,228,0.22185280919075012,0.9523809552192688
l_curve_0,229,0.22166156768798828,0.9523809552192688
l_curve_0,230,0.22146813571453094,0.9523809552192688
l_curve_0,231,0.22133919596672058,0.9523809552192688
l_curve_0,232,0.22119998931884766,0.9523809552192688
l_curve_0,233,0.22102993726730347,0.9523809552192688
l_curve_0,234,0.22082580626010895,0.9523809552192688
l_curve_0,235,0.22062332928180695,0.9523809552192688
l_curve_0,236,0.22039726376533508,0.9523809552192688
l_curve_0,237,0.22025349736213684,0.9523809552192688
l_curve_0,238,0.22006355226039886,0.9523809552192688
l_curve_0,239,0.21988236904144287,0.9523809552192688
l_curve_0,240,0.21959486603736877,0.9523809552192688
l_curve_0,241,0.21934649348258972,0.9523809552192688
l_curve_0,242,0.21917365491390228,0.9523809552192688
l_curve_0,243,0.21897000074386597,0.9523809552192688
l_curve_0,244,0.21873286366462708,0.9523809552192688
l_curve_0,245,0.21844962239265442,0.9523809552192688
l_curve_0,246,0.218143492937088,0.9523809552192688
l_curve_0,247,0.21783702075481415,0.9523809552192688
l_curve_0,248,0.21755652129650116,0.9523809552192688
l_curve_0,249,0.21729989349842072,0.9523809552192688
l_curve_0,250,0.21703363955020905,0.9523809552192688
l_curve_0,251,0.216751366853714,0.9523809552192688
l_curve_0,252,0.21644335985183716,0.9523809552192688
l_curve_0,253,0.21612752974033356,0.9523809552192688
l_curve_0,254,0.21580231189727783,0.9523809552192688
l_curve_0,255,0.21550285816192627,0.9523809552192688
l_curve_0,256,0.21521155536174774,0.9523809552192688
l_curve_0,257,0.21491673588752747,0.9523809552192688
l_curve_0,258,0.21455328166484833,0.9523809552192688
l_curve_0,259,0.2142138034105301,0.9523809552192688
l_curve_0,260,0.21383380889892578,0.9523809552192688
l_curve_0,261,0.21348336338996887,0.9523809552192688
l_curve_0,262,0.2130962610244751,0.9523809552192688
l_curve_0,263,0.21271169185638428,0.9523809552192688
l_curve_0,264,0.21232028305530548,0.9523809552192688
l_curve_0,265,0.21188004314899445,0.9523809552192688
l_curve_0,266,0.21148572862148285,0.9523809552192688
l_curve_0,267,0.21107304096221924,0.9523809552192688
l_curve_0,268,0.21071742475032806,0.9523809552192688
l_curve_0,269,0.2103133648633957,0.9523809552192688
l_curve_0,270,0.20985886454582214,0.9523809552192688
l_curve_0,271,0.2093522697687149,0.9523809552192688
l_curve_0,272,0.20883768796920776,0.9523809552192688
l_curve_0,273,0.208302840590477,0.9523809552192688
l_curve_0,274,0.20783498883247375,0.9523809552192688
l_curve_0,275,0.20740027725696564,0.9523809552192688
l_curve_0,276,0.20689471065998077,0.9523809552192688
l_curve_0,277,0.20638616383075714,0.9523809552192688
l_curve_0,278,0.2058483511209488,0.9523809552192688
l_curve_0,279,0.2053176611661911,0.9523809552192688
l_curve_0,280,0.20480003952980042,0.9523809552192688
l_curve_0,281,0.20427878201007843,0.9523809552192688
l_curve_0,282,0.20373642444610596,0.9523809552192688
l_curve_0,283,0.2031688243150711,0.9523809552192688
l_curve_0,284,0.20260712504386902,0.9523809552192688
l_curve_0,285,0.20208562910556793,0.9523809552192688
l_curve_0,286,0.2015600949525833,0.9523809552192688
l_curve_0,287,0.20098941028118134,0.9523809552192688
l_curve_0,288,0.200386181473732,0.9523809552192688
l_curve_0,289,0.19976012408733368,0.9523809552192688
l_curve_0,290,0.19913288950920105,0.9523809552192688
l_curve_0,291,0.1985180675983429,0.9523809552192688
l_curve_0,292,0.19789427518844604,0.9523809552192688
l_curve_0,293,0.19726064801216125,0.9523809552192688
l_curve_0,294,0.19657641649246216,0.9523809552192688
l_curve_0,295,0.19584882259368896,0.9523809552192688
l_curve_0,296,0.1951434314250946,0.9523809552192688
l_curve_0,297,0.19448509812355042,0.9523809552192688
l_curve_0,298,0.1938522607088089,0.9523809552192688
l_curve_0,299,0.19316938519477844,0.9523809552192688
l_curve_0,300,0.19248095154762268,0.9523809552192688
l_curve_0,301,0.19175317883491516,0.9523809552192688
l_curve_0,302,0.19109417498111725,0.9523809552192688
l_curve_0,303,0.19036786258220673,0.9523809552192688
l_curve_0,304,0.18969717621803284,0.9523809552192688
l_curve_0,305,0.18899880349636078,0.9523809552192688
l_curve_0,306,0.188276007771492,0.9523809552192688
l_curve_0,307,0.18755973875522614,0.9523809552192688
l_curve_0,308,0.1868264079093933,0.9523809552192688
l_curve_0,309,0.18616148829460144,0.9523809552192688
l_curve_0,310,0.18544040620326996,0.9523809552192688
l_curve_0,311,0.18463990092277527,0.9523809552192688
l_curve_0,312,0.18385376036167145,0.9523809552192688
l_curve_0,313,0.18308798968791962,0.9523809552192688
l_curve_0,314,0.18233835697174072,0.9523809552192688
l_curve_0,315,0.18155118823051453,0.9523809552192688
l_curve_0,316,0.18071603775024414,0.9523809552192688
l_curve_0,317,0.17991188168525696,0.9523809552192688
l_curve_0,318,0.1791120171546936,0.9523809552192688
l_curve_0,319,0.1783296912908554,0.9523809552192688
l_curve_0,320,0.17759068310260773,0.9523809552192688
l_curve_0,321,0.1768456995487213,0.9523809552192688
l_curve_0,322,0.17604582011699677,0.9523809552192688
l_curve_0,323,0.17521776258945465,0.9523809552192688
l_curve_0,324,0.17435486614704132,0.9523809552192688
l_curve_0,325,0.17352135479450226,0.9523809552192688
l_curve_0,326,0.1727207601070404,0.9523809552192688
l_curve_0,327,0.17199602723121643,0.9523809552192688
l_curve_0,328,0.17118746042251587,0.9523809552192688
l_curve_0,329,0.17037492990493774,0.9523809552192688
l_curve_0,330,0.1696009635925293,0.9523809552192688
l_curve_0,331,0.1687754988670349,0.9523809552192688
l_curve_0,332,0.16797314584255219,0.9523809552192688
l_curve_0,333,0.16721037030220032,0.9523809552192688
l_curve_0,334,0.1664261519908905,0.9523809552192688
l_curve_0,335,0.16569364070892334,0.9523809552192688
l_curve_0,336,0.16496996581554413,0.9523809552192688
l_curve_0,337,0.16424304246902466,0.9523809552192688
l_curve_0,338,0.16345497965812683,0.9523809552192688
l_curve_0,339,0.1626180112361908,0.9523809552192688
l_curve_0,340,0.16178129613399506,0.9523809552192688
l_curve_0,341,0.16093973815441132,0.9523809552192688
l_curve_0,342,0.16014334559440613,0.9523809552192688
l_curve_0,343,0.15934602916240692,0.9523809552192688
l_curve_0,344,0.15859314799308777,0.9523809552192688
l_curve_0,345,0.15786656737327576,0.9523809552192688
l_curve_0,346,0.1571546196937561,0.9523809552192688
l_curve_0,347,0.15643064677715302,0.9523809552192688
l_curve_0,348,0.15568648278713226,0.9523809552192688
l_curve_0,349,0.15488220751285553,0.9523809552192688
l_curve_0,350,0.15407927334308624,0.9523809552192688
l_curve_0,351,0.1532737761735916,0.9523809552192688
l_curve_0,352,0.15253429114818573,0.9523809552192688
l_curve_0,353,0.15187156200408936,0.9523809552192688
l_curve_0,354,0.1511281281709671,0.9523809552192688
l_curve_0,355,0.1503448188304901,0.9523809552192688
l_curve_0,356,0.1495506912469864,0.9523809552192688
l_curve_0,357,0.14878994226455688,0.9523809552192688
l_curve_0,358,0.1480201929807663,0.9523809552192688
l_curve_0,359,0.14725692570209503,0.9523809552192688
l_curve_0,360,0.14643289148807526,0.9523809552192688
l_curve_0,361,0.14570024609565735,0.9523809552192688
l_curve_0,362,0.1449366956949234,0.9523809552192688
l_curve_0,363,0.14421607553958893,0.9523809552192688
l_curve_0,364,0.14344343543052673,0.9523809552192688
l_curve_0,365,0.14267650246620178,0.9523809552192688
l_curve_0,366,0.1419331282377243,0.9523809552192688
l_curve_0,367,0.14120601117610931,0.9523809552192688
l_curve_0,368,0.140545055270195,0.9523809552192688
l_curve_0,369,0.13988631963729858,0.9523809552192688
l_curve_0,370,0.13919493556022644,0.9523809552192688
l_curve_0,371,0.1384972780942917,0.9523809552192688
l_curve_0,372,0.1378161609172821,0.9523809552192688
l_curve_0,373,0.13719813525676727,0.9523809552192688
l_curve_0,374,0.1365303248167038,0.9523809552192688
l_curve_0,375,0.13584086298942566,0.9523809552192688
l_curve_0,376,0.13510578870773315,0.9523809552192688
l_curve_0,377,0.1343996226787567,0.9523809552192688
l_curve_0,378,0.13372810184955597,0.9523809552192688
l_curve_0,379,0.13312241435050964,0.9523809552192688
l_curve_0,380,0.1324617564678192,0.9523809552192688
l_curve_0,381,0.1318320333957672,0.9523809552192688
l_curve_0,382,0.13118477165699005,0.9523809552192688
l_curve_0,383,0.13053391873836517,0.9523809552192688
l_curve_0,384,0.12987181544303894,0.9523809552192688
l_curve_0,385,0.12925638258457184,0.9523809552192688
l_curve_0,386,0.1286376267671585,0.9523809552192688
l_curve_0,387,0.12802571058273315,0.9523809552192688
l_curve_0,388,0.12738913297653198,0.9523809552192688
l_curve_0,389,0.12683086097240448,0.9523809552192688
l_curve_0,390,0.1262350231409073,0.9523809552192688
l_curve_0,391,0.12567372620105743,0.9523809552192688
l_curve_0,392,0.12509950995445251,0.9523809552192688
l_curve_0,393,0.12447625398635864,0.9523809552192688
l_curve_0,394,0.12384846061468124,0.9523809552192688
l_curve_0,395,0.12320854514837265,0.9523809552192688
l_curve_0,396,0.12263604253530502,0.9523809552192688
l_curve_0,397,0.12201239913702011,0.9523809552192688
l_curve_0,398,0.12142632156610489,0.9523809552192688
l_curve_0,399,0.12077701836824417,0.9523809552192688
l_curve_0,400,0.12024377286434174,0.9523809552192688
l_curve_0,401,0.11969130486249924,0.9523809552192688
l_curve_0,402,0.11910662055015564,0.9523809552192688
l_curve_0,403,0.11854676902294159,0.9523809552192688
l_curve_0,404,0.11794284731149673,0.9523809552192688
l_curve_0,405,0.11734426766633987,0.9523809552192688
l_curve_0,406,0.11677156388759613,0.9523809552192688
l_curve_0,407,0.11620589345693588,0.9523809552192688
l_curve_0,408,0.11566723138093948,0.9523809552192688
l_curve_0,409,0.11512187868356705,0.9523809552192688
l_curve_0,410,0.11458650976419449,1.0
l_curve_0,411,0.11406367272138596,1.0
l_curve_0,412,0.11350878328084946,1.0
l_curve_0,413,0.11289765685796738,1.0
l_curve_0,414,0.11231154203414917,1.0
l_curve_0,415,0.11179045587778091,1.0
l_curve_0,416,0.11129986494779587,1.0
l_curve_0,417,0.11080245673656464,1.0
l_curve_0,418,0.11023762077093124,1.0
l_curve_0,419,0.10968238115310669,1.0
l_curve_0,420,0.10914559662342072,1.0
l_curve_0,421,0.10861598700284958,1.0
l_curve_0,422,0.10813432931900024,1.0
l_curve_0,423,0.10753895342350006,1.0
l_curve_0,424,0.10703854262828827,1.0
l_curve_0,425,0.10651282966136932,1.0
l_curve_0,426,0.10595706850290298,1.0
l_curve_0,427,0.10542876273393631,1.0
l_curve_0,428,0.10503436625003815,1.0
l_curve_0,429,0.10454986989498138,1.0
l_curve_0,430,0.10397427529096603,1.0
l_curve_0,431,0.10338915139436722,1.0
l_curve_0,432,0.1028776541352272,1.0
l_curve_0,433,0.10233625769615173,1.0
l_curve_0,434,0.10185807943344116,1.0
l_curve_0,435,0.10137007385492325,1.0
l_curve_0,436,0.1008986085653305,1.0
l_curve_0,437,0.10044147819280624,1.0
l_curve_0,438,0.10000921785831451,1.0
l_curve_0,439,0.0995551273226738,1.0
l_curve_0,440,0.0990680381655693,1.0
l_curve_0,441,0.0985589474439621,1.0
l_curve_0,442,0.09808436781167984,1.0
l_curve_0,443,0.0976400151848793,1.0
l_curve_0,444,0.09715978056192398,1.0
l_curve_0,445,0.09676410257816315,1.0
l_curve_0,446,0.09635387361049652,1.0
l_curve_0,447,0.09595216065645218,1.0
l_curve_0,448,0.09548602998256683,1.0
l_curve_0,449,0.09502051770687103,1.0
l_curve_0,450,0.09458732604980469,1.0
l_curve_0,451,0.09411361813545227,1.0
l_curve_0,452,0.09371519088745117,1.0
l_curve_0,453,0.09332141280174255,1.0
l_curve_0,454,0.09289909154176712,1.0
l_curve_0,455,0.0925275906920433,1.0
l_curve_0,456,0.0921354815363884,1.0
l_curve_0,457,0.09179352968931198,1.0
l_curve_0,458,0.09146424382925034,1.0
l_curve_0,459,0.09097646176815033,1.0
l_curve_0,460,0.09052596241235733,1.0
l_curve_0,461,0.09007514268159866,1.0
l_curve_0,462,0.08963664621114731,1.0
l_curve_0,463,0.08922692388296127,1.0
l_curve_0,464,0.08876284956932068,1.0
l_curve_0,465,0.08829515427350998,1.0
l_curve_0,466,0.08789016306400299,1.0
l_curve_0,467,0.0874941498041153,1.0
l_curve_0,468,0.08716092258691788,1.0
l_curve_0,469,0.0867941752076149,1.0
l_curve_0,470,0.08638881146907806,1.0
l_curve_0,471,0.08602608740329742,1.0
l_curve_0,472,0.08574099838733673,1.0
l_curve_0,473,0.08540443331003189,1.0
l_curve_0,474,0.0850248709321022,1.0
l_curve_0,475,0.08459504693746567,1.0
l_curve_0,476,0.0841447040438652,1.0
l_curve_0,477,0.08377353847026825,1.0
l_curve_0,478,0.08341965079307556,1.0
l_curve_0,479,0.08305515348911285,1.0
l_curve_0,480,0.08269315958023071,1.0
l_curve_0,481,0.08229364454746246,1.0
l_curve_0,482,0.08192142844200134,1.0
l_curve_0,483,0.08151435852050781,1.0
l_curve_0,484,0.0811878889799118,1.0
l_curve_0,485,0.080900177359581,1.0
l_curve_0,486,0.08053751289844513,1.0
l_curve_0,487,0.0802416130900383,1.0
l_curve_0,488,0.07985933125019073,1.0
l_curve_0,489,0.07946790009737015,1.0
l_curve_0,490,0.07912032306194305,1.0
l_curve_0,491,0.07875034958124161,1.0
l_curve_0,492,0.07842307537794113,1.0
l_curve_0,493,0.07819689810276031,1.0
l_curve_0,494,0.07794593274593353,1.0
l_curve_0,495,0.07757352292537689,1.0
l_curve_0,496,0.07717176526784897,1.0
l_curve_0,497,0.07683233171701431,1.0
l_curve_0,498,0.07647960633039474,1.0
l_curve_0,499,0.07609113305807114,1.0
l_curve_0,500,0.07576987892389297,1.0
l_curve_0,501,0.07542284578084946,1.0
l_curve_0,502,0.07509717345237732,1.0
l_curve_0,503,0.0748240202665329,1.0
l_curve_0,504,0.07453111559152603,1.0
l_curve_0,505,0.07429693639278412,1.0
l_curve_0,506,0.0739983469247818,1.0
l_curve_0,507,0.07369869202375412,1.0
l_curve_0,508,0.07342804968357086,1.0
l_curve_0,509,0.0731634870171547,1.0
l_curve_0,510,0.0728001743555069,1.0
l_curve_0,511,0.07241025567054749,1.0
l_curve_0,512,0.07211166620254517,1.0
l_curve_0,513,0.0718902200460434,1.0
l_curve_0,514,0.07162337005138397,1.0
l_curve_0,515,0.07127755880355835,1.0
l_curve_0,516,0.07097183167934418,1.0
l_curve_0,517,0.07060690224170685,1.0
l_curve_0,518,0.07032203674316406,1.0
l_curve_0,519,0.07004515826702118,1.0
l_curve_0,520,0.06976912170648575,1.0
l_curve_0,521,0.06944892555475235,1.0
l_curve_0,522,0.06917491555213928,1.0
l_curve_0,523,0.06888669729232788,1.0
l_curve_0,524,0.06856412440538406,1.0
l_curve_0,525,0.06824737787246704,1.0
l_curve_0,526,0.06797759234905243,1.0
l_curve_0,527,0.06768592447042465,1.0
l_curve_0,528,0.0673961415886879,1.0
l_curve_0,529,0.0671473890542984,1.0
l_curve_0,530,0.06689755618572235,1.0
l_curve_0,531,0.0666075125336647,1.0
l_curve_0,532,0.06624265760183334,1.0
l_curve_0,533,0.06591087579727173,1.0
l_curve_0,534,0.06566842645406723,1.0
l_curve_0,535,0.06547193974256516,1.0
l_curve_0,536,0.06529943645000458,1.0
l_curve_0,537,0.06506947427988052,1.0
l_curve_0,538,0.06477852910757065,1.0
l_curve_0,539,0.06456654518842697,1.0
l_curve_0,540,0.06431522220373154,1.0
l_curve_0,541,0.06403013318777084,1.0
l_curve_0,542,0.06367538124322891,1.0
l_curve_0,543,0.06341515481472015,1.0
l_curve_0,544,0.06322585791349411,1.0
l_curve_0,545,0.06293286383152008,1.0
l_curve_0,546,0.06266572326421738,1.0
l_curve_0,547,0.0624786913394928,1.0
l_curve_0,548,0.06217026710510254,1.0
l_curve_0,549,0.06183531880378723,1.0
l_curve_0,550,0.06166435033082962,1.0
l_curve_0,551,0.06145882606506348,1.0
l_curve_0,552,0.06123729422688484,1.0
l_curve_0,553,0.060952942818403244,1.0
l_curve_0,554,0.06064295768737793,1.0
l_curve_0,555,0.0603305846452713,1.0
l_curve_0,556,0.06005861610174179,1.0
l_curve_0,557,0.05979534983634949,1.0
l_curve_0,558,0.05956482142210007,1.0
l_curve_0,559,0.059365324676036835,1.0
l_curve_0,560,0.05916624888777733,1.0
l_curve_0,561,0.059030741453170776,1.0
l_curve_0,562,0.05882970616221428,1.0
l_curve_0,563,0.058623552322387695,1.0
l_curve_0,564,0.058404434472322464,1.0
l_curve_0,565,0.05823206901550293,1.0
l_curve_0,566,0.05800167843699455,1.0
l_curve_0,567,0.057761333882808685,1.0
l_curve_0,568,0.057454995810985565,1.0
l_curve_0,569,0.057205308228731155,1.0
l_curve_0,570,0.05703597515821457,1.0
l_curve_0,571,0.056829117238521576,1.0
l_curve_0,572,0.05659513175487518,1.0
l_curve_0,573,0.05629495903849602,1.0
l_curve_0,574,0.05607244372367859,1.0
l_curve_0,575,0.05586780980229378,1.0
l_curve_0,576,0.05566556006669998,1.0
l_curve_0,577,0.05548160523176193,1.0
l_curve_0,578,0.05532984063029289,1.0
l_curve_0,579,0.05507360026240349,1.0
l_curve_0,580,0.05486518517136574,1.0
l_curve_0,581,0.054554931819438934,1.0
l_curve_0,582,0.054213136434555054,1.0
l_curve_0,583,0.053994838148355484,1.0
l_curve_0,584,0.05376878380775452,1.0
l_curve_0,585,0.05357998237013817,1.0
l_curve_0,586,0.05334967002272606,1.0
l_curve_0,587,0.053120680153369904,1.0
l_curve_0,588,0.05292757228016853,1.0
l_curve_0,589,0.05275649204850197,1.0
l_curve_0,590,0.05257510393857956,1.0
l_curve_0,591,0.0523868054151535,1.0
l_curve_0,592,0.0521504208445549,1.0
l_curve_0,593,0.05192435905337334,1.0
l_curve_0,594,0.05177788436412811,1.0
l_curve_0,595,0.05154568329453468,1.0
l_curve_0,596,0.05134030804038048,1.0
l_curve_0,597,0.05118324235081673,1.0
l_curve_0,598,0.050954125821590424,1.0
l_curve_0,599,0.05068961903452873,1.0
l_curve_0,600,0.05047009140253067,1.0
l_curve_0,601,0.050246380269527435,1.0
l_curve_0,602,0.05008520558476448,1.0
l_curve_0,603,0.04992968589067459,1.0
l_curve_0,604,0.049656957387924194,1.0
l_curve_0,605,0.04947326332330704,1.0
l_curve_0,606,0.049388546496629715,1.0
l_curve_0,607,0.049177136272192,1.0
l_curve_0,608,0.04894272983074188,1.0
l_curve_0,609,0.04884301871061325,1.0
l_curve_0,610,0.04868386313319206,1.0
l_curve_0,611,0.048458848148584366,1.0
l_curve_0,612,0.04827877879142761,1.0
l_curve_0,613,0.04811690002679825,1.0
l_curve_0,614,0.04787404090166092,1.0
l_curve_0,615,0.04764993488788605,1.0
l_curve_0,616,0.047513943165540695,1.0
l_curve_0,617,0.04737228527665138,1.0
l_curve_0,618,0.047224968671798706,1.0
l_curve_0,619,0.04705774039030075,1.0
l_curve_0,620,0.0468771830201149,1.0
l_curve_0,621,0.046706315129995346,1.0
l_curve_0,622,0.04654551297426224,1.0
l_curve_0,623,0.04640863090753555,1.0
l_curve_0,624,0.04620799794793129,1.0
l_curve_0,625,0.046041183173656464,1.0
l_curve_0,626,0.04578420892357826,1.0
l_curve_0,627,0.04564487189054489,1.0
l_curve_0,628,0.045479755848646164,1.0
l_curve_0,629,0.0452594980597496,1.0
l_curve_0,630,0.04511931911110878,1.0
l_curve_0,631,0.04496994614601135,1.0
l_curve_0,632,0.04479517415165901,1.0
l_curve_0,633,0.0446101650595665,1.0
l_curve_0,634,0.04445212334394455,1.0
l_curve_0,635,0.044277604669332504,1.0
l_curve_0,636,0.04420390725135803,1.0
l_curve_0,637,0.04403162747621536,1.0
l_curve_0,638,0.04375908896327019,1.0
l_curve_0,639,0.04352905973792076,1.0
l_curve_0,640,0.043350834399461746,1.0
l_curve_0,641,0.043114252388477325,1.0
l_curve_0,642,0.04292094707489014,1.0
l_curve_0,643,0.042717739939689636,1.0
l_curve_0,644,0.04261183738708496,1.0
l_curve_0,645,0.042486246675252914,1.0
l_curve_0,646,0.04231413081288338,1.0
l_curve_0,647,0.042083680629730225,1.0
l_curve_0,648,0.04188491031527519,1.0
l_curve_0,649,0.04174118489027023,1.0
l_curve_0,650,0.04154636710882187,1.0
l_curve_0,651,0.04143379256129265,1.0
l_curve_0,652,0.041376758366823196,1.0
l_curve_0,653,0.04117292910814285,1.0
l_curve_0,654,0.041040193289518356,1.0
l_curve_0,655,0.04089176654815674,1.0
l_curve_0,656,0.04072723910212517,1.0
l_curve_0,657,0.04055878520011902,1.0
l_curve_0,658,0.04043038934469223,1.0
l_curve_0,659,0.04030667990446091,1.0
l_curve_0,660,0.040088240057229996,1.0
l_curve_0,661,0.03995107486844063,1.0
l_curve_0,662,0.039943475276231766,1.0
l_curve_0,663,0.039960283786058426,1.0
l_curve_0,664,0.039834313094615936,1.0
l_curve_0,665,0.039659641683101654,1.0
l_curve_0,666,0.039438143372535706,1.0
l_curve_0,667,0.03921813890337944,1.0
l_curve_0,668,0.038916997611522675,1.0
l_curve_0,669,0.03864775970578194,1.0
l_curve_0,670,0.03847155347466469,1.0
l_curve_0,671,0.03839830681681633,1.0
l_curve_0,672,0.0383903793990612,1.0
l_curve_0,673,0.03837016224861145,1.0
l_curve_0,674,0.03817494213581085,1.0
l_curve_0,675,0.03799111396074295,1.0
l_curve_0,676,0.03781687095761299,1.0
l_curve_0,677,0.037681709975004196,1.0
l_curve_0,678,0.03760635107755661,1.0
l_curve_0,679,0.0374317467212677,1.0
l_curve_0,680,0.03725988417863846,1.0
l_curve_0,681,0.037172265350818634,1.0
l_curve_0,682,0.037020426243543625,1.0
l_curve_0,683,0.03678136318922043,1.0
l_curve_0,684,0.036642126739025116,1.0
l_curve_0,685,0.03648211434483528,1.0
l_curve_0,686,0.036477696150541306,1.0
l_curve_0,687,0.036408502608537674,1.0
l_curve_0,688,0.03626704216003418,1.0
l_curve_0,689,0.036013584583997726,1.0
l_curve_0,690,0.03580915182828903,1.0
l_curve_0,691,0.035715457051992416,1.0
l_curve_0,692,0.035576898604631424,1.0
l_curve_0,693,0.035415224730968475,1.0
l_curve_0,694,0.03520554304122925,1.0
l_curve_0,695,0.035014163702726364,1.0
l_curve_0,696,0.034847892820835114,1.0
l_curve_0,697,0.0347636453807354,1.0
l_curve_0,698,0.03460850939154625,1.0
l_curve_0,699,0.034494441002607346,1.0
l_curve_0,700,0.034456767141819,1.0
l_curve_0,701,0.034383635967969894,1.0
l_curve_0,702,0.034293320029973984,1.0
l_curve_0,703,0.03420083224773407,1.0
l_curve_0,704,0.034065455198287964,1.0
l_curve_0,705,0.03391527011990547,1.0
l_curve_0,706,0.03376671299338341,1.0
l_curve_0,707,0.033604398369789124,1.0
l_curve_0,708,0.03352408856153488,1.0
l_curve_0,709,0.03343290835618973,1.0
l_curve_0,710,0.03333250805735588,1.0
l_curve_0,711,0.03319515660405159,1.0
l_curve_0,712,0.033090293407440186,1.0
l_curve_0,713,0.03292467072606087,1.0
l_curve_0,714,0.032778866589069366,1.0
l_curve_0,715,0.03267432376742363,1.0
l_curve_0,716,0.03253278136253357,1.0
l_curve_0,717,0.032413311302661896,1.0
l_curve_0,718,0.03224948048591614,1.0
l_curve_0,719,0.032100170850753784,1.0
l_curve_0,720,0.03197094053030014,1.0
l_curve_0,721,0.031833093613386154,1.0
l_curve_0,722,0.03167276084423065,1.0
l_curve_0,723,0.03156755492091179,1.0
l_curve_0,724,0.03147082030773163,1.0
l_curve_0,725,0.03139089047908783,1.0
l_curve_0,726,0.03129574656486511,1.0
l_curve_0,727,0.03121764585375786,1.0
l_curve_0,728,0.031078366562724113,1.0
l_curve_0,729,0.03100607544183731,1.0
l_curve_0,730,0.030888501554727554,1.0
l_curve_0,731,0.030774762853980064,1.0
l_curve_0,732,0.030683841556310654,1.0
l_curve_0,733,0.030607929453253746,1.0
l_curve_0,734,0.030576316639780998,1.0
l_curve_0,735,0.030478158965706825,1.0
l_curve_0,736,0.030308326706290245,1.0
l_curve_0,737,0.030135754495859146,1.0
l_curve_0,738,0.03003542497754097,1.0
l_curve_0,739,0.02991882711648941,1.0
l_curve_0,740,0.029820516705513,1.0
l_curve_0,741,0.02972259745001793,1.0
l_curve_0,742,0.029619747772812843,1.0
l_curve_0,743,0.02937319129705429,1.0
l_curve_0,744,0.02928355522453785,1.0
l_curve_0,745,0.02914160117506981,1.0
l_curve_0,746,0.02895328588783741,1.0
l_curve_0,747,0.028857078403234482,1.0
l_curve_0,748,0.028665732592344284,1.0
l_curve_0,749,0.02850143425166607,1.0
l_curve_0,750,0.028452452272176743,1.0
l_curve_0,751,0.02842186763882637,1.0
l_curve_0,752,0.028287865221500397,1.0
l_curve_0,753,0.028205761685967445,1.0
l_curve_0,754,0.02812153659760952,1.0
l_curve_0,755,0.02808946743607521,1.0
l_curve_0,756,0.02801341749727726,1.0
l_curve_0,757,0.02791639231145382,1.0
l_curve_0,758,0.027772091329097748,1.0
l_curve_0,759,0.02767219953238964,1.0
l_curve_0,760,0.02752915769815445,1.0
l_curve_0,761,0.027437470853328705,1.0
l_curve_0,762,0.02738603577017784,1.0
l_curve_0,763,0.027333486825227737,1.0
l_curve_0,764,0.027168475091457367,1.0
l_curve_0,765,0.027038585394620895,1.0
l_curve_0,766,0.02690453827381134,1.0
l_curve_0,767,0.026775890961289406,1.0
l_curve_0,768,0.02663407474756241,1.0
l_curve_0,769,0.026528213173151016,1.0
l_curve_0,770,0.026390135288238525,1.0
l_curve_0,771,0.026284683495759964,1.0
l_curve_0,772,0.0261981338262558,1.0
l_curve_0,773,0.026148280128836632,1.0
l_curve_0,774,0.02610359899699688,1.0
l_curve_0,775,0.025933515280485153,1.0
l_curve_0,776,0.02582799457013607,1.0
l_curve_0,777,0.02573546953499317,1.0
l_curve_0,778,0.025680026039481163,1.0
l_curve_0,779,0.025615978986024857,1.0
l_curve_0,780,0.02555597946047783,1.0
l_curve_0,781,0.02543184533715248,1.0
l_curve_0,782,0.02529079094529152,1.0
l_curve_0,783,0.02513914182782173,1.0
l_curve_0,784,0.025005117058753967,1.0
l_curve_0,785,0.024908369407057762,1.0
l_curve_0,786,0.024752190336585045,1.0
l_curve_0,787,0.02470708265900612,1.0
l_curve_0,788,0.024735067039728165,1.0
l_curve_0,789,0.024660902097821236,1.0
l_curve_0,790,0.024624163284897804,1.0
l_curve_0,791,0.024479219689965248,1.0
l_curve_0,792,0.024364829063415527,1.0
l_curve_0,793,0.024194261059165,1.0
l_curve_0,794,0.024080004543066025,1.0
l_curve_0,795,0.02403692714869976,1.0
l_curve_0,796,0.0239515732973814,1.0
l_curve_0,797,0.023811860010027885,1.0
l_curve_0,798,0.023710329085588455,1.0
l_curve_0,799,0.023535415530204773,1.0
l_curve_0,800,0.02335105836391449,1.0
l_curve_0,801,0.02336905337870121,1.0
l_curve_0,802,0.023413050919771194,1.0
l_curve_0,803,0.023432590067386627,1.0
l_curve_0,804,0.02333528734743595,1.0
l_curve_0,805,0.02310093492269516,1.0
l_curve_0,806,0.022912882268428802,1.0
l_curve_0,807,0.022821148857474327,1.0
l_curve_0,808,0.0227005984634161,1.0
l_curve_0,809,0.02260170876979828,1.0
l_curve_0,810,0.02252945676445961,1.0
l_curve_0,811,0.02248365245759487,1.0
l_curve_0,812,0.02243063785135746,1.0
l_curve_0,813,0.022357188165187836,1.0
l_curve_0,814,0.02222859486937523,1.0
l_curve_0,815,0.022031081840395927,1.0
l_curve_0,816,0.021923182532191277,1.0
l_curve_0,817,0.02189275063574314,1.0
l_curve_0,818,0.021820703521370888,1.0
l_curve_0,819,0.02175973355770111,1.0
l_curve_0,820,0.02170233614742756,1.0
l_curve_0,821,0.021651456132531166,1.0
l_curve_0,822,0.021577099338173866,1.0
l_curve_0,823,0.02146773785352707,1.0
l_curve_0,824,0.021379688754677773,1.0
l_curve_0,825,0.021248485893011093,1.0
l_curve_0,826,0.021169649437069893,1.0
l_curve_0,827,0.02116483263671398,1.0
l_curve_0,828,0.021095702424645424,1.0
l_curve_0,829,0.020996037870645523,1.0
l_curve_0,830,0.02093334123492241,1.0
l_curve_0,831,0.02084837108850479,1.0
l_curve_0,832,0.020778115838766098,1.0
l_curve_0,833,0.020696619525551796,1.0
l_curve_0,834,0.020565994083881378,1.0
l_curve_0,835,0.02045927755534649,1.0
l_curve_0,836,0.020404836162924767,1.0
l_curve_0,837,0.020264988765120506,1.0
l_curve_0,838,0.020185980945825577,1.0
l_curve_0,839,0.020105617120862007,1.0
l_curve_0,840,0.020049316808581352,1.0
l_curve_0,841,0.019976193085312843,1.0
l_curve_0,842,0.019860975444316864,1.0
l_curve_0,843,0.019730908796191216,1.0
l_curve_0,844,0.01966145448386669,1.0
l_curve_0,845,0.019550899043679237,1.0
l_curve_0,846,0.019474340602755547,1.0
l_curve_0,847,0.019433168694376945,1.0
l_curve_0,848,0.019332699477672577,1.0
l_curve_0,849,0.01930500753223896,1.0
l_curve_0,850,0.019285324960947037,1.0
l_curve_0,851,0.019220871850848198,1.0
l_curve_0,852,0.01916591078042984,1.0
l_curve_0,853,0.01916257105767727,1.0
l_curve_0,854,0.019127383828163147,1.0
l_curve_0,855,0.01903277076780796,1.0
l_curve_0,856,0.018895108252763748,1.0
l_curve_0,857,0.01871790736913681,1.0
l_curve_0,858,0.01856270618736744,1.0
l_curve_0,859,0.018432144075632095,1.0
l_curve_0,860,0.018380682915449142,1.0
l_curve_0,861,0.018369201570749283,1.0
l_curve_0,862,0.01838911511003971,1.0
l_curve_0,863,0.018283048644661903,1.0
l_curve_0,864,0.01815951056778431,1.0
l_curve_0,865,0.018097015097737312,1.0
l_curve_0,866,0.01801564171910286,1.0
l_curve_0,867,0.01792612485587597,1.0
l_curve_0,868,0.0178514514118433,1.0
l_curve_0,869,0.01777026429772377,1.0
l_curve_0,870,0.017655737698078156,1.0
l_curve_0,871,0.017574002966284752,1.0
l_curve_0,872,0.017536386847496033,1.0
l_curve_0,873,0.017476491630077362,1.0
l_curve_0,874,0.01740274205803871,1.0
l_curve_0,875,0.01736379787325859,1.0
l_curve_0,876,0.017299354076385498,1.0
l_curve_0,877,0.01727350242435932,1.0
l_curve_0,878,0.017197877168655396,1.0
l_curve_0,879,0.01709918864071369,1.0
l_curve_0,880,0.017038369551301003,1.0
l_curve_0,881,0.01694505475461483,1.0
l_curve_0,882,0.016919352114200592,1.0
l_curve_0,883,0.016822094097733498,1.0
l_curve_0,884,0.016763100400567055,1.0
l_curve_0,885,0.016742385923862457,1.0
l_curve_0,886,0.016638258472085,1.0
l_curve_0,887,0.016554228961467743,1.0
l_curve_0,888,0.016463132575154305,1.0
l_curve_0,889,0.016375215724110603,1.0
l_curve_0,890,0.016326937824487686,1.0
l_curve_0,891,0.01630820333957672,1.0
l_curve_0,892,0.016247283667325974,1.0
l_curve_0,893,0.016189059242606163,1.0
l_curve_0,894,0.016096942126750946,1.0
l_curve_0,895,0.016062287613749504,1.0
l_curve_0,896,0.01599547080695629,1.0
l_curve_0,897,0.015907851979136467,1.0
l_curve_0,898,0.01582682691514492,1.0
l_curve_0,899,0.015770629048347473,1.0
l_curve_0,900,0.015718048438429832,1.0
l_curve_0,901,0.015666283667087555,1.0
l_curve_0,902,0.015560184605419636,1.0
l_curve_0,903,0.015473449602723122,1.0
l_curve_0,904,0.015385480597615242,1.0
l_curve_0,905,0.015329301357269287,1.0
l_curve_0,906,0.01531089749187231,1.0
l_curve_0,907,0.015227708034217358,1.0
l_curve_0,908,0.015099593438208103,1.0
l_curve_0,909,0.015039162710309029,1.0
l_curve_0,910,0.014954651705920696,1.0
l_curve_0,911,0.014877387322485447,1.0
l_curve_0,912,0.014801050536334515,1.0
l_curve_0,913,0.014727918431162834,1.0
l_curve_0,914,0.0146788926795125,1.0
l_curve_0,915,0.014608104713261127,1.0
l_curve_0,916,0.014560206793248653,1.0
l_curve_0,917,0.01450410671532154,1.0
l_curve_0,918,0.01446785219013691,1.0
l_curve_0,919,0.014443403109908104,1.0
l_curve_0,920,0.014361449517309666,1.0
l_curve_0,921,0.014319856651127338,1.0
l_curve_0,922,0.014292160980403423,1.0
l_curve_0,923,0.01421104185283184,1.0
l_curve_0,924,0.014167766086757183,1.0
l_curve_0,925,0.014123242348432541,1.0
l_curve_0,926,0.014076943509280682,1.0
l_curve_0,927,0.014021660201251507,1.0
l_curve_0,928,0.01397301908582449,1.0
l_curve_0,929,0.013878767378628254,1.0
l_curve_0,930,0.01383404340595007,1.0
l_curve_0,931,0.01381166372448206,1.0
l_curve_0,932,0.013789241202175617,1.0
l_curve_0,933,0.013729458674788475,1.0
l_curve_0,934,0.01369167398661375,1.0
l_curve_0,935,0.013616921380162239,1.0
l_curve_0,936,0.013558290898799896,1.0
l_curve_0,937,0.013479549437761307,1.0
l_curve_0,938,0.013412462547421455,1.0
l_curve_0,939,0.013349327258765697,1.0
l_curve_0,940,0.013307370245456696,1.0
l_curve_0,941,0.0132506238296628,1.0
l_curve_0,942,0.013190515339374542,1.0
l_curve_0,943,0.013100404292345047,1.0
l_curve_0,944,0.013073856942355633,1.0
l_curve_0,945,0.013072571717202663,1.0
l_curve_0,946,0.013023053295910358,1.0
l_curve_0,947,0.012951436452567577,1.0
l_curve_0,948,0.012898175045847893,1.0
l_curve_0,949,0.012823204509913921,1.0
l_curve_0,950,0.012735898606479168,1.0
l_curve_0,951,0.012673813849687576,1.0
l_curve_0,952,0.012672238051891327,1.0
l_curve_0,953,0.012652987614274025,1.0
l_curve_0,954,0.012610824778676033,1.0
l_curve_0,955,0.012576685287058353,1.0
l_curve_0,956,0.012497679330408573,1.0
l_curve_0,957,0.012391645461320877,1.0
l_curve_0,958,0.01233428530395031,1.0
l_curve_0,959,0.012303396128118038,1.0
l_curve_0,960,0.012264871969819069,1.0
l_curve_0,961,0.012259118258953094,1.0
l_curve_0,962,0.012207194231450558,1.0
l_curve_0,963,0.012122636660933495,1.0
l_curve_0,964,0.012051230296492577,1.0
l_curve_0,965,0.011979739181697369,1.0
l_curve_0,966,0.011898649856448174,1.0
l_curve_0,967,0.011808604933321476,1.0
l_curve_0,968,0.011770843528211117,1.0
l_curve_0,969,0.011759861372411251,1.0
l_curve_0,970,0.011708195321261883,1.0
l_curve_0,971,0.01162808109074831,1.0
l_curve_0,972,0.011622659862041473,1.0
l_curve_0,973,0.011565277352929115,1.0
l_curve_0,974,0.01150014903396368,1.0
l_curve_0,975,0.011446173302829266,1.0
l_curve_0,976,0.011426486074924469,1.0
l_curve_0,977,0.01136908121407032,1.0
l_curve_0,978,0.011269448325037956,1.0
l_curve_0,979,0.011194990016520023,1.0
l_curve_0,980,0.011179355904459953,1.0
l_curve_0,981,0.011148981750011444,1.0
l_curve_0,982,0.011120553128421307,1.0
l_curve_0,983,0.011096995323896408,1.0
l_curve_0,984,0.011094985529780388,1.0
l_curve_0,985,0.011108549311757088,1.0
l_curve_0,986,0.011109566316008568,1.0
l_curve_0,987,0.010998240672051907,1.0
l_curve_0,988,0.01096436008810997,1.0
l_curve_0,989,0.010891803540289402,1.0
l_curve_0,990,0.010821335017681122,1.0
l_curve_0,991,0.010784698650240898,1.0
l_curve_0,992,0.010775757022202015,1.0
l_curve_0,993,0.010729916393756866,1.0
l_curve_0,994,0.01068048644810915,1.0
l_curve_0,995,0.010623948648571968,1.0
l_curve_0,996,0.010511885397136211,1.0
l_curve_0,997,0.01045059971511364,1.0
l_curve_0,998,0.01046163123100996,1.0
l_curve_0,999,0.01044110581278801,1.0
l_curve_0,1000,0.010394980199635029,1.0
l_curve_0,1000,0.010394980199635029,1.0
