client,round,loss,accuracy
l_curve_0,1,0.5815222263336182,0.6666666865348816
l_curve_0,2,0.5669528841972351,0.7083333134651184
l_curve_0,3,0.5536239743232727,0.7083333134651184
l_curve_0,4,0.5415403246879578,0.75
l_curve_0,5,0.5305362343788147,0.75
l_curve_0,6,0.520537257194519,0.75
l_curve_0,7,0.5112655758857727,0.75
l_curve_0,8,0.5028354525566101,0.75
l_curve_0,9,0.49495241045951843,0.75
l_curve_0,10,0.4876168668270111,0.75
l_curve_0,11,0.48082610964775085,0.75
l_curve_0,12,0.47443699836730957,0.75
l_curve_0,13,0.46841883659362793,0.75
l_curve_0,14,0.46277692914009094,0.75
l_curve_0,15,0.4574722945690155,0.75
l_curve_0,16,0.45244792103767395,0.75
l_curve_0,17,0.4477541446685791,0.75
l_curve_0,18,0.44315996766090393,0.75
l_curve_0,19,0.43880495429039,0.7083333134651184
l_curve_0,20,0.4346593916416168,0.7083333134651184
l_curve_0,21,0.4307970702648163,0.75
l_curve_0,22,0.42698749899864197,0.75
l_curve_0,23,0.42336058616638184,0.7916666865348816
l_curve_0,24,0.41995906829833984,0.7916666865348816
l_curve_0,25,0.41664421558380127,0.7916666865348816
l_curve_0,26,0.41334280371665955,0.7916666865348816
l_curve_0,27,0.4102974236011505,0.7916666865348816
l_curve_0,28,0.40727195143699646,0.7916666865348816
l_curve_0,29,0.404310017824173,0.7916666865348816
l_curve_0,30,0.401468425989151,0.7916666865348816
l_curve_0,31,0.3986942768096924,0.7916666865348816
l_curve_0,32,0.3960217535495758,0.7916666865348816
l_curve_0,33,0.393414169549942,0.8333333134651184
l_curve_0,34,0.39084187150001526,0.8333333134651184
l_curve_0,35,0.3883831799030304,0.8333333134651184
l_curve_0,36,0.3859195411205292,0.8333333134651184
l_curve_0,37,0.38351377844810486,0.8333333134651184
l_curve_0,38,0.3812779188156128,0.8333333134651184
l_curve_0,39,0.37899115681648254,0.7916666865348816
l_curve_0,40,0.37685635685920715,0.7916666865348816
l_curve_0,41,0.374784380197525,0.7916666865348816
l_curve_0,42,0.37271443009376526,0.7916666865348816
l_curve_0,43,0.3706580698490143,0.7916666865348816
l_curve_0,44,0.36865440011024475,0.7916666865348816
l_curve_0,45,0.3667657673358917,0.8333333134651184
l_curve_0,46,0.36485278606414795,0.8333333134651184
l_curve_0,47,0.36306262016296387,0.8333333134651184
l_curve_0,48,0.36128899455070496,0.8333333134651184
l_curve_0,49,0.35955628752708435,0.8333333134651184
l_curve_0,50,0.3579671084880829,0.8333333134651184
l_curve_0,51,0.35634055733680725,0.8333333134651184
l_curve_0,52,0.35474154353141785,0.8333333134651184
l_curve_0,53,0.3533206284046173,0.8333333134651184
l_curve_0,54,0.3518162965774536,0.8333333134651184
l_curve_0,55,0.3504832983016968,0.8333333134651184
l_curve_0,56,0.3492327034473419,0.8333333134651184
l_curve_0,57,0.34802255034446716,0.875
l_curve_0,58,0.34665489196777344,0.875
l_curve_0,59,0.3455045223236084,0.875
l_curve_0,60,0.34453463554382324,0.875
l_curve_0,61,0.34342721104621887,0.875
l_curve_0,62,0.34238433837890625,0.875
l_curve_0,63,0.3413515090942383,0.875
l_curve_0,64,0.34040653705596924,0.875
l_curve_0,65,0.3395315110683441,0.875
l_curve_0,66,0.3387305736541748,0.9166666865348816
l_curve_0,67,0.3378802239894867,0.9166666865348816
l_curve_0,68,0.3371606767177582,0.9166666865348816
l_curve_0,69,0.3363959789276123,0.9166666865348816
l_curve_0,70,0.3357161581516266,0.9166666865348816
l_curve_0,71,0.33508381247520447,0.9166666865348816
l_curve_0,72,0.3345186412334442,0.9166666865348816
l_curve_0,73,0.33388689160346985,0.9166666865348816
l_curve_0,74,0.3332275450229645,0.9166666865348816
l_curve_0,75,0.33280640840530396,0.9166666865348816
l_curve_0,76,0.3323025405406952,0.9166666865348816
l_curve_0,77,0.33184608817100525,0.9166666865348816
l_curve_0,78,0.33140161633491516,0.9166666865348816
l_curve_0,79,0.3309634029865265,0.9166666865348816
l_curve_0,80,0.3305608332157135,0.9166666865348816
l_curve_0,81,0.33020806312561035,0.9166666865348816
l_curve_0,82,0.32979393005371094,0.9166666865348816
l_curve_0,83,0.32948365807533264,0.9166666865348816
l_curve_0,84,0.329108327627182,0.9166666865348816
l_curve_0,85,0.3288774788379669,0.9166666865348816
l_curve_0,86,0.3284864127635956,0.9166666865348816
l_curve_0,87,0.3282237648963928,0.9166666865348816
l_curve_0,88,0.3280108869075775,0.9166666865348816
l_curve_0,89,0.32777848839759827,0.9166666865348816
l_curve_0,90,0.32754242420196533,0.9166666865348816
l_curve_0,91,0.32730725407600403,0.9166666865348816
l_curve_0,92,0.3270602524280548,0.9166666865348816
l_curve_0,93,0.32686540484428406,0.9166666865348816
l_curve_0,94,0.3267196714878082,0.9166666865348816
l_curve_0,95,0.3266333043575287,0.9166666865348816
l_curve_0,96,0.326400488615036,0.9166666865348816
l_curve_0,97,0.3263452649116516,0.9166666865348816
l_curve_0,98,0.32623735070228577,0.9166666865348816
l_curve_0,99,0.32598769664764404,0.9166666865348816
l_curve_0,100,0.32585981488227844,0.9166666865348816
l_curve_0,101,0.32565248012542725,0.9166666865348816
l_curve_0,102,0.3256210386753082,0.9166666865348816
l_curve_0,103,0.32552722096443176,0.9166666865348816
l_curve_0,104,0.32540127635002136,0.9166666865348816
l_curve_0,105,0.32536551356315613,0.9166666865348816
l_curve_0,106,0.3253870904445648,0.9166666865348816
l_curve_0,107,0.32532092928886414,0.9166666865348816
l_curve_0,108,0.32523009181022644,0.9166666865348816
l_curve_0,109,0.32514485716819763,0.9166666865348816
l_curve_0,110,0.32501909136772156,0.9166666865348816
l_curve_0,111,0.32497385144233704,0.9166666865348816
l_curve_0,112,0.32500922679901123,0.9166666865348816
l_curve_0,113,0.32484132051467896,0.9166666865348816
l_curve_0,114,0.3248203694820404,0.9166666865348816
l_curve_0,115,0.32485052943229675,0.9166666865348816
l_curve_0,116,0.32480913400650024,0.9166666865348816
l_curve_0,117,0.324735552072525,0.9166666865348816
l_curve_0,118,0.3246779441833496,0.9166666865348816
l_curve_0,119,0.32467806339263916,0.9166666865348816
l_curve_0,120,0.3246268928050995,0.9166666865348816
l_curve_0,121,0.32466578483581543,0.9166666865348816
l_curve_0,122,0.3246787488460541,0.9166666865348816
l_curve_0,123,0.3246735632419586,0.9166666865348816
l_curve_0,124,0.32464900612831116,0.9166666865348816
l_curve_0,125,0.32458335161209106,0.9166666865348816
l_curve_0,126,0.32455119490623474,0.9166666865348816
l_curve_0,127,0.3246974050998688,0.9166666865348816
l_curve_0,128,0.32455673813819885,0.9166666865348816
l_curve_0,129,0.32464203238487244,0.9166666865348816
l_curve_0,130,0.32467299699783325,0.9166666865348816
l_curve_0,131,0.3246435821056366,0.9166666865348816
l_curve_0,132,0.32483455538749695,0.9166666865348816
l_curve_0,133,0.3247282803058624,0.9166666865348816
l_curve_0,134,0.3247264623641968,0.9166666865348816
l_curve_0,135,0.32481130957603455,0.9166666865348816
l_curve_0,136,0.3247009813785553,0.9166666865348816
l_curve_0,137,0.32469579577445984,0.9166666865348816
l_curve_0,138,0.32478079199790955,0.9166666865348816
l_curve_0,139,0.3247176706790924,0.9166666865348816
l_curve_0,140,0.3247276842594147,0.9166666865348816
l_curve_0,141,0.3246879577636719,0.9166666865348816
l_curve_0,142,0.32478514313697815,0.9166666865348816
l_curve_0,143,0.324797123670578,0.9166666865348816
l_curve_0,144,0.32488271594047546,0.9166666865348816
l_curve_0,145,0.32486867904663086,0.9166666865348816
l_curve_0,146,0.32487547397613525,0.9166666865348816
l_curve_0,147,0.32493647933006287,0.9166666865348816
l_curve_0,148,0.3250442147254944,0.9166666865348816
l_curve_0,149,0.3250676393508911,0.9166666865348816
l_curve_0,150,0.3249754309654236,0.9166666865348816
l_curve_0,151,0.325008362531662,0.9166666865348816
l_curve_0,152,0.3250216841697693,0.9166666865348816
l_curve_0,153,0.32503095269203186,0.9166666865348816
l_curve_0,154,0.3250105381011963,0.9166666865348816
l_curve_0,155,0.3250904381275177,0.9166666865348816
l_curve_0,156,0.3252185881137848,0.9166666865348816
l_curve_0,157,0.3252010643482208,0.9166666865348816
l_curve_0,158,0.32526224851608276,0.9166666865348816
l_curve_0,159,0.32528814673423767,0.9166666865348816
l_curve_0,160,0.3252958357334137,0.9166666865348816
l_curve_0,161,0.3252921998500824,0.9166666865348816
l_curve_0,162,0.32528242468833923,0.9166666865348816
l_curve_0,163,0.3253641128540039,0.9166666865348816
l_curve_0,164,0.325211763381958,0.9166666865348816
l_curve_0,165,0.3254307806491852,0.9166666865348816
l_curve_0,166,0.325346440076828,0.9166666865348816
l_curve_0,167,0.325391560792923,0.9166666865348816
l_curve_0,168,0.3255707919597626,0.9166666865348816
l_curve_0,169,0.3255292475223541,0.9166666865348816
l_curve_0,170,0.32549941539764404,0.9166666865348816
l_curve_0,171,0.3255227506160736,0.9166666865348816
l_curve_0,172,0.325520783662796,0.9166666865348816
l_curve_0,173,0.3255815804004669,0.9166666865348816
l_curve_0,174,0.32566288113594055,0.9166666865348816
l_curve_0,175,0.3258287012577057,0.9166666865348816
l_curve_0,176,0.3257956802845001,0.9166666865348816
l_curve_0,177,0.32576102018356323,0.9166666865348816
l_curve_0,178,0.32589998841285706,0.9166666865348816
l_curve_0,179,0.3258185386657715,0.9166666865348816
l_curve_0,180,0.3259115517139435,0.9166666865348816
l_curve_0,181,0.32579752802848816,0.9166666865348816
l_curve_0,182,0.3258671760559082,0.9166666865348816
l_curve_0,183,0.325997531414032,0.9166666865348816
l_curve_0,184,0.32588139176368713,0.9166666865348816
l_curve_0,185,0.32591578364372253,0.9166666865348816
l_curve_0,186,0.32608917355537415,0.9166666865348816
l_curve_0,187,0.32613444328308105,0.9166666865348816
l_curve_0,188,0.3260513246059418,0.9166666865348816
l_curve_0,189,0.3260490596294403,0.9166666865348816
l_curve_0,190,0.3260921835899353,0.9166666865348816
l_curve_0,191,0.32612094283103943,0.9166666865348816
l_curve_0,192,0.3261931836605072,0.9166666865348816
l_curve_0,193,0.3262873589992523,0.9166666865348816
l_curve_0,194,0.32621148228645325,0.9166666865348816
l_curve_0,195,0.32621780037879944,0.9166666865348816
l_curve_0,196,0.3263724148273468,0.9166666865348816
l_curve_0,197,0.3262490928173065,0.9166666865348816
l_curve_0,198,0.3263745605945587,0.9166666865348816
l_curve_0,199,0.3264048397541046,0.9166666865348816
l_curve_0,200,0.32645395398139954,0.9166666865348816
l_curve_0,201,0.32642725110054016,0.9166666865348816
l_curve_0,202,0.3264946937561035,0.9166666865348816
l_curve_0,203,0.32656219601631165,0.9166666865348816
l_curve_0,204,0.3266765773296356,0.9166666865348816
l_curve_0,205,0.3267035186290741,0.9166666865348816
l_curve_0,206,0.3265775144100189,0.9166666865348816
l_curve_0,207,0.32675790786743164,0.9166666865348816
l_curve_0,208,0.32677313685417175,0.9166666865348816
l_curve_0,209,0.3266400992870331,0.9166666865348816
l_curve_0,210,0.3267578184604645,0.9166666865348816
l_curve_0,211,0.32677724957466125,0.9166666865348816
l_curve_0,212,0.32695436477661133,0.9166666865348816
l_curve_0,213,0.3268231451511383,0.9166666865348816
l_curve_0,214,0.3267248570919037,0.9166666865348816
l_curve_0,215,0.3268265724182129,0.9166666865348816
l_curve_0,216,0.3269686996936798,0.9166666865348816
l_curve_0,217,0.3268987834453583,0.9166666865348816
l_curve_0,218,0.32696306705474854,0.9166666865348816
l_curve_0,219,0.3270871341228485,0.9166666865348816
l_curve_0,220,0.32708415389060974,0.9166666865348816
l_curve_0,221,0.3270416259765625,0.9166666865348816
l_curve_0,222,0.3270281255245209,0.9166666865348816
l_curve_0,223,0.3271771967411041,0.9166666865348816
l_curve_0,224,0.3270914852619171,0.9166666865348816
l_curve_0,225,0.3271828591823578,0.9166666865348816
l_curve_0,226,0.32715025544166565,0.9166666865348816
l_curve_0,227,0.32726749777793884,0.9166666865348816
l_curve_0,228,0.32719385623931885,0.9166666865348816
l_curve_0,229,0.32720300555229187,0.9166666865348816
l_curve_0,230,0.32723042368888855,0.9166666865348816
l_curve_0,231,0.3274816572666168,0.9166666865348816
l_curve_0,232,0.327319473028183,0.9166666865348816
l_curve_0,233,0.3273330628871918,0.9166666865348816
l_curve_0,234,0.3274179995059967,0.9166666865348816
l_curve_0,235,0.3274642825126648,0.9166666865348816
l_curve_0,236,0.32754555344581604,0.9166666865348816
l_curve_0,237,0.3275948464870453,0.9166666865348816
l_curve_0,238,0.32751956582069397,0.9166666865348816
l_curve_0,239,0.327493280172348,0.9166666865348816
l_curve_0,240,0.32756468653678894,0.9166666865348816
l_curve_0,241,0.3274781405925751,0.9166666865348816
l_curve_0,242,0.3275524377822876,0.9166666865348816
l_curve_0,243,0.32745325565338135,0.9166666865348816
l_curve_0,244,0.32750824093818665,0.9166666865348816
l_curve_0,245,0.3274775445461273,0.9166666865348816
l_curve_0,246,0.3276227116584778,0.9166666865348816
l_curve_0,247,0.3276592195034027,0.9166666865348816
l_curve_0,248,0.3278004229068756,0.9166666865348816
l_curve_0,249,0.32774749398231506,0.9166666865348816
l_curve_0,250,0.32771801948547363,0.9166666865348816
l_curve_0,251,0.32764872908592224,0.9166666865348816
l_curve_0,252,0.32762500643730164,0.9166666865348816
l_curve_0,253,0.32762154936790466,0.9166666865348816
l_curve_0,254,0.3277597427368164,0.9166666865348816
l_curve_0,255,0.32774195075035095,0.9166666865348816
l_curve_0,256,0.327801913022995,0.9166666865348816
l_curve_0,257,0.3277954161167145,0.9166666865348816
l_curve_0,258,0.3277127742767334,0.9166666865348816
l_curve_0,259,0.3277099132537842,0.9166666865348816
l_curve_0,260,0.3277427852153778,0.9166666865348816
l_curve_0,261,0.32770493626594543,0.9166666865348816
l_curve_0,262,0.3278754949569702,0.9166666865348816
l_curve_0,263,0.32796362042427063,0.9166666865348816
l_curve_0,264,0.3278532028198242,0.9166666865348816
l_curve_0,265,0.32776638865470886,0.9166666865348816
l_curve_0,266,0.3278217017650604,0.9166666865348816
l_curve_0,267,0.3278646469116211,0.9166666865348816
l_curve_0,268,0.3278776705265045,0.9166666865348816
l_curve_0,269,0.32772499322891235,0.9166666865348816
l_curve_0,270,0.32774797081947327,0.9166666865348816
l_curve_0,271,0.3277721107006073,0.9166666865348816
l_curve_0,272,0.32788148522377014,0.9166666865348816
l_curve_0,273,0.32783329486846924,0.9166666865348816
l_curve_0,274,0.327863484621048,0.9166666865348816
l_curve_0,275,0.327874094247818,0.9166666865348816
l_curve_0,276,0.327807754278183,0.9166666865348816
l_curve_0,277,0.32778581976890564,0.9166666865348816
l_curve_0,278,0.3276679813861847,0.9166666865348816
l_curve_0,279,0.3277350962162018,0.9166666865348816
l_curve_0,280,0.32768580317497253,0.9166666865348816
l_curve_0,281,0.32769930362701416,0.9166666865348816
l_curve_0,282,0.32766038179397583,0.9166666865348816
l_curve_0,283,0.3277387320995331,0.9166666865348816
l_curve_0,284,0.3276214301586151,0.9166666865348816
l_curve_0,285,0.3276253938674927,0.9166666865348816
l_curve_0,286,0.3275567591190338,0.9166666865348816
l_curve_0,287,0.3275870382785797,0.9166666865348816
l_curve_0,288,0.32762739062309265,0.9166666865348816
l_curve_0,289,0.32760295271873474,0.9166666865348816
l_curve_0,290,0.32744312286376953,0.9166666865348816
l_curve_0,291,0.32739266753196716,0.9166666865348816
l_curve_0,292,0.3273487091064453,0.9166666865348816
l_curve_0,293,0.3273872435092926,0.9166666865348816
l_curve_0,294,0.32730814814567566,0.9166666865348816
l_curve_0,295,0.3271765112876892,0.9166666865348816
l_curve_0,296,0.3271125257015228,0.9166666865348816
l_curve_0,297,0.32714903354644775,0.9166666865348816
l_curve_0,298,0.32725146412849426,0.9166666865348816
l_curve_0,299,0.3270741403102875,0.9166666865348816
l_curve_0,300,0.3271280527114868,0.9166666865348816
l_curve_0,301,0.3271884620189667,0.9166666865348816
l_curve_0,302,0.32693785429000854,0.9166666865348816
l_curve_0,303,0.3268423080444336,0.9166666865348816
l_curve_0,304,0.3267896771430969,0.9166666865348816
l_curve_0,305,0.3268941640853882,0.9166666865348816
l_curve_0,306,0.3267369568347931,0.9166666865348816
l_curve_0,307,0.32660678029060364,0.9166666865348816
l_curve_0,308,0.3265325725078583,0.9166666865348816
l_curve_0,309,0.32670095562934875,0.9166666865348816
l_curve_0,310,0.32664093375205994,0.9166666865348816
l_curve_0,311,0.32640185952186584,0.9166666865348816
l_curve_0,312,0.3263069689273834,0.9166666865348816
l_curve_0,313,0.32624492049217224,0.9166666865348816
l_curve_0,314,0.32620400190353394,0.9166666865348816
l_curve_0,315,0.326084166765213,0.9166666865348816
l_curve_0,316,0.325959175825119,0.9166666865348816
l_curve_0,317,0.32584166526794434,0.9166666865348816
l_curve_0,318,0.3257867395877838,0.9166666865348816
l_curve_0,319,0.325843870639801,0.9166666865348816
l_curve_0,320,0.3256128132343292,0.9166666865348816
l_curve_0,321,0.32553812861442566,0.9166666865348816
l_curve_0,322,0.32559454441070557,0.9166666865348816
l_curve_0,323,0.3254508078098297,0.9166666865348816
l_curve_0,324,0.3253569006919861,0.9166666865348816
l_curve_0,325,0.3253628611564636,0.9166666865348816
l_curve_0,326,0.32509514689445496,0.9166666865348816
l_curve_0,327,0.3250545561313629,0.9166666865348816
l_curve_0,328,0.3249128758907318,0.9166666865348816
l_curve_0,329,0.32473310828208923,0.9166666865348816
l_curve_0,330,0.3246844708919525,0.9166666865348816
l_curve_0,331,0.3246343433856964,0.9166666865348816
l_curve_0,332,0.3245598375797272,0.9166666865348816
l_curve_0,333,0.3243723213672638,0.9166666865348816
l_curve_0,334,0.32423722743988037,0.9166666865348816
l_curve_0,335,0.32410261034965515,0.9166666865348816
l_curve_0,336,0.32399532198905945,0.9166666865348816
l_curve_0,337,0.32385313510894775,0.9166666865348816
l_curve_0,338,0.3237142264842987,0.9166666865348816
l_curve_0,339,0.32363641262054443,0.9166666865348816
l_curve_0,340,0.32348012924194336,0.9166666865348816
l_curve_0,341,0.32331931591033936,0.9166666865348816
l_curve_0,342,0.32310375571250916,0.9166666865348816
l_curve_0,343,0.3230843245983124,0.9166666865348816
l_curve_0,344,0.32288768887519836,0.9166666865348816
l_curve_0,345,0.3227805197238922,0.9166666865348816
l_curve_0,346,0.3225935399532318,0.9166666865348816
l_curve_0,347,0.322403222322464,0.9166666865348816
l_curve_0,348,0.32226312160491943,0.9166666865348816
l_curve_0,349,0.32206347584724426,0.9166666865348816
l_curve_0,350,0.32195940613746643,0.9166666865348816
l_curve_0,351,0.32181885838508606,0.9166666865348816
l_curve_0,352,0.3217572867870331,0.9166666865348816
l_curve_0,353,0.32153570652008057,0.9166666865348816
l_curve_0,354,0.32140639424324036,0.9166666865348816
l_curve_0,355,0.3211456835269928,0.9166666865348816
l_curve_0,356,0.320972740650177,0.9166666865348816
l_curve_0,357,0.32078686356544495,0.9166666865348816
l_curve_0,358,0.32061561942100525,0.9166666865348816
l_curve_0,359,0.3204071819782257,0.9166666865348816
l_curve_0,360,0.3202485740184784,0.9166666865348816
l_curve_0,361,0.32009854912757874,0.9166666865348816
l_curve_0,362,0.31984707713127136,0.9166666865348816
l_curve_0,363,0.3195677697658539,0.9166666865348816
l_curve_0,364,0.3194182813167572,0.9166666865348816
l_curve_0,365,0.3192807734012604,0.9166666865348816
l_curve_0,366,0.3189096748828888,0.9166666865348816
l_curve_0,367,0.3187699615955353,0.9166666865348816
l_curve_0,368,0.318528413772583,0.9166666865348816
l_curve_0,369,0.3183923661708832,0.9166666865348816
l_curve_0,370,0.3181955814361572,0.9166666865348816
l_curve_0,371,0.3180365264415741,0.9166666865348816
l_curve_0,372,0.31770312786102295,0.9166666865348816
l_curve_0,373,0.31755292415618896,0.9166666865348816
l_curve_0,374,0.31719931960105896,0.9166666865348816
l_curve_0,375,0.31715330481529236,0.9166666865348816
l_curve_0,376,0.31676599383354187,0.9166666865348816
l_curve_0,377,0.3163653314113617,0.9166666865348816
l_curve_0,378,0.31631359457969666,0.9166666865348816
l_curve_0,379,0.31610107421875,0.9166666865348816
l_curve_0,380,0.3156982362270355,0.9166666865348816
l_curve_0,381,0.31538280844688416,0.9166666865348816
l_curve_0,382,0.3151276409626007,0.9166666865348816
l_curve_0,383,0.31486427783966064,0.9166666865348816
l_curve_0,384,0.314518541097641,0.9166666865348816
l_curve_0,385,0.31432288885116577,0.9166666865348816
l_curve_0,386,0.3139873445034027,0.9166666865348816
l_curve_0,387,0.31365785002708435,0.9166666865348816
l_curve_0,388,0.31335288286209106,0.9166666865348816
l_curve_0,389,0.31313082575798035,0.9166666865348816
l_curve_0,390,0.31277042627334595,0.9166666865348816
l_curve_0,391,0.3124231994152069,0.9166666865348816
l_curve_0,392,0.3120688498020172,0.9166666865348816
l_curve_0,393,0.31180915236473083,0.9166666865348816
l_curve_0,394,0.31137409806251526,0.9166666865348816
l_curve_0,395,0.31115975975990295,0.9166666865348816
l_curve_0,396,0.3106321394443512,0.9166666865348816
l_curve_0,397,0.3103053569793701,0.9166666865348816
l_curve_0,398,0.3100043833255768,0.9166666865348816
l_curve_0,399,0.3097655475139618,0.9166666865348816
l_curve_0,400,0.3092552423477173,0.9166666865348816
l_curve_0,401,0.3089141547679901,0.9166666865348816
l_curve_0,402,0.3084498643875122,0.9166666865348816
l_curve_0,403,0.3081265985965729,0.9166666865348816
l_curve_0,404,0.3075936436653137,0.9166666865348816
l_curve_0,405,0.3071279227733612,0.9166666865348816
l_curve_0,406,0.3068716824054718,0.9166666865348816
l_curve_0,407,0.3064112365245819,0.9166666865348816
l_curve_0,408,0.3059905469417572,0.9166666865348816
l_curve_0,409,0.30551841855049133,0.9166666865348816
l_curve_0,410,0.30505165457725525,0.9166666865348816
l_curve_0,411,0.30444279313087463,0.9166666865348816
l_curve_0,412,0.3041793406009674,0.9166666865348816
l_curve_0,413,0.3036433458328247,0.9166666865348816
l_curve_0,414,0.3030412197113037,0.9166666865348816
l_curve_0,415,0.3025771379470825,0.9166666865348816
l_curve_0,416,0.3021944463253021,0.9166666865348816
l_curve_0,417,0.3015121519565582,0.9166666865348816
l_curve_0,418,0.30092817544937134,0.9166666865348816
l_curve_0,419,0.30039945244789124,0.9166666865348816
l_curve_0,420,0.29978781938552856,0.9166666865348816
l_curve_0,421,0.2993742525577545,0.9166666865348816
l_curve_0,422,0.298778772354126,0.9166666865348816
l_curve_0,423,0.2981417775154114,0.9166666865348816
l_curve_0,424,0.2975160777568817,0.9166666865348816
l_curve_0,425,0.2970428764820099,0.9166666865348816
l_curve_0,426,0.29627206921577454,0.9166666865348816
l_curve_0,427,0.2956686019897461,0.9166666865348816
l_curve_0,428,0.2949933707714081,0.9166666865348816
l_curve_0,429,0.2942557632923126,0.9166666865348816
l_curve_0,430,0.2935844957828522,0.9166666865348816
l_curve_0,431,0.29287299513816833,0.9166666865348816
l_curve_0,432,0.29241177439689636,0.9166666865348816
l_curve_0,433,0.29158610105514526,0.9166666865348816
l_curve_0,434,0.29095879197120667,0.9166666865348816
l_curve_0,435,0.2901288568973541,0.9166666865348816
l_curve_0,436,0.28940510749816895,0.9166666865348816
l_curve_0,437,0.2886495292186737,0.9166666865348816
l_curve_0,438,0.28787708282470703,0.9166666865348816
l_curve_0,439,0.2871623933315277,0.9166666865348816
l_curve_0,440,0.2861868739128113,0.9166666865348816
l_curve_0,441,0.2854960262775421,0.9166666865348816
l_curve_0,442,0.2846638262271881,0.9166666865348816
l_curve_0,443,0.2839701473712921,0.9166666865348816
l_curve_0,444,0.2830873429775238,0.9166666865348816
l_curve_0,445,0.2822531461715698,0.9166666865348816
l_curve_0,446,0.28130099177360535,0.9166666865348816
l_curve_0,447,0.2805149257183075,0.9166666865348816
l_curve_0,448,0.2796143889427185,0.9166666865348816
l_curve_0,449,0.2786860167980194,0.9166666865348816
l_curve_0,450,0.27792876958847046,0.9166666865348816
l_curve_0,451,0.27691778540611267,0.9166666865348816
l_curve_0,452,0.2760262191295624,0.9166666865348816
l_curve_0,453,0.2751502990722656,0.9166666865348816
l_curve_0,454,0.2741279602050781,0.9166666865348816
l_curve_0,455,0.27316901087760925,0.9166666865348816
l_curve_0,456,0.2723582684993744,0.9166666865348816
l_curve_0,457,0.2712536156177521,0.9166666865348816
l_curve_0,458,0.27032315731048584,0.9166666865348816
l_curve_0,459,0.2693401277065277,0.9166666865348816
l_curve_0,460,0.2683526873588562,0.9166666865348816
l_curve_0,461,0.2673918902873993,0.9166666865348816
l_curve_0,462,0.2662370204925537,0.9166666865348816
l_curve_0,463,0.26513755321502686,0.9166666865348816
l_curve_0,464,0.2641132175922394,0.9166666865348816
l_curve_0,465,0.2631472647190094,0.9166666865348816
l_curve_0,466,0.262073814868927,0.9166666865348816
l_curve_0,467,0.2611408829689026,0.9166666865348816
l_curve_0,468,0.260091096162796,0.9166666865348816
l_curve_0,469,0.25904032588005066,0.9166666865348816
l_curve_0,470,0.2579595744609833,0.9166666865348816
l_curve_0,471,0.25689974427223206,0.9166666865348816
l_curve_0,472,0.2559549808502197,0.9166666865348816
l_curve_0,473,0.25470152497291565,0.9166666865348816
l_curve_0,474,0.25352534651756287,0.9166666865348816
l_curve_0,475,0.2525322735309601,0.9166666865348816
l_curve_0,476,0.2513318955898285,0.9166666865348816
l_curve_0,477,0.25014421343803406,0.9166666865348816
l_curve_0,478,0.24913357198238373,0.9166666865348816
l_curve_0,479,0.24809308350086212,0.9166666865348816
l_curve_0,480,0.2470109462738037,0.9166666865348816
l_curve_0,481,0.24580420553684235,0.9166666865348816
l_curve_0,482,0.24468471109867096,0.9166666865348816
l_curve_0,483,0.2437274307012558,0.9166666865348816
l_curve_0,484,0.24251039326190948,0.9166666865348816
l_curve_0,485,0.24126707017421722,0.9166666865348816
l_curve_0,486,0.24012619256973267,0.9166666865348816
l_curve_0,487,0.23901502788066864,0.9166666865348816
l_curve_0,488,0.23781649768352509,0.9166666865348816
l_curve_0,489,0.23672671616077423,0.9166666865348816
l_curve_0,490,0.2355567365884781,0.9166666865348816
l_curve_0,491,0.2344466894865036,0.9166666865348816
l_curve_0,492,0.23327942192554474,0.9166666865348816
l_curve_0,493,0.23206043243408203,0.9166666865348816
l_curve_0,494,0.23097310960292816,0.9166666865348816
l_curve_0,495,0.22984576225280762,0.9166666865348816
l_curve_0,496,0.2287859320640564,0.9166666865348816
l_curve_0,497,0.22745631635189056,0.9166666865348816
l_curve_0,498,0.22636717557907104,0.9166666865348816
l_curve_0,499,0.2252204865217209,0.9166666865348816
l_curve_0,500,0.22407062351703644,0.9166666865348816
l_curve_0,501,0.2229415625333786,0.9166666865348816
l_curve_0,502,0.22182150185108185,0.9166666865348816
l_curve_0,503,0.22072887420654297,0.9166666865348816
l_curve_0,504,0.21947486698627472,0.9166666865348816
l_curve_0,505,0.21828727424144745,0.9166666865348816
l_curve_0,506,0.21710698306560516,0.9166666865348816
l_curve_0,507,0.21599070727825165,0.9166666865348816
l_curve_0,508,0.2148265391588211,0.9166666865348816
l_curve_0,509,0.2138313502073288,0.9166666865348816
l_curve_0,510,0.21263134479522705,0.9166666865348816
l_curve_0,511,0.21150679886341095,0.9166666865348816
l_curve_0,512,0.2102947235107422,0.9166666865348816
l_curve_0,513,0.20908379554748535,0.9166666865348816
l_curve_0,514,0.20806264877319336,0.9166666865348816
l_curve_0,515,0.2069428563117981,0.9166666865348816
l_curve_0,516,0.20586679875850677,0.9166666865348816
l_curve_0,517,0.20457977056503296,0.9166666865348816
l_curve_0,518,0.20352959632873535,0.9166666865348816
l_curve_0,519,0.20243461430072784,0.9166666865348816
l_curve_0,520,0.20134896039962769,0.9166666865348816
l_curve_0,521,0.20019467175006866,0.9166666865348816
l_curve_0,522,0.19914454221725464,0.9166666865348816
l_curve_0,523,0.1980193853378296,0.9166666865348816
l_curve_0,524,0.19695664942264557,0.9166666865348816
l_curve_0,525,0.19576193392276764,0.9583333134651184
l_curve_0,526,0.19459539651870728,0.9583333134651184
l_curve_0,527,0.1935216784477234,0.9583333134651184
l_curve_0,528,0.19254536926746368,0.9583333134651184
l_curve_0,529,0.19148282706737518,0.9583333134651184
l_curve_0,530,0.19030345976352692,0.9583333134651184
l_curve_0,531,0.1892119199037552,0.9583333134651184
l_curve_0,532,0.18813560903072357,0.9583333134651184
l_curve_0,533,0.18712620437145233,0.9583333134651184
l_curve_0,534,0.18599317967891693,0.9583333134651184
l_curve_0,535,0.18490354716777802,0.9583333134651184
l_curve_0,536,0.18393439054489136,0.9583333134651184
l_curve_0,537,0.18279214203357697,0.9583333134651184
l_curve_0,538,0.18183161318302155,0.9583333134651184
l_curve_0,539,0.18072505295276642,0.9583333134651184
l_curve_0,540,0.1797950714826584,0.9583333134651184
l_curve_0,541,0.17865364253520966,0.9583333134651184
l_curve_0,542,0.177665114402771,0.9583333134651184
l_curve_0,543,0.17670196294784546,0.9583333134651184
l_curve_0,544,0.17560362815856934,0.9583333134651184
l_curve_0,545,0.17462952435016632,0.9583333134651184
l_curve_0,546,0.17355388402938843,0.9583333134651184
l_curve_0,547,0.17244906723499298,0.9583333134651184
l_curve_0,548,0.1714768409729004,0.9583333134651184
l_curve_0,549,0.17056334018707275,0.9583333134651184
l_curve_0,550,0.16962094604969025,0.9583333134651184
l_curve_0,551,0.1685963124036789,0.9583333134651184
l_curve_0,552,0.16762273013591766,0.9583333134651184
l_curve_0,553,0.1666141003370285,0.9583333134651184
l_curve_0,554,0.16561420261859894,0.9583333134651184
l_curve_0,555,0.16466304659843445,0.9583333134651184
l_curve_0,556,0.16369925439357758,0.9583333134651184
l_curve_0,557,0.16279257833957672,0.9583333134651184
l_curve_0,558,0.16183365881443024,0.9583333134651184
l_curve_0,559,0.16093020141124725,0.9583333134651184
l_curve_0,560,0.1598769873380661,0.9583333134651184
l_curve_0,561,0.1590508222579956,0.9583333134651184
l_curve_0,562,0.158059760928154,0.9583333134651184
l_curve_0,563,0.15704579651355743,0.9583333134651184
l_curve_0,564,0.15616227686405182,0.9583333134651184
l_curve_0,565,0.1553301215171814,0.9583333134651184
l_curve_0,566,0.15441349148750305,0.9583333134651184
l_curve_0,567,0.15346436202526093,0.9583333134651184
l_curve_0,568,0.15264084935188293,0.9583333134651184
l_curve_0,569,0.15163666009902954,0.9583333134651184
l_curve_0,570,0.1507440060377121,0.9583333134651184
l_curve_0,571,0.1499311774969101,0.9583333134651184
l_curve_0,572,0.14895720779895782,0.9583333134651184
l_curve_0,573,0.14813239872455597,0.9583333134651184
l_curve_0,574,0.14728771150112152,0.9583333134651184
l_curve_0,575,0.14650434255599976,0.9583333134651184
l_curve_0,576,0.1455330103635788,0.9583333134651184
l_curve_0,577,0.14468349516391754,0.9583333134651184
l_curve_0,578,0.14387576282024384,0.9583333134651184
l_curve_0,579,0.14305350184440613,0.9583333134651184
l_curve_0,580,0.14221934974193573,0.9583333134651184
l_curve_0,581,0.1413489580154419,0.9583333134651184
l_curve_0,582,0.14050441980361938,0.9583333134651184
l_curve_0,583,0.139755979180336,0.9583333134651184
l_curve_0,584,0.13882525265216827,0.9583333134651184
l_curve_0,585,0.13816197216510773,0.9583333134651184
l_curve_0,586,0.13727796077728271,0.9583333134651184
l_curve_0,587,0.1364385336637497,0.9583333134651184
l_curve_0,588,0.13558074831962585,0.9583333134651184
l_curve_0,589,0.13494206964969635,0.9583333134651184
l_curve_0,590,0.1341494470834732,0.9583333134651184
l_curve_0,591,0.1333426982164383,0.9583333134651184
l_curve_0,592,0.13266286253929138,0.9583333134651184
l_curve_0,593,0.1317632794380188,0.9583333134651184
l_curve_0,594,0.131051167845726,0.9583333134651184
l_curve_0,595,0.13024023175239563,0.9583333134651184
l_curve_0,596,0.1294713169336319,0.9583333134651184
l_curve_0,597,0.12876133620738983,0.9583333134651184
l_curve_0,598,0.12800616025924683,0.9583333134651184
l_curve_0,599,0.12738215923309326,0.9583333134651184
l_curve_0,600,0.126569002866745,0.9583333134651184
l_curve_0,601,0.12581461668014526,0.9583333134651184
l_curve_0,602,0.12512558698654175,0.9583333134651184
l_curve_0,603,0.12438925355672836,0.9583333134651184
l_curve_0,604,0.1237112507224083,0.9583333134651184
l_curve_0,605,0.12305030971765518,0.9583333134651184
l_curve_0,606,0.12231522053480148,0.9583333134651184
l_curve_0,607,0.1215733215212822,0.9583333134651184
l_curve_0,608,0.1208515539765358,0.9583333134651184
l_curve_0,609,0.12016773223876953,0.9583333134651184
l_curve_0,610,0.11950719356536865,0.9583333134651184
l_curve_0,611,0.11892259120941162,0.9583333134651184
l_curve_0,612,0.11816086620092392,0.9583333134651184
l_curve_0,613,0.11757227033376694,0.9583333134651184
l_curve_0,614,0.11687153577804565,0.9583333134651184
l_curve_0,615,0.11618278175592422,0.9583333134651184
l_curve_0,616,0.11554685980081558,0.9583333134651184
l_curve_0,617,0.11490192264318466,0.9583333134651184
l_curve_0,618,0.11434093862771988,0.9583333134651184
l_curve_0,619,0.1136876717209816,0.9583333134651184
l_curve_0,620,0.11302948743104935,0.9583333134651184
l_curve_0,621,0.11235716193914413,0.9583333134651184
l_curve_0,622,0.11173874884843826,0.9583333134651184
l_curve_0,623,0.11109266430139542,0.9583333134651184
l_curve_0,624,0.1104348823428154,0.9583333134651184
l_curve_0,625,0.1099034920334816,0.9583333134651184
l_curve_0,626,0.10921499878168106,0.9583333134651184
l_curve_0,627,0.1086997464299202,0.9583333134651184
l_curve_0,628,0.10812311619520187,0.9583333134651184
l_curve_0,629,0.107511006295681,0.9583333134651184
l_curve_0,630,0.10688084363937378,0.9583333134651184
l_curve_0,631,0.10627665370702744,0.9583333134651184
l_curve_0,632,0.10570726543664932,0.9583333134651184
l_curve_0,633,0.10517724603414536,0.9583333134651184
l_curve_0,634,0.10454776138067245,0.9583333134651184
l_curve_0,635,0.10405668616294861,0.9583333134651184
l_curve_0,636,0.1034497395157814,0.9583333134651184
l_curve_0,637,0.10290086269378662,0.9583333134651184
l_curve_0,638,0.10241478681564331,0.9583333134651184
l_curve_0,639,0.10182181000709534,0.9583333134651184
l_curve_0,640,0.10122700780630112,0.9583333134651184
l_curve_0,641,0.10067325830459595,0.9583333134651184
l_curve_0,642,0.1001187190413475,0.9583333134651184
l_curve_0,643,0.09958624094724655,0.9583333134651184
l_curve_0,644,0.09909150004386902,0.9583333134651184
l_curve_0,645,0.09857826679944992,0.9583333134651184
l_curve_0,646,0.09804937988519669,0.9583333134651184
l_curve_0,647,0.09749462455511093,0.9583333134651184
l_curve_0,648,0.09701364487409592,0.9583333134651184
l_curve_0,649,0.09648051857948303,0.9583333134651184
l_curve_0,650,0.09597597271203995,0.9583333134651184
l_curve_0,651,0.09543580561876297,0.9583333134651184
l_curve_0,652,0.09501201659440994,0.9583333134651184
l_curve_0,653,0.09447117894887924,0.9583333134651184
l_curve_0,654,0.09395156055688858,0.9583333134651184
l_curve_0,655,0.0934491977095604,0.9583333134651184
l_curve_0,656,0.09300891309976578,0.9583333134651184
l_curve_0,657,0.09250260144472122,0.9583333134651184
l_curve_0,658,0.09206005185842514,0.9583333134651184
l_curve_0,659,0.09155401587486267,0.9583333134651184
l_curve_0,660,0.091135673224926,0.9583333134651184
l_curve_0,661,0.09061332792043686,0.9583333134651184
l_curve_0,662,0.09011610597372055,0.9583333134651184
l_curve_0,663,0.08966851979494095,0.9583333134651184
l_curve_0,664,0.08928432315587997,0.9583333134651184
l_curve_0,665,0.08871162682771683,0.9583333134651184
l_curve_0,666,0.08827006816864014,0.9583333134651184
l_curve_0,667,0.0878797173500061,0.9583333134651184
l_curve_0,668,0.08743703365325928,0.9583333134651184
l_curve_0,669,0.08700108528137207,0.9583333134651184
l_curve_0,670,0.08650446683168411,0.9583333134651184
l_curve_0,671,0.08612102270126343,0.9583333134651184
l_curve_0,672,0.08568672090768814,0.9583333134651184
l_curve_0,673,0.08524566888809204,0.9583333134651184
l_curve_0,674,0.08479323983192444,0.9583333134651184
l_curve_0,675,0.08441707491874695,0.9583333134651184
l_curve_0,676,0.08391179889440536,0.9583333134651184
l_curve_0,677,0.08353671431541443,0.9583333134651184
l_curve_0,678,0.08308950811624527,0.9583333134651184
l_curve_0,679,0.08272138983011246,0.9583333134651184
l_curve_0,680,0.08234680444002151,0.9583333134651184
l_curve_0,681,0.08189627528190613,0.9583333134651184
l_curve_0,682,0.08155850321054459,0.9583333134651184
l_curve_0,683,0.08109123259782791,0.9583333134651184
l_curve_0,684,0.08073265105485916,0.9583333134651184
l_curve_0,685,0.08033239841461182,0.9583333134651184
l_curve_0,686,0.0799030140042305,0.9583333134651184
l_curve_0,687,0.07955413311719894,0.9583333134651184
l_curve_0,688,0.079202800989151,0.9583333134651184
l_curve_0,689,0.07874885201454163,0.9583333134651184
l_curve_0,690,0.07833658903837204,0.9583333134651184
l_curve_0,691,0.07796117663383484,0.9583333134651184
l_curve_0,692,0.07759219408035278,0.9583333134651184
l_curve_0,693,0.07721966505050659,0.9583333134651184
l_curve_0,694,0.07687263935804367,0.9583333134651184
l_curve_0,695,0.0764966830611229,0.9583333134651184
l_curve_0,696,0.07613641768693924,0.9583333134651184
l_curve_0,697,0.0757502093911171,0.9583333134651184
l_curve_0,698,0.0754319503903389,0.9583333134651184
l_curve_0,699,0.0750199407339096,0.9583333134651184
l_curve_0,700,0.07471684366464615,0.9583333134651184
l_curve_0,701,0.07435745000839233,0.9583333134651184
l_curve_0,702,0.07398701459169388,0.9583333134651184
l_curve_0,703,0.07364537566900253,0.9583333134651184
l_curve_0,704,0.07331185787916183,0.9583333134651184
l_curve_0,705,0.0729333683848381,0.9583333134651184
l_curve_0,706,0.0726093053817749,0.9583333134651184
l_curve_0,707,0.07229862362146378,0.9583333134651184
l_curve_0,708,0.07192226499319077,0.9583333134651184
l_curve_0,709,0.07161581516265869,0.9583333134651184
l_curve_0,710,0.07131168246269226,0.9583333134651184
l_curve_0,711,0.07094927877187729,0.9583333134651184
l_curve_0,712,0.07066112011671066,0.9583333134651184
l_curve_0,713,0.07029237598180771,0.9583333134651184
l_curve_0,714,0.06994654983282089,0.9583333134651184
l_curve_0,715,0.06962451338768005,0.9583333134651184
l_curve_0,716,0.06930913031101227,0.9583333134651184
l_curve_0,717,0.06895478814840317,0.9583333134651184
l_curve_0,718,0.06863696873188019,0.9583333134651184
l_curve_0,719,0.06834930926561356,0.9583333134651184
l_curve_0,720,0.06806040555238724,0.9583333134651184
l_curve_0,721,0.06782561540603638,0.9583333134651184
l_curve_0,722,0.06740844994783401,0.9583333134651184
l_curve_0,723,0.06717737764120102,0.9583333134651184
l_curve_0,724,0.06685794144868851,0.9583333134651184
l_curve_0,725,0.06654295325279236,0.9583333134651184
l_curve_0,726,0.06627392768859863,0.9583333134651184
l_curve_0,727,0.06594310700893402,0.9583333134651184
l_curve_0,728,0.06566672027111053,0.9583333134651184
l_curve_0,729,0.06538355350494385,0.9583333134651184
l_curve_0,730,0.06509991735219955,0.9583333134651184
l_curve_0,731,0.06476256996393204,0.9583333134651184
l_curve_0,732,0.06456310302019119,0.9583333134651184
l_curve_0,733,0.0642320066690445,0.9583333134651184
l_curve_0,734,0.0639391764998436,0.9583333134651184
l_curve_0,735,0.0636913850903511,0.9583333134651184
l_curve_0,736,0.06336141377687454,0.9583333134651184
l_curve_0,737,0.06302913278341293,0.9583333134651184
l_curve_0,738,0.06282047182321548,0.9583333134651184
l_curve_0,739,0.06254434585571289,0.9583333134651184
l_curve_0,740,0.06229348108172417,0.9583333134651184
l_curve_0,741,0.06194555386900902,0.9583333134651184
l_curve_0,742,0.06171415373682976,0.9583333134651184
l_curve_0,743,0.06143556907773018,0.9583333134651184
l_curve_0,744,0.06116017699241638,0.9583333134651184
l_curve_0,745,0.06096014007925987,0.9583333134651184
l_curve_0,746,0.06069609150290489,0.9583333134651184
l_curve_0,747,0.06038758158683777,0.9583333134651184
l_curve_0,748,0.06017043814063072,0.9583333134651184
l_curve_0,749,0.05990506336092949,0.9583333134651184
l_curve_0,750,0.059657275676727295,0.9583333134651184
l_curve_0,751,0.059361737221479416,0.9583333134651184
l_curve_0,752,0.059073638170957565,0.9583333134651184
l_curve_0,753,0.0588836632668972,0.9583333134651184
l_curve_0,754,0.05861450359225273,0.9583333134651184
l_curve_0,755,0.05837201699614525,0.9583333134651184
l_curve_0,756,0.058085743337869644,0.9583333134651184
l_curve_0,757,0.05783408507704735,0.9583333134651184
l_curve_0,758,0.057614173740148544,0.9583333134651184
l_curve_0,759,0.057406604290008545,0.9583333134651184
l_curve_0,760,0.05719614028930664,0.9583333134651184
l_curve_0,761,0.05692598596215248,0.9583333134651184
l_curve_0,762,0.05665935203433037,0.9583333134651184
l_curve_0,763,0.05641714856028557,0.9583333134651184
l_curve_0,764,0.05617155507206917,0.9583333134651184
l_curve_0,765,0.05591419339179993,0.9583333134651184
l_curve_0,766,0.05574020370841026,0.9583333134651184
l_curve_0,767,0.05546372011303902,0.9583333134651184
l_curve_0,768,0.055263418704271317,0.9583333134651184
l_curve_0,769,0.055000897496938705,0.9583333134651184
l_curve_0,770,0.05475817993283272,0.9583333134651184
l_curve_0,771,0.05459722504019737,0.9583333134651184
l_curve_0,772,0.05436890944838524,0.9583333134651184
l_curve_0,773,0.054122090339660645,0.9583333134651184
l_curve_0,774,0.053885653614997864,0.9583333134651184
l_curve_0,775,0.05366697907447815,0.9583333134651184
l_curve_0,776,0.05346556007862091,0.9583333134651184
l_curve_0,777,0.05325740948319435,0.9583333134651184
l_curve_0,778,0.05303938314318657,0.9583333134651184
l_curve_0,779,0.05275878310203552,0.9583333134651184
l_curve_0,780,0.05253911390900612,0.9583333134651184
l_curve_0,781,0.05234336853027344,0.9583333134651184
l_curve_0,782,0.05211733281612396,0.9583333134651184
l_curve_0,783,0.05191206932067871,0.9583333134651184
l_curve_0,784,0.05170184001326561,0.9583333134651184
l_curve_0,785,0.05151298642158508,0.9583333134651184
l_curve_0,786,0.05131007358431816,0.9583333134651184
l_curve_0,787,0.05111116170883179,0.9583333134651184
l_curve_0,788,0.05092953145503998,0.9583333134651184
l_curve_0,789,0.05069192871451378,0.9583333134651184
l_curve_0,790,0.050485122948884964,0.9583333134651184
l_curve_0,791,0.05029118061065674,0.9583333134651184
l_curve_0,792,0.050068896263837814,0.9583333134651184
l_curve_0,793,0.04990282654762268,0.9583333134651184
l_curve_0,794,0.049685288220644,0.9583333134651184
l_curve_0,795,0.049459174275398254,0.9583333134651184
l_curve_0,796,0.04930281639099121,0.9583333134651184
l_curve_0,797,0.0490938164293766,0.9583333134651184
l_curve_0,798,0.04888451471924782,0.9583333134651184
l_curve_0,799,0.048659246414899826,0.9583333134651184
l_curve_0,800,0.04846763238310814,0.9583333134651184
l_curve_0,801,0.04831599071621895,0.9583333134651184
l_curve_0,802,0.04813795164227486,0.9583333134651184
l_curve_0,803,0.04795445129275322,0.9583333134651184
l_curve_0,804,0.04772548750042915,0.9583333134651184
l_curve_0,805,0.047592904418706894,0.9583333134651184
l_curve_0,806,0.04739329218864441,0.9583333134651184
l_curve_0,807,0.04716328904032707,0.9583333134651184
l_curve_0,808,0.04703780636191368,0.9583333134651184
l_curve_0,809,0.04683887958526611,0.9583333134651184
l_curve_0,810,0.04666395112872124,0.9583333134651184
l_curve_0,811,0.04646339640021324,0.9583333134651184
l_curve_0,812,0.04628252983093262,0.9583333134651184
l_curve_0,813,0.04608451947569847,0.9583333134651184
l_curve_0,814,0.04591889679431915,0.9583333134651184
l_curve_0,815,0.0457785427570343,0.9583333134651184
l_curve_0,816,0.04561991989612579,0.9583333134651184
l_curve_0,817,0.04538331925868988,0.9583333134651184
l_curve_0,818,0.04524117335677147,0.9583333134651184
l_curve_0,819,0.04509425535798073,0.9583333134651184
l_curve_0,820,0.0448809452354908,0.9583333134651184
l_curve_0,821,0.04469035193324089,0.9583333134651184
l_curve_0,822,0.04456569626927376,0.9583333134651184
l_curve_0,823,0.04444969817996025,0.9583333134651184
l_curve_0,824,0.04424552246928215,0.9583333134651184
l_curve_0,825,0.044046800583601,0.9583333134651184
l_curve_0,826,0.04391348361968994,0.9583333134651184
l_curve_0,827,0.04372857138514519,0.9583333134651184
l_curve_0,828,0.04358956217765808,0.9583333134651184
l_curve_0,829,0.0434272438287735,0.9583333134651184
l_curve_0,830,0.043251391500234604,0.9583333134651184
l_curve_0,831,0.04304005205631256,0.9583333134651184
l_curve_0,832,0.04298863187432289,0.9583333134651184
l_curve_0,833,0.04284271225333214,0.9583333134651184
l_curve_0,834,0.04264651611447334,0.9583333134651184
l_curve_0,835,0.04246778413653374,0.9583333134651184
l_curve_0,836,0.04232414439320564,0.9583333134651184
l_curve_0,837,0.042169857770204544,0.9583333134651184
l_curve_0,838,0.042080625891685486,0.9583333134651184
l_curve_0,839,0.04189513996243477,0.9583333134651184
l_curve_0,840,0.041761841624975204,0.9583333134651184
l_curve_0,841,0.04160697013139725,0.9583333134651184
l_curve_0,842,0.0414496548473835,0.9583333134651184
l_curve_0,843,0.04133332520723343,0.9583333134651184
l_curve_0,844,0.041162263602018356,0.9583333134651184
l_curve_0,845,0.04099235311150551,0.9583333134651184
l_curve_0,846,0.04083891585469246,0.9583333134651184
l_curve_0,847,0.0407484769821167,0.9583333134651184
l_curve_0,848,0.04060184583067894,0.9583333134651184
l_curve_0,849,0.04046736657619476,0.9583333134651184
l_curve_0,850,0.04032011330127716,0.9583333134651184
l_curve_0,851,0.04017841815948486,0.9583333134651184
l_curve_0,852,0.04006214812397957,1.0
l_curve_0,853,0.03988271951675415,1.0
l_curve_0,854,0.03975991904735565,1.0
l_curve_0,855,0.03963010385632515,1.0
l_curve_0,856,0.03951818868517876,1.0
l_curve_0,857,0.039344970136880875,1.0
l_curve_0,858,0.039252061396837234,1.0
l_curve_0,859,0.03908099606633186,1.0
l_curve_0,860,0.03898738697171211,1.0
l_curve_0,861,0.038856759667396545,1.0
l_curve_0,862,0.03872266039252281,1.0
l_curve_0,863,0.03858882933855057,1.0
l_curve_0,864,0.03849603235721588,1.0
l_curve_0,865,0.03830426558852196,1.0
l_curve_0,866,0.03818906471133232,1.0
l_curve_0,867,0.03809395805001259,1.0
l_curve_0,868,0.0379805713891983,1.0
l_curve_0,869,0.0378243662416935,1.0
l_curve_0,870,0.03769402205944061,1.0
l_curve_0,871,0.03760303929448128,1.0
l_curve_0,872,0.03746801242232323,1.0
l_curve_0,873,0.037330660969018936,1.0
l_curve_0,874,0.03721315786242485,1.0
l_curve_0,875,0.037080924957990646,1.0
l_curve_0,876,0.03695591911673546,1.0
l_curve_0,877,0.036898013204336166,1.0
l_curve_0,878,0.036767397075891495,1.0
l_curve_0,879,0.03663012385368347,1.0
l_curve_0,880,0.036493707448244095,1.0
l_curve_0,881,0.03638205677270889,1.0
l_curve_0,882,0.036201026290655136,1.0
l_curve_0,883,0.03615006431937218,1.0
l_curve_0,884,0.03604467585682869,1.0
l_curve_0,885,0.03590761125087738,1.0
l_curve_0,886,0.03577325865626335,1.0
l_curve_0,887,0.03572320565581322,1.0
l_curve_0,888,0.035597894340753555,1.0
l_curve_0,889,0.03549027815461159,1.0
l_curve_0,890,0.035388361662626266,1.0
l_curve_0,891,0.03527272120118141,1.0
l_curve_0,892,0.03515124320983887,1.0
l_curve_0,893,0.035023052245378494,1.0
l_curve_0,894,0.034960389137268066,1.0
l_curve_0,895,0.03482569381594658,1.0
l_curve_0,896,0.03469906747341156,1.0
l_curve_0,897,0.03458930179476738,1.0
l_curve_0,898,0.03451354801654816,1.0
l_curve_0,899,0.03437744453549385,1.0
l_curve_0,900,0.03429459035396576,1.0
l_curve_0,901,0.034173671156167984,1.0
l_curve_0,902,0.034085918217897415,1.0
l_curve_0,903,0.034014344215393066,1.0
l_curve_0,904,0.03387930616736412,1.0
l_curve_0,905,0.03375941887497902,1.0
l_curve_0,906,0.03365449979901314,1.0
l_curve_0,907,0.033583905547857285,1.0
l_curve_0,908,0.033540207892656326,1.0
l_curve_0,909,0.033377520740032196,1.0
l_curve_0,910,0.033294908702373505,1.0
l_curve_0,911,0.03321196883916855,1.0
l_curve_0,912,0.033121101558208466,1.0
l_curve_0,913,0.03294786065816879,1.0
l_curve_0,914,0.032847270369529724,1.0
l_curve_0,915,0.032767247408628464,1.0
l_curve_0,916,0.03269078955054283,1.0
l_curve_0,917,0.03261994943022728,1.0
l_curve_0,918,0.03254091367125511,1.0
l_curve_0,919,0.032409366220235825,1.0
l_curve_0,920,0.032309770584106445,1.0
l_curve_0,921,0.03220710530877113,1.0
l_curve_0,922,0.03211687132716179,1.0
l_curve_0,923,0.032041896134614944,1.0
l_curve_0,924,0.0319523885846138,1.0
l_curve_0,925,0.03186411038041115,1.0
l_curve_0,926,0.03179430216550827,1.0
l_curve_0,927,0.03167787566781044,1.0
l_curve_0,928,0.031546834856271744,1.0
l_curve_0,929,0.03146961331367493,1.0
l_curve_0,930,0.031404294073581696,1.0
l_curve_0,931,0.0312766432762146,1.0
l_curve_0,932,0.03122563660144806,1.0
l_curve_0,933,0.031120354309678078,1.0
l_curve_0,934,0.031032057479023933,1.0
l_curve_0,935,0.03094649873673916,1.0
l_curve_0,936,0.03085147775709629,1.0
l_curve_0,937,0.030746959149837494,1.0
l_curve_0,938,0.03065318800508976,1.0
l_curve_0,939,0.030613647773861885,1.0
l_curve_0,940,0.030507413670420647,1.0
l_curve_0,941,0.030445538461208344,1.0
l_curve_0,942,0.030366308987140656,1.0
l_curve_0,943,0.03025655634701252,1.0
l_curve_0,944,0.030172748491168022,1.0
l_curve_0,945,0.03009258210659027,1.0
l_curve_0,946,0.030030257999897003,1.0
l_curve_0,947,0.029903819784522057,1.0
l_curve_0,948,0.029856035485863686,1.0
l_curve_0,949,0.02977869100868702,1.0
l_curve_0,950,0.029668880626559258,1.0
l_curve_0,951,0.02966097556054592,1.0
l_curve_0,952,0.02954675257205963,1.0
l_curve_0,953,0.029450858011841774,1.0
l_curve_0,954,0.029342731460928917,1.0
l_curve_0,955,0.029291175305843353,1.0
l_curve_0,956,0.029187163338065147,1.0
l_curve_0,957,0.029129130765795708,1.0
l_curve_0,958,0.029051685705780983,1.0
l_curve_0,959,0.028958559036254883,1.0
l_curve_0,960,0.028866244480013847,1.0
l_curve_0,961,0.028778234496712685,1.0
l_curve_0,962,0.02877519465982914,1.0
l_curve_0,963,0.028676139190793037,1.0
l_curve_0,964,0.028615251183509827,1.0
l_curve_0,965,0.02851072885096073,1.0
l_curve_0,966,0.02839183248579502,1.0
l_curve_0,967,0.028341105207800865,1.0
l_curve_0,968,0.02829449065029621,1.0
l_curve_0,969,0.028245506808161736,1.0
l_curve_0,970,0.028112521395087242,1.0
l_curve_0,971,0.028061753138899803,1.0
l_curve_0,972,0.0279819518327713,1.0
l_curve_0,973,0.027908556163311005,1.0
l_curve_0,974,0.027844300493597984,1.0
l_curve_0,975,0.027726225554943085,1.0
l_curve_0,976,0.02762160636484623,1.0
l_curve_0,977,0.027574412524700165,1.0
l_curve_0,978,0.027545912191271782,1.0
l_curve_0,979,0.027499334886670113,1.0
l_curve_0,980,0.027418822050094604,1.0
l_curve_0,981,0.027336781844496727,1.0
l_curve_0,982,0.027256855741143227,1.0
l_curve_0,983,0.027194825932383537,1.0
l_curve_0,984,0.027122432366013527,1.0
l_curve_0,985,0.027038952335715294,1.0
l_curve_0,986,0.026987707242369652,1.0
l_curve_0,987,0.02693355642259121,1.0
l_curve_0,988,0.02686363272368908,1.0
l_curve_0,989,0.026790566742420197,1.0
l_curve_0,990,0.026754604652523994,1.0
l_curve_0,991,0.02667771279811859,1.0
l_curve_0,992,0.0266097504645586,1.0
l_curve_0,993,0.026551881805062294,1.0
l_curve_0,994,0.026434412226080894,1.0
l_curve_0,995,0.026377873495221138,1.0
l_curve_0,996,0.026349158957600594,1.0
l_curve_0,997,0.026321085169911385,1.0
l_curve_0,998,0.02617819793522358,1.0
l_curve_0,999,0.026097705587744713,1.0
l_curve_0,1000,0.02606392838060856,1.0
l_curve_0,1000,0.02606392838060856,1.0
