client,round,loss,accuracy
l_curve_4,1,0.5982884764671326,0.7083333134651184
l_curve_4,2,0.5828742384910583,0.7083333134651184
l_curve_4,3,0.5689634084701538,0.7083333134651184
l_curve_4,4,0.5565901398658752,0.7083333134651184
l_curve_4,5,0.5455378890037537,0.7083333134651184
l_curve_4,6,0.5357661843299866,0.7083333134651184
l_curve_4,7,0.5268777012825012,0.7083333134651184
l_curve_4,8,0.5190153121948242,0.7083333134651184
l_curve_4,9,0.5117514133453369,0.7083333134651184
l_curve_4,10,0.5051450133323669,0.7083333134651184
l_curve_4,11,0.49916478991508484,0.75
l_curve_4,12,0.4936034679412842,0.75
l_curve_4,13,0.4883880615234375,0.75
l_curve_4,14,0.48360005021095276,0.75
l_curve_4,15,0.4791697561740875,0.75
l_curve_4,16,0.47495973110198975,0.75
l_curve_4,17,0.4711178243160248,0.75
l_curve_4,18,0.4672492444515228,0.75
l_curve_4,19,0.46359333395957947,0.75
l_curve_4,20,0.4601348340511322,0.75
l_curve_4,21,0.45700573921203613,0.75
l_curve_4,22,0.4538051187992096,0.75
l_curve_4,23,0.45075809955596924,0.75
l_curve_4,24,0.44798174500465393,0.75
l_curve_4,25,0.44521233439445496,0.75
l_curve_4,26,0.4423255920410156,0.75
l_curve_4,27,0.4398116171360016,0.75
l_curve_4,28,0.43718862533569336,0.75
l_curve_4,29,0.4345712661743164,0.75
l_curve_4,30,0.4320506155490875,0.75
l_curve_4,31,0.4295539855957031,0.75
l_curve_4,32,0.42714086174964905,0.75
l_curve_4,33,0.42475953698158264,0.75
l_curve_4,34,0.422351211309433,0.75
l_curve_4,35,0.42004701495170593,0.75
l_curve_4,36,0.4176539480686188,0.75
l_curve_4,37,0.41529154777526855,0.75
l_curve_4,38,0.41314348578453064,0.7916666865348816
l_curve_4,39,0.4108034670352936,0.7916666865348816
l_curve_4,40,0.40869998931884766,0.7916666865348816
l_curve_4,41,0.406636118888855,0.7916666865348816
l_curve_4,42,0.4044741690158844,0.7916666865348816
l_curve_4,43,0.402267187833786,0.7916666865348816
l_curve_4,44,0.4000767171382904,0.7916666865348816
l_curve_4,45,0.3980388641357422,0.7916666865348816
l_curve_4,46,0.3958735764026642,0.7916666865348816
l_curve_4,47,0.3938809931278229,0.7916666865348816
l_curve_4,48,0.3918689787387848,0.7916666865348816
l_curve_4,49,0.3898348808288574,0.7916666865348816
l_curve_4,50,0.3880636692047119,0.7916666865348816
l_curve_4,51,0.3860975205898285,0.7916666865348816
l_curve_4,52,0.38411596417427063,0.7916666865348816
l_curve_4,53,0.3824526369571686,0.7916666865348816
l_curve_4,54,0.3805663585662842,0.7916666865348816
l_curve_4,55,0.37896284461021423,0.7916666865348816
l_curve_4,56,0.3774931728839874,0.7916666865348816
l_curve_4,57,0.375993013381958,0.7916666865348816
l_curve_4,58,0.37411484122276306,0.7916666865348816
l_curve_4,59,0.37263813614845276,0.7916666865348816
l_curve_4,60,0.37155842781066895,0.7916666865348816
l_curve_4,61,0.3700840473175049,0.7916666865348816
l_curve_4,62,0.3686660826206207,0.7916666865348816
l_curve_4,63,0.367232084274292,0.7916666865348816
l_curve_4,64,0.36595210433006287,0.7916666865348816
l_curve_4,65,0.3647443354129791,0.7916666865348816
l_curve_4,66,0.3636845052242279,0.7916666865348816
l_curve_4,67,0.362465500831604,0.7916666865348816
l_curve_4,68,0.3615172803401947,0.7916666865348816
l_curve_4,69,0.36039867997169495,0.8333333134651184
l_curve_4,70,0.3594445288181305,0.8333333134651184
l_curve_4,71,0.35857710242271423,0.8333333134651184
l_curve_4,72,0.3578120172023773,0.8333333134651184
l_curve_4,73,0.35683560371398926,0.8333333134651184
l_curve_4,74,0.3557610809803009,0.8333333134651184
l_curve_4,75,0.3552626073360443,0.8333333134651184
l_curve_4,76,0.35450872778892517,0.8333333134651184
l_curve_4,77,0.3538285195827484,0.8333333134651184
l_curve_4,78,0.3531612157821655,0.8333333134651184
l_curve_4,79,0.3524390757083893,0.8333333134651184
l_curve_4,80,0.35184597969055176,0.8333333134651184
l_curve_4,81,0.35133862495422363,0.8333333134651184
l_curve_4,82,0.35059013962745667,0.8333333134651184
l_curve_4,83,0.35012054443359375,0.8333333134651184
l_curve_4,84,0.3494821786880493,0.8333333134651184
l_curve_4,85,0.34912046790122986,0.8333333134651184
l_curve_4,86,0.348370760679245,0.8333333134651184
l_curve_4,87,0.34792542457580566,0.8333333134651184
l_curve_4,88,0.3475712835788727,0.8333333134651184
l_curve_4,89,0.3471713066101074,0.8333333134651184
l_curve_4,90,0.3467291295528412,0.8333333134651184
l_curve_4,91,0.34628382325172424,0.8333333134651184
l_curve_4,92,0.3457954227924347,0.8333333134651184
l_curve_4,93,0.3454030454158783,0.8333333134651184
l_curve_4,94,0.3451305329799652,0.8333333134651184
l_curve_4,95,0.3449806272983551,0.8333333134651184
l_curve_4,96,0.34447547793388367,0.8333333134651184
l_curve_4,97,0.34443700313568115,0.8333333134651184
l_curve_4,98,0.34418997168540955,0.8333333134651184
l_curve_4,99,0.3436163365840912,0.8333333134651184
l_curve_4,100,0.3433060944080353,0.8333333134651184
l_curve_4,101,0.34281501173973083,0.8333333134651184
l_curve_4,102,0.34275171160697937,0.8333333134651184
l_curve_4,103,0.34250620007514954,0.8333333134651184
l_curve_4,104,0.3422117531299591,0.8333333134651184
l_curve_4,105,0.3421090841293335,0.8333333134651184
l_curve_4,106,0.3421189486980438,0.8333333134651184
l_curve_4,107,0.34192928671836853,0.8333333134651184
l_curve_4,108,0.3416655957698822,0.8333333134651184
l_curve_4,109,0.34138214588165283,0.8333333134651184
l_curve_4,110,0.34110304713249207,0.8333333134651184
l_curve_4,111,0.3409000337123871,0.8333333134651184
l_curve_4,112,0.3409397602081299,0.8333333134651184
l_curve_4,113,0.34043145179748535,0.8333333134651184
l_curve_4,114,0.3403337895870209,0.8333333134651184
l_curve_4,115,0.3403519093990326,0.8333333134651184
l_curve_4,116,0.34016355872154236,0.8333333134651184
l_curve_4,117,0.33993101119995117,0.8333333134651184
l_curve_4,118,0.3396873474121094,0.8333333134651184
l_curve_4,119,0.3396143615245819,0.8333333134651184
l_curve_4,120,0.3394060432910919,0.8333333134651184
l_curve_4,121,0.33939671516418457,0.8333333134651184
l_curve_4,122,0.33931636810302734,0.8333333134651184
l_curve_4,123,0.33920955657958984,0.8333333134651184
l_curve_4,124,0.3390490710735321,0.8333333134651184
l_curve_4,125,0.3388051986694336,0.8333333134651184
l_curve_4,126,0.3386181890964508,0.8333333134651184
l_curve_4,127,0.33886662125587463,0.8333333134651184
l_curve_4,128,0.33841070532798767,0.8333333134651184
l_curve_4,129,0.338488906621933,0.8333333134651184
l_curve_4,130,0.33848562836647034,0.8333333134651184
l_curve_4,131,0.3382854461669922,0.8333333134651184
l_curve_4,132,0.33867838978767395,0.8333333134651184
l_curve_4,133,0.33827146887779236,0.8333333134651184
l_curve_4,134,0.3381751477718353,0.8333333134651184
l_curve_4,135,0.33825501799583435,0.8333333134651184
l_curve_4,136,0.33786067366600037,0.8333333134651184
l_curve_4,137,0.3377016484737396,0.8333333134651184
l_curve_4,138,0.3378080129623413,0.8333333134651184
l_curve_4,139,0.3375452756881714,0.8333333134651184
l_curve_4,140,0.33743274211883545,0.8333333134651184
l_curve_4,141,0.33723172545433044,0.8333333134651184
l_curve_4,142,0.337359219789505,0.8333333134651184
l_curve_4,143,0.3372880518436432,0.8333333134651184
l_curve_4,144,0.3373582661151886,0.8333333134651184
l_curve_4,145,0.33714815974235535,0.8333333134651184
l_curve_4,146,0.3370882272720337,0.8333333134651184
l_curve_4,147,0.33712300658226013,0.8333333134651184
l_curve_4,148,0.33726072311401367,0.8333333134651184
l_curve_4,149,0.33720970153808594,0.8333333134651184
l_curve_4,150,0.3368666172027588,0.8333333134651184
l_curve_4,151,0.33676838874816895,0.8333333134651184
l_curve_4,152,0.3366815149784088,0.8333333134651184
l_curve_4,153,0.3366115093231201,0.8333333134651184
l_curve_4,154,0.3364209234714508,0.8333333134651184
l_curve_4,155,0.3365032374858856,0.8333333134651184
l_curve_4,156,0.336667537689209,0.8333333134651184
l_curve_4,157,0.3365090787410736,0.8333333134651184
l_curve_4,158,0.3365500867366791,0.8333333134651184
l_curve_4,159,0.3364558219909668,0.8333333134651184
l_curve_4,160,0.33635830879211426,0.8333333134651184
l_curve_4,161,0.33622312545776367,0.8333333134651184
l_curve_4,162,0.33603620529174805,0.8333333134651184
l_curve_4,163,0.3361055850982666,0.8333333134651184
l_curve_4,164,0.33562764525413513,0.8333333134651184
l_curve_4,165,0.33604344725608826,0.8333333134651184
l_curve_4,166,0.33574923872947693,0.8333333134651184
l_curve_4,167,0.3357222378253937,0.8333333134651184
l_curve_4,168,0.33599773049354553,0.8333333134651184
l_curve_4,169,0.33578529953956604,0.8333333134651184
l_curve_4,170,0.33561477065086365,0.8333333134651184
l_curve_4,171,0.3355419337749481,0.8333333134651184
l_curve_4,172,0.3353869915008545,0.8333333134651184
l_curve_4,173,0.3354164659976959,0.8333333134651184
l_curve_4,174,0.3354794979095459,0.8333333134651184
l_curve_4,175,0.33576616644859314,0.8333333134651184
l_curve_4,176,0.33554521203041077,0.8333333134651184
l_curve_4,177,0.33531424403190613,0.8333333134651184
l_curve_4,178,0.3355356752872467,0.8333333134651184
l_curve_4,179,0.33520665764808655,0.8333333134651184
l_curve_4,180,0.33533379435539246,0.8333333134651184
l_curve_4,181,0.3349139392375946,0.8333333134651184
l_curve_4,182,0.33497199416160583,0.8333333134651184
l_curve_4,183,0.3351452648639679,0.8333333134651184
l_curve_4,184,0.3347480297088623,0.8333333134651184
l_curve_4,185,0.3346928656101227,0.8333333134651184
l_curve_4,186,0.3349992334842682,0.8333333134651184
l_curve_4,187,0.3349527418613434,0.8333333134651184
l_curve_4,188,0.3346541225910187,0.8333333134651184
l_curve_4,189,0.33450445532798767,0.8333333134651184
l_curve_4,190,0.33445000648498535,0.8333333134651184
l_curve_4,191,0.3344361484050751,0.8333333134651184
l_curve_4,192,0.3344792127609253,0.8333333134651184
l_curve_4,193,0.33456674218177795,0.8333333134651184
l_curve_4,194,0.33425626158714294,0.8333333134651184
l_curve_4,195,0.3341321051120758,0.8333333134651184
l_curve_4,196,0.3343934118747711,0.8333333134651184
l_curve_4,197,0.33398738503456116,0.8333333134651184
l_curve_4,198,0.3341461718082428,0.8333333134651184
l_curve_4,199,0.3340936601161957,0.8333333134651184
l_curve_4,200,0.33404943346977234,0.8333333134651184
l_curve_4,201,0.333871990442276,0.8333333134651184
l_curve_4,202,0.3339366614818573,0.8333333134651184
l_curve_4,203,0.33394655585289,0.8333333134651184
l_curve_4,204,0.3340948522090912,0.8333333134651184
l_curve_4,205,0.33405229449272156,0.8333333134651184
l_curve_4,206,0.3335733115673065,0.8333333134651184
l_curve_4,207,0.33391132950782776,0.8333333134651184
l_curve_4,208,0.33380594849586487,0.8333333134651184
l_curve_4,209,0.3333929479122162,0.8333333134651184
l_curve_4,210,0.333522230386734,0.8333333134651184
l_curve_4,211,0.3334570825099945,0.8333333134651184
l_curve_4,212,0.33376574516296387,0.8333333134651184
l_curve_4,213,0.3333366811275482,0.8333333134651184
l_curve_4,214,0.3329813480377197,0.8333333134651184
l_curve_4,215,0.33308449387550354,0.8333333134651184
l_curve_4,216,0.3333004415035248,0.8333333134651184
l_curve_4,217,0.3330036401748657,0.8333333134651184
l_curve_4,218,0.33303406834602356,0.8333333134651184
l_curve_4,219,0.33321258425712585,0.8333333134651184
l_curve_4,220,0.33308717608451843,0.8333333134651184
l_curve_4,221,0.33284804224967957,0.8333333134651184
l_curve_4,222,0.33268436789512634,0.8333333134651184
l_curve_4,223,0.33289262652397156,0.8333333134651184
l_curve_4,224,0.332567423582077,0.8333333134651184
l_curve_4,225,0.33266451954841614,0.8333333134651184
l_curve_4,226,0.33247873187065125,0.8333333134651184
l_curve_4,227,0.33261537551879883,0.8333333134651184
l_curve_4,228,0.3322984576225281,0.8333333134651184
l_curve_4,229,0.33220964670181274,0.8333333134651184
l_curve_4,230,0.33212319016456604,0.8333333134651184
l_curve_4,231,0.3325636386871338,0.8333333134651184
l_curve_4,232,0.3320837914943695,0.8333333134651184
l_curve_4,233,0.33202025294303894,0.8333333134651184
l_curve_4,234,0.332102507352829,0.8333333134651184
l_curve_4,235,0.3320700526237488,0.8333333134651184
l_curve_4,236,0.3321492671966553,0.8333333134651184
l_curve_4,237,0.332163542509079,0.8333333134651184
l_curve_4,238,0.3317989408969879,0.8333333134651184
l_curve_4,239,0.33161816000938416,0.8333333134651184
l_curve_4,240,0.3317040205001831,0.8333333134651184
l_curve_4,241,0.331343412399292,0.8333333134651184
l_curve_4,242,0.33141016960144043,0.8333333134651184
l_curve_4,243,0.3310197591781616,0.8333333134651184
l_curve_4,244,0.3310379385948181,0.8333333134651184
l_curve_4,245,0.3308943510055542,0.8333333134651184
l_curve_4,246,0.3311140239238739,0.8333333134651184
l_curve_4,247,0.33105048537254333,0.8333333134651184
l_curve_4,248,0.3312864601612091,0.8333333134651184
l_curve_4,249,0.3310193419456482,0.8333333134651184
l_curve_4,250,0.33084043860435486,0.8333333134651184
l_curve_4,251,0.3305418789386749,0.8333333134651184
l_curve_4,252,0.33039236068725586,0.8333333134651184
l_curve_4,253,0.33026590943336487,0.8333333134651184
l_curve_4,254,0.33050966262817383,0.8333333134651184
l_curve_4,255,0.33034205436706543,0.8333333134651184
l_curve_4,256,0.3303445279598236,0.8333333134651184
l_curve_4,257,0.3301938474178314,0.8333333134651184
l_curve_4,258,0.3298485279083252,0.8333333134651184
l_curve_4,259,0.32974764704704285,0.8333333134651184
l_curve_4,260,0.32971611618995667,0.8333333134651184
l_curve_4,261,0.329534649848938,0.8333333134651184
l_curve_4,262,0.32983067631721497,0.8333333134651184
l_curve_4,263,0.32995298504829407,0.8333333134651184
l_curve_4,264,0.32956936955451965,0.8333333134651184
l_curve_4,265,0.3292515277862549,0.8333333134651184
l_curve_4,266,0.32932206988334656,0.8333333134651184
l_curve_4,267,0.3292914032936096,0.8333333134651184
l_curve_4,268,0.3292406499385834,0.8333333134651184
l_curve_4,269,0.32880207896232605,0.8333333134651184
l_curve_4,270,0.328716903924942,0.8333333134651184
l_curve_4,271,0.328633189201355,0.8333333134651184
l_curve_4,272,0.32882019877433777,0.8333333134651184
l_curve_4,273,0.32855096459388733,0.8333333134651184
l_curve_4,274,0.3285853862762451,0.8333333134651184
l_curve_4,275,0.32850757241249084,0.8333333134651184
l_curve_4,276,0.32823631167411804,0.8333333134651184
l_curve_4,277,0.32808372378349304,0.8333333134651184
l_curve_4,278,0.32770273089408875,0.8333333134651184
l_curve_4,279,0.32778266072273254,0.8333333134651184
l_curve_4,280,0.3275870084762573,0.8333333134651184
l_curve_4,281,0.327528715133667,0.8333333134651184
l_curve_4,282,0.32733309268951416,0.8333333134651184
l_curve_4,283,0.3274388015270233,0.8333333134651184
l_curve_4,284,0.3270881175994873,0.8333333134651184
l_curve_4,285,0.3270185887813568,0.8333333134651184
l_curve_4,286,0.32673773169517517,0.8333333134651184
l_curve_4,287,0.3266906440258026,0.8333333134651184
l_curve_4,288,0.32674911618232727,0.8333333134651184
l_curve_4,289,0.3266112804412842,0.8333333134651184
l_curve_4,290,0.3261362612247467,0.8333333134651184
l_curve_4,291,0.3259630799293518,0.8333333134651184
l_curve_4,292,0.3257598876953125,0.8333333134651184
l_curve_4,293,0.325771689414978,0.8333333134651184
l_curve_4,294,0.32547762989997864,0.8333333134651184
l_curve_4,295,0.32508018612861633,0.875
l_curve_4,296,0.3248787522315979,0.875
l_curve_4,297,0.3248835802078247,0.875
l_curve_4,298,0.32507070899009705,0.875
l_curve_4,299,0.32455214858055115,0.875
l_curve_4,300,0.324627548456192,0.875
l_curve_4,301,0.32474684715270996,0.875
l_curve_4,302,0.32407963275909424,0.875
l_curve_4,303,0.32376858592033386,0.875
l_curve_4,304,0.3236146867275238,0.875
l_curve_4,305,0.32378944754600525,0.875
l_curve_4,306,0.3233692944049835,0.875
l_curve_4,307,0.3229979872703552,0.875
l_curve_4,308,0.3227442800998688,0.875
l_curve_4,309,0.32310640811920166,0.875
l_curve_4,310,0.3229547441005707,0.875
l_curve_4,311,0.32233738899230957,0.875
l_curve_4,312,0.32199662923812866,0.875
l_curve_4,313,0.32183799147605896,0.875
l_curve_4,314,0.321709543466568,0.875
l_curve_4,315,0.32135143876075745,0.875
l_curve_4,316,0.32101985812187195,0.875
l_curve_4,317,0.3207228183746338,0.875
l_curve_4,318,0.3205498158931732,0.875
l_curve_4,319,0.32062646746635437,0.875
l_curve_4,320,0.3200555443763733,0.875
l_curve_4,321,0.3198619782924652,0.875
l_curve_4,322,0.3199940621852875,0.875
l_curve_4,323,0.31958919763565063,0.875
l_curve_4,324,0.3193344473838806,0.875
l_curve_4,325,0.3193325698375702,0.875
l_curve_4,326,0.3186064064502716,0.875
l_curve_4,327,0.31853774189949036,0.875
l_curve_4,328,0.3182295858860016,0.875
l_curve_4,329,0.3177274763584137,0.875
l_curve_4,330,0.3175887167453766,0.875
l_curve_4,331,0.317511647939682,0.875
l_curve_4,332,0.317279577255249,0.875
l_curve_4,333,0.3168034553527832,0.875
l_curve_4,334,0.3164477050304413,0.875
l_curve_4,335,0.3161357641220093,0.875
l_curve_4,336,0.3159416615962982,0.875
l_curve_4,337,0.3156088590621948,0.875
l_curve_4,338,0.3152461051940918,0.875
l_curve_4,339,0.3150630295276642,0.875
l_curve_4,340,0.3146917521953583,0.875
l_curve_4,341,0.3142506182193756,0.875
l_curve_4,342,0.313772588968277,0.875
l_curve_4,343,0.3137874901294708,0.875
l_curve_4,344,0.3132643401622772,0.875
l_curve_4,345,0.3130316734313965,0.875
l_curve_4,346,0.3126077353954315,0.875
l_curve_4,347,0.31215229630470276,0.875
l_curve_4,348,0.3117865025997162,0.875
l_curve_4,349,0.3113466799259186,0.875
l_curve_4,350,0.31111055612564087,0.875
l_curve_4,351,0.31083059310913086,0.875
l_curve_4,352,0.3107096254825592,0.875
l_curve_4,353,0.3102037310600281,0.875
l_curve_4,354,0.30992767214775085,0.875
l_curve_4,355,0.30931857228279114,0.875
l_curve_4,356,0.3089413344860077,0.875
l_curve_4,357,0.30851832032203674,0.875
l_curve_4,358,0.3081360459327698,0.875
l_curve_4,359,0.3076917231082916,0.875
l_curve_4,360,0.3073233664035797,0.875
l_curve_4,361,0.30704042315483093,0.875
l_curve_4,362,0.30646848678588867,0.875
l_curve_4,363,0.3057994544506073,0.875
l_curve_4,364,0.30551210045814514,0.875
l_curve_4,365,0.3052092492580414,0.875
l_curve_4,366,0.30435022711753845,0.875
l_curve_4,367,0.3040420711040497,0.875
l_curve_4,368,0.3035687506198883,0.875
l_curve_4,369,0.30327585339546204,0.875
l_curve_4,370,0.3028651177883148,0.875
l_curve_4,371,0.30255869030952454,0.875
l_curve_4,372,0.30178070068359375,0.875
l_curve_4,373,0.30150508880615234,0.875
l_curve_4,374,0.30068954825401306,0.875
l_curve_4,375,0.30067697167396545,0.875
l_curve_4,376,0.2997991144657135,0.875
l_curve_4,377,0.29885947704315186,0.875
l_curve_4,378,0.2988151013851166,0.875
l_curve_4,379,0.2984215319156647,0.875
l_curve_4,380,0.2974953353404999,0.875
l_curve_4,381,0.29684653878211975,0.875
l_curve_4,382,0.29627445340156555,0.875
l_curve_4,383,0.2957512438297272,0.875
l_curve_4,384,0.2950073480606079,0.875
l_curve_4,385,0.2946869432926178,0.875
l_curve_4,386,0.293973833322525,0.875
l_curve_4,387,0.29328855872154236,0.875
l_curve_4,388,0.29265591502189636,0.875
l_curve_4,389,0.29225829243659973,0.875
l_curve_4,390,0.29153719544410706,0.875
l_curve_4,391,0.2907983362674713,0.875
l_curve_4,392,0.29010990262031555,0.875
l_curve_4,393,0.28958702087402344,0.875
l_curve_4,394,0.2886618971824646,0.875
l_curve_4,395,0.2882908582687378,0.875
l_curve_4,396,0.28716567158699036,0.875
l_curve_4,397,0.2865404784679413,0.875
l_curve_4,398,0.2860102653503418,0.875
l_curve_4,399,0.2856236696243286,0.875
l_curve_4,400,0.2845558226108551,0.875
l_curve_4,401,0.28394651412963867,0.875
l_curve_4,402,0.28302767872810364,0.875
l_curve_4,403,0.28247514367103577,0.875
l_curve_4,404,0.2813861072063446,0.875
l_curve_4,405,0.28050005435943604,0.875
l_curve_4,406,0.28009822964668274,0.875
l_curve_4,407,0.2792539894580841,0.875
l_curve_4,408,0.2785069942474365,0.875
l_curve_4,409,0.27763479948043823,0.875
l_curve_4,410,0.2767632305622101,0.875
l_curve_4,411,0.27558639645576477,0.875
l_curve_4,412,0.2752733826637268,0.875
l_curve_4,413,0.2743254005908966,0.875
l_curve_4,414,0.27317705750465393,0.875
l_curve_4,415,0.2723940908908844,0.875
l_curve_4,416,0.2718348801136017,0.875
l_curve_4,417,0.2705451250076294,0.875
l_curve_4,418,0.2695554792881012,0.875
l_curve_4,419,0.2686648368835449,0.875
l_curve_4,420,0.2676164209842682,0.875
l_curve_4,421,0.26705464720726013,0.875
l_curve_4,422,0.266105979681015,0.875
l_curve_4,423,0.2650327980518341,0.875
l_curve_4,424,0.26398512721061707,0.875
l_curve_4,425,0.26332297921180725,0.875
l_curve_4,426,0.26197993755340576,0.875
l_curve_4,427,0.26103028655052185,0.875
l_curve_4,428,0.2600119411945343,0.875
l_curve_4,429,0.25880002975463867,0.875
l_curve_4,430,0.25776728987693787,0.875
l_curve_4,431,0.25663912296295166,0.875
l_curve_4,432,0.2561436593532562,0.875
l_curve_4,433,0.25483790040016174,0.875
l_curve_4,434,0.2539915144443512,0.875
l_curve_4,435,0.2526776194572449,0.875
l_curve_4,436,0.2516050636768341,0.875
l_curve_4,437,0.25048208236694336,0.875
l_curve_4,438,0.249386727809906,0.875
l_curve_4,439,0.2483987808227539,0.875
l_curve_4,440,0.24684454500675201,0.875
l_curve_4,441,0.2459607869386673,0.875
l_curve_4,442,0.2448199987411499,0.875
l_curve_4,443,0.24396294355392456,0.875
l_curve_4,444,0.24275480210781097,0.875
l_curve_4,445,0.2416170835494995,0.875
l_curve_4,446,0.24025218188762665,0.875
l_curve_4,447,0.23925475776195526,0.875
l_curve_4,448,0.23802514374256134,0.875
l_curve_4,449,0.23678308725357056,0.875
l_curve_4,450,0.23589356243610382,0.875
l_curve_4,451,0.23450899124145508,0.875
l_curve_4,452,0.2334042191505432,0.875
l_curve_4,453,0.23232059180736542,0.875
l_curve_4,454,0.2309568077325821,0.875
l_curve_4,455,0.22972626984119415,0.875
l_curve_4,456,0.22886772453784943,0.875
l_curve_4,457,0.2273797243833542,0.875
l_curve_4,458,0.22628013789653778,0.875
l_curve_4,459,0.2250993698835373,0.875
l_curve_4,460,0.22389541566371918,0.875
l_curve_4,461,0.22280330955982208,0.875
l_curve_4,462,0.2213083952665329,0.875
l_curve_4,463,0.2199689894914627,0.875
l_curve_4,464,0.2187786102294922,0.875
l_curve_4,465,0.21774117648601532,0.875
l_curve_4,466,0.21646185219287872,0.875
l_curve_4,467,0.21550218760967255,0.875
l_curve_4,468,0.21431760489940643,0.875
l_curve_4,469,0.2131590098142624,0.875
l_curve_4,470,0.21192121505737305,0.875
l_curve_4,471,0.210746631026268,0.875
l_curve_4,472,0.2098451852798462,0.875
l_curve_4,473,0.20829124748706818,0.875
l_curve_4,474,0.2069411277770996,0.875
l_curve_4,475,0.20596309006214142,0.875
l_curve_4,476,0.20456606149673462,0.875
l_curve_4,477,0.20324046909809113,0.875
l_curve_4,478,0.20222735404968262,0.875
l_curve_4,479,0.20120160281658173,0.875
l_curve_4,480,0.2001141756772995,0.875
l_curve_4,481,0.19876129925251007,0.875
l_curve_4,482,0.19761671125888824,0.875
l_curve_4,483,0.19681131839752197,0.875
l_curve_4,484,0.1954239159822464,0.875
l_curve_4,485,0.1940242201089859,0.875
l_curve_4,486,0.19288770854473114,0.875
l_curve_4,487,0.19177007675170898,0.875
l_curve_4,488,0.1904945820569992,0.875
l_curve_4,489,0.18945622444152832,0.875
l_curve_4,490,0.1882738471031189,0.875
l_curve_4,491,0.1871957629919052,0.875
l_curve_4,492,0.18603014945983887,0.875
l_curve_4,493,0.18476009368896484,0.875
l_curve_4,494,0.1837405115365982,0.875
l_curve_4,495,0.1826024055480957,0.875
l_curve_4,496,0.18165628612041473,0.875
l_curve_4,497,0.1802288293838501,0.875
l_curve_4,498,0.17921797931194305,0.875
l_curve_4,499,0.17811845242977142,0.875
l_curve_4,500,0.17702341079711914,0.875
l_curve_4,501,0.1759563684463501,0.875
l_curve_4,502,0.17488662898540497,0.875
l_curve_4,503,0.17385883629322052,0.875
l_curve_4,504,0.17261599004268646,0.875
l_curve_4,505,0.17146535217761993,0.875
l_curve_4,506,0.17033971846103668,0.875
l_curve_4,507,0.16930167376995087,0.875
l_curve_4,508,0.16818971931934357,0.9166666865348816
l_curve_4,509,0.1673768162727356,0.9166666865348816
l_curve_4,510,0.1662299782037735,0.9166666865348816
l_curve_4,511,0.16520364582538605,0.9166666865348816
l_curve_4,512,0.164015993475914,0.9166666865348816
l_curve_4,513,0.16281510889530182,0.9166666865348816
l_curve_4,514,0.16200067102909088,0.9166666865348816
l_curve_4,515,0.1609843373298645,0.9166666865348816
l_curve_4,516,0.16000549495220184,0.9166666865348816
l_curve_4,517,0.15870727598667145,0.9166666865348816
l_curve_4,518,0.15783411264419556,0.9166666865348816
l_curve_4,519,0.15683086216449738,0.9166666865348816
l_curve_4,520,0.1558988243341446,0.9166666865348816
l_curve_4,521,0.15482313930988312,0.9166666865348816
l_curve_4,522,0.15392673015594482,0.9166666865348816
l_curve_4,523,0.15293289721012115,0.9166666865348816
l_curve_4,524,0.15198580920696259,0.9166666865348816
l_curve_4,525,0.15086181461811066,0.9166666865348816
l_curve_4,526,0.149759903550148,0.9166666865348816
l_curve_4,527,0.1488090306520462,0.9166666865348816
l_curve_4,528,0.14805151522159576,0.9166666865348816
l_curve_4,529,0.14717231690883636,0.9166666865348816
l_curve_4,530,0.1460399329662323,0.9166666865348816
l_curve_4,531,0.14503395557403564,0.9166666865348816
l_curve_4,532,0.14410589635372162,0.9166666865348816
l_curve_4,533,0.14326994121074677,0.9166666865348816
l_curve_4,534,0.1422339230775833,0.9166666865348816
l_curve_4,535,0.1412772387266159,0.9166666865348816
l_curve_4,536,0.14050720632076263,0.9166666865348816
l_curve_4,537,0.13944107294082642,0.9166666865348816
l_curve_4,538,0.13868126273155212,0.9166666865348816
l_curve_4,539,0.13770781457424164,0.9166666865348816
l_curve_4,540,0.13697056472301483,0.9166666865348816
l_curve_4,541,0.13593246042728424,0.9166666865348816
l_curve_4,542,0.1351126879453659,0.9166666865348816
l_curve_4,543,0.1343296617269516,0.9166666865348816
l_curve_4,544,0.13328857719898224,0.9166666865348816
l_curve_4,545,0.13249123096466064,0.9166666865348816
l_curve_4,546,0.13154026865959167,0.9166666865348816
l_curve_4,547,0.1305418312549591,0.9166666865348816
l_curve_4,548,0.12973852455615997,0.9166666865348816
l_curve_4,549,0.1290242224931717,0.9166666865348816
l_curve_4,550,0.12827207148075104,0.9583333134651184
l_curve_4,551,0.12734635174274445,0.9583333134651184
l_curve_4,552,0.1265363097190857,0.9583333134651184
l_curve_4,553,0.12567758560180664,0.9583333134651184
l_curve_4,554,0.12482839077711105,0.9583333134651184
l_curve_4,555,0.12403040379285812,0.9583333134651184
l_curve_4,556,0.12322483211755753,0.9583333134651184
l_curve_4,557,0.12248917669057846,0.9583333134651184
l_curve_4,558,0.12166456133127213,0.9583333134651184
l_curve_4,559,0.12096669524908066,0.9583333134651184
l_curve_4,560,0.12002328783273697,0.9583333134651184
l_curve_4,561,0.11938310414552689,0.9583333134651184
l_curve_4,562,0.11852433532476425,0.9583333134651184
l_curve_4,563,0.11762607097625732,0.9583333134651184
l_curve_4,564,0.11695411056280136,0.9583333134651184
l_curve_4,565,0.11630141735076904,0.9583333134651184
l_curve_4,566,0.11553678661584854,0.9583333134651184
l_curve_4,567,0.11472094804048538,0.9583333134651184
l_curve_4,568,0.11409162729978561,0.9583333134651184
l_curve_4,569,0.11319562047719955,0.9583333134651184
l_curve_4,570,0.11247686296701431,0.9583333134651184
l_curve_4,571,0.11182836443185806,0.9583333134651184
l_curve_4,572,0.11096666008234024,0.9583333134651184
l_curve_4,573,0.11034642904996872,0.9583333134651184
l_curve_4,574,0.10966348648071289,0.9583333134651184
l_curve_4,575,0.1090654507279396,0.9583333134651184
l_curve_4,576,0.10821691155433655,0.9583333134651184
l_curve_4,577,0.10754752159118652,0.9583333134651184
l_curve_4,578,0.10693145543336868,0.9583333134651184
l_curve_4,579,0.1062496080994606,0.9583333134651184
l_curve_4,580,0.10556408017873764,0.9583333134651184
l_curve_4,581,0.10484423488378525,0.9583333134651184
l_curve_4,582,0.1041598841547966,0.9583333134651184
l_curve_4,583,0.10359305143356323,0.9583333134651184
l_curve_4,584,0.10277657955884933,0.9583333134651184
l_curve_4,585,0.10231707245111465,0.9583333134651184
l_curve_4,586,0.10156963020563126,0.9583333134651184
l_curve_4,587,0.10088548809289932,0.9583333134651184
l_curve_4,588,0.10013773292303085,0.9583333134651184
l_curve_4,589,0.0997035801410675,0.9583333134651184
l_curve_4,590,0.09908165782690048,0.9583333134651184
l_curve_4,591,0.0984269380569458,0.9583333134651184
l_curve_4,592,0.09790488332509995,0.9583333134651184
l_curve_4,593,0.0971345528960228,0.9583333134651184
l_curve_4,594,0.09657285362482071,0.9583333134651184
l_curve_4,595,0.09588103741407394,0.9583333134651184
l_curve_4,596,0.09528950601816177,0.9583333134651184
l_curve_4,597,0.09474987536668777,0.9583333134651184
l_curve_4,598,0.09414037317037582,0.9583333134651184
l_curve_4,599,0.09368125349283218,0.9583333134651184
l_curve_4,600,0.09300737828016281,1.0
l_curve_4,601,0.092386394739151,1.0
l_curve_4,602,0.09184672683477402,1.0
l_curve_4,603,0.09124976396560669,1.0
l_curve_4,604,0.0907326340675354,1.0
l_curve_4,605,0.09025441855192184,1.0
l_curve_4,606,0.08966338634490967,1.0
l_curve_4,607,0.08903295546770096,1.0
l_curve_4,608,0.08844300359487534,1.0
l_curve_4,609,0.08788913488388062,1.0
l_curve_4,610,0.08737108111381531,1.0
l_curve_4,611,0.0869506299495697,1.0
l_curve_4,612,0.08631390333175659,1.0
l_curve_4,613,0.08587014675140381,1.0
l_curve_4,614,0.08531886339187622,1.0
l_curve_4,615,0.08476340770721436,1.0
l_curve_4,616,0.08427023887634277,1.0
l_curve_4,617,0.08376121520996094,1.0
l_curve_4,618,0.083356112241745,1.0
l_curve_4,619,0.08283322304487228,1.0
l_curve_4,620,0.0822962298989296,1.0
l_curve_4,621,0.08175206929445267,1.0
l_curve_4,622,0.08126289397478104,1.0
l_curve_4,623,0.08075050264596939,1.0
l_curve_4,624,0.08022106438875198,1.0
l_curve_4,625,0.07982925325632095,1.0
l_curve_4,626,0.07926823943853378,1.0
l_curve_4,627,0.07889285683631897,1.0
l_curve_4,628,0.07845775038003922,1.0
l_curve_4,629,0.0779583528637886,1.0
l_curve_4,630,0.07745327800512314,1.0
l_curve_4,631,0.0769612118601799,1.0
l_curve_4,632,0.07653205841779709,1.0
l_curve_4,633,0.07613151520490646,1.0
l_curve_4,634,0.07561490684747696,1.0
l_curve_4,635,0.0752425417304039,1.0
l_curve_4,636,0.07475598156452179,1.0
l_curve_4,637,0.07432293146848679,1.0
l_curve_4,638,0.07396798580884933,1.0
l_curve_4,639,0.07349451631307602,1.0
l_curve_4,640,0.07301627099514008,1.0
l_curve_4,641,0.07257459312677383,1.0
l_curve_4,642,0.07212149351835251,1.0
l_curve_4,643,0.07169774174690247,1.0
l_curve_4,644,0.07134679704904556,1.0
l_curve_4,645,0.0709230974316597,1.0
l_curve_4,646,0.07052749395370483,1.0
l_curve_4,647,0.07008247077465057,1.0
l_curve_4,648,0.06970950216054916,1.0
l_curve_4,649,0.06927865743637085,1.0
l_curve_4,650,0.06887517124414444,1.0
l_curve_4,651,0.06845370680093765,1.0
l_curve_4,652,0.06815406680107117,1.0
l_curve_4,653,0.06771711260080338,1.0
l_curve_4,654,0.06729955226182938,1.0
l_curve_4,655,0.06689459085464478,1.0
l_curve_4,656,0.06654921919107437,1.0
l_curve_4,657,0.0661456286907196,1.0
l_curve_4,658,0.06580754369497299,1.0
l_curve_4,659,0.06540527194738388,1.0
l_curve_4,660,0.06510043144226074,1.0
l_curve_4,661,0.06468541920185089,1.0
l_curve_4,662,0.06427769362926483,1.0
l_curve_4,663,0.06392800807952881,1.0
l_curve_4,664,0.06364039331674576,1.0
l_curve_4,665,0.06315421313047409,1.0
l_curve_4,666,0.06282456964254379,1.0
l_curve_4,667,0.06252766400575638,1.0
l_curve_4,668,0.06217052415013313,1.0
l_curve_4,669,0.06182500347495079,1.0
l_curve_4,670,0.061438869684934616,1.0
l_curve_4,671,0.06115034595131874,1.0
l_curve_4,672,0.060801614075899124,1.0
l_curve_4,673,0.06045826897025108,1.0
l_curve_4,674,0.06008334085345268,1.0
l_curve_4,675,0.05980544164776802,1.0
l_curve_4,676,0.059395115822553635,1.0
l_curve_4,677,0.05910567566752434,1.0
l_curve_4,678,0.05874268710613251,1.0
l_curve_4,679,0.058467667549848557,1.0
l_curve_4,680,0.058171678334474564,1.0
l_curve_4,681,0.0578056164085865,1.0
l_curve_4,682,0.05755485221743584,1.0
l_curve_4,683,0.0571756474673748,1.0
l_curve_4,684,0.05689212679862976,1.0
l_curve_4,685,0.056576475501060486,1.0
l_curve_4,686,0.05622828006744385,1.0
l_curve_4,687,0.05596545338630676,1.0
l_curve_4,688,0.055682022124528885,1.0
l_curve_4,689,0.05532432720065117,1.0
l_curve_4,690,0.05500097945332527,1.0
l_curve_4,691,0.05470771715044975,1.0
l_curve_4,692,0.05441265180706978,1.0
l_curve_4,693,0.0541040301322937,1.0
l_curve_4,694,0.05382969602942467,1.0
l_curve_4,695,0.05352792143821716,1.0
l_curve_4,696,0.053256791085004807,1.0
l_curve_4,697,0.052951112389564514,1.0
l_curve_4,698,0.052686553448438644,1.0
l_curve_4,699,0.05235395208001137,1.0
l_curve_4,700,0.05211688578128815,1.0
l_curve_4,701,0.051840752363204956,1.0
l_curve_4,702,0.05154605209827423,1.0
l_curve_4,703,0.051272522658109665,1.0
l_curve_4,704,0.0510137565433979,1.0
l_curve_4,705,0.05071215704083443,1.0
l_curve_4,706,0.05045445263385773,1.0
l_curve_4,707,0.05021364614367485,1.0
l_curve_4,708,0.049905214458703995,1.0
l_curve_4,709,0.049659356474876404,1.0
l_curve_4,710,0.04942471161484718,1.0
l_curve_4,711,0.049131136387586594,1.0
l_curve_4,712,0.04890337213873863,1.0
l_curve_4,713,0.04861324653029442,1.0
l_curve_4,714,0.04834146425127983,1.0
l_curve_4,715,0.048081349581480026,1.0
l_curve_4,716,0.04782908782362938,1.0
l_curve_4,717,0.04753461480140686,1.0
l_curve_4,718,0.04728753864765167,1.0
l_curve_4,719,0.04705129936337471,1.0
l_curve_4,720,0.046828608959913254,1.0
l_curve_4,721,0.04665600135922432,1.0
l_curve_4,722,0.04631387069821358,1.0
l_curve_4,723,0.046132415533065796,1.0
l_curve_4,724,0.04587529972195625,1.0
l_curve_4,725,0.04562677815556526,1.0
l_curve_4,726,0.04541405662894249,1.0
l_curve_4,727,0.045153867453336716,1.0
l_curve_4,728,0.044929444789886475,1.0
l_curve_4,729,0.044703394174575806,1.0
l_curve_4,730,0.044474899768829346,1.0
l_curve_4,731,0.044217418879270554,1.0
l_curve_4,732,0.044055867940187454,1.0
l_curve_4,733,0.04378305375576019,1.0
l_curve_4,734,0.043558377772569656,1.0
l_curve_4,735,0.04335923492908478,1.0
l_curve_4,736,0.04308364912867546,1.0
l_curve_4,737,0.04281783103942871,1.0
l_curve_4,738,0.04266444966197014,1.0
l_curve_4,739,0.042438436299562454,1.0
l_curve_4,740,0.042238254100084305,1.0
l_curve_4,741,0.04195980727672577,1.0
l_curve_4,742,0.04177655652165413,1.0
l_curve_4,743,0.04155208542943001,1.0
l_curve_4,744,0.041330091655254364,1.0
l_curve_4,745,0.04117966815829277,1.0
l_curve_4,746,0.04095165431499481,1.0
l_curve_4,747,0.04071724787354469,1.0
l_curve_4,748,0.04054128751158714,1.0
l_curve_4,749,0.04032754525542259,1.0
l_curve_4,750,0.04011932387948036,1.0
l_curve_4,751,0.03989473730325699,1.0
l_curve_4,752,0.039661843329668045,1.0
l_curve_4,753,0.03951429948210716,1.0
l_curve_4,754,0.039296943694353104,1.0
l_curve_4,755,0.039105795323848724,1.0
l_curve_4,756,0.03886954113841057,1.0
l_curve_4,757,0.03867091238498688,1.0
l_curve_4,758,0.038496509194374084,1.0
l_curve_4,759,0.03832407668232918,1.0
l_curve_4,760,0.03814973309636116,1.0
l_curve_4,761,0.03793695569038391,1.0
l_curve_4,762,0.037727054208517075,1.0
l_curve_4,763,0.03752461448311806,1.0
l_curve_4,764,0.03733479976654053,1.0
l_curve_4,765,0.03713594749569893,1.0
l_curve_4,766,0.03699054196476936,1.0
l_curve_4,767,0.036773305386304855,1.0
l_curve_4,768,0.03660695254802704,1.0
l_curve_4,769,0.03640078380703926,1.0
l_curve_4,770,0.03620778024196625,1.0
l_curve_4,771,0.03607489913702011,1.0
l_curve_4,772,0.03589378669857979,1.0
l_curve_4,773,0.035688187927007675,1.0
l_curve_4,774,0.03549487888813019,1.0
l_curve_4,775,0.035334136337041855,1.0
l_curve_4,776,0.03516223654150963,1.0
l_curve_4,777,0.03499605879187584,1.0
l_curve_4,778,0.034821391105651855,1.0
l_curve_4,779,0.03460441529750824,1.0
l_curve_4,780,0.034428518265485764,1.0
l_curve_4,781,0.03426981717348099,1.0
l_curve_4,782,0.03408157080411911,1.0
l_curve_4,783,0.033922478556632996,1.0
l_curve_4,784,0.033749911934137344,1.0
l_curve_4,785,0.03359590098261833,1.0
l_curve_4,786,0.03342588245868683,1.0
l_curve_4,787,0.03327314183115959,1.0
l_curve_4,788,0.0331181138753891,1.0
l_curve_4,789,0.032931163907051086,1.0
l_curve_4,790,0.032773155719041824,1.0
l_curve_4,791,0.03261444345116615,1.0
l_curve_4,792,0.032437119632959366,1.0
l_curve_4,793,0.03230413421988487,1.0
l_curve_4,794,0.032122913748025894,1.0
l_curve_4,795,0.031947825103998184,1.0
l_curve_4,796,0.03181496262550354,1.0
l_curve_4,797,0.03165704384446144,1.0
l_curve_4,798,0.03148907050490379,1.0
l_curve_4,799,0.03131087124347687,1.0
l_curve_4,800,0.031158437952399254,1.0
l_curve_4,801,0.03102903999388218,1.0
l_curve_4,802,0.03087487258017063,1.0
l_curve_4,803,0.030727984383702278,1.0
l_curve_4,804,0.030551915988326073,1.0
l_curve_4,805,0.03043305315077305,1.0
l_curve_4,806,0.03027680516242981,1.0
l_curve_4,807,0.03009459376335144,1.0
l_curve_4,808,0.029986703768372536,1.0
l_curve_4,809,0.029825324192643166,1.0
l_curve_4,810,0.029690638184547424,1.0
l_curve_4,811,0.029529908671975136,1.0
l_curve_4,812,0.029386674985289574,1.0
l_curve_4,813,0.029236601665616035,1.0
l_curve_4,814,0.029097815975546837,1.0
l_curve_4,815,0.028971271589398384,1.0
l_curve_4,816,0.028838330879807472,1.0
l_curve_4,817,0.02866247110068798,1.0
l_curve_4,818,0.028541311621665955,1.0
l_curve_4,819,0.02841583825647831,1.0
l_curve_4,820,0.028252802789211273,1.0
l_curve_4,821,0.0281001478433609,1.0
l_curve_4,822,0.027994930744171143,1.0
l_curve_4,823,0.02788308821618557,1.0
l_curve_4,824,0.027725106105208397,1.0
l_curve_4,825,0.027569061145186424,1.0
l_curve_4,826,0.02745749056339264,1.0
l_curve_4,827,0.02732030488550663,1.0
l_curve_4,828,0.02720489166676998,1.0
l_curve_4,829,0.027073213830590248,1.0
l_curve_4,830,0.026935696601867676,1.0
l_curve_4,831,0.026777928695082664,1.0
l_curve_4,832,0.02670823596417904,1.0
l_curve_4,833,0.026586351916193962,1.0
l_curve_4,834,0.026428351178765297,1.0
l_curve_4,835,0.026296554133296013,1.0
l_curve_4,836,0.026172826066613197,1.0
l_curve_4,837,0.02605530060827732,1.0
l_curve_4,838,0.025962481275200844,1.0
l_curve_4,839,0.025824250653386116,1.0
l_curve_4,840,0.025711456313729286,1.0
l_curve_4,841,0.025586171075701714,1.0
l_curve_4,842,0.02545904368162155,1.0
l_curve_4,843,0.025357551872730255,1.0
l_curve_4,844,0.025229251012206078,1.0
l_curve_4,845,0.025097765028476715,1.0
l_curve_4,846,0.024978742003440857,1.0
l_curve_4,847,0.024885371327400208,1.0
l_curve_4,848,0.02476917952299118,1.0
l_curve_4,849,0.024659404531121254,1.0
l_curve_4,850,0.024541474878787994,1.0
l_curve_4,851,0.02442789264023304,1.0
l_curve_4,852,0.024330884218215942,1.0
l_curve_4,853,0.024195486679673195,1.0
l_curve_4,854,0.024086743593215942,1.0
l_curve_4,855,0.023980988189578056,1.0
l_curve_4,856,0.02389218844473362,1.0
l_curve_4,857,0.02375783585011959,1.0
l_curve_4,858,0.02366676926612854,1.0
l_curve_4,859,0.02354743331670761,1.0
l_curve_4,860,0.02345637045800686,1.0
l_curve_4,861,0.023351216688752174,1.0
l_curve_4,862,0.023248372599482536,1.0
l_curve_4,863,0.02313968539237976,1.0
l_curve_4,864,0.023056307807564735,1.0
l_curve_4,865,0.022916391491889954,1.0
l_curve_4,866,0.022819707170128822,1.0
l_curve_4,867,0.022734947502613068,1.0
l_curve_4,868,0.022639373317360878,1.0
l_curve_4,869,0.02252156101167202,1.0
l_curve_4,870,0.022422241047024727,1.0
l_curve_4,871,0.02234005741775036,1.0
l_curve_4,872,0.022232726216316223,1.0
l_curve_4,873,0.022122902795672417,1.0
l_curve_4,874,0.02202427387237549,1.0
l_curve_4,875,0.021924162283539772,1.0
l_curve_4,876,0.021825948730111122,1.0
l_curve_4,877,0.021759068593382835,1.0
l_curve_4,878,0.021662039682269096,1.0
l_curve_4,879,0.02156239189207554,1.0
l_curve_4,880,0.021456114947795868,1.0
l_curve_4,881,0.021361252292990685,1.0
l_curve_4,882,0.021240070462226868,1.0
l_curve_4,883,0.02117864601314068,1.0
l_curve_4,884,0.02108883671462536,1.0
l_curve_4,885,0.02099059335887432,1.0
l_curve_4,886,0.020884543657302856,1.0
l_curve_4,887,0.020824911072850227,1.0
l_curve_4,888,0.020724641159176826,1.0
l_curve_4,889,0.020640579983592033,1.0
l_curve_4,890,0.020550603047013283,1.0
l_curve_4,891,0.020466452464461327,1.0
l_curve_4,892,0.02037038840353489,1.0
l_curve_4,893,0.020278509706258774,1.0
l_curve_4,894,0.02021321840584278,1.0
l_curve_4,895,0.020115060731768608,1.0
l_curve_4,896,0.02002089098095894,1.0
l_curve_4,897,0.019931169226765633,1.0
l_curve_4,898,0.01985892839729786,1.0
l_curve_4,899,0.019766464829444885,1.0
l_curve_4,900,0.019688986241817474,1.0
l_curve_4,901,0.0195977333933115,1.0
l_curve_4,902,0.019523270428180695,1.0
l_curve_4,903,0.0194551944732666,1.0
l_curve_4,904,0.019360559061169624,1.0
l_curve_4,905,0.019271744415163994,1.0
l_curve_4,906,0.019187120720744133,1.0
l_curve_4,907,0.01912151463329792,1.0
l_curve_4,908,0.019063057377934456,1.0
l_curve_4,909,0.018958089873194695,1.0
l_curve_4,910,0.018885163590312004,1.0
l_curve_4,911,0.018811361864209175,1.0
l_curve_4,912,0.018741050735116005,1.0
l_curve_4,913,0.018632039427757263,1.0
l_curve_4,914,0.01855008490383625,1.0
l_curve_4,915,0.018483048304915428,1.0
l_curve_4,916,0.018417688086628914,1.0
l_curve_4,917,0.018352018669247627,1.0
l_curve_4,918,0.018280142918229103,1.0
l_curve_4,919,0.018194066360592842,1.0
l_curve_4,920,0.01811976172029972,1.0
l_curve_4,921,0.01803927682340145,1.0
l_curve_4,922,0.017965391278266907,1.0
l_curve_4,923,0.017901699990034103,1.0
l_curve_4,924,0.017830198630690575,1.0
l_curve_4,925,0.017761100083589554,1.0
l_curve_4,926,0.017692947760224342,1.0
l_curve_4,927,0.017614023759961128,1.0
l_curve_4,928,0.017528193071484566,1.0
l_curve_4,929,0.01745694875717163,1.0
l_curve_4,930,0.01739620603621006,1.0
l_curve_4,931,0.01731438748538494,1.0
l_curve_4,932,0.01725946180522442,1.0
l_curve_4,933,0.017185097560286522,1.0
l_curve_4,934,0.017117539420723915,1.0
l_curve_4,935,0.017049385234713554,1.0
l_curve_4,936,0.016980165615677834,1.0
l_curve_4,937,0.016900846734642982,1.0
l_curve_4,938,0.016833314672112465,1.0
l_curve_4,939,0.01677955873310566,1.0
l_curve_4,940,0.016704797744750977,1.0
l_curve_4,941,0.016649862751364708,1.0
l_curve_4,942,0.01658853329718113,1.0
l_curve_4,943,0.016512462869286537,1.0
l_curve_4,944,0.016444219276309013,1.0
l_curve_4,945,0.01637876033782959,1.0
l_curve_4,946,0.01632004790008068,1.0
l_curve_4,947,0.016243495047092438,1.0
l_curve_4,948,0.016193771734833717,1.0
l_curve_4,949,0.01612979732453823,1.0
l_curve_4,950,0.01605740748345852,1.0
l_curve_4,951,0.016015255823731422,1.0
l_curve_4,952,0.015941910445690155,1.0
l_curve_4,953,0.015875855460762978,1.0
l_curve_4,954,0.01580248586833477,1.0
l_curve_4,955,0.015751006081700325,1.0
l_curve_4,956,0.01568305678665638,1.0
l_curve_4,957,0.015629904344677925,1.0
l_curve_4,958,0.015569187700748444,1.0
l_curve_4,959,0.015504970215260983,1.0
l_curve_4,960,0.015439230017364025,1.0
l_curve_4,961,0.015374242328107357,1.0
l_curve_4,962,0.015334893949329853,1.0
l_curve_4,963,0.015270632691681385,1.0
l_curve_4,964,0.015221276320517063,1.0
l_curve_4,965,0.015154306776821613,1.0
l_curve_4,966,0.015077170915901661,1.0
l_curve_4,967,0.015025787055492401,1.0
l_curve_4,968,0.014979861676692963,1.0
l_curve_4,969,0.014927233569324017,1.0
l_curve_4,970,0.014852526597678661,1.0
l_curve_4,971,0.014805176295340061,1.0
l_curve_4,972,0.014742434956133366,1.0
l_curve_4,973,0.014687031507492065,1.0
l_curve_4,974,0.0146323936060071,1.0
l_curve_4,975,0.01456344872713089,1.0
l_curve_4,976,0.014499555341899395,1.0
l_curve_4,977,0.0144506199285388,1.0
l_curve_4,978,0.01440785825252533,1.0
l_curve_4,979,0.01435987651348114,1.0
l_curve_4,980,0.014303985051810741,1.0
l_curve_4,981,0.01424211636185646,1.0
l_curve_4,982,0.014185885898768902,1.0
l_curve_4,983,0.014135959558188915,1.0
l_curve_4,984,0.014080164022743702,1.0
l_curve_4,985,0.014026002027094364,1.0
l_curve_4,986,0.01397030334919691,1.0
l_curve_4,987,0.013925974257290363,1.0
l_curve_4,988,0.013869347982108593,1.0
l_curve_4,989,0.013812380842864513,1.0
l_curve_4,990,0.013773706741631031,1.0
l_curve_4,991,0.013721916824579239,1.0
l_curve_4,992,0.013667124323546886,1.0
l_curve_4,993,0.013617387972772121,1.0
l_curve_4,994,0.013553090393543243,1.0
l_curve_4,995,0.013505767099559307,1.0
l_curve_4,996,0.013461309485137463,1.0
l_curve_4,997,0.01342042163014412,1.0
l_curve_4,998,0.013350474648177624,1.0
l_curve_4,999,0.013293513096868992,1.0
l_curve_4,1000,0.013251951895654202,1.0
l_curve_4,1000,0.013251951895654202,1.0
