client,round,loss,accuracy
l_curve_1,1,0.513629674911499,0.7916666865348816
l_curve_1,2,0.4993482828140259,0.8333333134651184
l_curve_1,3,0.48616981506347656,0.8333333134651184
l_curve_1,4,0.47403326630592346,0.8333333134651184
l_curve_1,5,0.46279165148735046,0.7916666865348816
l_curve_1,6,0.45231783390045166,0.7916666865348816
l_curve_1,7,0.44247952103614807,0.7916666865348816
l_curve_1,8,0.4333266317844391,0.7916666865348816
l_curve_1,9,0.4247341454029083,0.7916666865348816
l_curve_1,10,0.4166164696216583,0.7916666865348816
l_curve_1,11,0.40899989008903503,0.7916666865348816
l_curve_1,12,0.40181970596313477,0.7916666865348816
l_curve_1,13,0.3950718939304352,0.8333333134651184
l_curve_1,14,0.3886851370334625,0.8333333134651184
l_curve_1,15,0.3826460838317871,0.8333333134651184
l_curve_1,16,0.3769789934158325,0.8333333134651184
l_curve_1,17,0.3716158866882324,0.875
l_curve_1,18,0.3665280044078827,0.875
l_curve_1,19,0.3617119789123535,0.875
l_curve_1,20,0.35712704062461853,0.875
l_curve_1,21,0.35277047753334045,0.875
l_curve_1,22,0.3486078977584839,0.875
l_curve_1,23,0.3446439802646637,0.875
l_curve_1,24,0.34083548188209534,0.875
l_curve_1,25,0.3371903598308563,0.875
l_curve_1,26,0.33367475867271423,0.875
l_curve_1,27,0.3302629590034485,0.875
l_curve_1,28,0.32697954773902893,0.875
l_curve_1,29,0.3237965404987335,0.875
l_curve_1,30,0.32071760296821594,0.875
l_curve_1,31,0.3177129030227661,0.875
l_curve_1,32,0.31477871537208557,0.875
l_curve_1,33,0.3119097948074341,0.875
l_curve_1,34,0.3090991675853729,0.875
l_curve_1,35,0.30635568499565125,0.875
l_curve_1,36,0.3036530315876007,0.875
l_curve_1,37,0.30100953578948975,0.875
l_curve_1,38,0.29841336607933044,0.875
l_curve_1,39,0.2958648204803467,0.875
l_curve_1,40,0.29336708784103394,0.875
l_curve_1,41,0.2908954322338104,0.875
l_curve_1,42,0.28847572207450867,0.875
l_curve_1,43,0.2860708236694336,0.875
l_curve_1,44,0.28372788429260254,0.875
l_curve_1,45,0.2814268171787262,0.875
l_curve_1,46,0.2791506052017212,0.875
l_curve_1,47,0.2769146263599396,0.875
l_curve_1,48,0.27470114827156067,0.875
l_curve_1,49,0.2725563943386078,0.875
l_curve_1,50,0.27044132351875305,0.875
l_curve_1,51,0.2683541774749756,0.875
l_curve_1,52,0.2663138508796692,0.875
l_curve_1,53,0.264309287071228,0.875
l_curve_1,54,0.26236048340797424,0.875
l_curve_1,55,0.26044800877571106,0.875
l_curve_1,56,0.2585686445236206,0.875
l_curve_1,57,0.25673094391822815,0.875
l_curve_1,58,0.25496211647987366,0.875
l_curve_1,59,0.25323376059532166,0.9166666865348816
l_curve_1,60,0.25152626633644104,0.9166666865348816
l_curve_1,61,0.2498832494020462,0.9166666865348816
l_curve_1,62,0.24826496839523315,0.9166666865348816
l_curve_1,63,0.2467152327299118,0.9166666865348816
l_curve_1,64,0.24519209563732147,0.9166666865348816
l_curve_1,65,0.2436995506286621,0.9166666865348816
l_curve_1,66,0.2422780990600586,0.9166666865348816
l_curve_1,67,0.24089382588863373,0.9166666865348816
l_curve_1,68,0.2395542860031128,0.9166666865348816
l_curve_1,69,0.2382497936487198,0.9166666865348816
l_curve_1,70,0.23700231313705444,0.9166666865348816
l_curve_1,71,0.23578055202960968,0.9166666865348816
l_curve_1,72,0.23461884260177612,0.9166666865348816
l_curve_1,73,0.23345796763896942,0.9166666865348816
l_curve_1,74,0.23234336078166962,0.9166666865348816
l_curve_1,75,0.23129405081272125,0.9166666865348816
l_curve_1,76,0.23027165234088898,0.9166666865348816
l_curve_1,77,0.22926414012908936,0.9166666865348816
l_curve_1,78,0.2283218502998352,0.9166666865348816
l_curve_1,79,0.2273803949356079,0.9166666865348816
l_curve_1,80,0.22649896144866943,0.9166666865348816
l_curve_1,81,0.22563938796520233,0.9166666865348816
l_curve_1,82,0.2247658520936966,0.9166666865348816
l_curve_1,83,0.2239660769701004,0.9166666865348816
l_curve_1,84,0.22318804264068604,0.9166666865348816
l_curve_1,85,0.22242076694965363,0.9166666865348816
l_curve_1,86,0.22169028222560883,0.9166666865348816
l_curve_1,87,0.22098155319690704,0.9166666865348816
l_curve_1,88,0.22029130160808563,0.9166666865348816
l_curve_1,89,0.21963924169540405,0.9166666865348816
l_curve_1,90,0.2190084308385849,0.9166666865348816
l_curve_1,91,0.21839289367198944,0.9166666865348816
l_curve_1,92,0.21779613196849823,0.9166666865348816
l_curve_1,93,0.2172074168920517,0.9166666865348816
l_curve_1,94,0.2166656106710434,0.9166666865348816
l_curve_1,95,0.21612267196178436,0.9166666865348816
l_curve_1,96,0.21559439599514008,0.9166666865348816
l_curve_1,97,0.21511423587799072,0.9166666865348816
l_curve_1,98,0.21461732685565948,0.9166666865348816
l_curve_1,99,0.21414868533611298,0.9166666865348816
l_curve_1,100,0.2136784791946411,0.9166666865348816
l_curve_1,101,0.21324093639850616,0.9166666865348816
l_curve_1,102,0.21282559633255005,0.9166666865348816
l_curve_1,103,0.21241049468517303,0.9166666865348816
l_curve_1,104,0.2120223045349121,0.9166666865348816
l_curve_1,105,0.21164636313915253,0.9166666865348816
l_curve_1,106,0.2112623006105423,0.9166666865348816
l_curve_1,107,0.21090184152126312,0.9166666865348816
l_curve_1,108,0.21055780351161957,0.9166666865348816
l_curve_1,109,0.21020157635211945,0.9166666865348816
l_curve_1,110,0.20991158485412598,0.9166666865348816
l_curve_1,111,0.2095700055360794,0.9166666865348816
l_curve_1,112,0.20926405489444733,0.9166666865348816
l_curve_1,113,0.20894797146320343,0.9166666865348816
l_curve_1,114,0.20868028700351715,0.9166666865348816
l_curve_1,115,0.20839984714984894,0.9166666865348816
l_curve_1,116,0.20812244713306427,0.9166666865348816
l_curve_1,117,0.20785969495773315,0.9166666865348816
l_curve_1,118,0.20759831368923187,0.9166666865348816
l_curve_1,119,0.20735757052898407,0.9166666865348816
l_curve_1,120,0.2071102410554886,0.9166666865348816
l_curve_1,121,0.20687298476696014,0.9166666865348816
l_curve_1,122,0.20663036406040192,0.9166666865348816
l_curve_1,123,0.20640796422958374,0.9166666865348816
l_curve_1,124,0.20618470013141632,0.9166666865348816
l_curve_1,125,0.20597033202648163,0.9166666865348816
l_curve_1,126,0.20576262474060059,0.9166666865348816
l_curve_1,127,0.20558273792266846,0.9166666865348816
l_curve_1,128,0.2053728699684143,0.9166666865348816
l_curve_1,129,0.20517438650131226,0.9166666865348816
l_curve_1,130,0.2049965113401413,0.9166666865348816
l_curve_1,131,0.2048087865114212,0.9166666865348816
l_curve_1,132,0.2046460658311844,0.9166666865348816
l_curve_1,133,0.20445100963115692,0.9166666865348816
l_curve_1,134,0.20429439842700958,0.9166666865348816
l_curve_1,135,0.20414066314697266,0.9166666865348816
l_curve_1,136,0.20397187769412994,0.9166666865348816
l_curve_1,137,0.2038060873746872,0.9166666865348816
l_curve_1,138,0.20366166532039642,0.9166666865348816
l_curve_1,139,0.20351547002792358,0.9166666865348816
l_curve_1,140,0.203355073928833,0.9166666865348816
l_curve_1,141,0.20322461426258087,0.9166666865348816
l_curve_1,142,0.2030906230211258,0.9166666865348816
l_curve_1,143,0.2029598206281662,0.9166666865348816
l_curve_1,144,0.20282875001430511,0.9166666865348816
l_curve_1,145,0.20267267525196075,0.9166666865348816
l_curve_1,146,0.20256875455379486,0.9166666865348816
l_curve_1,147,0.20245738327503204,0.9166666865348816
l_curve_1,148,0.20233158767223358,0.9166666865348816
l_curve_1,149,0.20222128927707672,0.9166666865348816
l_curve_1,150,0.20210067927837372,0.9166666865348816
l_curve_1,151,0.20196591317653656,0.9166666865348816
l_curve_1,152,0.20185725390911102,0.9166666865348816
l_curve_1,153,0.2017630934715271,0.9166666865348816
l_curve_1,154,0.20163655281066895,0.9166666865348816
l_curve_1,155,0.20155566930770874,0.9166666865348816
l_curve_1,156,0.201437309384346,0.9166666865348816
l_curve_1,157,0.20133645832538605,0.9166666865348816
l_curve_1,158,0.20124399662017822,0.9166666865348816
l_curve_1,159,0.20112203061580658,0.9166666865348816
l_curve_1,160,0.20104046165943146,0.9166666865348816
l_curve_1,161,0.20094065368175507,0.9166666865348816
l_curve_1,162,0.2008332759141922,0.9166666865348816
l_curve_1,163,0.20073199272155762,0.9166666865348816
l_curve_1,164,0.20064307749271393,0.9166666865348816
l_curve_1,165,0.2005755752325058,0.9166666865348816
l_curve_1,166,0.2004939764738083,0.9166666865348816
l_curve_1,167,0.20039872825145721,0.9166666865348816
l_curve_1,168,0.20029647648334503,0.9166666865348816
l_curve_1,169,0.2002241611480713,0.9166666865348816
l_curve_1,170,0.20015491545200348,0.9166666865348816
l_curve_1,171,0.2000725269317627,0.9166666865348816
l_curve_1,172,0.19998280704021454,0.9166666865348816
l_curve_1,173,0.19991369545459747,0.9166666865348816
l_curve_1,174,0.1998332291841507,0.9166666865348816
l_curve_1,175,0.19975866377353668,0.9166666865348816
l_curve_1,176,0.19967274367809296,0.9166666865348816
l_curve_1,177,0.19959278404712677,0.9166666865348816
l_curve_1,178,0.19952337443828583,0.9166666865348816
l_curve_1,179,0.1994338035583496,0.9166666865348816
l_curve_1,180,0.1993882656097412,0.9166666865348816
l_curve_1,181,0.1992870569229126,0.9166666865348816
l_curve_1,182,0.19922922551631927,0.9166666865348816
l_curve_1,183,0.1991400271654129,0.9166666865348816
l_curve_1,184,0.19907425343990326,0.9166666865348816
l_curve_1,185,0.1989922672510147,0.9166666865348816
l_curve_1,186,0.19894669950008392,0.9166666865348816
l_curve_1,187,0.1988595575094223,0.9166666865348816
l_curve_1,188,0.1987791806459427,0.9166666865348816
l_curve_1,189,0.19870662689208984,0.9166666865348816
l_curve_1,190,0.19862301647663116,0.9166666865348816
l_curve_1,191,0.19857542216777802,0.9166666865348816
l_curve_1,192,0.19849728047847748,0.9166666865348816
l_curve_1,193,0.1984327882528305,0.9166666865348816
l_curve_1,194,0.19834722578525543,0.9166666865348816
l_curve_1,195,0.19827646017074585,0.9166666865348816
l_curve_1,196,0.198224738240242,0.9166666865348816
l_curve_1,197,0.19815905392169952,0.9166666865348816
l_curve_1,198,0.19810156524181366,0.9166666865348816
l_curve_1,199,0.19801002740859985,0.9166666865348816
l_curve_1,200,0.1979389190673828,0.9166666865348816
l_curve_1,201,0.19787053763866425,0.9166666865348816
l_curve_1,202,0.1978161484003067,0.9166666865348816
l_curve_1,203,0.19774524867534637,0.9166666865348816
l_curve_1,204,0.19767801463603973,0.9166666865348816
l_curve_1,205,0.19761718809604645,0.9166666865348816
l_curve_1,206,0.19752585887908936,0.9166666865348816
l_curve_1,207,0.19747428596019745,0.9166666865348816
l_curve_1,208,0.19740086793899536,0.9166666865348816
l_curve_1,209,0.1973423808813095,0.9166666865348816
l_curve_1,210,0.197273850440979,0.9166666865348816
l_curve_1,211,0.19721780717372894,0.9166666865348816
l_curve_1,212,0.19715435802936554,0.9166666865348816
l_curve_1,213,0.19708357751369476,0.9166666865348816
l_curve_1,214,0.1970071643590927,0.9166666865348816
l_curve_1,215,0.19693522155284882,0.9166666865348816
l_curve_1,216,0.1968735009431839,0.9166666865348816
l_curve_1,217,0.19679979979991913,0.9166666865348816
l_curve_1,218,0.19673041999340057,0.9166666865348816
l_curve_1,219,0.19666127860546112,0.9166666865348816
l_curve_1,220,0.19660180807113647,0.9166666865348816
l_curve_1,221,0.19651763141155243,0.9166666865348816
l_curve_1,222,0.1964440941810608,0.9166666865348816
l_curve_1,223,0.19637322425842285,0.9166666865348816
l_curve_1,224,0.19629879295825958,0.9166666865348816
l_curve_1,225,0.19622965157032013,0.9166666865348816
l_curve_1,226,0.19615791738033295,0.9166666865348816
l_curve_1,227,0.19608278572559357,0.9166666865348816
l_curve_1,228,0.19599191844463348,0.9166666865348816
l_curve_1,229,0.19592608511447906,0.9166666865348816
l_curve_1,230,0.1958424299955368,0.9166666865348816
l_curve_1,231,0.1957654505968094,0.9166666865348816
l_curve_1,232,0.19569413363933563,0.9166666865348816
l_curve_1,233,0.1956397145986557,0.9166666865348816
l_curve_1,234,0.19555862247943878,0.9166666865348816
l_curve_1,235,0.19547629356384277,0.9166666865348816
l_curve_1,236,0.19540004432201385,0.9166666865348816
l_curve_1,237,0.19533713161945343,0.9166666865348816
l_curve_1,238,0.19522225856781006,0.9166666865348816
l_curve_1,239,0.19513694941997528,0.9166666865348816
l_curve_1,240,0.195082426071167,0.9166666865348816
l_curve_1,241,0.19497118890285492,0.9166666865348816
l_curve_1,242,0.19489477574825287,0.9166666865348816
l_curve_1,243,0.1947944611310959,0.9166666865348816
l_curve_1,244,0.19470703601837158,0.9166666865348816
l_curve_1,245,0.19465315341949463,0.9166666865348816
l_curve_1,246,0.19456474483013153,0.9166666865348816
l_curve_1,247,0.194466233253479,0.9166666865348816
l_curve_1,248,0.1943892389535904,0.9166666865348816
l_curve_1,249,0.19428472220897675,0.9166666865348816
l_curve_1,250,0.19420187175273895,0.9166666865348816
l_curve_1,251,0.19409428536891937,0.9166666865348816
l_curve_1,252,0.19401496648788452,0.9166666865348816
l_curve_1,253,0.19391727447509766,0.9166666865348816
l_curve_1,254,0.1938420981168747,0.9166666865348816
l_curve_1,255,0.19373910129070282,0.9166666865348816
l_curve_1,256,0.1936393827199936,0.9166666865348816
l_curve_1,257,0.19353200495243073,0.9166666865348816
l_curve_1,258,0.1934099644422531,0.9166666865348816
l_curve_1,259,0.19331665337085724,0.9166666865348816
l_curve_1,260,0.19322167336940765,0.9166666865348816
l_curve_1,261,0.19311560690402985,0.9166666865348816
l_curve_1,262,0.19303423166275024,0.9166666865348816
l_curve_1,263,0.19294296205043793,0.9166666865348816
l_curve_1,264,0.19281792640686035,0.9166666865348816
l_curve_1,265,0.19270284473896027,0.9166666865348816
l_curve_1,266,0.1926143616437912,0.9166666865348816
l_curve_1,267,0.19249974191188812,0.9166666865348816
l_curve_1,268,0.19239842891693115,0.9166666865348816
l_curve_1,269,0.19228380918502808,0.9166666865348816
l_curve_1,270,0.19215035438537598,0.9166666865348816
l_curve_1,271,0.19201986491680145,0.9166666865348816
l_curve_1,272,0.1919262856245041,0.9166666865348816
l_curve_1,273,0.19178976118564606,0.9166666865348816
l_curve_1,274,0.19169004261493683,0.9166666865348816
l_curve_1,275,0.19157244265079498,0.9166666865348816
l_curve_1,276,0.1914268285036087,0.9166666865348816
l_curve_1,277,0.19130249321460724,0.9166666865348816
l_curve_1,278,0.1911640167236328,0.9166666865348816
l_curve_1,279,0.19105084240436554,0.9166666865348816
l_curve_1,280,0.19091705977916718,0.9166666865348816
l_curve_1,281,0.19078879058361053,0.9166666865348816
l_curve_1,282,0.1906498670578003,0.9166666865348816
l_curve_1,283,0.19053693115711212,0.9166666865348816
l_curve_1,284,0.1903923600912094,0.9166666865348816
l_curve_1,285,0.1902657002210617,0.9166666865348816
l_curve_1,286,0.19010041654109955,0.9166666865348816
l_curve_1,287,0.18994760513305664,0.9166666865348816
l_curve_1,288,0.1898353546857834,0.9166666865348816
l_curve_1,289,0.1896832436323166,0.9166666865348816
l_curve_1,290,0.18951211869716644,0.9166666865348816
l_curve_1,291,0.18937301635742188,0.9166666865348816
l_curve_1,292,0.18920676410198212,0.9166666865348816
l_curve_1,293,0.1890706568956375,0.9166666865348816
l_curve_1,294,0.1889057606458664,0.9166666865348816
l_curve_1,295,0.18873542547225952,0.9166666865348816
l_curve_1,296,0.18858332931995392,0.9166666865348816
l_curve_1,297,0.18842805922031403,0.9166666865348816
l_curve_1,298,0.18828223645687103,0.9166666865348816
l_curve_1,299,0.18809252977371216,0.9166666865348816
l_curve_1,300,0.1879376918077469,0.9166666865348816
l_curve_1,301,0.18780235946178436,0.9166666865348816
l_curve_1,302,0.18760369718074799,0.9166666865348816
l_curve_1,303,0.18741822242736816,0.9166666865348816
l_curve_1,304,0.18726198375225067,0.9166666865348816
l_curve_1,305,0.1870964616537094,0.9166666865348816
l_curve_1,306,0.18691109120845795,0.9166666865348816
l_curve_1,307,0.1867138296365738,0.9166666865348816
l_curve_1,308,0.18652017414569855,0.9166666865348816
l_curve_1,309,0.1863718181848526,0.9166666865348816
l_curve_1,310,0.18620650470256805,0.9166666865348816
l_curve_1,311,0.18599443137645721,0.9166666865348816
l_curve_1,312,0.18577419221401215,0.9166666865348816
l_curve_1,313,0.1855972558259964,0.9166666865348816
l_curve_1,314,0.18540412187576294,0.9166666865348816
l_curve_1,315,0.18519675731658936,0.9166666865348816
l_curve_1,316,0.18499048054218292,0.9166666865348816
l_curve_1,317,0.1847936362028122,0.9166666865348816
l_curve_1,318,0.18459254503250122,0.9166666865348816
l_curve_1,319,0.18439018726348877,0.9166666865348816
l_curve_1,320,0.1841786503791809,0.9166666865348816
l_curve_1,321,0.1839776635169983,0.9166666865348816
l_curve_1,322,0.18380068242549896,0.9166666865348816
l_curve_1,323,0.18356752395629883,0.9166666865348816
l_curve_1,324,0.18335644900798798,0.9166666865348816
l_curve_1,325,0.18314875662326813,0.9166666865348816
l_curve_1,326,0.1828753501176834,0.9166666865348816
l_curve_1,327,0.18268662691116333,0.9166666865348816
l_curve_1,328,0.1824767142534256,0.9166666865348816
l_curve_1,329,0.18221426010131836,0.9166666865348816
l_curve_1,330,0.18199701607227325,0.9166666865348816
l_curve_1,331,0.18180446326732635,0.9166666865348816
l_curve_1,332,0.1815599650144577,0.9166666865348816
l_curve_1,333,0.18130438029766083,0.9166666865348816
l_curve_1,334,0.18105243146419525,0.9166666865348816
l_curve_1,335,0.18082503974437714,0.9166666865348816
l_curve_1,336,0.1806151419878006,0.9166666865348816
l_curve_1,337,0.18037326633930206,0.9166666865348816
l_curve_1,338,0.18011969327926636,0.9166666865348816
l_curve_1,339,0.17987607419490814,0.9166666865348816
l_curve_1,340,0.17963172495365143,0.9166666865348816
l_curve_1,341,0.1793597936630249,0.9166666865348816
l_curve_1,342,0.17910456657409668,0.9166666865348816
l_curve_1,343,0.17888475954532623,0.9166666865348816
l_curve_1,344,0.17859961092472076,0.9166666865348816
l_curve_1,345,0.1783650517463684,0.9166666865348816
l_curve_1,346,0.17809738218784332,0.9166666865348816
l_curve_1,347,0.1778232604265213,0.9166666865348816
l_curve_1,348,0.1775374561548233,0.9166666865348816
l_curve_1,349,0.17727376520633698,0.9166666865348816
l_curve_1,350,0.17701148986816406,0.9166666865348816
l_curve_1,351,0.17675520479679108,0.9166666865348816
l_curve_1,352,0.1764977127313614,0.9166666865348816
l_curve_1,353,0.1762242317199707,0.9166666865348816
l_curve_1,354,0.17596013844013214,0.9166666865348816
l_curve_1,355,0.17566083371639252,0.9166666865348816
l_curve_1,356,0.1753859966993332,0.9166666865348816
l_curve_1,357,0.17509448528289795,0.9166666865348816
l_curve_1,358,0.1748112589120865,0.9166666865348816
l_curve_1,359,0.17452485859394073,0.9166666865348816
l_curve_1,360,0.17422336339950562,0.9166666865348816
l_curve_1,361,0.17395810782909393,0.9166666865348816
l_curve_1,362,0.17365829646587372,0.9166666865348816
l_curve_1,363,0.1733301728963852,0.9166666865348816
l_curve_1,364,0.17305637896060944,0.9166666865348816
l_curve_1,365,0.1727551966905594,0.9166666865348816
l_curve_1,366,0.17242062091827393,0.9166666865348816
l_curve_1,367,0.17211902141571045,0.9166666865348816
l_curve_1,368,0.17183363437652588,0.9166666865348816
l_curve_1,369,0.1715296357870102,0.9166666865348816
l_curve_1,370,0.17122991383075714,0.9166666865348816
l_curve_1,371,0.1709335595369339,0.9166666865348816
l_curve_1,372,0.17058390378952026,0.9166666865348816
l_curve_1,373,0.17028909921646118,0.9166666865348816
l_curve_1,374,0.1699424535036087,0.9166666865348816
l_curve_1,375,0.16966654360294342,0.9166666865348816
l_curve_1,376,0.16930879652500153,0.9166666865348816
l_curve_1,377,0.16893716156482697,0.9166666865348816
l_curve_1,378,0.16864091157913208,0.9166666865348816
l_curve_1,379,0.16833019256591797,0.9166666865348816
l_curve_1,380,0.16794955730438232,0.9166666865348816
l_curve_1,381,0.16761676967144012,0.9166666865348816
l_curve_1,382,0.16725949943065643,0.9166666865348816
l_curve_1,383,0.16692550480365753,0.9166666865348816
l_curve_1,384,0.16656948626041412,0.9166666865348816
l_curve_1,385,0.1662563681602478,0.9166666865348816
l_curve_1,386,0.16589325666427612,0.9166666865348816
l_curve_1,387,0.16553457081317902,0.9166666865348816
l_curve_1,388,0.16517148911952972,0.9166666865348816
l_curve_1,389,0.16483402252197266,0.9166666865348816
l_curve_1,390,0.16447201371192932,0.9166666865348816
l_curve_1,391,0.16409119963645935,0.9166666865348816
l_curve_1,392,0.1637304574251175,0.9166666865348816
l_curve_1,393,0.1633550375699997,0.9166666865348816
l_curve_1,394,0.16296041011810303,0.9166666865348816
l_curve_1,395,0.1625939905643463,0.9166666865348816
l_curve_1,396,0.16217608749866486,0.9166666865348816
l_curve_1,397,0.16179271042346954,0.9166666865348816
l_curve_1,398,0.16142600774765015,0.9166666865348816
l_curve_1,399,0.16106586158275604,0.9166666865348816
l_curve_1,400,0.16063980758190155,0.9166666865348816
l_curve_1,401,0.16025686264038086,0.9166666865348816
l_curve_1,402,0.15984003245830536,0.9166666865348816
l_curve_1,403,0.159453883767128,0.9166666865348816
l_curve_1,404,0.15900568664073944,0.9166666865348816
l_curve_1,405,0.15858973562717438,0.9166666865348816
l_curve_1,406,0.15820090472698212,0.9166666865348816
l_curve_1,407,0.15777979791164398,0.9166666865348816
l_curve_1,408,0.15735918283462524,0.9166666865348816
l_curve_1,409,0.15693210065364838,0.9166666865348816
l_curve_1,410,0.15648497641086578,0.9166666865348816
l_curve_1,411,0.15602044761180878,0.9166666865348816
l_curve_1,412,0.15563000738620758,0.9166666865348816
l_curve_1,413,0.1551881730556488,0.9166666865348816
l_curve_1,414,0.15470683574676514,0.9166666865348816
l_curve_1,415,0.1542564481496811,0.9166666865348816
l_curve_1,416,0.15383529663085938,0.9166666865348816
l_curve_1,417,0.15333813428878784,0.9166666865348816
l_curve_1,418,0.1528729349374771,0.9166666865348816
l_curve_1,419,0.15240086615085602,0.9166666865348816
l_curve_1,420,0.15191487967967987,0.9166666865348816
l_curve_1,421,0.1514725536108017,0.9166666865348816
l_curve_1,422,0.15099991858005524,0.9166666865348816
l_curve_1,423,0.15049844980239868,0.9166666865348816
l_curve_1,424,0.14999468624591827,0.9166666865348816
l_curve_1,425,0.14952325820922852,0.9166666865348816
l_curve_1,426,0.1489851325750351,0.9166666865348816
l_curve_1,427,0.14847785234451294,0.9166666865348816
l_curve_1,428,0.1479819267988205,0.9166666865348816
l_curve_1,429,0.14744895696640015,0.9166666865348816
l_curve_1,430,0.14693182706832886,0.9166666865348816
l_curve_1,431,0.14639019966125488,0.9166666865348816
l_curve_1,432,0.1459132432937622,0.9166666865348816
l_curve_1,433,0.14536623656749725,0.9166666865348816
l_curve_1,434,0.14485283195972443,0.9166666865348816
l_curve_1,435,0.14428333938121796,0.9166666865348816
l_curve_1,436,0.14373110234737396,0.9166666865348816
l_curve_1,437,0.14317019283771515,0.9166666865348816
l_curve_1,438,0.1426219493150711,0.9166666865348816
l_curve_1,439,0.14206281304359436,0.9166666865348816
l_curve_1,440,0.141453355550766,0.9166666865348816
l_curve_1,441,0.14090152084827423,0.9166666865348816
l_curve_1,442,0.14033888280391693,0.9166666865348816
l_curve_1,443,0.13977670669555664,0.9166666865348816
l_curve_1,444,0.13920511305332184,0.9166666865348816
l_curve_1,445,0.13861382007598877,0.9166666865348816
l_curve_1,446,0.13800424337387085,0.9166666865348816
l_curve_1,447,0.13741831481456757,0.9166666865348816
l_curve_1,448,0.13680623471736908,0.9166666865348816
l_curve_1,449,0.13619905710220337,0.9166666865348816
l_curve_1,450,0.13560418784618378,0.9166666865348816
l_curve_1,451,0.13498206436634064,0.9166666865348816
l_curve_1,452,0.1343775987625122,0.9166666865348816
l_curve_1,453,0.1337580531835556,0.9166666865348816
l_curve_1,454,0.13312111794948578,0.9166666865348816
l_curve_1,455,0.1324830800294876,0.9166666865348816
l_curve_1,456,0.13188724219799042,0.9166666865348816
l_curve_1,457,0.1312282681465149,0.9166666865348816
l_curve_1,458,0.1305989772081375,0.9166666865348816
l_curve_1,459,0.1299627274274826,0.9166666865348816
l_curve_1,460,0.12931151688098907,0.9166666865348816
l_curve_1,461,0.12868048250675201,0.9166666865348816
l_curve_1,462,0.12800775468349457,0.9166666865348816
l_curve_1,463,0.12735576927661896,0.9166666865348816
l_curve_1,464,0.12670248746871948,0.9166666865348816
l_curve_1,465,0.1260654777288437,0.9166666865348816
l_curve_1,466,0.1253984570503235,0.9166666865348816
l_curve_1,467,0.12475908547639847,0.9166666865348816
l_curve_1,468,0.12410116195678711,0.9166666865348816
l_curve_1,469,0.12344306707382202,0.9166666865348816
l_curve_1,470,0.12276816368103027,0.9166666865348816
l_curve_1,471,0.12210199981927872,0.9166666865348816
l_curve_1,472,0.12146476656198502,0.9166666865348816
l_curve_1,473,0.12075620889663696,0.9166666865348816
l_curve_1,474,0.1200743094086647,0.9166666865348816
l_curve_1,475,0.11941933631896973,0.9166666865348816
l_curve_1,476,0.11872280389070511,0.9166666865348816
l_curve_1,477,0.11804293841123581,0.9166666865348816
l_curve_1,478,0.11737295985221863,0.9166666865348816
l_curve_1,479,0.11671612411737442,0.9166666865348816
l_curve_1,480,0.11605215072631836,0.9166666865348816
l_curve_1,481,0.11535920947790146,0.9166666865348816
l_curve_1,482,0.1146896481513977,0.9166666865348816
l_curve_1,483,0.11405649781227112,0.9166666865348816
l_curve_1,484,0.11333906650543213,0.9166666865348816
l_curve_1,485,0.11263485997915268,0.9166666865348816
l_curve_1,486,0.11196724325418472,0.9166666865348816
l_curve_1,487,0.11128771305084229,0.9166666865348816
l_curve_1,488,0.11059398204088211,0.9166666865348816
l_curve_1,489,0.10993201285600662,0.9166666865348816
l_curve_1,490,0.10925215482711792,0.9583333134651184
l_curve_1,491,0.10858222097158432,0.9583333134651184
l_curve_1,492,0.1079057976603508,0.9583333134651184
l_curve_1,493,0.1072147861123085,0.9583333134651184
l_curve_1,494,0.10655119270086288,0.9583333134651184
l_curve_1,495,0.10586020350456238,0.9583333134651184
l_curve_1,496,0.10520567744970322,0.9583333134651184
l_curve_1,497,0.10450839251279831,0.9583333134651184
l_curve_1,498,0.103842593729496,0.9583333134651184
l_curve_1,499,0.10317925363779068,0.9583333134651184
l_curve_1,500,0.10251321643590927,1.0
l_curve_1,501,0.10184561461210251,1.0
l_curve_1,502,0.10117615014314651,1.0
l_curve_1,503,0.10051276534795761,1.0
l_curve_1,504,0.09984441846609116,1.0
l_curve_1,505,0.0991780087351799,1.0
l_curve_1,506,0.09851721674203873,1.0
l_curve_1,507,0.09785735607147217,1.0
l_curve_1,508,0.09719672799110413,1.0
l_curve_1,509,0.09656549245119095,1.0
l_curve_1,510,0.09591136127710342,1.0
l_curve_1,511,0.09526779502630234,1.0
l_curve_1,512,0.09460844844579697,1.0
l_curve_1,513,0.09394398331642151,1.0
l_curve_1,514,0.09332847595214844,1.0
l_curve_1,515,0.09269317239522934,1.0
l_curve_1,516,0.09205009788274765,1.0
l_curve_1,517,0.09139605611562729,1.0
l_curve_1,518,0.09077853709459305,1.0
l_curve_1,519,0.09014274924993515,1.0
l_curve_1,520,0.08952852338552475,1.0
l_curve_1,521,0.08889657258987427,1.0
l_curve_1,522,0.08828264474868774,1.0
l_curve_1,523,0.0876723900437355,1.0
l_curve_1,524,0.08705449849367142,1.0
l_curve_1,525,0.08642921596765518,1.0
l_curve_1,526,0.08580527454614639,1.0
l_curve_1,527,0.08519696444272995,1.0
l_curve_1,528,0.08461879938840866,1.0
l_curve_1,529,0.08403483033180237,1.0
l_curve_1,530,0.08341902494430542,1.0
l_curve_1,531,0.08281274884939194,1.0
l_curve_1,532,0.08222602307796478,1.0
l_curve_1,533,0.0816487967967987,1.0
l_curve_1,534,0.08105993270874023,1.0
l_curve_1,535,0.08048085123300552,1.0
l_curve_1,536,0.07991963624954224,1.0
l_curve_1,537,0.07933032512664795,1.0
l_curve_1,538,0.07877687364816666,1.0
l_curve_1,539,0.07821037620306015,1.0
l_curve_1,540,0.07766107469797134,1.0
l_curve_1,541,0.07709377259016037,1.0
l_curve_1,542,0.07654464989900589,1.0
l_curve_1,543,0.07600175589323044,1.0
l_curve_1,544,0.07543128728866577,1.0
l_curve_1,545,0.07489477843046188,1.0
l_curve_1,546,0.074347585439682,1.0
l_curve_1,547,0.07379905134439468,1.0
l_curve_1,548,0.07327347993850708,1.0
l_curve_1,549,0.07275629043579102,1.0
l_curve_1,550,0.0722406730055809,1.0
l_curve_1,551,0.07170448452234268,1.0
l_curve_1,552,0.07119002193212509,1.0
l_curve_1,553,0.07067368179559708,1.0
l_curve_1,554,0.07016060501337051,1.0
l_curve_1,555,0.06965599209070206,1.0
l_curve_1,556,0.06915458291769028,1.0
l_curve_1,557,0.06865790486335754,1.0
l_curve_1,558,0.0681571438908577,1.0
l_curve_1,559,0.0676787793636322,1.0
l_curve_1,560,0.06717889755964279,1.0
l_curve_1,561,0.06670287251472473,1.0
l_curve_1,562,0.06621257960796356,1.0
l_curve_1,563,0.06572467088699341,1.0
l_curve_1,564,0.06526496261358261,1.0
l_curve_1,565,0.06480029225349426,1.0
l_curve_1,566,0.0643337294459343,1.0
l_curve_1,567,0.06386426091194153,1.0
l_curve_1,568,0.06341787427663803,1.0
l_curve_1,569,0.06294874101877213,1.0
l_curve_1,570,0.06250067800283432,1.0
l_curve_1,571,0.06205667927861214,1.0
l_curve_1,572,0.06159902736544609,1.0
l_curve_1,573,0.06116911396384239,1.0
l_curve_1,574,0.060732364654541016,1.0
l_curve_1,575,0.060307592153549194,1.0
l_curve_1,576,0.059863124042749405,1.0
l_curve_1,577,0.05944431945681572,1.0
l_curve_1,578,0.05902678892016411,1.0
l_curve_1,579,0.05860865116119385,1.0
l_curve_1,580,0.058189570903778076,1.0
l_curve_1,581,0.05777360871434212,1.0
l_curve_1,582,0.057364121079444885,1.0
l_curve_1,583,0.056966137140989304,1.0
l_curve_1,584,0.05654754862189293,1.0
l_curve_1,585,0.056161586195230484,1.0
l_curve_1,586,0.05575867369771004,1.0
l_curve_1,587,0.055365290492773056,1.0
l_curve_1,588,0.05496266856789589,1.0
l_curve_1,589,0.05459430813789368,1.0
l_curve_1,590,0.05421184375882149,1.0
l_curve_1,591,0.05383056774735451,1.0
l_curve_1,592,0.05346152186393738,1.0
l_curve_1,593,0.053073301911354065,1.0
l_curve_1,594,0.05270515754818916,1.0
l_curve_1,595,0.05232880637049675,1.0
l_curve_1,596,0.051965270191431046,1.0
l_curve_1,597,0.05161097273230553,1.0
l_curve_1,598,0.051253169775009155,1.0
l_curve_1,599,0.05090774968266487,1.0
l_curve_1,600,0.05054774880409241,1.0
l_curve_1,601,0.05019572749733925,1.0
l_curve_1,602,0.049851495772600174,1.0
l_curve_1,603,0.04950515925884247,1.0
l_curve_1,604,0.04916952922940254,1.0
l_curve_1,605,0.04883693531155586,1.0
l_curve_1,606,0.04849972203373909,1.0
l_curve_1,607,0.04816172644495964,1.0
l_curve_1,608,0.04783092811703682,1.0
l_curve_1,609,0.047505784779787064,1.0
l_curve_1,610,0.047182608395814896,1.0
l_curve_1,611,0.04687124490737915,1.0
l_curve_1,612,0.04654606059193611,1.0
l_curve_1,613,0.04623335972428322,1.0
l_curve_1,614,0.045917775481939316,1.0
l_curve_1,615,0.04560772702097893,1.0
l_curve_1,616,0.04530031979084015,1.0
l_curve_1,617,0.044994283467531204,1.0
l_curve_1,618,0.044701963663101196,1.0
l_curve_1,619,0.04440218210220337,1.0
l_curve_1,620,0.044100645929574966,1.0
l_curve_1,621,0.043803125619888306,1.0
l_curve_1,622,0.043511439114809036,1.0
l_curve_1,623,0.04321939870715141,1.0
l_curve_1,624,0.04292614385485649,1.0
l_curve_1,625,0.04265253618359566,1.0
l_curve_1,626,0.04236297681927681,1.0
l_curve_1,627,0.04209171235561371,1.0
l_curve_1,628,0.04181356355547905,1.0
l_curve_1,629,0.04153554514050484,1.0
l_curve_1,630,0.04126174747943878,1.0
l_curve_1,631,0.04098760336637497,1.0
l_curve_1,632,0.04072067514061928,1.0
l_curve_1,633,0.040459681302309036,1.0
l_curve_1,634,0.040189098566770554,1.0
l_curve_1,635,0.039933495223522186,1.0
l_curve_1,636,0.03966814652085304,1.0
l_curve_1,637,0.039411142468452454,1.0
l_curve_1,638,0.039165616035461426,1.0
l_curve_1,639,0.03890920802950859,1.0
l_curve_1,640,0.03865370526909828,1.0
l_curve_1,641,0.038402009755373,1.0
l_curve_1,642,0.03815802186727524,1.0
l_curve_1,643,0.037911415100097656,1.0
l_curve_1,644,0.03767215833067894,1.0
l_curve_1,645,0.03742902725934982,1.0
l_curve_1,646,0.03719056770205498,1.0
l_curve_1,647,0.03695467859506607,1.0
l_curve_1,648,0.036720920354127884,1.0
l_curve_1,649,0.03648723289370537,1.0
l_curve_1,650,0.03625794127583504,1.0
l_curve_1,651,0.03603232279419899,1.0
l_curve_1,652,0.03580557927489281,1.0
l_curve_1,653,0.03557661920785904,1.0
l_curve_1,654,0.03535239398479462,1.0
l_curve_1,655,0.03512922301888466,1.0
l_curve_1,656,0.034914594143629074,1.0
l_curve_1,657,0.03469230234622955,1.0
l_curve_1,658,0.03448306396603584,1.0
l_curve_1,659,0.03426600992679596,1.0
l_curve_1,660,0.03405604138970375,1.0
l_curve_1,661,0.03384329751133919,1.0
l_curve_1,662,0.03363076224923134,1.0
l_curve_1,663,0.03342119976878166,1.0
l_curve_1,664,0.03322067856788635,1.0
l_curve_1,665,0.03301042690873146,1.0
l_curve_1,666,0.032805800437927246,1.0
l_curve_1,667,0.03260916844010353,1.0
l_curve_1,668,0.03241172432899475,1.0
l_curve_1,669,0.03221548721194267,1.0
l_curve_1,670,0.032017141580581665,1.0
l_curve_1,671,0.031817492097616196,1.0
l_curve_1,672,0.03162682056427002,1.0
l_curve_1,673,0.0314374715089798,1.0
l_curve_1,674,0.031241441145539284,1.0
l_curve_1,675,0.031054502353072166,1.0
l_curve_1,676,0.03086031787097454,1.0
l_curve_1,677,0.030674131587147713,1.0
l_curve_1,678,0.030491501092910767,1.0
l_curve_1,679,0.03030914068222046,1.0
l_curve_1,680,0.030124379321932793,1.0
l_curve_1,681,0.029945075511932373,1.0
l_curve_1,682,0.029767418280243874,1.0
l_curve_1,683,0.029585152864456177,1.0
l_curve_1,684,0.029413051903247833,1.0
l_curve_1,685,0.029239440336823463,1.0
l_curve_1,686,0.029065141454339027,1.0
l_curve_1,687,0.02889227867126465,1.0
l_curve_1,688,0.028720160946249962,1.0
l_curve_1,689,0.028544804081320763,1.0
l_curve_1,690,0.028374427929520607,1.0
l_curve_1,691,0.028208842501044273,1.0
l_curve_1,692,0.028042025864124298,1.0
l_curve_1,693,0.027877705171704292,1.0
l_curve_1,694,0.02771649695932865,1.0
l_curve_1,695,0.027550896629691124,1.0
l_curve_1,696,0.027392806485295296,1.0
l_curve_1,697,0.027231300249695778,1.0
l_curve_1,698,0.02707468532025814,1.0
l_curve_1,699,0.026919564232230186,1.0
l_curve_1,700,0.02675999142229557,1.0
l_curve_1,701,0.026607811450958252,1.0
l_curve_1,702,0.02644900418817997,1.0
l_curve_1,703,0.026292309165000916,1.0
l_curve_1,704,0.026146739721298218,1.0
l_curve_1,705,0.025995830073952675,1.0
l_curve_1,706,0.02584215998649597,1.0
l_curve_1,707,0.025694765150547028,1.0
l_curve_1,708,0.02554641105234623,1.0
l_curve_1,709,0.025397196412086487,1.0
l_curve_1,710,0.02525641955435276,1.0
l_curve_1,711,0.025110026821494102,1.0
l_curve_1,712,0.024965301156044006,1.0
l_curve_1,713,0.024819806218147278,1.0
l_curve_1,714,0.024678222835063934,1.0
l_curve_1,715,0.024537911638617516,1.0
l_curve_1,716,0.0243988037109375,1.0
l_curve_1,717,0.02426017075777054,1.0
l_curve_1,718,0.024121878668665886,1.0
l_curve_1,719,0.023983830586075783,1.0
l_curve_1,720,0.0238491203635931,1.0
l_curve_1,721,0.023716943338513374,1.0
l_curve_1,722,0.02358788065612316,1.0
l_curve_1,723,0.02345292828977108,1.0
l_curve_1,724,0.023318840190768242,1.0
l_curve_1,725,0.023190289735794067,1.0
l_curve_1,726,0.023065531626343727,1.0
l_curve_1,727,0.02293393574655056,1.0
l_curve_1,728,0.022808244451880455,1.0
l_curve_1,729,0.022678473964333534,1.0
l_curve_1,730,0.022554494440555573,1.0
l_curve_1,731,0.022417301312088966,1.0
l_curve_1,732,0.022293800488114357,1.0
l_curve_1,733,0.022171728312969208,1.0
l_curve_1,734,0.02204912155866623,1.0
l_curve_1,735,0.021927690133452415,1.0
l_curve_1,736,0.021804844960570335,1.0
l_curve_1,737,0.0216834619641304,1.0
l_curve_1,738,0.021562451496720314,1.0
l_curve_1,739,0.02144760452210903,1.0
l_curve_1,740,0.021329497918486595,1.0
l_curve_1,741,0.021211734041571617,1.0
l_curve_1,742,0.021090969443321228,1.0
l_curve_1,743,0.020972879603505135,1.0
l_curve_1,744,0.020856788381934166,1.0
l_curve_1,745,0.0207452941685915,1.0
l_curve_1,746,0.020630300045013428,1.0
l_curve_1,747,0.02051113359630108,1.0
l_curve_1,748,0.020401546731591225,1.0
l_curve_1,749,0.02028946578502655,1.0
l_curve_1,750,0.02018016017973423,1.0
l_curve_1,751,0.02006935141980648,1.0
l_curve_1,752,0.019963903352618217,1.0
l_curve_1,753,0.01985289715230465,1.0
l_curve_1,754,0.019744768738746643,1.0
l_curve_1,755,0.019635099917650223,1.0
l_curve_1,756,0.019529053941369057,1.0
l_curve_1,757,0.01942230947315693,1.0
l_curve_1,758,0.01932014338672161,1.0
l_curve_1,759,0.019209079444408417,1.0
l_curve_1,760,0.01910906285047531,1.0
l_curve_1,761,0.01900777406990528,1.0
l_curve_1,762,0.018897557631134987,1.0
l_curve_1,763,0.01879988983273506,1.0
l_curve_1,764,0.01869802735745907,1.0
l_curve_1,765,0.018594752997159958,1.0
l_curve_1,766,0.018491633236408234,1.0
l_curve_1,767,0.018391700461506844,1.0
l_curve_1,768,0.018291501328349113,1.0
l_curve_1,769,0.018193351104855537,1.0
l_curve_1,770,0.018091389909386635,1.0
l_curve_1,771,0.01799776777625084,1.0
l_curve_1,772,0.017898408696055412,1.0
l_curve_1,773,0.01780179888010025,1.0
l_curve_1,774,0.017713142558932304,1.0
l_curve_1,775,0.0176184494048357,1.0
l_curve_1,776,0.01752142235636711,1.0
l_curve_1,777,0.01742820255458355,1.0
l_curve_1,778,0.017329124733805656,1.0
l_curve_1,779,0.017235131934285164,1.0
l_curve_1,780,0.01713656075298786,1.0
l_curve_1,781,0.01705247350037098,1.0
l_curve_1,782,0.016962820664048195,1.0
l_curve_1,783,0.01686783879995346,1.0
l_curve_1,784,0.016776159405708313,1.0
l_curve_1,785,0.016685422509908676,1.0
l_curve_1,786,0.016597909852862358,1.0
l_curve_1,787,0.016512176021933556,1.0
l_curve_1,788,0.016423417255282402,1.0
l_curve_1,789,0.01633428782224655,1.0
l_curve_1,790,0.016241619363427162,1.0
l_curve_1,791,0.016158169135451317,1.0
l_curve_1,792,0.016073858365416527,1.0
l_curve_1,793,0.01598343253135681,1.0
l_curve_1,794,0.01590324006974697,1.0
l_curve_1,795,0.015817558392882347,1.0
l_curve_1,796,0.015731925144791603,1.0
l_curve_1,797,0.015639541670680046,1.0
l_curve_1,798,0.015558230690658092,1.0
l_curve_1,799,0.015480698086321354,1.0
l_curve_1,800,0.015393402427434921,1.0
l_curve_1,801,0.01531030610203743,1.0
l_curve_1,802,0.015230595134198666,1.0
l_curve_1,803,0.015151339583098888,1.0
l_curve_1,804,0.015070497989654541,1.0
l_curve_1,805,0.014988069422543049,1.0
l_curve_1,806,0.014909920282661915,1.0
l_curve_1,807,0.014834940433502197,1.0
l_curve_1,808,0.014754910953342915,1.0
l_curve_1,809,0.014675281010568142,1.0
l_curve_1,810,0.014597388915717602,1.0
l_curve_1,811,0.014522978104650974,1.0
l_curve_1,812,0.014439098536968231,1.0
l_curve_1,813,0.014361090958118439,1.0
l_curve_1,814,0.014288857579231262,1.0
l_curve_1,815,0.01421386282891035,1.0
l_curve_1,816,0.014142471365630627,1.0
l_curve_1,817,0.014070491306483746,1.0
l_curve_1,818,0.013990732841193676,1.0
l_curve_1,819,0.013919398188591003,1.0
l_curve_1,820,0.013850893825292587,1.0
l_curve_1,821,0.013777355663478374,1.0
l_curve_1,822,0.013703537173569202,1.0
l_curve_1,823,0.013630724512040615,1.0
l_curve_1,824,0.013562020845711231,1.0
l_curve_1,825,0.013491231016814709,1.0
l_curve_1,826,0.013421588577330112,1.0
l_curve_1,827,0.013348746113479137,1.0
l_curve_1,828,0.013274229131639004,1.0
l_curve_1,829,0.013209323398768902,1.0
l_curve_1,830,0.013142365962266922,1.0
l_curve_1,831,0.013073074631392956,1.0
l_curve_1,832,0.013004559092223644,1.0
l_curve_1,833,0.012937975116074085,1.0
l_curve_1,834,0.012876316905021667,1.0
l_curve_1,835,0.012806065380573273,1.0
l_curve_1,836,0.012743554078042507,1.0
l_curve_1,837,0.012676174752414227,1.0
l_curve_1,838,0.012608598917722702,1.0
l_curve_1,839,0.01254608016461134,1.0
l_curve_1,840,0.01248011365532875,1.0
l_curve_1,841,0.0124174440279603,1.0
l_curve_1,842,0.01235247403383255,1.0
l_curve_1,843,0.012288123369216919,1.0
l_curve_1,844,0.012226725928485394,1.0
l_curve_1,845,0.012166840024292469,1.0
l_curve_1,846,0.012107078917324543,1.0
l_curve_1,847,0.01204035896807909,1.0
l_curve_1,848,0.011988545767962933,1.0
l_curve_1,849,0.011922537349164486,1.0
l_curve_1,850,0.011860582046210766,1.0
l_curve_1,851,0.011799397878348827,1.0
l_curve_1,852,0.011733566410839558,1.0
l_curve_1,853,0.011678427457809448,1.0
l_curve_1,854,0.01161955576390028,1.0
l_curve_1,855,0.011557905934751034,1.0
l_curve_1,856,0.011499722488224506,1.0
l_curve_1,857,0.011444634757936,1.0
l_curve_1,858,0.011380781419575214,1.0
l_curve_1,859,0.011322739534080029,1.0
l_curve_1,860,0.011267160065472126,1.0
l_curve_1,861,0.011212676763534546,1.0
l_curve_1,862,0.011156044900417328,1.0
l_curve_1,863,0.011101455427706242,1.0
l_curve_1,864,0.011042129248380661,1.0
l_curve_1,865,0.0109882652759552,1.0
l_curve_1,866,0.010935005731880665,1.0
l_curve_1,867,0.010879692621529102,1.0
l_curve_1,868,0.010825056582689285,1.0
l_curve_1,869,0.010769471526145935,1.0
l_curve_1,870,0.010713809169828892,1.0
l_curve_1,871,0.01066309679299593,1.0
l_curve_1,872,0.01060547400265932,1.0
l_curve_1,873,0.010557323694229126,1.0
l_curve_1,874,0.010501946322619915,1.0
l_curve_1,875,0.010445919819176197,1.0
l_curve_1,876,0.010395292192697525,1.0
l_curve_1,877,0.010343133471906185,1.0
l_curve_1,878,0.010290774516761303,1.0
l_curve_1,879,0.010242663323879242,1.0
l_curve_1,880,0.010195355862379074,1.0
l_curve_1,881,0.010140362195670605,1.0
l_curve_1,882,0.010088054463267326,1.0
l_curve_1,883,0.010036907158792019,1.0
l_curve_1,884,0.00998856034129858,1.0
l_curve_1,885,0.009940940886735916,1.0
l_curve_1,886,0.009892341680824757,1.0
l_curve_1,887,0.009842506609857082,1.0
l_curve_1,888,0.00979056116193533,1.0
l_curve_1,889,0.009738639928400517,1.0
l_curve_1,890,0.009696017019450665,1.0
l_curve_1,891,0.009650335647165775,1.0
l_curve_1,892,0.009602656587958336,1.0
l_curve_1,893,0.00955002661794424,1.0
l_curve_1,894,0.009505080990493298,1.0
l_curve_1,895,0.009455001913011074,1.0
l_curve_1,896,0.009410734288394451,1.0
l_curve_1,897,0.009363839402794838,1.0
l_curve_1,898,0.009316709823906422,1.0
l_curve_1,899,0.009273724630475044,1.0
l_curve_1,900,0.009229809045791626,1.0
l_curve_1,901,0.009185190312564373,1.0
l_curve_1,902,0.009140248410403728,1.0
l_curve_1,903,0.009095795452594757,1.0
l_curve_1,904,0.009048736654222012,1.0
l_curve_1,905,0.009004118852317333,1.0
l_curve_1,906,0.008960221894085407,1.0
l_curve_1,907,0.008913778699934483,1.0
l_curve_1,908,0.008869458921253681,1.0
l_curve_1,909,0.008832723833620548,1.0
l_curve_1,910,0.008787092752754688,1.0
l_curve_1,911,0.008743648417294025,1.0
l_curve_1,912,0.008701138198375702,1.0
l_curve_1,913,0.008660503663122654,1.0
l_curve_1,914,0.008620084263384342,1.0
l_curve_1,915,0.008572649210691452,1.0
l_curve_1,916,0.00853379350155592,1.0
l_curve_1,917,0.008492748253047466,1.0
l_curve_1,918,0.008454312570393085,1.0
l_curve_1,919,0.008413580246269703,1.0
l_curve_1,920,0.00837467610836029,1.0
l_curve_1,921,0.008332587778568268,1.0
l_curve_1,922,0.008290865458548069,1.0
l_curve_1,923,0.008248710073530674,1.0
l_curve_1,924,0.008204015903174877,1.0
l_curve_1,925,0.008166776038706303,1.0
l_curve_1,926,0.008131124079227448,1.0
l_curve_1,927,0.008089720271527767,1.0
l_curve_1,928,0.008055510930716991,1.0
l_curve_1,929,0.008014988154172897,1.0
l_curve_1,930,0.007973847910761833,1.0
l_curve_1,931,0.007936510257422924,1.0
l_curve_1,932,0.007893766276538372,1.0
l_curve_1,933,0.00785696879029274,1.0
l_curve_1,934,0.00782470777630806,1.0
l_curve_1,935,0.007788754999637604,1.0
l_curve_1,936,0.007742211688309908,1.0
l_curve_1,937,0.007709410507231951,1.0
l_curve_1,938,0.007674170657992363,1.0
l_curve_1,939,0.00763832638040185,1.0
l_curve_1,940,0.00760319409891963,1.0
l_curve_1,941,0.007559839636087418,1.0
l_curve_1,942,0.007523144129663706,1.0
l_curve_1,943,0.007487660273909569,1.0
l_curve_1,944,0.007452694233506918,1.0
l_curve_1,945,0.007418243680149317,1.0
l_curve_1,946,0.007380208466202021,1.0
l_curve_1,947,0.007347799371927977,1.0
l_curve_1,948,0.0073091499507427216,1.0
l_curve_1,949,0.007273138966411352,1.0
l_curve_1,950,0.00724130729213357,1.0
l_curve_1,951,0.007206363137811422,1.0
l_curve_1,952,0.0071717542596161366,1.0
l_curve_1,953,0.007139893248677254,1.0
l_curve_1,954,0.007107241544872522,1.0
l_curve_1,955,0.007069332059472799,1.0
l_curve_1,956,0.00703621469438076,1.0
l_curve_1,957,0.007003737613558769,1.0
l_curve_1,958,0.00696844607591629,1.0
l_curve_1,959,0.006936080753803253,1.0
l_curve_1,960,0.006901651155203581,1.0
l_curve_1,961,0.006869018543511629,1.0
l_curve_1,962,0.006835757289081812,1.0
l_curve_1,963,0.006804037373512983,1.0
l_curve_1,964,0.00677106948569417,1.0
l_curve_1,965,0.006739990320056677,1.0
l_curve_1,966,0.006709475070238113,1.0
l_curve_1,967,0.0066761174239218235,1.0
l_curve_1,968,0.006643496919423342,1.0
l_curve_1,969,0.006613023579120636,1.0
l_curve_1,970,0.006582342088222504,1.0
l_curve_1,971,0.006549198180437088,1.0
l_curve_1,972,0.0065199327655136585,1.0
l_curve_1,973,0.006487095262855291,1.0
l_curve_1,974,0.006457657087594271,1.0
l_curve_1,975,0.006425520870834589,1.0
l_curve_1,976,0.006396349519491196,1.0
l_curve_1,977,0.006366757210344076,1.0
l_curve_1,978,0.0063364747911691666,1.0
l_curve_1,979,0.006305968854576349,1.0
l_curve_1,980,0.006273036357015371,1.0
l_curve_1,981,0.006247249897569418,1.0
l_curve_1,982,0.0062205009162425995,1.0
l_curve_1,983,0.006192608270794153,1.0
l_curve_1,984,0.0061623104847967625,1.0
l_curve_1,985,0.006131328642368317,1.0
l_curve_1,986,0.0061022392474114895,1.0
l_curve_1,987,0.006074955221265554,1.0
l_curve_1,988,0.006044974084943533,1.0
l_curve_1,989,0.006018867250531912,1.0
l_curve_1,990,0.005986788775771856,1.0
l_curve_1,991,0.005957257002592087,1.0
l_curve_1,992,0.005931373685598373,1.0
l_curve_1,993,0.005900673568248749,1.0
l_curve_1,994,0.005876567680388689,1.0
l_curve_1,995,0.005845248699188232,1.0
l_curve_1,996,0.005818385165184736,1.0
l_curve_1,997,0.005792886018753052,1.0
l_curve_1,998,0.005767141934484243,1.0
l_curve_1,999,0.005740309599786997,1.0
l_curve_1,1000,0.0057135638780891895,1.0
l_curve_1,1000,0.0057135638780891895,1.0
