client,round,loss,accuracy
l_curve_5,1,0.5590880513191223,0.7083333134651184
l_curve_5,2,0.5438194870948792,0.7916666865348816
l_curve_5,3,0.5299225449562073,0.7916666865348816
l_curve_5,4,0.517332136631012,0.7916666865348816
l_curve_5,5,0.5058779716491699,0.8333333134651184
l_curve_5,6,0.49540209770202637,0.8333333134651184
l_curve_5,7,0.4856938421726227,0.8333333134651184
l_curve_5,8,0.4768035411834717,0.8333333134651184
l_curve_5,9,0.4685448706150055,0.8333333134651184
l_curve_5,10,0.460837721824646,0.8333333134651184
l_curve_5,11,0.4536844789981842,0.8333333134651184
l_curve_5,12,0.4470013678073883,0.8333333134651184
l_curve_5,13,0.44078323245048523,0.8333333134651184
l_curve_5,14,0.4349539279937744,0.8333333134651184
l_curve_5,15,0.4294928014278412,0.8333333134651184
l_curve_5,16,0.4244173765182495,0.8333333134651184
l_curve_5,17,0.41966572403907776,0.8333333134651184
l_curve_5,18,0.4151988923549652,0.8333333134651184
l_curve_5,19,0.4110216796398163,0.8333333134651184
l_curve_5,20,0.4070925712585449,0.8333333134651184
l_curve_5,21,0.4034036695957184,0.8333333134651184
l_curve_5,22,0.3999284505844116,0.8333333134651184
l_curve_5,23,0.39666736125946045,0.8333333134651184
l_curve_5,24,0.3935791552066803,0.8333333134651184
l_curve_5,25,0.390667587518692,0.8333333134651184
l_curve_5,26,0.38791584968566895,0.8333333134651184
l_curve_5,27,0.3852783739566803,0.8333333134651184
l_curve_5,28,0.38279208540916443,0.8333333134651184
l_curve_5,29,0.3804257810115814,0.8333333134651184
l_curve_5,30,0.37817904353141785,0.8333333134651184
l_curve_5,31,0.3760298788547516,0.8333333134651184
l_curve_5,32,0.3739720582962036,0.8333333134651184
l_curve_5,33,0.3719971179962158,0.8333333134651184
l_curve_5,34,0.37010452151298523,0.8333333134651184
l_curve_5,35,0.36829236149787903,0.8333333134651184
l_curve_5,36,0.36655130982398987,0.8333333134651184
l_curve_5,37,0.364879846572876,0.7916666865348816
l_curve_5,38,0.36326393485069275,0.7916666865348816
l_curve_5,39,0.36173009872436523,0.7916666865348816
l_curve_5,40,0.36023497581481934,0.7916666865348816
l_curve_5,41,0.3587869107723236,0.7916666865348816
l_curve_5,42,0.35741519927978516,0.7916666865348816
l_curve_5,43,0.35609138011932373,0.7916666865348816
l_curve_5,44,0.3548336923122406,0.7916666865348816
l_curve_5,45,0.3536139726638794,0.7916666865348816
l_curve_5,46,0.3524564802646637,0.7916666865348816
l_curve_5,47,0.3513316810131073,0.7916666865348816
l_curve_5,48,0.3502507209777832,0.7916666865348816
l_curve_5,49,0.34924325346946716,0.7916666865348816
l_curve_5,50,0.34824085235595703,0.7916666865348816
l_curve_5,51,0.3473190367221832,0.7916666865348816
l_curve_5,52,0.3464547097682953,0.7916666865348816
l_curve_5,53,0.3455890119075775,0.7916666865348816
l_curve_5,54,0.3448094427585602,0.7916666865348816
l_curve_5,55,0.3440342843532562,0.7916666865348816
l_curve_5,56,0.3432791531085968,0.7916666865348816
l_curve_5,57,0.34258484840393066,0.7916666865348816
l_curve_5,58,0.3420083522796631,0.7916666865348816
l_curve_5,59,0.3414100408554077,0.7916666865348816
l_curve_5,60,0.34076666831970215,0.7916666865348816
l_curve_5,61,0.3402523994445801,0.7916666865348816
l_curve_5,62,0.33976981043815613,0.8333333134651184
l_curve_5,63,0.3393385112285614,0.8333333134651184
l_curve_5,64,0.3389127254486084,0.8333333134651184
l_curve_5,65,0.3385138511657715,0.8333333134651184
l_curve_5,66,0.3381267488002777,0.8333333134651184
l_curve_5,67,0.33780887722969055,0.8333333134651184
l_curve_5,68,0.33746638894081116,0.8333333134651184
l_curve_5,69,0.3371976912021637,0.8333333134651184
l_curve_5,70,0.33692821860313416,0.8333333134651184
l_curve_5,71,0.3366643488407135,0.8333333134651184
l_curve_5,72,0.33641505241394043,0.8333333134651184
l_curve_5,73,0.3362389802932739,0.8333333134651184
l_curve_5,74,0.3361140191555023,0.8333333134651184
l_curve_5,75,0.3358790874481201,0.8333333134651184
l_curve_5,76,0.33573034405708313,0.8333333134651184
l_curve_5,77,0.3355851173400879,0.875
l_curve_5,78,0.3354640305042267,0.875
l_curve_5,79,0.33537888526916504,0.875
l_curve_5,80,0.3352748453617096,0.875
l_curve_5,81,0.33516809344291687,0.875
l_curve_5,82,0.3351447880268097,0.875
l_curve_5,83,0.33506593108177185,0.875
l_curve_5,84,0.3350450098514557,0.875
l_curve_5,85,0.33497390151023865,0.875
l_curve_5,86,0.3350144624710083,0.9166666865348816
l_curve_5,87,0.33498725295066833,0.9166666865348816
l_curve_5,88,0.3349520266056061,0.9166666865348816
l_curve_5,89,0.33493897318840027,0.9166666865348816
l_curve_5,90,0.3349490165710449,0.9166666865348816
l_curve_5,91,0.33496811985969543,0.9166666865348816
l_curve_5,92,0.3350094258785248,0.9166666865348816
l_curve_5,93,0.3350367546081543,0.9166666865348816
l_curve_5,94,0.3350398540496826,0.9166666865348816
l_curve_5,95,0.335018128156662,0.9166666865348816
l_curve_5,96,0.3350977599620819,0.9166666865348816
l_curve_5,97,0.33505281805992126,0.9166666865348816
l_curve_5,98,0.33507776260375977,0.9166666865348816
l_curve_5,99,0.3351958692073822,0.9166666865348816
l_curve_5,100,0.3352498710155487,0.9166666865348816
l_curve_5,101,0.33535611629486084,0.9166666865348816
l_curve_5,102,0.3353484570980072,0.9166666865348816
l_curve_5,103,0.3353978097438812,0.9166666865348816
l_curve_5,104,0.3354598581790924,0.9166666865348816
l_curve_5,105,0.3354770243167877,0.9166666865348816
l_curve_5,106,0.33546796441078186,0.9166666865348816
l_curve_5,107,0.33551597595214844,0.9166666865348816
l_curve_5,108,0.33558598160743713,0.9166666865348816
l_curve_5,109,0.3356703221797943,0.9166666865348816
l_curve_5,110,0.33573922514915466,0.9166666865348816
l_curve_5,111,0.33580777049064636,0.9166666865348816
l_curve_5,112,0.33580100536346436,0.9166666865348816
l_curve_5,113,0.33595964312553406,0.9166666865348816
l_curve_5,114,0.33599141240119934,0.9166666865348816
l_curve_5,115,0.33599796891212463,0.9166666865348816
l_curve_5,116,0.3360660970211029,0.9166666865348816
l_curve_5,117,0.33614444732666016,0.9166666865348816
l_curve_5,118,0.3362307846546173,0.9166666865348816
l_curve_5,119,0.3362671434879303,0.9166666865348816
l_curve_5,120,0.3363421857357025,0.9166666865348816
l_curve_5,121,0.33636388182640076,0.9166666865348816
l_curve_5,122,0.3364087641239166,0.9166666865348816
l_curve_5,123,0.33645662665367126,0.9166666865348816
l_curve_5,124,0.336524099111557,0.9166666865348816
l_curve_5,125,0.33661332726478577,0.9166666865348816
l_curve_5,126,0.33668777346611023,0.9166666865348816
l_curve_5,127,0.3366309702396393,0.9166666865348816
l_curve_5,128,0.33678558468818665,0.9166666865348816
l_curve_5,129,0.33678731322288513,0.9166666865348816
l_curve_5,130,0.3368047773838043,0.9166666865348816
l_curve_5,131,0.33688533306121826,0.9166666865348816
l_curve_5,132,0.3367847502231598,0.9166666865348816
l_curve_5,133,0.3369303047657013,0.9166666865348816
l_curve_5,134,0.33697402477264404,0.9166666865348816
l_curve_5,135,0.3369669020175934,0.9166666865348816
l_curve_5,136,0.33710503578186035,0.9166666865348816
l_curve_5,137,0.3371744155883789,0.9166666865348816
l_curve_5,138,0.33715757727622986,0.9166666865348816
l_curve_5,139,0.33725306391716003,0.9166666865348816
l_curve_5,140,0.33730730414390564,0.9166666865348816
l_curve_5,141,0.33738112449645996,0.9166666865348816
l_curve_5,142,0.3373584449291229,0.9166666865348816
l_curve_5,143,0.3373946249485016,0.9166666865348816
l_curve_5,144,0.3373902142047882,0.9166666865348816
l_curve_5,145,0.33747681975364685,0.9166666865348816
l_curve_5,146,0.33750149607658386,0.9166666865348816
l_curve_5,147,0.33750078082084656,0.9166666865348816
l_curve_5,148,0.33747348189353943,0.9166666865348816
l_curve_5,149,0.3374992907047272,0.9166666865348816
l_curve_5,150,0.3376137316226959,0.9166666865348816
l_curve_5,151,0.3376646935939789,0.9166666865348816
l_curve_5,152,0.337699294090271,0.9166666865348816
l_curve_5,153,0.3377286493778229,0.9166666865348816
l_curve_5,154,0.33779990673065186,0.9166666865348816
l_curve_5,155,0.33777764439582825,0.9166666865348816
l_curve_5,156,0.33774277567863464,0.9166666865348816
l_curve_5,157,0.3377965986728668,0.9166666865348816
l_curve_5,158,0.33779051899909973,0.9166666865348816
l_curve_5,159,0.3378349244594574,0.9166666865348816
l_curve_5,160,0.3378649950027466,0.9166666865348816
l_curve_5,161,0.337910920381546,0.9166666865348816
l_curve_5,162,0.33797821402549744,0.9166666865348816
l_curve_5,163,0.33796700835227966,0.9166666865348816
l_curve_5,164,0.3381136953830719,0.9166666865348816
l_curve_5,165,0.3379826843738556,0.9166666865348816
l_curve_5,166,0.3380739390850067,0.9166666865348816
l_curve_5,167,0.33808615803718567,0.9166666865348816
l_curve_5,168,0.3380111753940582,0.9166666865348816
l_curve_5,169,0.33806777000427246,0.9166666865348816
l_curve_5,170,0.3381178677082062,0.9166666865348816
l_curve_5,171,0.3381381928920746,0.9166666865348816
l_curve_5,172,0.338186115026474,0.9166666865348816
l_curve_5,173,0.33817175030708313,0.9166666865348816
l_curve_5,174,0.3381531238555908,0.9166666865348816
l_curve_5,175,0.3380606472492218,0.9166666865348816
l_curve_5,176,0.33812379837036133,0.9166666865348816
l_curve_5,177,0.33819177746772766,0.9166666865348816
l_curve_5,178,0.338112473487854,0.9166666865348816
l_curve_5,179,0.3382136821746826,0.875
l_curve_5,180,0.33815836906433105,0.875
l_curve_5,181,0.3382889926433563,0.875
l_curve_5,182,0.33825793862342834,0.875
l_curve_5,183,0.3382023274898529,0.875
l_curve_5,184,0.33831286430358887,0.875
l_curve_5,185,0.3383244276046753,0.875
l_curve_5,186,0.33820879459381104,0.875
l_curve_5,187,0.33821749687194824,0.875
l_curve_5,188,0.33830317854881287,0.875
l_curve_5,189,0.33833789825439453,0.875
l_curve_5,190,0.33834680914878845,0.875
l_curve_5,191,0.33832821249961853,0.875
l_curve_5,192,0.3383055627346039,0.875
l_curve_5,193,0.3382621705532074,0.875
l_curve_5,194,0.3383486568927765,0.875
l_curve_5,195,0.33837270736694336,0.875
l_curve_5,196,0.3382691442966461,0.875
l_curve_5,197,0.33837494254112244,0.875
l_curve_5,198,0.3383045196533203,0.875
l_curve_5,199,0.33831119537353516,0.875
l_curve_5,200,0.3383082449436188,0.875
l_curve_5,201,0.3383457660675049,0.875
l_curve_5,202,0.33829498291015625,0.875
l_curve_5,203,0.33827194571495056,0.875
l_curve_5,204,0.3382023274898529,0.875
l_curve_5,205,0.33819010853767395,0.875
l_curve_5,206,0.3383242189884186,0.875
l_curve_5,207,0.33818677067756653,0.875
l_curve_5,208,0.3382013738155365,0.875
l_curve_5,209,0.3383018970489502,0.875
l_curve_5,210,0.33823081851005554,0.875
l_curve_5,211,0.3382183015346527,0.875
l_curve_5,212,0.3380958139896393,0.875
l_curve_5,213,0.33819881081581116,0.875
l_curve_5,214,0.33828410506248474,0.875
l_curve_5,215,0.3382234275341034,0.875
l_curve_5,216,0.3381197452545166,0.875
l_curve_5,217,0.3381827771663666,0.875
l_curve_5,218,0.3381417691707611,0.875
l_curve_5,219,0.33804944157600403,0.875
l_curve_5,220,0.33804869651794434,0.875
l_curve_5,221,0.3380931317806244,0.875
l_curve_5,222,0.3381105363368988,0.875
l_curve_5,223,0.3380035161972046,0.875
l_curve_5,224,0.33806681632995605,0.875
l_curve_5,225,0.3379956781864166,0.875
l_curve_5,226,0.3380136489868164,0.875
l_curve_5,227,0.3379298150539398,0.875
l_curve_5,228,0.33799347281455994,0.875
l_curve_5,229,0.3379734456539154,0.875
l_curve_5,230,0.33796095848083496,0.875
l_curve_5,231,0.3377757966518402,0.875
l_curve_5,232,0.3378787934780121,0.875
l_curve_5,233,0.33784008026123047,0.875
l_curve_5,234,0.33776578307151794,0.875
l_curve_5,235,0.3377263844013214,0.875
l_curve_5,236,0.3376493453979492,0.875
l_curve_5,237,0.3375849723815918,0.875
l_curve_5,238,0.33766064047813416,0.875
l_curve_5,239,0.3376655578613281,0.875
l_curve_5,240,0.33756914734840393,0.875
l_curve_5,241,0.33764204382896423,0.875
l_curve_5,242,0.3375564515590668,0.875
l_curve_5,243,0.337628036737442,0.875
l_curve_5,244,0.3375614583492279,0.875
l_curve_5,245,0.3375307321548462,0.875
l_curve_5,246,0.3373970091342926,0.875
l_curve_5,247,0.33735743165016174,0.875
l_curve_5,248,0.33720505237579346,0.875
l_curve_5,249,0.3372301757335663,0.875
l_curve_5,250,0.33721527457237244,0.875
l_curve_5,251,0.33725103735923767,0.875
l_curve_5,252,0.33721616864204407,0.875
l_curve_5,253,0.3371818959712982,0.875
l_curve_5,254,0.33701518177986145,0.875
l_curve_5,255,0.3369923532009125,0.875
l_curve_5,256,0.33691611886024475,0.875
l_curve_5,257,0.3368879556655884,0.875
l_curve_5,258,0.33692625164985657,0.8333333134651184
l_curve_5,259,0.33686861395835876,0.8333333134651184
l_curve_5,260,0.3367893695831299,0.8333333134651184
l_curve_5,261,0.336763471364975,0.8333333134651184
l_curve_5,262,0.3365647792816162,0.8333333134651184
l_curve_5,263,0.3364253342151642,0.8333333134651184
l_curve_5,264,0.33646440505981445,0.8333333134651184
l_curve_5,265,0.33647727966308594,0.8333333134651184
l_curve_5,266,0.33634790778160095,0.8333333134651184
l_curve_5,267,0.33626046776771545,0.8333333134651184
l_curve_5,268,0.3361701965332031,0.8333333134651184
l_curve_5,269,0.3362100124359131,0.8333333134651184
l_curve_5,270,0.3361422121524811,0.8333333134651184
l_curve_5,271,0.3360695540904999,0.8333333134651184
l_curve_5,272,0.33588841557502747,0.8333333134651184
l_curve_5,273,0.33587363362312317,0.8333333134651184
l_curve_5,274,0.33573880791664124,0.8333333134651184
l_curve_5,275,0.3356470763683319,0.8333333134651184
l_curve_5,276,0.3356306552886963,0.8333333134651184
l_curve_5,277,0.3355593681335449,0.8333333134651184
l_curve_5,278,0.3355681896209717,0.8333333134651184
l_curve_5,279,0.33540916442871094,0.8333333134651184
l_curve_5,280,0.3353457450866699,0.8333333134651184
l_curve_5,281,0.33523669838905334,0.8333333134651184
l_curve_5,282,0.33517053723335266,0.8333333134651184
l_curve_5,283,0.3349893391132355,0.8333333134651184
l_curve_5,284,0.33497342467308044,0.8333333134651184
l_curve_5,285,0.33485397696495056,0.8333333134651184
l_curve_5,286,0.33481845259666443,0.8333333134651184
l_curve_5,287,0.33469894528388977,0.8333333134651184
l_curve_5,288,0.33451271057128906,0.8333333134651184
l_curve_5,289,0.3344140946865082,0.8333333134651184
l_curve_5,290,0.33443379402160645,0.8333333134651184
l_curve_5,291,0.3343275785446167,0.8333333134651184
l_curve_5,292,0.33424630761146545,0.8333333134651184
l_curve_5,293,0.3340761363506317,0.8333333134651184
l_curve_5,294,0.3340219259262085,0.8333333134651184
l_curve_5,295,0.3339972496032715,0.8333333134651184
l_curve_5,296,0.333895206451416,0.8333333134651184
l_curve_5,297,0.33371666073799133,0.8333333134651184
l_curve_5,298,0.33346888422966003,0.8333333134651184
l_curve_5,299,0.33348074555397034,0.8333333134651184
l_curve_5,300,0.33326926827430725,0.8333333134651184
l_curve_5,301,0.33302977681159973,0.8333333134651184
l_curve_5,302,0.3330850303173065,0.8333333134651184
l_curve_5,303,0.33301007747650146,0.8333333134651184
l_curve_5,304,0.3328598439693451,0.8333333134651184
l_curve_5,305,0.3325965106487274,0.8333333134651184
l_curve_5,306,0.3325490653514862,0.8333333134651184
l_curve_5,307,0.33247634768486023,0.8333333134651184
l_curve_5,308,0.33236703276634216,0.8333333134651184
l_curve_5,309,0.3320157825946808,0.8333333134651184
l_curve_5,310,0.33184126019477844,0.8333333134651184
l_curve_5,311,0.3318466544151306,0.8333333134651184
l_curve_5,312,0.33176112174987793,0.8333333134651184
l_curve_5,313,0.3315821886062622,0.8333333134651184
l_curve_5,314,0.33139553666114807,0.8333333134651184
l_curve_5,315,0.3312951326370239,0.8333333134651184
l_curve_5,316,0.33117637038230896,0.8333333134651184
l_curve_5,317,0.33103513717651367,0.8333333134651184
l_curve_5,318,0.3308502733707428,0.8333333134651184
l_curve_5,319,0.3305818736553192,0.8333333134651184
l_curve_5,320,0.3305248022079468,0.8333333134651184
l_curve_5,321,0.3303341567516327,0.8333333134651184
l_curve_5,322,0.33001163601875305,0.8333333134651184
l_curve_5,323,0.3298999071121216,0.8333333134651184
l_curve_5,324,0.32971933484077454,0.8333333134651184
l_curve_5,325,0.32944023609161377,0.8333333134651184
l_curve_5,326,0.329446405172348,0.8333333134651184
l_curve_5,327,0.3291725814342499,0.8333333134651184
l_curve_5,328,0.3289845585823059,0.8333333134651184
l_curve_5,329,0.32889142632484436,0.8333333134651184
l_curve_5,330,0.32864153385162354,0.8333333134651184
l_curve_5,331,0.3283514678478241,0.8333333134651184
l_curve_5,332,0.32813799381256104,0.8333333134651184
l_curve_5,333,0.32801249623298645,0.8333333134651184
l_curve_5,334,0.3278347849845886,0.8333333134651184
l_curve_5,335,0.3276224434375763,0.8333333134651184
l_curve_5,336,0.3273431956768036,0.8333333134651184
l_curve_5,337,0.3271273672580719,0.8333333134651184
l_curve_5,338,0.32693490386009216,0.8333333134651184
l_curve_5,339,0.3266626298427582,0.8333333134651184
l_curve_5,340,0.32645609974861145,0.8333333134651184
l_curve_5,341,0.32628050446510315,0.8333333134651184
l_curve_5,342,0.32609596848487854,0.8333333134651184
l_curve_5,343,0.3257119655609131,0.8333333134651184
l_curve_5,344,0.32555583119392395,0.8333333134651184
l_curve_5,345,0.32525721192359924,0.8333333134651184
l_curve_5,346,0.3250368535518646,0.8333333134651184
l_curve_5,347,0.32482120394706726,0.8333333134651184
l_curve_5,348,0.3245828151702881,0.8333333134651184
l_curve_5,349,0.3243456780910492,0.8333333134651184
l_curve_5,350,0.3240329325199127,0.8333333134651184
l_curve_5,351,0.3237170875072479,0.8333333134651184
l_curve_5,352,0.32334569096565247,0.8333333134651184
l_curve_5,353,0.32311367988586426,0.8333333134651184
l_curve_5,354,0.32278111577033997,0.8333333134651184
l_curve_5,355,0.3225792944431305,0.8333333134651184
l_curve_5,356,0.3222813308238983,0.8333333134651184
l_curve_5,357,0.32199838757514954,0.8333333134651184
l_curve_5,358,0.32168838381767273,0.8333333134651184
l_curve_5,359,0.3213924467563629,0.8333333134651184
l_curve_5,360,0.3210701048374176,0.8333333134651184
l_curve_5,361,0.3206939697265625,0.8333333134651184
l_curve_5,362,0.3204280138015747,0.8333333134651184
l_curve_5,363,0.32020291686058044,0.8333333134651184
l_curve_5,364,0.31980910897254944,0.8333333134651184
l_curve_5,365,0.31942644715309143,0.8333333134651184
l_curve_5,366,0.31924304366111755,0.8333333134651184
l_curve_5,367,0.3188469111919403,0.8333333134651184
l_curve_5,368,0.318477988243103,0.8333333134651184
l_curve_5,369,0.31806480884552,0.8333333134651184
l_curve_5,370,0.3176712691783905,0.8333333134651184
l_curve_5,371,0.31723666191101074,0.8333333134651184
l_curve_5,372,0.3169825077056885,0.8333333134651184
l_curve_5,373,0.3165174722671509,0.8333333134651184
l_curve_5,374,0.31625697016716003,0.8333333134651184
l_curve_5,375,0.31565794348716736,0.8333333134651184
l_curve_5,376,0.3154073655605316,0.8333333134651184
l_curve_5,377,0.31517425179481506,0.8333333134651184
l_curve_5,378,0.31457746028900146,0.8333333134651184
l_curve_5,379,0.31408950686454773,0.8333333134651184
l_curve_5,380,0.31382811069488525,0.8333333134651184
l_curve_5,381,0.3134271800518036,0.8333333134651184
l_curve_5,382,0.3130057156085968,0.8333333134651184
l_curve_5,383,0.3125365972518921,0.8333333134651184
l_curve_5,384,0.3121456801891327,0.8333333134651184
l_curve_5,385,0.31156471371650696,0.8333333134651184
l_curve_5,386,0.3111428916454315,0.8333333134651184
l_curve_5,387,0.31070059537887573,0.8333333134651184
l_curve_5,388,0.31023308634757996,0.8333333134651184
l_curve_5,389,0.3096548616886139,0.8333333134651184
l_curve_5,390,0.30918022990226746,0.8333333134651184
l_curve_5,391,0.30872616171836853,0.8333333134651184
l_curve_5,392,0.3082183301448822,0.8333333134651184
l_curve_5,393,0.3076556622982025,0.8333333134651184
l_curve_5,394,0.30723074078559875,0.8333333134651184
l_curve_5,395,0.3065812587738037,0.8333333134651184
l_curve_5,396,0.30619940161705017,0.8333333134651184
l_curve_5,397,0.30561891198158264,0.8333333134651184
l_curve_5,398,0.30496808886528015,0.8333333134651184
l_curve_5,399,0.3042670786380768,0.8333333134651184
l_curve_5,400,0.3038214147090912,0.8333333134651184
l_curve_5,401,0.30317214131355286,0.8333333134651184
l_curve_5,402,0.302634596824646,0.8333333134651184
l_curve_5,403,0.30193600058555603,0.8333333134651184
l_curve_5,404,0.3014443814754486,0.8333333134651184
l_curve_5,405,0.3008541166782379,0.8333333134651184
l_curve_5,406,0.3000698983669281,0.8333333134651184
l_curve_5,407,0.29942765831947327,0.8333333134651184
l_curve_5,408,0.2987373173236847,0.8333333134651184
l_curve_5,409,0.298087477684021,0.8333333134651184
l_curve_5,410,0.2974342107772827,0.8333333134651184
l_curve_5,411,0.2968524694442749,0.8333333134651184
l_curve_5,412,0.2959307134151459,0.8333333134651184
l_curve_5,413,0.2952369153499603,0.8333333134651184
l_curve_5,414,0.2946205735206604,0.8333333134651184
l_curve_5,415,0.29384198784828186,0.8333333134651184
l_curve_5,416,0.292958527803421,0.8333333134651184
l_curve_5,417,0.292344868183136,0.8333333134651184
l_curve_5,418,0.29158151149749756,0.8333333134651184
l_curve_5,419,0.29078319668769836,0.8333333134651184
l_curve_5,420,0.29001501202583313,0.8333333134651184
l_curve_5,421,0.28905776143074036,0.8333333134651184
l_curve_5,422,0.2882198393344879,0.8333333134651184
l_curve_5,423,0.2874273955821991,0.8333333134651184
l_curve_5,424,0.28660956025123596,0.8333333134651184
l_curve_5,425,0.2856360673904419,0.8333333134651184
l_curve_5,426,0.28490087389945984,0.8333333134651184
l_curve_5,427,0.2840102016925812,0.8333333134651184
l_curve_5,428,0.28309372067451477,0.8333333134651184
l_curve_5,429,0.28226763010025024,0.8333333134651184
l_curve_5,430,0.2813624441623688,0.8333333134651184
l_curve_5,431,0.28047624230384827,0.8333333134651184
l_curve_5,432,0.2793254852294922,0.8333333134651184
l_curve_5,433,0.2784627377986908,0.8333333134651184
l_curve_5,434,0.27742505073547363,0.8333333134651184
l_curve_5,435,0.2765503525733948,0.8333333134651184
l_curve_5,436,0.27558740973472595,0.8333333134651184
l_curve_5,437,0.2746303081512451,0.8333333134651184
l_curve_5,438,0.2736319899559021,0.8333333134651184
l_curve_5,439,0.2725942134857178,0.8333333134651184
l_curve_5,440,0.2717477083206177,0.8333333134651184
l_curve_5,441,0.2706463634967804,0.8333333134651184
l_curve_5,442,0.26960548758506775,0.875
l_curve_5,443,0.268462210893631,0.875
l_curve_5,444,0.2674218416213989,0.875
l_curve_5,445,0.2663780152797699,0.875
l_curve_5,446,0.2653895318508148,0.875
l_curve_5,447,0.26426592469215393,0.875
l_curve_5,448,0.2632216513156891,0.875
l_curve_5,449,0.26215553283691406,0.875
l_curve_5,450,0.260964035987854,0.875
l_curve_5,451,0.2599351108074188,0.875
l_curve_5,452,0.2587956488132477,0.875
l_curve_5,453,0.25764861702919006,0.875
l_curve_5,454,0.2565893828868866,0.875
l_curve_5,455,0.2554837763309479,0.875
l_curve_5,456,0.2542169988155365,0.875
l_curve_5,457,0.25318801403045654,0.875
l_curve_5,458,0.2520110309123993,0.875
l_curve_5,459,0.25084277987480164,0.875
l_curve_5,460,0.24969907104969025,0.875
l_curve_5,461,0.24849005043506622,0.875
l_curve_5,462,0.24742476642131805,0.875
l_curve_5,463,0.24629360437393188,0.875
l_curve_5,464,0.24511535465717316,0.875
l_curve_5,465,0.24386447668075562,0.875
l_curve_5,466,0.2427247315645218,0.875
l_curve_5,467,0.24145175516605377,0.875
l_curve_5,468,0.2402593344449997,0.875
l_curve_5,469,0.2390425205230713,0.875
l_curve_5,470,0.23787148296833038,0.875
l_curve_5,471,0.23667185008525848,0.875
l_curve_5,472,0.23536141216754913,0.875
l_curve_5,473,0.23430214822292328,0.875
l_curve_5,474,0.23315012454986572,0.875
l_curve_5,475,0.23186951875686646,0.875
l_curve_5,476,0.2307441681623459,0.875
l_curve_5,477,0.22958223521709442,0.875
l_curve_5,478,0.22832602262496948,0.875
l_curve_5,479,0.22706317901611328,0.875
l_curve_5,480,0.22581712901592255,0.875
l_curve_5,481,0.22468094527721405,0.875
l_curve_5,482,0.223460391163826,0.875
l_curve_5,483,0.22211605310440063,0.875
l_curve_5,484,0.22100453078746796,0.875
l_curve_5,485,0.21989727020263672,0.875
l_curve_5,486,0.21866948902606964,0.875
l_curve_5,487,0.21745486557483673,0.875
l_curve_5,488,0.21629922091960907,0.875
l_curve_5,489,0.21505706012248993,0.875
l_curve_5,490,0.2138591855764389,0.875
l_curve_5,491,0.2126404047012329,0.875
l_curve_5,492,0.21144670248031616,0.875
l_curve_5,493,0.21029776334762573,0.9166666865348816
l_curve_5,494,0.2090645283460617,0.9166666865348816
l_curve_5,495,0.2078934758901596,0.9166666865348816
l_curve_5,496,0.2066340297460556,0.9166666865348816
l_curve_5,497,0.20554232597351074,0.9166666865348816
l_curve_5,498,0.20431733131408691,0.9166666865348816
l_curve_5,499,0.20313255488872528,0.9166666865348816
l_curve_5,500,0.201939657330513,0.9166666865348816
l_curve_5,501,0.2007426768541336,0.9166666865348816
l_curve_5,502,0.19956515729427338,0.9166666865348816
l_curve_5,503,0.19838494062423706,0.9166666865348816
l_curve_5,504,0.19724999368190765,0.9166666865348816
l_curve_5,505,0.19609896838665009,0.9166666865348816
l_curve_5,506,0.1949404627084732,0.9166666865348816
l_curve_5,507,0.19376309216022491,0.9166666865348816
l_curve_5,508,0.1926179975271225,0.9166666865348816
l_curve_5,509,0.1913696974515915,0.9166666865348816
l_curve_5,510,0.19023744761943817,0.9166666865348816
l_curve_5,511,0.18907421827316284,0.9166666865348816
l_curve_5,512,0.1879776269197464,0.9166666865348816
l_curve_5,513,0.18689610064029694,0.9166666865348816
l_curve_5,514,0.18565160036087036,0.9166666865348816
l_curve_5,515,0.1845061331987381,0.9166666865348816
l_curve_5,516,0.1833600401878357,0.9166666865348816
l_curve_5,517,0.1823330968618393,0.9166666865348816
l_curve_5,518,0.18113215267658234,0.9166666865348816
l_curve_5,519,0.18001043796539307,0.9166666865348816
l_curve_5,520,0.17884588241577148,0.9166666865348816
l_curve_5,521,0.17775492370128632,0.9166666865348816
l_curve_5,522,0.17659829556941986,0.9166666865348816
l_curve_5,523,0.17547588050365448,0.9166666865348816
l_curve_5,524,0.17436164617538452,0.9166666865348816
l_curve_5,525,0.1732987016439438,0.9166666865348816
l_curve_5,526,0.172247052192688,0.9166666865348816
l_curve_5,527,0.17114417254924774,0.9166666865348816
l_curve_5,528,0.1699647158384323,0.9166666865348816
l_curve_5,529,0.16882741451263428,0.9166666865348816
l_curve_5,530,0.16782037913799286,0.9166666865348816
l_curve_5,531,0.16677363216876984,0.9166666865348816
l_curve_5,532,0.16568325459957123,0.9166666865348816
l_curve_5,533,0.16457028687000275,0.9166666865348816
l_curve_5,534,0.16354617476463318,0.9166666865348816
l_curve_5,535,0.16249282658100128,0.9166666865348816
l_curve_5,536,0.16137199103832245,0.9166666865348816
l_curve_5,537,0.16038024425506592,0.9166666865348816
l_curve_5,538,0.15926864743232727,0.9166666865348816
l_curve_5,539,0.1582399159669876,0.9166666865348816
l_curve_5,540,0.1571461409330368,0.9166666865348816
l_curve_5,541,0.15616001188755035,0.9166666865348816
l_curve_5,542,0.15510696172714233,0.9166666865348816
l_curve_5,543,0.15404675900936127,0.9166666865348816
l_curve_5,544,0.1531088501214981,0.9166666865348816
l_curve_5,545,0.15206213295459747,0.9166666865348816
l_curve_5,546,0.1510808914899826,0.9166666865348816
l_curve_5,547,0.15012742578983307,0.9166666865348816
l_curve_5,548,0.14911387860774994,0.9166666865348816
l_curve_5,549,0.1480627804994583,0.9166666865348816
l_curve_5,550,0.1470365673303604,0.9166666865348816
l_curve_5,551,0.1461016982793808,0.9166666865348816
l_curve_5,552,0.14511345326900482,0.9166666865348816
l_curve_5,553,0.14414681494235992,0.9166666865348816
l_curve_5,554,0.14318710565567017,0.9166666865348816
l_curve_5,555,0.14222446084022522,0.9583333134651184
l_curve_5,556,0.14126627147197723,0.9583333134651184
l_curve_5,557,0.1402854323387146,1.0
l_curve_5,558,0.13935734331607819,1.0
l_curve_5,559,0.13836723566055298,1.0
l_curve_5,560,0.1374945044517517,1.0
l_curve_5,561,0.13651220500469208,1.0
l_curve_5,562,0.1356203258037567,1.0
l_curve_5,563,0.13475020229816437,1.0
l_curve_5,564,0.13378512859344482,1.0
l_curve_5,565,0.13284127414226532,1.0
l_curve_5,566,0.1319449245929718,1.0
l_curve_5,567,0.13107430934906006,1.0
l_curve_5,568,0.1301344484090805,1.0
l_curve_5,569,0.12931598722934723,1.0
l_curve_5,570,0.12842322885990143,1.0
l_curve_5,571,0.1275240182876587,1.0
l_curve_5,572,0.1267136186361313,1.0
l_curve_5,573,0.12579445540905,1.0
l_curve_5,574,0.12492257356643677,1.0
l_curve_5,575,0.12402524799108505,1.0
l_curve_5,576,0.12323236465454102,1.0
l_curve_5,577,0.12237127870321274,1.0
l_curve_5,578,0.12149394303560257,1.0
l_curve_5,579,0.12067088484764099,1.0
l_curve_5,580,0.11984875798225403,1.0
l_curve_5,581,0.11903667449951172,1.0
l_curve_5,582,0.1182231530547142,1.0
l_curve_5,583,0.11736991256475449,1.0
l_curve_5,584,0.11662598699331284,1.0
l_curve_5,585,0.11574641615152359,1.0
l_curve_5,586,0.11498445272445679,1.0
l_curve_5,587,0.11420343071222305,1.0
l_curve_5,588,0.11347305029630661,1.0
l_curve_5,589,0.11260614544153214,1.0
l_curve_5,590,0.11181644350290298,1.0
l_curve_5,591,0.11105626076459885,1.0
l_curve_5,592,0.1102609857916832,1.0
l_curve_5,593,0.1095600500702858,1.0
l_curve_5,594,0.10879088193178177,1.0
l_curve_5,595,0.10808911174535751,1.0
l_curve_5,596,0.10732728987932205,1.0
l_curve_5,597,0.10655968636274338,1.0
l_curve_5,598,0.10583502054214478,1.0
l_curve_5,599,0.10505735129117966,1.0
l_curve_5,600,0.10436573624610901,1.0
l_curve_5,601,0.10366833209991455,1.0
l_curve_5,602,0.1029461920261383,1.0
l_curve_5,603,0.10225213319063187,1.0
l_curve_5,604,0.10152307897806168,1.0
l_curve_5,605,0.10078120231628418,1.0
l_curve_5,606,0.10010075569152832,1.0
l_curve_5,607,0.09945818036794662,1.0
l_curve_5,608,0.09879370778799057,1.0
l_curve_5,609,0.09812609106302261,1.0
l_curve_5,610,0.09744588285684586,1.0
l_curve_5,611,0.09672766923904419,1.0
l_curve_5,612,0.096108078956604,1.0
l_curve_5,613,0.09541785717010498,1.0
l_curve_5,614,0.09476890414953232,1.0
l_curve_5,615,0.09413481503725052,1.0
l_curve_5,616,0.09348038583993912,1.0
l_curve_5,617,0.09284432977437973,1.0
l_curve_5,618,0.09216270595788956,1.0
l_curve_5,619,0.09154164791107178,1.0
l_curve_5,620,0.0909377932548523,1.0
l_curve_5,621,0.09033611416816711,1.0
l_curve_5,622,0.0897183045744896,1.0
l_curve_5,623,0.08911442011594772,1.0
l_curve_5,624,0.08852869272232056,1.0
l_curve_5,625,0.08788463473320007,1.0
l_curve_5,626,0.08732271194458008,1.0
l_curve_5,627,0.08668184280395508,1.0
l_curve_5,628,0.08607535809278488,1.0
l_curve_5,629,0.085509292781353,1.0
l_curve_5,630,0.08494779467582703,1.0
l_curve_5,631,0.08439356088638306,1.0
l_curve_5,632,0.08380381017923355,1.0
l_curve_5,633,0.08321516960859299,1.0
l_curve_5,634,0.08268702030181885,1.0
l_curve_5,635,0.08210083842277527,1.0
l_curve_5,636,0.08156397193670273,1.0
l_curve_5,637,0.08101411163806915,1.0
l_curve_5,638,0.08042971044778824,1.0
l_curve_5,639,0.07990577816963196,1.0
l_curve_5,640,0.07938776165246964,1.0
l_curve_5,641,0.07886689901351929,1.0
l_curve_5,642,0.07835546135902405,1.0
l_curve_5,643,0.07783745974302292,1.0
l_curve_5,644,0.0772755816578865,1.0
l_curve_5,645,0.0767790749669075,1.0
l_curve_5,646,0.07625314593315125,1.0
l_curve_5,647,0.0757594108581543,1.0
l_curve_5,648,0.07524354010820389,1.0
l_curve_5,649,0.07476099580526352,1.0
l_curve_5,650,0.07427384704351425,1.0
l_curve_5,651,0.07378702610731125,1.0
l_curve_5,652,0.07325134426355362,1.0
l_curve_5,653,0.07278914004564285,1.0
l_curve_5,654,0.07232464849948883,1.0
l_curve_5,655,0.07185930013656616,1.0
l_curve_5,656,0.07137575000524521,1.0
l_curve_5,657,0.07091604918241501,1.0
l_curve_5,658,0.07043268531560898,1.0
l_curve_5,659,0.06998255103826523,1.0
l_curve_5,660,0.06948722153902054,1.0
l_curve_5,661,0.0690499022603035,1.0
l_curve_5,662,0.06862357258796692,1.0
l_curve_5,663,0.06816843897104263,1.0
l_curve_5,664,0.06769021600484848,1.0
l_curve_5,665,0.0673132836818695,1.0
l_curve_5,666,0.06685441732406616,1.0
l_curve_5,667,0.06639605015516281,1.0
l_curve_5,668,0.0659722313284874,1.0
l_curve_5,669,0.06554505974054337,1.0
l_curve_5,670,0.06513192504644394,1.0
l_curve_5,671,0.06468620151281357,1.0
l_curve_5,672,0.06427469104528427,1.0
l_curve_5,673,0.06385800242424011,1.0
l_curve_5,674,0.06347227841615677,1.0
l_curve_5,675,0.06303343921899796,1.0
l_curve_5,676,0.0626659169793129,1.0
l_curve_5,677,0.06224731728434563,1.0
l_curve_5,678,0.0618671178817749,1.0
l_curve_5,679,0.06144284829497337,1.0
l_curve_5,680,0.06104103848338127,1.0
l_curve_5,681,0.06067593768239021,1.0
l_curve_5,682,0.0602555088698864,1.0
l_curve_5,683,0.05990217998623848,1.0
l_curve_5,684,0.059509262442588806,1.0
l_curve_5,685,0.059133946895599365,1.0
l_curve_5,686,0.05878109857439995,1.0
l_curve_5,687,0.05838358402252197,1.0
l_curve_5,688,0.058009713888168335,1.0
l_curve_5,689,0.057666096836328506,1.0
l_curve_5,690,0.0573086254298687,1.0
l_curve_5,691,0.056945592164993286,1.0
l_curve_5,692,0.056588348001241684,1.0
l_curve_5,693,0.056247204542160034,1.0
l_curve_5,694,0.055888473987579346,1.0
l_curve_5,695,0.055545855313539505,1.0
l_curve_5,696,0.05518370494246483,1.0
l_curve_5,697,0.0548458993434906,1.0
l_curve_5,698,0.05450282618403435,1.0
l_curve_5,699,0.05418844893574715,1.0
l_curve_5,700,0.05383191630244255,1.0
l_curve_5,701,0.053489118814468384,1.0
l_curve_5,702,0.05316545069217682,1.0
l_curve_5,703,0.052836909890174866,1.0
l_curve_5,704,0.05250111594796181,1.0
l_curve_5,705,0.05219261720776558,1.0
l_curve_5,706,0.05186377093195915,1.0
l_curve_5,707,0.05152945592999458,1.0
l_curve_5,708,0.051237016916275024,1.0
l_curve_5,709,0.050915081053972244,1.0
l_curve_5,710,0.05058683827519417,1.0
l_curve_5,711,0.050295788794755936,1.0
l_curve_5,712,0.04997117444872856,1.0
l_curve_5,713,0.04968058690428734,1.0
l_curve_5,714,0.04938493296504021,1.0
l_curve_5,715,0.049088459461927414,1.0
l_curve_5,716,0.04879282787442207,1.0
l_curve_5,717,0.04852268099784851,1.0
l_curve_5,718,0.04822530969977379,1.0
l_curve_5,719,0.047931965440511703,1.0
l_curve_5,720,0.04762794449925423,1.0
l_curve_5,721,0.04729762300848961,1.0
l_curve_5,722,0.04706791043281555,1.0
l_curve_5,723,0.046753641217947006,1.0
l_curve_5,724,0.04648226127028465,1.0
l_curve_5,725,0.046208158135414124,1.0
l_curve_5,726,0.04591840133070946,1.0
l_curve_5,727,0.04565533623099327,1.0
l_curve_5,728,0.04537980630993843,1.0
l_curve_5,729,0.04510544240474701,1.0
l_curve_5,730,0.04483687877655029,1.0
l_curve_5,731,0.04457692801952362,1.0
l_curve_5,732,0.04427945986390114,1.0
l_curve_5,733,0.04404347017407417,1.0
l_curve_5,734,0.043778564780950546,1.0
l_curve_5,735,0.04350793734192848,1.0
l_curve_5,736,0.04328498616814613,1.0
l_curve_5,737,0.043052177876234055,1.0
l_curve_5,738,0.042757660150527954,1.0
l_curve_5,739,0.042511921375989914,1.0
l_curve_5,740,0.04225342348217964,1.0
l_curve_5,741,0.04203898832201958,1.0
l_curve_5,742,0.041773974895477295,1.0
l_curve_5,743,0.041536565870046616,1.0
l_curve_5,744,0.041299935430288315,1.0
l_curve_5,745,0.04102091118693352,1.0
l_curve_5,746,0.04079921916127205,1.0
l_curve_5,747,0.04057025536894798,1.0
l_curve_5,748,0.04031677544116974,1.0
l_curve_5,749,0.04008949175477028,1.0
l_curve_5,750,0.0398624986410141,1.0
l_curve_5,751,0.03963730111718178,1.0
l_curve_5,752,0.039426300674676895,1.0
l_curve_5,753,0.03916662558913231,1.0
l_curve_5,754,0.03895198926329613,1.0
l_curve_5,755,0.038720253854990005,1.0
l_curve_5,756,0.03852248191833496,1.0
l_curve_5,757,0.03829925134778023,1.0
l_curve_5,758,0.03806591033935547,1.0
l_curve_5,759,0.037836313247680664,1.0
l_curve_5,760,0.037612032145261765,1.0
l_curve_5,761,0.03740901127457619,1.0
l_curve_5,762,0.03720278665423393,1.0
l_curve_5,763,0.03699977695941925,1.0
l_curve_5,764,0.03678698465228081,1.0
l_curve_5,765,0.03657922148704529,1.0
l_curve_5,766,0.03634779900312424,1.0
l_curve_5,767,0.03615623340010643,1.0
l_curve_5,768,0.03594271466135979,1.0
l_curve_5,769,0.03574872389435768,1.0
l_curve_5,770,0.035549893975257874,1.0
l_curve_5,771,0.03531922027468681,1.0
l_curve_5,772,0.03511713072657585,1.0
l_curve_5,773,0.03493868187069893,1.0
l_curve_5,774,0.03475135192275047,1.0
l_curve_5,775,0.03453681617975235,1.0
l_curve_5,776,0.034343671053647995,1.0
l_curve_5,777,0.03414274379611015,1.0
l_curve_5,778,0.033947788178920746,1.0
l_curve_5,779,0.03377833217382431,1.0
l_curve_5,780,0.03358978033065796,1.0
l_curve_5,781,0.03339240700006485,1.0
l_curve_5,782,0.03321632742881775,1.0
l_curve_5,783,0.03301772475242615,1.0
l_curve_5,784,0.032835423946380615,1.0
l_curve_5,785,0.03264172747731209,1.0
l_curve_5,786,0.03246243670582771,1.0
l_curve_5,787,0.03226787969470024,1.0
l_curve_5,788,0.0320831835269928,1.0
l_curve_5,789,0.03191547468304634,1.0
l_curve_5,790,0.031728584319353104,1.0
l_curve_5,791,0.0315488837659359,1.0
l_curve_5,792,0.03138267621397972,1.0
l_curve_5,793,0.031187087297439575,1.0
l_curve_5,794,0.031030870974063873,1.0
l_curve_5,795,0.030864974483847618,1.0
l_curve_5,796,0.03067813254892826,1.0
l_curve_5,797,0.03050185553729534,1.0
l_curve_5,798,0.030340095981955528,1.0
l_curve_5,799,0.030186979100108147,1.0
l_curve_5,800,0.030015135183930397,1.0
l_curve_5,801,0.029834553599357605,1.0
l_curve_5,802,0.029673881828784943,1.0
l_curve_5,803,0.029505401849746704,1.0
l_curve_5,804,0.029356645420193672,1.0
l_curve_5,805,0.029176777228713036,1.0
l_curve_5,806,0.02901993878185749,1.0
l_curve_5,807,0.02888314425945282,1.0
l_curve_5,808,0.02869877777993679,1.0
l_curve_5,809,0.02855215221643448,1.0
l_curve_5,810,0.028385134413838387,1.0
l_curve_5,811,0.028241032734513283,1.0
l_curve_5,812,0.02808363176882267,1.0
l_curve_5,813,0.027930600568652153,1.0
l_curve_5,814,0.02777842991054058,1.0
l_curve_5,815,0.0276231337338686,1.0
l_curve_5,816,0.02747110277414322,1.0
l_curve_5,817,0.02734292484819889,1.0
l_curve_5,818,0.027183787897229195,1.0
l_curve_5,819,0.02703079581260681,1.0
l_curve_5,820,0.02690243162214756,1.0
l_curve_5,821,0.026767948642373085,1.0
l_curve_5,822,0.026602720841765404,1.0
l_curve_5,823,0.026450201869010925,1.0
l_curve_5,824,0.026325039565563202,1.0
l_curve_5,825,0.02620084583759308,1.0
l_curve_5,826,0.026047365739941597,1.0
l_curve_5,827,0.02590791881084442,1.0
l_curve_5,828,0.02575923316180706,1.0
l_curve_5,829,0.02562563866376877,1.0
l_curve_5,830,0.025496503338217735,1.0
l_curve_5,831,0.025379376485943794,1.0
l_curve_5,832,0.02521110139787197,1.0
l_curve_5,833,0.02507762610912323,1.0
l_curve_5,834,0.02497183345258236,1.0
l_curve_5,835,0.02484125830233097,1.0
l_curve_5,836,0.024715328589081764,1.0
l_curve_5,837,0.02457921952009201,1.0
l_curve_5,838,0.02443590760231018,1.0
l_curve_5,839,0.024317143484950066,1.0
l_curve_5,840,0.02418636716902256,1.0
l_curve_5,841,0.02406599558889866,1.0
l_curve_5,842,0.023948339745402336,1.0
l_curve_5,843,0.023813346400856972,1.0
l_curve_5,844,0.023695580661296844,1.0
l_curve_5,845,0.02358420193195343,1.0
l_curve_5,846,0.023464247584342957,1.0
l_curve_5,847,0.023331863805651665,1.0
l_curve_5,848,0.023214584216475487,1.0
l_curve_5,849,0.02309189923107624,1.0
l_curve_5,850,0.022976743057370186,1.0
l_curve_5,851,0.02286043018102646,1.0
l_curve_5,852,0.022732218727469444,1.0
l_curve_5,853,0.0226339902728796,1.0
l_curve_5,854,0.02252092957496643,1.0
l_curve_5,855,0.022404244169592857,1.0
l_curve_5,856,0.022273600101470947,1.0
l_curve_5,857,0.022181503474712372,1.0
l_curve_5,858,0.02206006646156311,1.0
l_curve_5,859,0.021952783688902855,1.0
l_curve_5,860,0.0218354519456625,1.0
l_curve_5,861,0.02172607183456421,1.0
l_curve_5,862,0.021613972261548042,1.0
l_curve_5,863,0.021510465070605278,1.0
l_curve_5,864,0.021387910470366478,1.0
l_curve_5,865,0.02130768448114395,1.0
l_curve_5,866,0.021198054775595665,1.0
l_curve_5,867,0.021080857142806053,1.0
l_curve_5,868,0.02097301185131073,1.0
l_curve_5,869,0.02088095247745514,1.0
l_curve_5,870,0.020774265751242638,1.0
l_curve_5,871,0.02066049724817276,1.0
l_curve_5,872,0.020564943552017212,1.0
l_curve_5,873,0.020474666729569435,1.0
l_curve_5,874,0.02037556655704975,1.0
l_curve_5,875,0.02027539722621441,1.0
l_curve_5,876,0.020177476108074188,1.0
l_curve_5,877,0.020059339702129364,1.0
l_curve_5,878,0.01996028609573841,1.0
l_curve_5,879,0.019865021109580994,1.0
l_curve_5,880,0.019778745248913765,1.0
l_curve_5,881,0.019683806225657463,1.0
l_curve_5,882,0.019605321809649467,1.0
l_curve_5,883,0.01948954351246357,1.0
l_curve_5,884,0.019395088776946068,1.0
l_curve_5,885,0.019304471090435982,1.0
l_curve_5,886,0.019223647192120552,1.0
l_curve_5,887,0.019109968096017838,1.0
l_curve_5,888,0.019025854766368866,1.0
l_curve_5,889,0.018928809091448784,1.0
l_curve_5,890,0.01884242333471775,1.0
l_curve_5,891,0.018746351823210716,1.0
l_curve_5,892,0.018663132563233376,1.0
l_curve_5,893,0.0185738243162632,1.0
l_curve_5,894,0.01847139187157154,1.0
l_curve_5,895,0.018390072509646416,1.0
l_curve_5,896,0.01830948330461979,1.0
l_curve_5,897,0.018226655200123787,1.0
l_curve_5,898,0.018131330609321594,1.0
l_curve_5,899,0.018049299716949463,1.0
l_curve_5,900,0.017961474135518074,1.0
l_curve_5,901,0.017882170155644417,1.0
l_curve_5,902,0.017792196944355965,1.0
l_curve_5,903,0.01769912801682949,1.0
l_curve_5,904,0.01762298308312893,1.0
l_curve_5,905,0.017544450238347054,1.0
l_curve_5,906,0.01746433787047863,1.0
l_curve_5,907,0.01737109012901783,1.0
l_curve_5,908,0.01727614738047123,1.0
l_curve_5,909,0.01721307821571827,1.0
l_curve_5,910,0.017129069194197655,1.0
l_curve_5,911,0.017046701163053513,1.0
l_curve_5,912,0.01695909909904003,1.0
l_curve_5,913,0.016902444884181023,1.0
l_curve_5,914,0.016829313710331917,1.0
l_curve_5,915,0.01674133725464344,1.0
l_curve_5,916,0.016655614599585533,1.0
l_curve_5,917,0.01657155714929104,1.0
l_curve_5,918,0.016493791714310646,1.0
l_curve_5,919,0.016424009576439857,1.0
l_curve_5,920,0.016347484663128853,1.0
l_curve_5,921,0.016276918351650238,1.0
l_curve_5,922,0.016202718019485474,1.0
l_curve_5,923,0.016119470819830894,1.0
l_curve_5,924,0.016041908413171768,1.0
l_curve_5,925,0.01596560887992382,1.0
l_curve_5,926,0.015892760828137398,1.0
l_curve_5,927,0.015823302790522575,1.0
l_curve_5,928,0.015761690214276314,1.0
l_curve_5,929,0.015691494569182396,1.0
l_curve_5,930,0.015611541457474232,1.0
l_curve_5,931,0.015546868555247784,1.0
l_curve_5,932,0.015463951043784618,1.0
l_curve_5,933,0.015395894646644592,1.0
l_curve_5,934,0.015326003544032574,1.0
l_curve_5,935,0.015256356447935104,1.0
l_curve_5,936,0.015183406881988049,1.0
l_curve_5,937,0.015126806683838367,1.0
l_curve_5,938,0.015057715587317944,1.0
l_curve_5,939,0.014981385320425034,1.0
l_curve_5,940,0.014919978566467762,1.0
l_curve_5,941,0.014839972369372845,1.0
l_curve_5,942,0.014768297784030437,1.0
l_curve_5,943,0.014710173942148685,1.0
l_curve_5,944,0.014646697789430618,1.0
l_curve_5,945,0.014582272619009018,1.0
l_curve_5,946,0.014511768706142902,1.0
l_curve_5,947,0.014454510062932968,1.0
l_curve_5,948,0.014377258718013763,1.0
l_curve_5,949,0.014313597232103348,1.0
l_curve_5,950,0.014256524853408337,1.0
l_curve_5,951,0.014179493300616741,1.0
l_curve_5,952,0.014123271219432354,1.0
l_curve_5,953,0.014062431640923023,1.0
l_curve_5,954,0.01400922890752554,1.0
l_curve_5,955,0.013937319628894329,1.0
l_curve_5,956,0.013879361562430859,1.0
l_curve_5,957,0.013812442310154438,1.0
l_curve_5,958,0.013750322163105011,1.0
l_curve_5,959,0.013690757565200329,1.0
l_curve_5,960,0.013634328730404377,1.0
l_curve_5,961,0.01357879489660263,1.0
l_curve_5,962,0.013506531715393066,1.0
l_curve_5,963,0.013449429534375668,1.0
l_curve_5,964,0.013380949385464191,1.0
l_curve_5,965,0.013328139670193195,1.0
l_curve_5,966,0.01328551396727562,1.0
l_curve_5,967,0.013222620822489262,1.0
l_curve_5,968,0.013153806328773499,1.0
l_curve_5,969,0.013094964437186718,1.0
l_curve_5,970,0.013049031607806683,1.0
l_curve_5,971,0.012983965687453747,1.0
l_curve_5,972,0.012933974154293537,1.0
l_curve_5,973,0.01287552434951067,1.0
l_curve_5,974,0.012818828225135803,1.0
l_curve_5,975,0.012771494686603546,1.0
l_curve_5,976,0.012722283601760864,1.0
l_curve_5,977,0.012662705965340137,1.0
l_curve_5,978,0.012599908746778965,1.0
l_curve_5,979,0.012540732510387897,1.0
l_curve_5,980,0.012485094368457794,1.0
l_curve_5,981,0.012439449317753315,1.0
l_curve_5,982,0.012388323433697224,1.0
l_curve_5,983,0.012331974692642689,1.0
l_curve_5,984,0.012280735187232494,1.0
l_curve_5,985,0.01222586166113615,1.0
l_curve_5,986,0.012178651988506317,1.0
l_curve_5,987,0.01211914885789156,1.0
l_curve_5,988,0.012070846743881702,1.0
l_curve_5,989,0.01202481985092163,1.0
l_curve_5,990,0.011960615403950214,1.0
l_curve_5,991,0.011907339096069336,1.0
l_curve_5,992,0.011861751787364483,1.0
l_curve_5,993,0.01180888433009386,1.0
l_curve_5,994,0.011769595555961132,1.0
l_curve_5,995,0.01171483751386404,1.0
l_curve_5,996,0.01166277751326561,1.0
l_curve_5,997,0.011607375927269459,1.0
l_curve_5,998,0.011572482995688915,1.0
l_curve_5,999,0.01152986753731966,1.0
l_curve_5,1000,0.011475780047476292,1.0
l_curve_5,1000,0.011475780047476292,1.0
