client,round,loss,accuracy
l_curve_7,1,0.6421761512756348,0.6666666865348816
l_curve_7,2,0.6340358853340149,0.7142857313156128
l_curve_7,3,0.6278942823410034,0.7142857313156128
l_curve_7,4,0.6233905553817749,0.7142857313156128
l_curve_7,5,0.620086133480072,0.7142857313156128
l_curve_7,6,0.6176081895828247,0.6190476417541504
l_curve_7,7,0.6155846118927002,0.523809552192688
l_curve_7,8,0.6137804388999939,0.523809552192688
l_curve_7,9,0.6120755076408386,0.4761904776096344
l_curve_7,10,0.610306978225708,0.523809552192688
l_curve_7,11,0.6084011793136597,0.5714285969734192
l_curve_7,12,0.6062414050102234,0.6190476417541504
l_curve_7,13,0.6040552258491516,0.6190476417541504
l_curve_7,14,0.6017652750015259,0.6190476417541504
l_curve_7,15,0.5993025898933411,0.6190476417541504
l_curve_7,16,0.5965709090232849,0.6190476417541504
l_curve_7,17,0.5936859846115112,0.6190476417541504
l_curve_7,18,0.5908147692680359,0.6190476417541504
l_curve_7,19,0.5879532098770142,0.6190476417541504
l_curve_7,20,0.5850735306739807,0.6666666865348816
l_curve_7,21,0.5822672247886658,0.6666666865348816
l_curve_7,22,0.5794591307640076,0.6666666865348816
l_curve_7,23,0.5765767693519592,0.6666666865348816
l_curve_7,24,0.5736954808235168,0.6666666865348816
l_curve_7,25,0.5707106590270996,0.6666666865348816
l_curve_7,26,0.5676928162574768,0.6666666865348816
l_curve_7,27,0.5646043419837952,0.6666666865348816
l_curve_7,28,0.5615492463111877,0.6666666865348816
l_curve_7,29,0.5586445927619934,0.6666666865348816
l_curve_7,30,0.5557171702384949,0.6666666865348816
l_curve_7,31,0.5526252388954163,0.6666666865348816
l_curve_7,32,0.5496398210525513,0.6666666865348816
l_curve_7,33,0.5464682579040527,0.6666666865348816
l_curve_7,34,0.5432465076446533,0.6666666865348816
l_curve_7,35,0.5401005148887634,0.6666666865348816
l_curve_7,36,0.5369669795036316,0.6666666865348816
l_curve_7,37,0.5337021946907043,0.7142857313156128
l_curve_7,38,0.5304877161979675,0.7142857313156128
l_curve_7,39,0.527370274066925,0.7142857313156128
l_curve_7,40,0.5241865515708923,0.7142857313156128
l_curve_7,41,0.5210175514221191,0.7142857313156128
l_curve_7,42,0.5178640484809875,0.7142857313156128
l_curve_7,43,0.5147346258163452,0.7142857313156128
l_curve_7,44,0.511527955532074,0.7142857313156128
l_curve_7,45,0.5083950757980347,0.7142857313156128
l_curve_7,46,0.5053431391716003,0.7142857313156128
l_curve_7,47,0.5023718476295471,0.7142857313156128
l_curve_7,48,0.49948129057884216,0.7142857313156128
l_curve_7,49,0.4967241883277893,0.7142857313156128
l_curve_7,50,0.49383872747421265,0.7142857313156128
l_curve_7,51,0.4908396005630493,0.7142857313156128
l_curve_7,52,0.4879390597343445,0.7142857313156128
l_curve_7,53,0.4851806163787842,0.7142857313156128
l_curve_7,54,0.48228079080581665,0.7142857313156128
l_curve_7,55,0.4793532192707062,0.7142857313156128
l_curve_7,56,0.4765796661376953,0.7142857313156128
l_curve_7,57,0.4738176465034485,0.7142857313156128
l_curve_7,58,0.4709837734699249,0.7142857313156128
l_curve_7,59,0.46814990043640137,0.761904776096344
l_curve_7,60,0.46530523896217346,0.761904776096344
l_curve_7,61,0.4627014398574829,0.761904776096344
l_curve_7,62,0.45991453528404236,0.761904776096344
l_curve_7,63,0.457151859998703,0.761904776096344
l_curve_7,64,0.4545169174671173,0.761904776096344
l_curve_7,65,0.45182234048843384,0.761904776096344
l_curve_7,66,0.44926199316978455,0.761904776096344
l_curve_7,67,0.44691717624664307,0.761904776096344
l_curve_7,68,0.44457289576530457,0.761904776096344
l_curve_7,69,0.4420047104358673,0.761904776096344
l_curve_7,70,0.4394204318523407,0.761904776096344
l_curve_7,71,0.4367881417274475,0.761904776096344
l_curve_7,72,0.4342976212501526,0.761904776096344
l_curve_7,73,0.4319431781768799,0.8095238208770752
l_curve_7,74,0.42955926060676575,0.8095238208770752
l_curve_7,75,0.42715713381767273,0.8095238208770752
l_curve_7,76,0.42482811212539673,0.8095238208770752
l_curve_7,77,0.4225780963897705,0.8095238208770752
l_curve_7,78,0.4203752875328064,0.8095238208770752
l_curve_7,79,0.41813188791275024,0.8095238208770752
l_curve_7,80,0.41581663489341736,0.8095238208770752
l_curve_7,81,0.41356760263442993,0.8095238208770752
l_curve_7,82,0.4114111363887787,0.8095238208770752
l_curve_7,83,0.4093424081802368,0.8095238208770752
l_curve_7,84,0.4074239134788513,0.8095238208770752
l_curve_7,85,0.40531468391418457,0.8095238208770752
l_curve_7,86,0.403287798166275,0.8095238208770752
l_curve_7,87,0.4012962877750397,0.8095238208770752
l_curve_7,88,0.39919453859329224,0.8095238208770752
l_curve_7,89,0.3972242474555969,0.8095238208770752
l_curve_7,90,0.39527833461761475,0.8095238208770752
l_curve_7,91,0.3931952118873596,0.8095238208770752
l_curve_7,92,0.3913401663303375,0.8095238208770752
l_curve_7,93,0.38948455452919006,0.8095238208770752
l_curve_7,94,0.3876851499080658,0.8095238208770752
l_curve_7,95,0.38591253757476807,0.8095238208770752
l_curve_7,96,0.38414373993873596,0.8095238208770752
l_curve_7,97,0.3823753595352173,0.8095238208770752
l_curve_7,98,0.3805139660835266,0.8095238208770752
l_curve_7,99,0.37875640392303467,0.8095238208770752
l_curve_7,100,0.377128541469574,0.8095238208770752
l_curve_7,101,0.3755129277706146,0.8095238208770752
l_curve_7,102,0.37390220165252686,0.8095238208770752
l_curve_7,103,0.3721114695072174,0.8095238208770752
l_curve_7,104,0.3705443739891052,0.8095238208770752
l_curve_7,105,0.36897003650665283,0.8095238208770752
l_curve_7,106,0.36745762825012207,0.8095238208770752
l_curve_7,107,0.36593306064605713,0.8095238208770752
l_curve_7,108,0.36454471945762634,0.8095238208770752
l_curve_7,109,0.3631367087364197,0.8095238208770752
l_curve_7,110,0.36168599128723145,0.8095238208770752
l_curve_7,111,0.36022403836250305,0.8095238208770752
l_curve_7,112,0.3588491976261139,0.8095238208770752
l_curve_7,113,0.35742759704589844,0.8095238208770752
l_curve_7,114,0.35604748129844666,0.8095238208770752
l_curve_7,115,0.35475870966911316,0.8095238208770752
l_curve_7,116,0.35343536734580994,0.8095238208770752
l_curve_7,117,0.35217761993408203,0.8095238208770752
l_curve_7,118,0.3508208692073822,0.8095238208770752
l_curve_7,119,0.34952935576438904,0.8095238208770752
l_curve_7,120,0.348252534866333,0.8095238208770752
l_curve_7,121,0.3469657301902771,0.8095238208770752
l_curve_7,122,0.3456801176071167,0.8095238208770752
l_curve_7,123,0.3443776071071625,0.8095238208770752
l_curve_7,124,0.3430909216403961,0.8095238208770752
l_curve_7,125,0.3418653607368469,0.8095238208770752
l_curve_7,126,0.3407813012599945,0.8095238208770752
l_curve_7,127,0.3397409915924072,0.8095238208770752
l_curve_7,128,0.3386862277984619,0.8095238208770752
l_curve_7,129,0.33759668469429016,0.8095238208770752
l_curve_7,130,0.3365519940853119,0.8095238208770752
l_curve_7,131,0.3355167508125305,0.8095238208770752
l_curve_7,132,0.33451151847839355,0.8095238208770752
l_curve_7,133,0.3334793448448181,0.8095238208770752
l_curve_7,134,0.3324354588985443,0.8095238208770752
l_curve_7,135,0.33145469427108765,0.8095238208770752
l_curve_7,136,0.33045443892478943,0.8095238208770752
l_curve_7,137,0.3294515311717987,0.8095238208770752
l_curve_7,138,0.3284648358821869,0.8095238208770752
l_curve_7,139,0.3274933397769928,0.8095238208770752
l_curve_7,140,0.3265886902809143,0.8095238208770752
l_curve_7,141,0.32549983263015747,0.8571428656578064
l_curve_7,142,0.32448577880859375,0.8571428656578064
l_curve_7,143,0.32356584072113037,0.8571428656578064
l_curve_7,144,0.3227465748786926,0.8571428656578064
l_curve_7,145,0.32190316915512085,0.8571428656578064
l_curve_7,146,0.3210446238517761,0.8571428656578064
l_curve_7,147,0.32019907236099243,0.8571428656578064
l_curve_7,148,0.31937405467033386,0.8571428656578064
l_curve_7,149,0.3184879720211029,0.8571428656578064
l_curve_7,150,0.3176082372665405,0.8571428656578064
l_curve_7,151,0.3167971968650818,0.8571428656578064
l_curve_7,152,0.31598204374313354,0.8571428656578064
l_curve_7,153,0.3150744140148163,0.8571428656578064
l_curve_7,154,0.31426486372947693,0.8571428656578064
l_curve_7,155,0.31348147988319397,0.8571428656578064
l_curve_7,156,0.3126603066921234,0.8571428656578064
l_curve_7,157,0.3118880093097687,0.8571428656578064
l_curve_7,158,0.31115081906318665,0.8571428656578064
l_curve_7,159,0.3104347884654999,0.8571428656578064
l_curve_7,160,0.30969566106796265,0.8571428656578064
l_curve_7,161,0.30898046493530273,0.8571428656578064
l_curve_7,162,0.3082640469074249,0.8571428656578064
l_curve_7,163,0.307575523853302,0.8571428656578064
l_curve_7,164,0.3068667948246002,0.8571428656578064
l_curve_7,165,0.30612483620643616,0.8571428656578064
l_curve_7,166,0.30538249015808105,0.8571428656578064
l_curve_7,167,0.3046446740627289,0.8571428656578064
l_curve_7,168,0.30396580696105957,0.8571428656578064
l_curve_7,169,0.303322434425354,0.8571428656578064
l_curve_7,170,0.3027169406414032,0.8571428656578064
l_curve_7,171,0.3021014928817749,0.8571428656578064
l_curve_7,172,0.3014901578426361,0.8571428656578064
l_curve_7,173,0.3008568286895752,0.8571428656578064
l_curve_7,174,0.3002414107322693,0.8571428656578064
l_curve_7,175,0.29964274168014526,0.8571428656578064
l_curve_7,176,0.2990228235721588,0.8571428656578064
l_curve_7,177,0.2983810007572174,0.8571428656578064
l_curve_7,178,0.29773932695388794,0.8571428656578064
l_curve_7,179,0.29710546135902405,0.8571428656578064
l_curve_7,180,0.2964647710323334,0.8571428656578064
l_curve_7,181,0.2958580255508423,0.8571428656578064
l_curve_7,182,0.29524141550064087,0.8571428656578064
l_curve_7,183,0.2946281433105469,0.8571428656578064
l_curve_7,184,0.2940623462200165,0.8571428656578064
l_curve_7,185,0.2934611737728119,0.8571428656578064
l_curve_7,186,0.29288923740386963,0.8571428656578064
l_curve_7,187,0.2923322319984436,0.8571428656578064
l_curve_7,188,0.2917710244655609,0.8571428656578064
l_curve_7,189,0.29120558500289917,0.8571428656578064
l_curve_7,190,0.2906390130519867,0.8571428656578064
l_curve_7,191,0.29005494713783264,0.8571428656578064
l_curve_7,192,0.28946834802627563,0.8571428656578064
l_curve_7,193,0.2889360189437866,0.8571428656578064
l_curve_7,194,0.288337379693985,0.8571428656578064
l_curve_7,195,0.2878267467021942,0.8571428656578064
l_curve_7,196,0.2872798442840576,0.8571428656578064
l_curve_7,197,0.28672605752944946,0.8571428656578064
l_curve_7,198,0.2862381637096405,0.8571428656578064
l_curve_7,199,0.2857409119606018,0.8571428656578064
l_curve_7,200,0.2851809859275818,0.8571428656578064
l_curve_7,201,0.28465962409973145,0.8571428656578064
l_curve_7,202,0.2840987741947174,0.9047619104385376
l_curve_7,203,0.28354907035827637,0.9047619104385376
l_curve_7,204,0.2830371856689453,0.9047619104385376
l_curve_7,205,0.2825998067855835,0.9047619104385376
l_curve_7,206,0.2821311354637146,0.9047619104385376
l_curve_7,207,0.2816024422645569,0.9047619104385376
l_curve_7,208,0.2810784578323364,0.9047619104385376
l_curve_7,209,0.28054359555244446,0.9047619104385376
l_curve_7,210,0.2800273299217224,0.9047619104385376
l_curve_7,211,0.2795107960700989,0.9047619104385376
l_curve_7,212,0.2789689898490906,0.9047619104385376
l_curve_7,213,0.27844899892807007,0.9047619104385376
l_curve_7,214,0.27792856097221375,0.9047619104385376
l_curve_7,215,0.27737730741500854,0.9047619104385376
l_curve_7,216,0.2768647372722626,0.9047619104385376
l_curve_7,217,0.2763398289680481,0.9047619104385376
l_curve_7,218,0.2758123278617859,0.9047619104385376
l_curve_7,219,0.2753184735774994,0.9047619104385376
l_curve_7,220,0.27479857206344604,0.9047619104385376
l_curve_7,221,0.27427127957344055,0.9047619104385376
l_curve_7,222,0.2737191319465637,0.9047619104385376
l_curve_7,223,0.2731732428073883,0.9047619104385376
l_curve_7,224,0.27263033390045166,0.9047619104385376
l_curve_7,225,0.27210095524787903,0.9047619104385376
l_curve_7,226,0.2715466618537903,0.9047619104385376
l_curve_7,227,0.27097946405410767,0.9047619104385376
l_curve_7,228,0.2704932391643524,0.9047619104385376
l_curve_7,229,0.27002742886543274,0.9047619104385376
l_curve_7,230,0.2694944739341736,0.9047619104385376
l_curve_7,231,0.26894402503967285,0.9047619104385376
l_curve_7,232,0.2683800160884857,0.9047619104385376
l_curve_7,233,0.2678353190422058,0.9047619104385376
l_curve_7,234,0.26728901267051697,0.9047619104385376
l_curve_7,235,0.2667613625526428,0.9047619104385376
l_curve_7,236,0.2661410868167877,0.9047619104385376
l_curve_7,237,0.26561760902404785,0.9047619104385376
l_curve_7,238,0.2651439309120178,0.9047619104385376
l_curve_7,239,0.2646171450614929,0.9047619104385376
l_curve_7,240,0.2640573978424072,0.9047619104385376
l_curve_7,241,0.2635015845298767,0.9047619104385376
l_curve_7,242,0.26291555166244507,0.9047619104385376
l_curve_7,243,0.2623426914215088,0.9047619104385376
l_curve_7,244,0.26180118322372437,0.9047619104385376
l_curve_7,245,0.2612040042877197,0.9047619104385376
l_curve_7,246,0.26066118478775024,0.9047619104385376
l_curve_7,247,0.26015838980674744,0.9047619104385376
l_curve_7,248,0.2596590220928192,0.9047619104385376
l_curve_7,249,0.25907525420188904,0.9047619104385376
l_curve_7,250,0.25850483775138855,0.9047619104385376
l_curve_7,251,0.25794872641563416,0.9047619104385376
l_curve_7,252,0.2573928236961365,0.9047619104385376
l_curve_7,253,0.2568395733833313,0.9047619104385376
l_curve_7,254,0.25623583793640137,0.9047619104385376
l_curve_7,255,0.25569048523902893,0.9047619104385376
l_curve_7,256,0.2551160752773285,0.9047619104385376
l_curve_7,257,0.2545852065086365,0.9047619104385376
l_curve_7,258,0.2540261745452881,0.9047619104385376
l_curve_7,259,0.2534507215023041,0.9047619104385376
l_curve_7,260,0.25291088223457336,0.9047619104385376
l_curve_7,261,0.2522881329059601,0.9047619104385376
l_curve_7,262,0.25165730714797974,0.9047619104385376
l_curve_7,263,0.25109875202178955,0.9047619104385376
l_curve_7,264,0.25050103664398193,0.9047619104385376
l_curve_7,265,0.2499273419380188,0.9047619104385376
l_curve_7,266,0.24932505190372467,0.9047619104385376
l_curve_7,267,0.24874742329120636,0.9047619104385376
l_curve_7,268,0.24809010326862335,0.9047619104385376
l_curve_7,269,0.24745863676071167,0.9047619104385376
l_curve_7,270,0.24683506786823273,0.9047619104385376
l_curve_7,271,0.24620996415615082,0.9047619104385376
l_curve_7,272,0.2454814463853836,0.9047619104385376
l_curve_7,273,0.24481526017189026,0.9047619104385376
l_curve_7,274,0.2442619651556015,0.9047619104385376
l_curve_7,275,0.24366842210292816,0.9047619104385376
l_curve_7,276,0.24299748241901398,0.9047619104385376
l_curve_7,277,0.2424136996269226,0.9047619104385376
l_curve_7,278,0.24182507395744324,0.9047619104385376
l_curve_7,279,0.24119150638580322,0.9047619104385376
l_curve_7,280,0.24055862426757812,0.9047619104385376
l_curve_7,281,0.23981349170207977,0.9047619104385376
l_curve_7,282,0.23911717534065247,0.9047619104385376
l_curve_7,283,0.23843900859355927,0.9047619104385376
l_curve_7,284,0.23778212070465088,0.9047619104385376
l_curve_7,285,0.23716771602630615,0.9047619104385376
l_curve_7,286,0.23648777604103088,0.9523809552192688
l_curve_7,287,0.23582985997200012,0.9523809552192688
l_curve_7,288,0.23512127995491028,0.9523809552192688
l_curve_7,289,0.23446378111839294,0.9523809552192688
l_curve_7,290,0.23383820056915283,0.9523809552192688
l_curve_7,291,0.23316408693790436,0.9523809552192688
l_curve_7,292,0.2324402928352356,0.9523809552192688
l_curve_7,293,0.231754869222641,0.9523809552192688
l_curve_7,294,0.2310771942138672,0.9523809552192688
l_curve_7,295,0.23042383790016174,0.9523809552192688
l_curve_7,296,0.22970394790172577,0.9523809552192688
l_curve_7,297,0.22910550236701965,0.9523809552192688
l_curve_7,298,0.22841957211494446,0.9523809552192688
l_curve_7,299,0.22764846682548523,0.9523809552192688
l_curve_7,300,0.22687838971614838,0.9523809552192688
l_curve_7,301,0.22616329789161682,0.9523809552192688
l_curve_7,302,0.22552590072155,0.9523809552192688
l_curve_7,303,0.2248537689447403,0.9523809552192688
l_curve_7,304,0.22416165471076965,0.9523809552192688
l_curve_7,305,0.22352148592472076,0.9523809552192688
l_curve_7,306,0.2227233201265335,0.9523809552192688
l_curve_7,307,0.22209370136260986,0.9523809552192688
l_curve_7,308,0.22134758532047272,0.9523809552192688
l_curve_7,309,0.22075167298316956,0.9523809552192688
l_curve_7,310,0.22006016969680786,0.9523809552192688
l_curve_7,311,0.21930721402168274,0.9523809552192688
l_curve_7,312,0.21869178116321564,0.9523809552192688
l_curve_7,313,0.21805624663829803,0.9523809552192688
l_curve_7,314,0.2174021601676941,0.9523809552192688
l_curve_7,315,0.21665942668914795,0.9523809552192688
l_curve_7,316,0.2159520387649536,0.9523809552192688
l_curve_7,317,0.21524623036384583,0.9523809552192688
l_curve_7,318,0.21446964144706726,0.9523809552192688
l_curve_7,319,0.21374711394309998,0.9523809552192688
l_curve_7,320,0.21295833587646484,0.9523809552192688
l_curve_7,321,0.2121196687221527,0.9523809552192688
l_curve_7,322,0.21150752902030945,0.9523809552192688
l_curve_7,323,0.2108350545167923,0.9523809552192688
l_curve_7,324,0.21011582016944885,0.9523809552192688
l_curve_7,325,0.20939835906028748,0.9523809552192688
l_curve_7,326,0.20872390270233154,0.9523809552192688
l_curve_7,327,0.20803964138031006,0.9523809552192688
l_curve_7,328,0.20738285779953003,0.9523809552192688
l_curve_7,329,0.20680353045463562,0.9523809552192688
l_curve_7,330,0.20611333847045898,0.9523809552192688
l_curve_7,331,0.20537011325359344,0.9523809552192688
l_curve_7,332,0.20468057692050934,0.9523809552192688
l_curve_7,333,0.20399682223796844,0.9523809552192688
l_curve_7,334,0.20324929058551788,0.9523809552192688
l_curve_7,335,0.20251218974590302,0.9523809552192688
l_curve_7,336,0.20177710056304932,0.9523809552192688
l_curve_7,337,0.20108504593372345,0.9523809552192688
l_curve_7,338,0.20040829479694366,0.9523809552192688
l_curve_7,339,0.19965757429599762,0.9523809552192688
l_curve_7,340,0.19889146089553833,0.9523809552192688
l_curve_7,341,0.19822056591510773,0.9523809552192688
l_curve_7,342,0.19747254252433777,0.9523809552192688
l_curve_7,343,0.19676844775676727,0.9523809552192688
l_curve_7,344,0.1960376501083374,0.9523809552192688
l_curve_7,345,0.1952742338180542,0.9523809552192688
l_curve_7,346,0.19460637867450714,0.9523809552192688
l_curve_7,347,0.19387014210224152,0.9523809552192688
l_curve_7,348,0.1931135356426239,0.9523809552192688
l_curve_7,349,0.19239947199821472,0.9523809552192688
l_curve_7,350,0.19171220064163208,0.9523809552192688
l_curve_7,351,0.19097992777824402,0.9523809552192688
l_curve_7,352,0.19020803272724152,0.9523809552192688
l_curve_7,353,0.18953992426395416,0.9523809552192688
l_curve_7,354,0.18888983130455017,0.9523809552192688
l_curve_7,355,0.18813949823379517,0.9523809552192688
l_curve_7,356,0.18751484155654907,0.9523809552192688
l_curve_7,357,0.18683543801307678,0.9523809552192688
l_curve_7,358,0.18617002665996552,0.9523809552192688
l_curve_7,359,0.18559306859970093,0.9523809552192688
l_curve_7,360,0.18504147231578827,0.9523809552192688
l_curve_7,361,0.1843363642692566,0.9523809552192688
l_curve_7,362,0.18354199826717377,0.9523809552192688
l_curve_7,363,0.18283580243587494,0.9523809552192688
l_curve_7,364,0.18211816251277924,0.9523809552192688
l_curve_7,365,0.181405171751976,0.9523809552192688
l_curve_7,366,0.18061363697052002,0.9523809552192688
l_curve_7,367,0.17995454370975494,0.9523809552192688
l_curve_7,368,0.17934651672840118,0.9523809552192688
l_curve_7,369,0.1787252426147461,0.9523809552192688
l_curve_7,370,0.17802806198596954,0.9523809552192688
l_curve_7,371,0.17722497880458832,0.9523809552192688
l_curve_7,372,0.1765548586845398,0.9523809552192688
l_curve_7,373,0.17584361135959625,0.9523809552192688
l_curve_7,374,0.1752609759569168,0.9523809552192688
l_curve_7,375,0.17461591958999634,0.9523809552192688
l_curve_7,376,0.17387937009334564,0.9523809552192688
l_curve_7,377,0.1731438785791397,0.9523809552192688
l_curve_7,378,0.17224659025669098,0.9523809552192688
l_curve_7,379,0.1714710146188736,0.9523809552192688
l_curve_7,380,0.17079728841781616,0.9523809552192688
l_curve_7,381,0.17004317045211792,0.9523809552192688
l_curve_7,382,0.16934093832969666,0.9523809552192688
l_curve_7,383,0.16862215101718903,0.9523809552192688
l_curve_7,384,0.1680927574634552,0.9523809552192688
l_curve_7,385,0.1674526482820511,0.9523809552192688
l_curve_7,386,0.1667950302362442,0.9523809552192688
l_curve_7,387,0.16632819175720215,0.9523809552192688
l_curve_7,388,0.16569103300571442,0.9523809552192688
l_curve_7,389,0.16508933901786804,0.9523809552192688
l_curve_7,390,0.16442769765853882,0.9523809552192688
l_curve_7,391,0.16378000378608704,0.9523809552192688
l_curve_7,392,0.16319115459918976,0.9523809552192688
l_curve_7,393,0.16255879402160645,0.9523809552192688
l_curve_7,394,0.16202127933502197,0.9523809552192688
l_curve_7,395,0.16112197935581207,0.9523809552192688
l_curve_7,396,0.1603097915649414,0.9523809552192688
l_curve_7,397,0.15964239835739136,0.9523809552192688
l_curve_7,398,0.1589752435684204,0.9523809552192688
l_curve_7,399,0.15833204984664917,0.9523809552192688
l_curve_7,400,0.15785355865955353,0.9523809552192688
l_curve_7,401,0.15731261670589447,0.9523809552192688
l_curve_7,402,0.15672817826271057,0.9523809552192688
l_curve_7,403,0.15608306229114532,0.9523809552192688
l_curve_7,404,0.1555173695087433,0.9523809552192688
l_curve_7,405,0.15483781695365906,0.9523809552192688
l_curve_7,406,0.15416252613067627,0.9523809552192688
l_curve_7,407,0.1535269320011139,0.9523809552192688
l_curve_7,408,0.15276411175727844,0.9523809552192688
l_curve_7,409,0.15208598971366882,0.9523809552192688
l_curve_7,410,0.15139201283454895,0.9523809552192688
l_curve_7,411,0.150844007730484,0.9523809552192688
l_curve_7,412,0.15030989050865173,0.9523809552192688
l_curve_7,413,0.14964081346988678,0.9523809552192688
l_curve_7,414,0.14908574521541595,0.9523809552192688
l_curve_7,415,0.14865675568580627,0.9523809552192688
l_curve_7,416,0.14814001321792603,0.9523809552192688
l_curve_7,417,0.1474716067314148,0.9523809552192688
l_curve_7,418,0.146902397274971,0.9523809552192688
l_curve_7,419,0.1462727040052414,0.9523809552192688
l_curve_7,420,0.14565245807170868,0.9523809552192688
l_curve_7,421,0.14493487775325775,0.9523809552192688
l_curve_7,422,0.14419782161712646,0.9523809552192688
l_curve_7,423,0.14343510568141937,0.9523809552192688
l_curve_7,424,0.14294369518756866,0.9523809552192688
l_curve_7,425,0.142573282122612,0.9523809552192688
l_curve_7,426,0.14206378161907196,0.9523809552192688
l_curve_7,427,0.14159370958805084,0.9523809552192688
l_curve_7,428,0.14096829295158386,0.9523809552192688
l_curve_7,429,0.14044246077537537,0.9523809552192688
l_curve_7,430,0.13995347917079926,0.9523809552192688
l_curve_7,431,0.13934549689292908,0.9523809552192688
l_curve_7,432,0.1387154459953308,0.9523809552192688
l_curve_7,433,0.13806022703647614,0.9523809552192688
l_curve_7,434,0.13752873241901398,0.9523809552192688
l_curve_7,435,0.1367967128753662,0.9523809552192688
l_curve_7,436,0.13623997569084167,0.9523809552192688
l_curve_7,437,0.13570615649223328,0.9523809552192688
l_curve_7,438,0.13513676822185516,0.9523809552192688
l_curve_7,439,0.13459241390228271,0.9523809552192688
l_curve_7,440,0.1340133398771286,0.9523809552192688
l_curve_7,441,0.13343563675880432,0.9523809552192688
l_curve_7,442,0.1329258680343628,0.9523809552192688
l_curve_7,443,0.13246981799602509,0.9523809552192688
l_curve_7,444,0.13203854858875275,0.9523809552192688
l_curve_7,445,0.13145489990711212,0.9523809552192688
l_curve_7,446,0.13099125027656555,0.9523809552192688
l_curve_7,447,0.1304829716682434,0.9523809552192688
l_curve_7,448,0.1300102174282074,0.9523809552192688
l_curve_7,449,0.12954223155975342,0.9523809552192688
l_curve_7,450,0.12900960445404053,0.9523809552192688
l_curve_7,451,0.12835784256458282,0.9523809552192688
l_curve_7,452,0.1278243362903595,0.9523809552192688
l_curve_7,453,0.12754324078559875,0.9523809552192688
l_curve_7,454,0.12721775472164154,0.9523809552192688
l_curve_7,455,0.12661126255989075,0.9523809552192688
l_curve_7,456,0.12596964836120605,0.9523809552192688
l_curve_7,457,0.12547241151332855,0.9523809552192688
l_curve_7,458,0.12489884346723557,0.9523809552192688
l_curve_7,459,0.12423764914274216,0.9523809552192688
l_curve_7,460,0.12357139587402344,0.9523809552192688
l_curve_7,461,0.12319594621658325,0.9523809552192688
l_curve_7,462,0.1228034645318985,0.9523809552192688
l_curve_7,463,0.12245462834835052,0.9523809552192688
l_curve_7,464,0.12198854982852936,0.9523809552192688
l_curve_7,465,0.12151484191417694,0.9523809552192688
l_curve_7,466,0.1210748702287674,0.9523809552192688
l_curve_7,467,0.12066123634576797,0.9523809552192688
l_curve_7,468,0.12001340836286545,0.9523809552192688
l_curve_7,469,0.11933356523513794,0.9523809552192688
l_curve_7,470,0.1189342588186264,0.9523809552192688
l_curve_7,471,0.11856362968683243,0.9523809552192688
l_curve_7,472,0.11814399063587189,0.9523809552192688
l_curve_7,473,0.11778374761343002,0.9523809552192688
l_curve_7,474,0.11732729524374008,0.9523809552192688
l_curve_7,475,0.11667366325855255,0.9523809552192688
l_curve_7,476,0.11598615348339081,0.9523809552192688
l_curve_7,477,0.11549586057662964,0.9523809552192688
l_curve_7,478,0.11512865126132965,0.9523809552192688
l_curve_7,479,0.11470910161733627,0.9523809552192688
l_curve_7,480,0.11434739828109741,0.9523809552192688
l_curve_7,481,0.11386819928884506,0.9523809552192688
l_curve_7,482,0.1133255809545517,0.9523809552192688
l_curve_7,483,0.11283852905035019,0.9523809552192688
l_curve_7,484,0.1125149056315422,0.9523809552192688
l_curve_7,485,0.11210068315267563,0.9523809552192688
l_curve_7,486,0.11160793900489807,0.9523809552192688
l_curve_7,487,0.11098213493824005,0.9523809552192688
l_curve_7,488,0.11064033210277557,0.9523809552192688
l_curve_7,489,0.11035995185375214,0.9523809552192688
l_curve_7,490,0.11002954840660095,0.9523809552192688
l_curve_7,491,0.10969915986061096,0.9523809552192688
l_curve_7,492,0.1091662123799324,0.9523809552192688
l_curve_7,493,0.10863819718360901,0.9523809552192688
l_curve_7,494,0.10818903893232346,0.9523809552192688
l_curve_7,495,0.10780219733715057,0.9523809552192688
l_curve_7,496,0.10729517042636871,0.9523809552192688
l_curve_7,497,0.1068490594625473,0.9523809552192688
l_curve_7,498,0.10631710290908813,0.9523809552192688
l_curve_7,499,0.1057325080037117,0.9523809552192688
l_curve_7,500,0.10543409734964371,0.9523809552192688
l_curve_7,501,0.10503614693880081,0.9523809552192688
l_curve_7,502,0.10492116957902908,0.9523809552192688
l_curve_7,503,0.10477077215909958,0.9523809552192688
l_curve_7,504,0.10439106076955795,0.9523809552192688
l_curve_7,505,0.10390383750200272,0.9523809552192688
l_curve_7,506,0.10346976667642593,0.9523809552192688
l_curve_7,507,0.10312297195196152,0.9523809552192688
l_curve_7,508,0.10282105207443237,0.9523809552192688
l_curve_7,509,0.1023404449224472,0.9523809552192688
l_curve_7,510,0.10169678926467896,0.9523809552192688
l_curve_7,511,0.10128200799226761,0.9523809552192688
l_curve_7,512,0.10088950395584106,0.9523809552192688
l_curve_7,513,0.1003381535410881,0.9523809552192688
l_curve_7,514,0.10002592951059341,0.9523809552192688
l_curve_7,515,0.09971276670694351,0.9523809552192688
l_curve_7,516,0.09942122548818588,0.9523809552192688
l_curve_7,517,0.0990583747625351,0.9523809552192688
l_curve_7,518,0.09856046736240387,0.9523809552192688
l_curve_7,519,0.09804143011569977,0.9523809552192688
l_curve_7,520,0.09765039384365082,0.9523809552192688
l_curve_7,521,0.0972917452454567,0.9523809552192688
l_curve_7,522,0.09679649770259857,0.9523809552192688
l_curve_7,523,0.09645240753889084,0.9523809552192688
l_curve_7,524,0.09631332755088806,0.9523809552192688
l_curve_7,525,0.09609106928110123,0.9523809552192688
l_curve_7,526,0.09586763381958008,0.9523809552192688
l_curve_7,527,0.09559354186058044,0.9523809552192688
l_curve_7,528,0.09522823989391327,0.9523809552192688
l_curve_7,529,0.09489597380161285,0.9523809552192688
l_curve_7,530,0.09456213563680649,0.9523809552192688
l_curve_7,531,0.09424904733896255,0.9523809552192688
l_curve_7,532,0.09391285479068756,0.9523809552192688
l_curve_7,533,0.09353093057870865,0.9523809552192688
l_curve_7,534,0.093259297311306,0.9523809552192688
l_curve_7,535,0.09309624880552292,0.9523809552192688
l_curve_7,536,0.09265996515750885,0.9523809552192688
l_curve_7,537,0.09227341413497925,0.9523809552192688
l_curve_7,538,0.09184717386960983,0.9523809552192688
l_curve_7,539,0.09142963588237762,0.9523809552192688
l_curve_7,540,0.09118393808603287,0.9523809552192688
l_curve_7,541,0.09072154015302658,0.9523809552192688
l_curve_7,542,0.09031394869089127,0.9523809552192688
l_curve_7,543,0.08991114795207977,0.9523809552192688
l_curve_7,544,0.08967527747154236,0.9523809552192688
l_curve_7,545,0.08931738883256912,0.9523809552192688
l_curve_7,546,0.08899126946926117,0.9523809552192688
l_curve_7,547,0.08868620544672012,0.9523809552192688
l_curve_7,548,0.08842857927083969,0.9523809552192688
l_curve_7,549,0.08824067562818527,0.9523809552192688
l_curve_7,550,0.08782248944044113,0.9523809552192688
l_curve_7,551,0.08735138177871704,0.9523809552192688
l_curve_7,552,0.08703859895467758,0.9523809552192688
l_curve_7,553,0.08682766556739807,0.9523809552192688
l_curve_7,554,0.0866888165473938,0.9523809552192688
l_curve_7,555,0.08637487143278122,0.9523809552192688
l_curve_7,556,0.08595210313796997,0.9523809552192688
l_curve_7,557,0.08552973717451096,0.9523809552192688
l_curve_7,558,0.08526481688022614,0.9523809552192688
l_curve_7,559,0.08480618894100189,0.9523809552192688
l_curve_7,560,0.08456899225711823,0.9523809552192688
l_curve_7,561,0.08438264578580856,0.9523809552192688
l_curve_7,562,0.08429228514432907,0.9523809552192688
l_curve_7,563,0.0842556580901146,0.9523809552192688
l_curve_7,564,0.08394008874893188,0.9523809552192688
l_curve_7,565,0.08363571763038635,0.9523809552192688
l_curve_7,566,0.08328462392091751,0.9523809552192688
l_curve_7,567,0.08277232944965363,0.9523809552192688
l_curve_7,568,0.08250606805086136,0.9523809552192688
l_curve_7,569,0.08231786638498306,0.9523809552192688
l_curve_7,570,0.08205331861972809,0.9523809552192688
l_curve_7,571,0.08173131942749023,0.9523809552192688
l_curve_7,572,0.08131662756204605,0.9523809552192688
l_curve_7,573,0.08111178129911423,0.9523809552192688
l_curve_7,574,0.08095388114452362,0.9523809552192688
l_curve_7,575,0.08070500940084457,0.9523809552192688
l_curve_7,576,0.08053413033485413,0.9523809552192688
l_curve_7,577,0.08039264380931854,0.9523809552192688
l_curve_7,578,0.0800708457827568,0.9523809552192688
l_curve_7,579,0.07967664301395416,0.9523809552192688
l_curve_7,580,0.07947900146245956,0.9523809552192688
l_curve_7,581,0.07916904985904694,0.9523809552192688
l_curve_7,582,0.07886583358049393,0.9523809552192688
l_curve_7,583,0.07858499884605408,0.9523809552192688
l_curve_7,584,0.07803068310022354,0.9523809552192688
l_curve_7,585,0.07753507792949677,0.9523809552192688
l_curve_7,586,0.07738538086414337,0.9523809552192688
l_curve_7,587,0.07726342976093292,0.9523809552192688
l_curve_7,588,0.07696904242038727,0.9523809552192688
l_curve_7,589,0.07667142152786255,0.9523809552192688
l_curve_7,590,0.07647247612476349,0.9523809552192688
l_curve_7,591,0.07643868774175644,0.9523809552192688
l_curve_7,592,0.07610680162906647,0.9523809552192688
l_curve_7,593,0.07580660283565521,0.9523809552192688
l_curve_7,594,0.07542363554239273,0.9523809552192688
l_curve_7,595,0.07505353540182114,0.9523809552192688
l_curve_7,596,0.07496646046638489,0.9523809552192688
l_curve_7,597,0.07480396330356598,0.9523809552192688
l_curve_7,598,0.07459498196840286,0.9523809552192688
l_curve_7,599,0.07437626272439957,0.9523809552192688
l_curve_7,600,0.07427393645048141,0.9523809552192688
l_curve_7,601,0.0741918757557869,0.9523809552192688
l_curve_7,602,0.07386308908462524,0.9523809552192688
l_curve_7,603,0.07348937541246414,0.9523809552192688
l_curve_7,604,0.07330247014760971,0.9523809552192688
l_curve_7,605,0.07309107482433319,0.9523809552192688
l_curve_7,606,0.07291822135448456,0.9523809552192688
l_curve_7,607,0.07274271547794342,0.9523809552192688
l_curve_7,608,0.072561115026474,0.9523809552192688
l_curve_7,609,0.07251016050577164,0.9523809552192688
l_curve_7,610,0.07230772078037262,0.9523809552192688
l_curve_7,611,0.07187223434448242,0.9523809552192688
l_curve_7,612,0.07152296602725983,0.9523809552192688
l_curve_7,613,0.07144739478826523,0.9523809552192688
l_curve_7,614,0.07109387218952179,0.9523809552192688
l_curve_7,615,0.0708751529455185,0.9523809552192688
l_curve_7,616,0.07067758589982986,0.9523809552192688
l_curve_7,617,0.07055343687534332,0.9523809552192688
l_curve_7,618,0.07055319845676422,0.9523809552192688
l_curve_7,619,0.07042606174945831,0.9523809552192688
l_curve_7,620,0.07002636045217514,0.9523809552192688
l_curve_7,621,0.06978367269039154,0.9523809552192688
l_curve_7,622,0.06961239874362946,0.9523809552192688
l_curve_7,623,0.06941927969455719,0.9523809552192688
l_curve_7,624,0.06944447755813599,0.9523809552192688
l_curve_7,625,0.06931301206350327,0.9523809552192688
l_curve_7,626,0.06878893822431564,0.9523809552192688
l_curve_7,627,0.06837023794651031,0.9523809552192688
l_curve_7,628,0.06803332269191742,0.9523809552192688
l_curve_7,629,0.06776890903711319,0.9523809552192688
l_curve_7,630,0.06752131134271622,0.9523809552192688
l_curve_7,631,0.06725384294986725,0.9523809552192688
l_curve_7,632,0.06711512058973312,0.9523809552192688
l_curve_7,633,0.06684230268001556,0.9523809552192688
l_curve_7,634,0.06647109985351562,0.9523809552192688
l_curve_7,635,0.06624184548854828,0.9523809552192688
l_curve_7,636,0.06610045582056046,0.9523809552192688
l_curve_7,637,0.06607300043106079,0.9523809552192688
l_curve_7,638,0.0658508688211441,0.9523809552192688
l_curve_7,639,0.06570818275213242,0.9523809552192688
l_curve_7,640,0.06564062833786011,0.9523809552192688
l_curve_7,641,0.06559406220912933,0.9523809552192688
l_curve_7,642,0.0654301643371582,0.9523809552192688
l_curve_7,643,0.0651772990822792,0.9523809552192688
l_curve_7,644,0.06485062092542648,0.9523809552192688
l_curve_7,645,0.06455700099468231,1.0
l_curve_7,646,0.06436999142169952,1.0
l_curve_7,647,0.06416754424571991,1.0
l_curve_7,648,0.06399166584014893,1.0
l_curve_7,649,0.06381000578403473,1.0
l_curve_7,650,0.0636727437376976,1.0
l_curve_7,651,0.06358852982521057,1.0
l_curve_7,652,0.06327918916940689,1.0
l_curve_7,653,0.06300021708011627,1.0
l_curve_7,654,0.06291704624891281,1.0
l_curve_7,655,0.06267227977514267,1.0
l_curve_7,656,0.06256502866744995,1.0
l_curve_7,657,0.06236525997519493,1.0
l_curve_7,658,0.06218913197517395,1.0
l_curve_7,659,0.06190595030784607,1.0
l_curve_7,660,0.061627455055713654,1.0
l_curve_7,661,0.061480358242988586,1.0
l_curve_7,662,0.061200108379125595,1.0
l_curve_7,663,0.06099693104624748,1.0
l_curve_7,664,0.06085779145359993,1.0
l_curve_7,665,0.060680583119392395,1.0
l_curve_7,666,0.06047336384654045,1.0
l_curve_7,667,0.06051383540034294,1.0
l_curve_7,668,0.06050609424710274,1.0
l_curve_7,669,0.06029456481337547,1.0
l_curve_7,670,0.06002485007047653,1.0
l_curve_7,671,0.059787601232528687,1.0
l_curve_7,672,0.05970274284482002,1.0
l_curve_7,673,0.05950120463967323,1.0
l_curve_7,674,0.05936655029654503,1.0
l_curve_7,675,0.05917823314666748,1.0
l_curve_7,676,0.05906156823039055,1.0
l_curve_7,677,0.05897574871778488,1.0
l_curve_7,678,0.058775532990694046,1.0
l_curve_7,679,0.05850007012486458,1.0
l_curve_7,680,0.05808766186237335,1.0
l_curve_7,681,0.05788571387529373,1.0
l_curve_7,682,0.05783965438604355,1.0
l_curve_7,683,0.057640302926301956,1.0
l_curve_7,684,0.05733492225408554,1.0
l_curve_7,685,0.05726773291826248,1.0
l_curve_7,686,0.05719063803553581,1.0
l_curve_7,687,0.05712481960654259,1.0
l_curve_7,688,0.057057935744524,1.0
l_curve_7,689,0.056933652609586716,1.0
l_curve_7,690,0.056892137974500656,1.0
l_curve_7,691,0.05686098709702492,1.0
l_curve_7,692,0.05667876452207565,1.0
l_curve_7,693,0.056553442031145096,1.0
l_curve_7,694,0.0562974214553833,1.0
l_curve_7,695,0.055906739085912704,1.0
l_curve_7,696,0.05567239969968796,1.0
l_curve_7,697,0.05561697483062744,1.0
l_curve_7,698,0.05557576194405556,1.0
l_curve_7,699,0.05565449222922325,1.0
l_curve_7,700,0.055461373180150986,1.0
l_curve_7,701,0.05530831962823868,1.0
l_curve_7,702,0.055258944630622864,1.0
l_curve_7,703,0.0551917627453804,1.0
l_curve_7,704,0.05508486554026604,1.0
l_curve_7,705,0.054868124425411224,1.0
l_curve_7,706,0.05443865433335304,1.0
l_curve_7,707,0.054162900894880295,1.0
l_curve_7,708,0.05410056933760643,1.0
l_curve_7,709,0.05397637560963631,1.0
l_curve_7,710,0.053815875202417374,1.0
l_curve_7,711,0.0536244660615921,1.0
l_curve_7,712,0.05334591120481491,1.0
l_curve_7,713,0.0531538724899292,1.0
l_curve_7,714,0.05296951159834862,1.0
l_curve_7,715,0.052915435284376144,1.0
l_curve_7,716,0.05272466316819191,1.0
l_curve_7,717,0.052425771951675415,1.0
l_curve_7,718,0.0524132065474987,1.0
l_curve_7,719,0.05241813510656357,1.0
l_curve_7,720,0.05235624313354492,1.0
l_curve_7,721,0.05237383022904396,1.0
l_curve_7,722,0.05226542428135872,1.0
l_curve_7,723,0.05212384834885597,1.0
l_curve_7,724,0.05190178379416466,1.0
l_curve_7,725,0.05167240649461746,1.0
l_curve_7,726,0.05148368701338768,1.0
l_curve_7,727,0.05143069475889206,1.0
l_curve_7,728,0.05121593177318573,1.0
l_curve_7,729,0.051135074347257614,1.0
l_curve_7,730,0.050902582705020905,1.0
l_curve_7,731,0.05059359222650528,1.0
l_curve_7,732,0.05041378363966942,1.0
l_curve_7,733,0.050346892327070236,1.0
l_curve_7,734,0.050340164452791214,1.0
l_curve_7,735,0.05012860149145126,1.0
l_curve_7,736,0.05011013522744179,1.0
l_curve_7,737,0.050036344677209854,1.0
l_curve_7,738,0.04998704791069031,1.0
l_curve_7,739,0.049768656492233276,1.0
l_curve_7,740,0.04953320696949959,1.0
l_curve_7,741,0.04945109039545059,1.0
l_curve_7,742,0.04926565662026405,1.0
l_curve_7,743,0.0491776280105114,1.0
l_curve_7,744,0.049014218151569366,1.0
l_curve_7,745,0.04901719093322754,1.0
l_curve_7,746,0.04876231029629707,1.0
l_curve_7,747,0.04873206466436386,1.0
l_curve_7,748,0.04872113838791847,1.0
l_curve_7,749,0.048688966780900955,1.0
l_curve_7,750,0.048600781708955765,1.0
l_curve_7,751,0.04843296483159065,1.0
l_curve_7,752,0.04818495735526085,1.0
l_curve_7,753,0.04815412685275078,1.0
l_curve_7,754,0.04805261641740799,1.0
l_curve_7,755,0.04795073717832565,1.0
l_curve_7,756,0.0477452278137207,1.0
l_curve_7,757,0.04752427712082863,1.0
l_curve_7,758,0.04735326021909714,1.0
l_curve_7,759,0.04742191359400749,1.0
l_curve_7,760,0.04743759706616402,1.0
l_curve_7,761,0.047262996435165405,1.0
l_curve_7,762,0.046880993992090225,1.0
l_curve_7,763,0.046811673790216446,1.0
l_curve_7,764,0.04684239253401756,1.0
l_curve_7,765,0.04660976305603981,1.0
l_curve_7,766,0.046408604830503464,1.0
l_curve_7,767,0.046300217509269714,1.0
l_curve_7,768,0.04619244858622551,1.0
l_curve_7,769,0.0460713692009449,1.0
l_curve_7,770,0.04597817361354828,1.0
l_curve_7,771,0.046032898128032684,1.0
l_curve_7,772,0.045969922095537186,1.0
l_curve_7,773,0.04598084092140198,1.0
l_curve_7,774,0.045847851783037186,1.0
l_curve_7,775,0.04578768089413643,1.0
l_curve_7,776,0.045624930411577225,1.0
l_curve_7,777,0.04531152918934822,1.0
l_curve_7,778,0.04522471874952316,1.0
l_curve_7,779,0.045095570385456085,1.0
l_curve_7,780,0.045053690671920776,1.0
l_curve_7,781,0.044934775680303574,1.0
l_curve_7,782,0.04488212615251541,1.0
l_curve_7,783,0.04479033499956131,1.0
l_curve_7,784,0.04461556300520897,1.0
l_curve_7,785,0.044563163071870804,1.0
l_curve_7,786,0.04447435960173607,1.0
l_curve_7,787,0.04426873102784157,1.0
l_curve_7,788,0.044300008565187454,1.0
l_curve_7,789,0.0442173071205616,1.0
l_curve_7,790,0.04404504969716072,1.0
l_curve_7,791,0.043774671852588654,1.0
l_curve_7,792,0.04362794756889343,1.0
l_curve_7,793,0.0434953048825264,1.0
l_curve_7,794,0.04329817742109299,1.0
l_curve_7,795,0.04327191039919853,1.0
l_curve_7,796,0.043148450553417206,1.0
l_curve_7,797,0.043136678636074066,1.0
l_curve_7,798,0.043044835329055786,1.0
l_curve_7,799,0.04290791228413582,1.0
l_curve_7,800,0.04272543266415596,1.0
l_curve_7,801,0.042667727917432785,1.0
l_curve_7,802,0.042637407779693604,1.0
l_curve_7,803,0.042495422065258026,1.0
l_curve_7,804,0.04249373450875282,1.0
l_curve_7,805,0.04232182726264,1.0
l_curve_7,806,0.04221118241548538,1.0
l_curve_7,807,0.042124614119529724,1.0
l_curve_7,808,0.042057182639837265,1.0
l_curve_7,809,0.041956447064876556,1.0
l_curve_7,810,0.041794195771217346,1.0
l_curve_7,811,0.04178078845143318,1.0
l_curve_7,812,0.04167821258306503,1.0
l_curve_7,813,0.0416068509221077,1.0
l_curve_7,814,0.04158788174390793,1.0
l_curve_7,815,0.04148213565349579,1.0
l_curve_7,816,0.04137769341468811,1.0
l_curve_7,817,0.041361793875694275,1.0
l_curve_7,818,0.04131760075688362,1.0
l_curve_7,819,0.04116744175553322,1.0
l_curve_7,820,0.04107680916786194,1.0
l_curve_7,821,0.040920086205005646,1.0
l_curve_7,822,0.04091063514351845,1.0
l_curve_7,823,0.040671467781066895,1.0
l_curve_7,824,0.040564607828855515,1.0
l_curve_7,825,0.04038877412676811,1.0
l_curve_7,826,0.04036565124988556,1.0
l_curve_7,827,0.04016593471169472,1.0
l_curve_7,828,0.04017814248800278,1.0
l_curve_7,829,0.04009586572647095,1.0
l_curve_7,830,0.03988347575068474,1.0
l_curve_7,831,0.03976639732718468,1.0
l_curve_7,832,0.039728716015815735,1.0
l_curve_7,833,0.03969490900635719,1.0
l_curve_7,834,0.03960972651839256,1.0
l_curve_7,835,0.03943173214793205,1.0
l_curve_7,836,0.03946663811802864,1.0
l_curve_7,837,0.03934791684150696,1.0
l_curve_7,838,0.039023250341415405,1.0
l_curve_7,839,0.03883131220936775,1.0
l_curve_7,840,0.03864879906177521,1.0
l_curve_7,841,0.03865087404847145,1.0
l_curve_7,842,0.03862493857741356,1.0
l_curve_7,843,0.03870052844285965,1.0
l_curve_7,844,0.03862868249416351,1.0
l_curve_7,845,0.0385250598192215,1.0
l_curve_7,846,0.038505516946315765,1.0
l_curve_7,847,0.03846755251288414,1.0
l_curve_7,848,0.03837074711918831,1.0
l_curve_7,849,0.03813550993800163,1.0
l_curve_7,850,0.0380043089389801,1.0
l_curve_7,851,0.03796140104532242,1.0
l_curve_7,852,0.037941377609968185,1.0
l_curve_7,853,0.03795921057462692,1.0
l_curve_7,854,0.03808905556797981,1.0
l_curve_7,855,0.03798674792051315,1.0
l_curve_7,856,0.03773147985339165,1.0
l_curve_7,857,0.03776932135224342,1.0
l_curve_7,858,0.03762881085276604,1.0
l_curve_7,859,0.037462443113327026,1.0
l_curve_7,860,0.03738505393266678,1.0
l_curve_7,861,0.037362705916166306,1.0
l_curve_7,862,0.03739536553621292,1.0
l_curve_7,863,0.03741481527686119,1.0
l_curve_7,864,0.037378281354904175,1.0
l_curve_7,865,0.03723213076591492,1.0
l_curve_7,866,0.037161991000175476,1.0
l_curve_7,867,0.03694569692015648,1.0
l_curve_7,868,0.03692643716931343,1.0
l_curve_7,869,0.0370485782623291,1.0
l_curve_7,870,0.03698895499110222,1.0
l_curve_7,871,0.03668781742453575,1.0
l_curve_7,872,0.036461807787418365,1.0
l_curve_7,873,0.036443546414375305,1.0
l_curve_7,874,0.03627092391252518,1.0
l_curve_7,875,0.036016810685396194,1.0
l_curve_7,876,0.035807881504297256,1.0
l_curve_7,877,0.035795338451862335,1.0
l_curve_7,878,0.03584102541208267,1.0
l_curve_7,879,0.03587227314710617,1.0
l_curve_7,880,0.03576651215553284,1.0
l_curve_7,881,0.03561830520629883,1.0
l_curve_7,882,0.03544742614030838,1.0
l_curve_7,883,0.035278718918561935,1.0
l_curve_7,884,0.035217560827732086,1.0
l_curve_7,885,0.035121381282806396,1.0
l_curve_7,886,0.03503864258527756,1.0
l_curve_7,887,0.03501344472169876,1.0
l_curve_7,888,0.035013917833566666,1.0
l_curve_7,889,0.035054318606853485,1.0
l_curve_7,890,0.03499409183859825,1.0
l_curve_7,891,0.03488606959581375,1.0
l_curve_7,892,0.03484322130680084,1.0
l_curve_7,893,0.03476915508508682,1.0
l_curve_7,894,0.03475245088338852,1.0
l_curve_7,895,0.034729622304439545,1.0
l_curve_7,896,0.034570831805467606,1.0
l_curve_7,897,0.034307487308979034,1.0
l_curve_7,898,0.034105703234672546,1.0
l_curve_7,899,0.03403154015541077,1.0
l_curve_7,900,0.03405911102890968,1.0
l_curve_7,901,0.03399977833032608,1.0
l_curve_7,902,0.03393217921257019,1.0
l_curve_7,903,0.033930227160453796,1.0
l_curve_7,904,0.033839527517557144,1.0
l_curve_7,905,0.03373275324702263,1.0
l_curve_7,906,0.03374649956822395,1.0
l_curve_7,907,0.03367718309164047,1.0
l_curve_7,908,0.033499378710985184,1.0
l_curve_7,909,0.03340243548154831,1.0
l_curve_7,910,0.03329480439424515,1.0
l_curve_7,911,0.033139485865831375,1.0
l_curve_7,912,0.03315557911992073,1.0
l_curve_7,913,0.03308868408203125,1.0
l_curve_7,914,0.03310719504952431,1.0
l_curve_7,915,0.03316660597920418,1.0
l_curve_7,916,0.03322048857808113,1.0
l_curve_7,917,0.03326792269945145,1.0
l_curve_7,918,0.03304712101817131,1.0
l_curve_7,919,0.032858576625585556,1.0
l_curve_7,920,0.032669734209775925,1.0
l_curve_7,921,0.0326930396258831,1.0
l_curve_7,922,0.0326104573905468,1.0
l_curve_7,923,0.03250057250261307,1.0
l_curve_7,924,0.032360274344682693,1.0
l_curve_7,925,0.032340649515390396,1.0
l_curve_7,926,0.03228095918893814,1.0
l_curve_7,927,0.0322306863963604,1.0
l_curve_7,928,0.03227750584483147,1.0
l_curve_7,929,0.03225679323077202,1.0
l_curve_7,930,0.032249417155981064,1.0
l_curve_7,931,0.032285816967487335,1.0
l_curve_7,932,0.032185833901166916,1.0
l_curve_7,933,0.03211665153503418,1.0
l_curve_7,934,0.03202952444553375,1.0
l_curve_7,935,0.03205408900976181,1.0
l_curve_7,936,0.03199999779462814,1.0
l_curve_7,937,0.03181777149438858,1.0
l_curve_7,938,0.03182540461421013,1.0
l_curve_7,939,0.03178432211279869,1.0
l_curve_7,940,0.03170245885848999,1.0
l_curve_7,941,0.031642548739910126,1.0
l_curve_7,942,0.03156352788209915,1.0
l_curve_7,943,0.031443897634744644,1.0
l_curve_7,944,0.03130001574754715,1.0
l_curve_7,945,0.031091447919607162,1.0
l_curve_7,946,0.031150298193097115,1.0
l_curve_7,947,0.031198415905237198,1.0
l_curve_7,948,0.03123624622821808,1.0
l_curve_7,949,0.031056934967637062,1.0
l_curve_7,950,0.030872073024511337,1.0
l_curve_7,951,0.030810823664069176,1.0
l_curve_7,952,0.03077462688088417,1.0
l_curve_7,953,0.030714675784111023,1.0
l_curve_7,954,0.03063516691327095,1.0
l_curve_7,955,0.03055608831346035,1.0
l_curve_7,956,0.03045571781694889,1.0
l_curve_7,957,0.030559096485376358,1.0
l_curve_7,958,0.030524319037795067,1.0
l_curve_7,959,0.030501192435622215,1.0
l_curve_7,960,0.03039073944091797,1.0
l_curve_7,961,0.030473893508315086,1.0
l_curve_7,962,0.03048214130103588,1.0
l_curve_7,963,0.030521083623170853,1.0
l_curve_7,964,0.030575206503272057,1.0
l_curve_7,965,0.03059861809015274,1.0
l_curve_7,966,0.030508507043123245,1.0
l_curve_7,967,0.030427856370806694,1.0
l_curve_7,968,0.030232716351747513,1.0
l_curve_7,969,0.03013673610985279,1.0
l_curve_7,970,0.030144235119223595,1.0
l_curve_7,971,0.03023686073720455,1.0
l_curve_7,972,0.030069474130868912,1.0
l_curve_7,973,0.029842723160982132,1.0
l_curve_7,974,0.029797185212373734,1.0
l_curve_7,975,0.029650088399648666,1.0
l_curve_7,976,0.029486725106835365,1.0
l_curve_7,977,0.029371852055191994,1.0
l_curve_7,978,0.029568418860435486,1.0
l_curve_7,979,0.029449990019202232,1.0
l_curve_7,980,0.02923925779759884,1.0
l_curve_7,981,0.028980933129787445,1.0
l_curve_7,982,0.02894657477736473,1.0
l_curve_7,983,0.028877275064587593,1.0
l_curve_7,984,0.028993304818868637,1.0
l_curve_7,985,0.029006442055106163,1.0
l_curve_7,986,0.028948213905096054,1.0
l_curve_7,987,0.02874196693301201,1.0
l_curve_7,988,0.02856462635099888,1.0
l_curve_7,989,0.028510143980383873,1.0
l_curve_7,990,0.028641825541853905,1.0
l_curve_7,991,0.02866433374583721,1.0
l_curve_7,992,0.028788819909095764,1.0
l_curve_7,993,0.028693409636616707,1.0
l_curve_7,994,0.02861742116510868,1.0
l_curve_7,995,0.028534911572933197,1.0
l_curve_7,996,0.028442660346627235,1.0
l_curve_7,997,0.028431901708245277,1.0
l_curve_7,998,0.02855510078370571,1.0
l_curve_7,999,0.028556695207953453,1.0
l_curve_7,1000,0.028431842103600502,1.0
l_curve_7,1000,0.028431842103600502,1.0
