client,round,loss,accuracy
l_curve_4,1,0.516085147857666,0.8095238208770752
l_curve_4,2,0.5135563015937805,0.8571428656578064
l_curve_4,3,0.512187123298645,0.8571428656578064
l_curve_4,4,0.5115370154380798,0.8571428656578064
l_curve_4,5,0.5113232731819153,0.8571428656578064
l_curve_4,6,0.5109816789627075,0.9047619104385376
l_curve_4,7,0.5102375149726868,0.8571428656578064
l_curve_4,8,0.5090428590774536,0.8095238208770752
l_curve_4,9,0.507476806640625,0.8095238208770752
l_curve_4,10,0.5053509473800659,0.8095238208770752
l_curve_4,11,0.5026924014091492,0.761904776096344
l_curve_4,12,0.4993830621242523,0.761904776096344
l_curve_4,13,0.49600595235824585,0.761904776096344
l_curve_4,14,0.4924177825450897,0.761904776096344
l_curve_4,15,0.4885368347167969,0.761904776096344
l_curve_4,16,0.4842393100261688,0.761904776096344
l_curve_4,17,0.47974124550819397,0.761904776096344
l_curve_4,18,0.4754104018211365,0.761904776096344
l_curve_4,19,0.47120919823646545,0.761904776096344
l_curve_4,20,0.4670853018760681,0.761904776096344
l_curve_4,21,0.46323394775390625,0.761904776096344
l_curve_4,22,0.4594768285751343,0.761904776096344
l_curve_4,23,0.4557434320449829,0.761904776096344
l_curve_4,24,0.452161967754364,0.761904776096344
l_curve_4,25,0.44850611686706543,0.761904776096344
l_curve_4,26,0.4449031949043274,0.761904776096344
l_curve_4,27,0.4412592053413391,0.761904776096344
l_curve_4,28,0.4378114342689514,0.761904776096344
l_curve_4,29,0.4347376525402069,0.761904776096344
l_curve_4,30,0.4317844808101654,0.761904776096344
l_curve_4,31,0.42863309383392334,0.761904776096344
l_curve_4,32,0.42576971650123596,0.761904776096344
l_curve_4,33,0.422712504863739,0.761904776096344
l_curve_4,34,0.4197041690349579,0.761904776096344
l_curve_4,35,0.4168663024902344,0.761904776096344
l_curve_4,36,0.41411712765693665,0.761904776096344
l_curve_4,37,0.4112197458744049,0.761904776096344
l_curve_4,38,0.40853068232536316,0.761904776096344
l_curve_4,39,0.4060276448726654,0.761904776096344
l_curve_4,40,0.4033759832382202,0.8095238208770752
l_curve_4,41,0.400870680809021,0.8095238208770752
l_curve_4,42,0.3983689248561859,0.8095238208770752
l_curve_4,43,0.39588963985443115,0.8095238208770752
l_curve_4,44,0.39321500062942505,0.8095238208770752
l_curve_4,45,0.3907685875892639,0.8095238208770752
l_curve_4,46,0.3884170949459076,0.8095238208770752
l_curve_4,47,0.3861677646636963,0.8095238208770752
l_curve_4,48,0.384093701839447,0.8095238208770752
l_curve_4,49,0.3822733461856842,0.8095238208770752
l_curve_4,50,0.38025563955307007,0.8095238208770752
l_curve_4,51,0.3780382573604584,0.8095238208770752
l_curve_4,52,0.3759456276893616,0.8095238208770752
l_curve_4,53,0.37409844994544983,0.8095238208770752
l_curve_4,54,0.3720000684261322,0.8095238208770752
l_curve_4,55,0.3697972893714905,0.8095238208770752
l_curve_4,56,0.36799389123916626,0.8095238208770752
l_curve_4,57,0.3661763072013855,0.8095238208770752
l_curve_4,58,0.36416858434677124,0.8095238208770752
l_curve_4,59,0.36208125948905945,0.8095238208770752
l_curve_4,60,0.3600981831550598,0.8095238208770752
l_curve_4,61,0.35846295952796936,0.8095238208770752
l_curve_4,62,0.35645684599876404,0.8095238208770752
l_curve_4,63,0.35444918274879456,0.8095238208770752
l_curve_4,64,0.35263463854789734,0.8095238208770752
l_curve_4,65,0.3507510721683502,0.8095238208770752
l_curve_4,66,0.3490631580352783,0.8095238208770752
l_curve_4,67,0.3478457033634186,0.8095238208770752
l_curve_4,68,0.34666314721107483,0.8095238208770752
l_curve_4,69,0.3449160158634186,0.8095238208770752
l_curve_4,70,0.34303954243659973,0.8095238208770752
l_curve_4,71,0.34104567766189575,0.8095238208770752
l_curve_4,72,0.339331716299057,0.8095238208770752
l_curve_4,73,0.3378637731075287,0.8095238208770752
l_curve_4,74,0.33641746640205383,0.8095238208770752
l_curve_4,75,0.33482587337493896,0.8095238208770752
l_curve_4,76,0.33339643478393555,0.8095238208770752
l_curve_4,77,0.332028329372406,0.8095238208770752
l_curve_4,78,0.33072134852409363,0.8095238208770752
l_curve_4,79,0.3293303847312927,0.8095238208770752
l_curve_4,80,0.32782626152038574,0.8095238208770752
l_curve_4,81,0.32635053992271423,0.8095238208770752
l_curve_4,82,0.3249675929546356,0.8095238208770752
l_curve_4,83,0.3236800730228424,0.8095238208770752
l_curve_4,84,0.32277682423591614,0.8095238208770752
l_curve_4,85,0.321499228477478,0.8095238208770752
l_curve_4,86,0.32036614418029785,0.8095238208770752
l_curve_4,87,0.3190857172012329,0.8095238208770752
l_curve_4,88,0.31759113073349,0.8095238208770752
l_curve_4,89,0.31634774804115295,0.8095238208770752
l_curve_4,90,0.31503280997276306,0.8095238208770752
l_curve_4,91,0.3134464621543884,0.8571428656578064
l_curve_4,92,0.3123342990875244,0.8571428656578064
l_curve_4,93,0.31115099787712097,0.8571428656578064
l_curve_4,94,0.3101140558719635,0.8571428656578064
l_curve_4,95,0.30913984775543213,0.8571428656578064
l_curve_4,96,0.3081000745296478,0.8571428656578064
l_curve_4,97,0.30689430236816406,0.8571428656578064
l_curve_4,98,0.30548954010009766,0.8571428656578064
l_curve_4,99,0.3043687343597412,0.8571428656578064
l_curve_4,100,0.3036819398403168,0.8571428656578064
l_curve_4,101,0.302948921918869,0.8571428656578064
l_curve_4,102,0.30180999636650085,0.8571428656578064
l_curve_4,103,0.3001144528388977,0.8571428656578064
l_curve_4,104,0.29923564195632935,0.8571428656578064
l_curve_4,105,0.2982540726661682,0.8571428656578064
l_curve_4,106,0.2973909378051758,0.8571428656578064
l_curve_4,107,0.29653048515319824,0.8571428656578064
l_curve_4,108,0.2960572838783264,0.8571428656578064
l_curve_4,109,0.2952934801578522,0.8571428656578064
l_curve_4,110,0.2943214774131775,0.8571428656578064
l_curve_4,111,0.2934376001358032,0.8571428656578064
l_curve_4,112,0.29296573996543884,0.8571428656578064
l_curve_4,113,0.29211634397506714,0.8571428656578064
l_curve_4,114,0.29117414355278015,0.8571428656578064
l_curve_4,115,0.2904926836490631,0.8571428656578064
l_curve_4,116,0.28958678245544434,0.8571428656578064
l_curve_4,117,0.2888205051422119,0.8571428656578064
l_curve_4,118,0.28789764642715454,0.8571428656578064
l_curve_4,119,0.2870798408985138,0.8571428656578064
l_curve_4,120,0.28647834062576294,0.8571428656578064
l_curve_4,121,0.2856769561767578,0.8571428656578064
l_curve_4,122,0.2849251627922058,0.8571428656578064
l_curve_4,123,0.2839520573616028,0.8571428656578064
l_curve_4,124,0.28288549184799194,0.8571428656578064
l_curve_4,125,0.2821458876132965,0.8571428656578064
l_curve_4,126,0.2818940579891205,0.8571428656578064
l_curve_4,127,0.2817082107067108,0.8571428656578064
l_curve_4,128,0.2812661826610565,0.8571428656578064
l_curve_4,129,0.2806374132633209,0.8571428656578064
l_curve_4,130,0.27996787428855896,0.8571428656578064
l_curve_4,131,0.27928289771080017,0.8571428656578064
l_curve_4,132,0.2788779139518738,0.8571428656578064
l_curve_4,133,0.278486967086792,0.8571428656578064
l_curve_4,134,0.27827170491218567,0.8571428656578064
l_curve_4,135,0.27779021859169006,0.8571428656578064
l_curve_4,136,0.277108758687973,0.8571428656578064
l_curve_4,137,0.27648594975471497,0.8571428656578064
l_curve_4,138,0.2757158875465393,0.8571428656578064
l_curve_4,139,0.27466657757759094,0.8571428656578064
l_curve_4,140,0.2739960253238678,0.8571428656578064
l_curve_4,141,0.27274659276008606,0.8571428656578064
l_curve_4,142,0.2720920443534851,0.8571428656578064
l_curve_4,143,0.2717301845550537,0.8571428656578064
l_curve_4,144,0.27174365520477295,0.8571428656578064
l_curve_4,145,0.27164798974990845,0.8571428656578064
l_curve_4,146,0.2712828814983368,0.8571428656578064
l_curve_4,147,0.2705704867839813,0.8571428656578064
l_curve_4,148,0.2700704038143158,0.8571428656578064
l_curve_4,149,0.26935967803001404,0.8571428656578064
l_curve_4,150,0.26848533749580383,0.8571428656578064
l_curve_4,151,0.26795753836631775,0.8571428656578064
l_curve_4,152,0.2675807476043701,0.8571428656578064
l_curve_4,153,0.26684218645095825,0.8571428656578064
l_curve_4,154,0.2665611803531647,0.8571428656578064
l_curve_4,155,0.26630663871765137,0.8571428656578064
l_curve_4,156,0.26581674814224243,0.8571428656578064
l_curve_4,157,0.2654796242713928,0.8571428656578064
l_curve_4,158,0.2651362121105194,0.8571428656578064
l_curve_4,159,0.2647153437137604,0.8571428656578064
l_curve_4,160,0.2640158534049988,0.8571428656578064
l_curve_4,161,0.26360905170440674,0.8571428656578064
l_curve_4,162,0.26339957118034363,0.8571428656578064
l_curve_4,163,0.2629496455192566,0.8571428656578064
l_curve_4,164,0.2626740038394928,0.8571428656578064
l_curve_4,165,0.26211658120155334,0.8571428656578064
l_curve_4,166,0.2614816129207611,0.8571428656578064
l_curve_4,167,0.26060277223587036,0.8571428656578064
l_curve_4,168,0.26005449891090393,0.8571428656578064
l_curve_4,169,0.26003536581993103,0.8571428656578064
l_curve_4,170,0.2600724399089813,0.8571428656578064
l_curve_4,171,0.25967666506767273,0.8571428656578064
l_curve_4,172,0.25887826085090637,0.8571428656578064
l_curve_4,173,0.25867143273353577,0.8571428656578064
l_curve_4,174,0.25842928886413574,0.8571428656578064
l_curve_4,175,0.25818678736686707,0.8571428656578064
l_curve_4,176,0.25761914253234863,0.8571428656578064
l_curve_4,177,0.256910115480423,0.8571428656578064
l_curve_4,178,0.2563008666038513,0.8571428656578064
l_curve_4,179,0.25583237409591675,0.8571428656578064
l_curve_4,180,0.2552923858165741,0.8571428656578064
l_curve_4,181,0.25490567088127136,0.8571428656578064
l_curve_4,182,0.254329651594162,0.8571428656578064
l_curve_4,183,0.2537879943847656,0.8571428656578064
l_curve_4,184,0.25359630584716797,0.8571428656578064
l_curve_4,185,0.2534502446651459,0.8571428656578064
l_curve_4,186,0.25338131189346313,0.8571428656578064
l_curve_4,187,0.2529681921005249,0.8571428656578064
l_curve_4,188,0.2522604465484619,0.8571428656578064
l_curve_4,189,0.25229859352111816,0.8571428656578064
l_curve_4,190,0.2518688142299652,0.8571428656578064
l_curve_4,191,0.2518526613712311,0.8571428656578064
l_curve_4,192,0.2514926493167877,0.8571428656578064
l_curve_4,193,0.25088852643966675,0.8571428656578064
l_curve_4,194,0.2504768967628479,0.8571428656578064
l_curve_4,195,0.24996080994606018,0.8571428656578064
l_curve_4,196,0.24917030334472656,0.8571428656578064
l_curve_4,197,0.24879753589630127,0.8571428656578064
l_curve_4,198,0.24835604429244995,0.8571428656578064
l_curve_4,199,0.2478892207145691,0.8571428656578064
l_curve_4,200,0.24797452986240387,0.8571428656578064
l_curve_4,201,0.24805836379528046,0.8571428656578064
l_curve_4,202,0.2478363811969757,0.8571428656578064
l_curve_4,203,0.24740301072597504,0.9047619104385376
l_curve_4,204,0.24699875712394714,0.9047619104385376
l_curve_4,205,0.24639451503753662,0.9047619104385376
l_curve_4,206,0.24556215107440948,0.9047619104385376
l_curve_4,207,0.2450762689113617,0.9047619104385376
l_curve_4,208,0.24493902921676636,0.9047619104385376
l_curve_4,209,0.24464848637580872,0.9047619104385376
l_curve_4,210,0.24403594434261322,0.9047619104385376
l_curve_4,211,0.2435878962278366,0.9047619104385376
l_curve_4,212,0.24351151287555695,0.9047619104385376
l_curve_4,213,0.24347326159477234,0.9047619104385376
l_curve_4,214,0.24271124601364136,0.9047619104385376
l_curve_4,215,0.24214385449886322,0.9047619104385376
l_curve_4,216,0.24162504076957703,0.9047619104385376
l_curve_4,217,0.24118761718273163,0.9047619104385376
l_curve_4,218,0.24118266999721527,0.9047619104385376
l_curve_4,219,0.24071839451789856,0.9047619104385376
l_curve_4,220,0.2400423288345337,0.9047619104385376
l_curve_4,221,0.23992221057415009,0.9047619104385376
l_curve_4,222,0.24031825363636017,0.9047619104385376
l_curve_4,223,0.2399417757987976,0.9047619104385376
l_curve_4,224,0.2393391728401184,0.9047619104385376
l_curve_4,225,0.23877760767936707,0.9047619104385376
l_curve_4,226,0.23850567638874054,0.9047619104385376
l_curve_4,227,0.23812848329544067,0.9047619104385376
l_curve_4,228,0.23735454678535461,0.9047619104385376
l_curve_4,229,0.23662419617176056,0.9047619104385376
l_curve_4,230,0.23632240295410156,0.9047619104385376
l_curve_4,231,0.23616088926792145,0.9047619104385376
l_curve_4,232,0.23597955703735352,0.9047619104385376
l_curve_4,233,0.23521189391613007,0.9047619104385376
l_curve_4,234,0.23473036289215088,0.9047619104385376
l_curve_4,235,0.23430460691452026,0.9047619104385376
l_curve_4,236,0.2341819554567337,0.9047619104385376
l_curve_4,237,0.233510360121727,0.9047619104385376
l_curve_4,238,0.2325747162103653,0.9047619104385376
l_curve_4,239,0.2322302758693695,0.9047619104385376
l_curve_4,240,0.2319747805595398,0.9047619104385376
l_curve_4,241,0.23151856660842896,0.9047619104385376
l_curve_4,242,0.23138990998268127,0.9047619104385376
l_curve_4,243,0.231235072016716,0.9047619104385376
l_curve_4,244,0.23078294098377228,0.9047619104385376
l_curve_4,245,0.23038287460803986,0.9047619104385376
l_curve_4,246,0.22959119081497192,0.9047619104385376
l_curve_4,247,0.22866623103618622,0.9047619104385376
l_curve_4,248,0.22795724868774414,0.9047619104385376
l_curve_4,249,0.2277659922838211,0.9047619104385376
l_curve_4,250,0.22721222043037415,0.9047619104385376
l_curve_4,251,0.2265065312385559,0.9047619104385376
l_curve_4,252,0.22588452696800232,0.9047619104385376
l_curve_4,253,0.22536121308803558,0.9047619104385376
l_curve_4,254,0.22509783506393433,0.9047619104385376
l_curve_4,255,0.224610835313797,0.9047619104385376
l_curve_4,256,0.2242879420518875,0.9047619104385376
l_curve_4,257,0.22360703349113464,0.9047619104385376
l_curve_4,258,0.22291500866413116,0.9047619104385376
l_curve_4,259,0.2222689390182495,0.9047619104385376
l_curve_4,260,0.22147192060947418,0.9047619104385376
l_curve_4,261,0.2210463136434555,0.9047619104385376
l_curve_4,262,0.22075054049491882,0.9047619104385376
l_curve_4,263,0.21999670565128326,0.9047619104385376
l_curve_4,264,0.21931613981723785,0.9047619104385376
l_curve_4,265,0.21873889863491058,0.9047619104385376
l_curve_4,266,0.21841394901275635,0.9047619104385376
l_curve_4,267,0.2178921401500702,0.9047619104385376
l_curve_4,268,0.21751253306865692,0.9047619104385376
l_curve_4,269,0.21713018417358398,0.9047619104385376
l_curve_4,270,0.21653418242931366,0.9047619104385376
l_curve_4,271,0.21606285870075226,0.9047619104385376
l_curve_4,272,0.21577484905719757,0.9047619104385376
l_curve_4,273,0.21519191563129425,0.9047619104385376
l_curve_4,274,0.21431273221969604,0.9047619104385376
l_curve_4,275,0.21368040144443512,0.9047619104385376
l_curve_4,276,0.21326330304145813,0.9047619104385376
l_curve_4,277,0.21262727677822113,0.9047619104385376
l_curve_4,278,0.21194332838058472,0.9047619104385376
l_curve_4,279,0.2113650143146515,0.9047619104385376
l_curve_4,280,0.21072006225585938,0.9047619104385376
l_curve_4,281,0.21051780879497528,0.9047619104385376
l_curve_4,282,0.21005795896053314,0.9047619104385376
l_curve_4,283,0.20957374572753906,0.9047619104385376
l_curve_4,284,0.20908620953559875,0.9047619104385376
l_curve_4,285,0.20838217437267303,0.9047619104385376
l_curve_4,286,0.20785722136497498,0.9047619104385376
l_curve_4,287,0.2072153091430664,0.9047619104385376
l_curve_4,288,0.20673486590385437,0.9047619104385376
l_curve_4,289,0.20600363612174988,0.9047619104385376
l_curve_4,290,0.2052508294582367,0.9047619104385376
l_curve_4,291,0.204733207821846,0.9047619104385376
l_curve_4,292,0.204474538564682,0.9047619104385376
l_curve_4,293,0.20407667756080627,0.9047619104385376
l_curve_4,294,0.20347538590431213,0.9047619104385376
l_curve_4,295,0.20275229215621948,0.9047619104385376
l_curve_4,296,0.20236127078533173,0.9047619104385376
l_curve_4,297,0.20143897831439972,0.9047619104385376
l_curve_4,298,0.20088082551956177,0.9047619104385376
l_curve_4,299,0.20061767101287842,0.9047619104385376
l_curve_4,300,0.20043541491031647,0.9047619104385376
l_curve_4,301,0.1999933123588562,0.9047619104385376
l_curve_4,302,0.19921034574508667,0.9047619104385376
l_curve_4,303,0.19848015904426575,0.9047619104385376
l_curve_4,304,0.19788654148578644,0.9047619104385376
l_curve_4,305,0.19700218737125397,0.9047619104385376
l_curve_4,306,0.19664958119392395,0.9047619104385376
l_curve_4,307,0.19578620791435242,0.9047619104385376
l_curve_4,308,0.1952517330646515,0.9047619104385376
l_curve_4,309,0.1943349838256836,0.9047619104385376
l_curve_4,310,0.1937878280878067,0.9047619104385376
l_curve_4,311,0.19338053464889526,0.9047619104385376
l_curve_4,312,0.19249717891216278,0.9047619104385376
l_curve_4,313,0.19167618453502655,0.9047619104385376
l_curve_4,314,0.19096976518630981,0.9047619104385376
l_curve_4,315,0.19046185910701752,0.9047619104385376
l_curve_4,316,0.18985173106193542,0.9047619104385376
l_curve_4,317,0.18922002613544464,0.9047619104385376
l_curve_4,318,0.18883682787418365,0.9047619104385376
l_curve_4,319,0.18822386860847473,0.9047619104385376
l_curve_4,320,0.18787120282649994,0.9047619104385376
l_curve_4,321,0.1875971108675003,0.9047619104385376
l_curve_4,322,0.18672044575214386,0.9047619104385376
l_curve_4,323,0.18597446382045746,0.9047619104385376
l_curve_4,324,0.1853502094745636,0.9047619104385376
l_curve_4,325,0.18467725813388824,0.9047619104385376
l_curve_4,326,0.18389363586902618,0.9047619104385376
l_curve_4,327,0.183164581656456,0.9047619104385376
l_curve_4,328,0.1823940873146057,0.9047619104385376
l_curve_4,329,0.18153530359268188,0.9047619104385376
l_curve_4,330,0.1808706670999527,0.9047619104385376
l_curve_4,331,0.18028107285499573,0.9047619104385376
l_curve_4,332,0.1796083301305771,0.9047619104385376
l_curve_4,333,0.17896032333374023,0.9047619104385376
l_curve_4,334,0.17845989763736725,0.9047619104385376
l_curve_4,335,0.1779089719057083,0.9047619104385376
l_curve_4,336,0.17734090983867645,0.9047619104385376
l_curve_4,337,0.1766194999217987,0.9047619104385376
l_curve_4,338,0.17590777575969696,0.9047619104385376
l_curve_4,339,0.175303116440773,0.9047619104385376
l_curve_4,340,0.1747644990682602,0.9523809552192688
l_curve_4,341,0.17402663826942444,0.9523809552192688
l_curve_4,342,0.17342890799045563,0.9523809552192688
l_curve_4,343,0.1727166473865509,0.9523809552192688
l_curve_4,344,0.17208723723888397,0.9523809552192688
l_curve_4,345,0.17154182493686676,0.9523809552192688
l_curve_4,346,0.1708030253648758,0.9523809552192688
l_curve_4,347,0.1702151745557785,0.9523809552192688
l_curve_4,348,0.16967764496803284,0.9523809552192688
l_curve_4,349,0.16898015141487122,0.9523809552192688
l_curve_4,350,0.16823959350585938,0.9523809552192688
l_curve_4,351,0.16764633357524872,0.9523809552192688
l_curve_4,352,0.16713948547840118,0.9523809552192688
l_curve_4,353,0.16641856729984283,0.9523809552192688
l_curve_4,354,0.16568470001220703,0.9523809552192688
l_curve_4,355,0.1651722639799118,0.9523809552192688
l_curve_4,356,0.16444149613380432,0.9523809552192688
l_curve_4,357,0.16379331052303314,0.9523809552192688
l_curve_4,358,0.16309481859207153,0.9523809552192688
l_curve_4,359,0.16224552690982819,0.9523809552192688
l_curve_4,360,0.1613662838935852,0.9523809552192688
l_curve_4,361,0.16073642671108246,0.9523809552192688
l_curve_4,362,0.16025975346565247,0.9523809552192688
l_curve_4,363,0.15964333713054657,0.9523809552192688
l_curve_4,364,0.1590721160173416,0.9523809552192688
l_curve_4,365,0.15846902132034302,0.9523809552192688
l_curve_4,366,0.1580062210559845,0.9523809552192688
l_curve_4,367,0.15731652081012726,0.9523809552192688
l_curve_4,368,0.15651853382587433,0.9523809552192688
l_curve_4,369,0.1557723879814148,0.9523809552192688
l_curve_4,370,0.15514545142650604,0.9523809552192688
l_curve_4,371,0.1547173410654068,0.9523809552192688
l_curve_4,372,0.1540686935186386,0.9523809552192688
l_curve_4,373,0.15348248183727264,0.9523809552192688
l_curve_4,374,0.15267489850521088,0.9523809552192688
l_curve_4,375,0.1519632488489151,0.9523809552192688
l_curve_4,376,0.15140096843242645,0.9523809552192688
l_curve_4,377,0.15082037448883057,0.9523809552192688
l_curve_4,378,0.15052540600299835,0.9523809552192688
l_curve_4,379,0.15002048015594482,0.9523809552192688
l_curve_4,380,0.14936771988868713,0.9523809552192688
l_curve_4,381,0.14883656799793243,0.9523809552192688
l_curve_4,382,0.14823119342327118,0.9523809552192688
l_curve_4,383,0.1476530283689499,0.9523809552192688
l_curve_4,384,0.14679419994354248,0.9523809552192688
l_curve_4,385,0.1460987776517868,0.9523809552192688
l_curve_4,386,0.14543135464191437,0.9523809552192688
l_curve_4,387,0.14450766146183014,0.9523809552192688
l_curve_4,388,0.14382731914520264,0.9523809552192688
l_curve_4,389,0.14312699437141418,0.9523809552192688
l_curve_4,390,0.1424860656261444,0.9523809552192688
l_curve_4,391,0.14185775816440582,0.9523809552192688
l_curve_4,392,0.14114828407764435,0.9523809552192688
l_curve_4,393,0.1404920369386673,0.9523809552192688
l_curve_4,394,0.13971750438213348,0.9523809552192688
l_curve_4,395,0.13942453265190125,0.9523809552192688
l_curve_4,396,0.13901053369045258,0.9523809552192688
l_curve_4,397,0.13842925429344177,0.9523809552192688
l_curve_4,398,0.137849360704422,0.9523809552192688
l_curve_4,399,0.13722917437553406,0.9523809552192688
l_curve_4,400,0.13639657199382782,0.9523809552192688
l_curve_4,401,0.1356538087129593,0.9523809552192688
l_curve_4,402,0.13497015833854675,0.9523809552192688
l_curve_4,403,0.13436758518218994,0.9523809552192688
l_curve_4,404,0.13365089893341064,0.9523809552192688
l_curve_4,405,0.13308808207511902,0.9523809552192688
l_curve_4,406,0.1325325220823288,0.9523809552192688
l_curve_4,407,0.13196086883544922,0.9523809552192688
l_curve_4,408,0.1315096765756607,0.9523809552192688
l_curve_4,409,0.13098600506782532,0.9523809552192688
l_curve_4,410,0.13048183917999268,0.9523809552192688
l_curve_4,411,0.12979558110237122,0.9523809552192688
l_curve_4,412,0.12909483909606934,0.9523809552192688
l_curve_4,413,0.1285536289215088,0.9523809552192688
l_curve_4,414,0.12788905203342438,0.9523809552192688
l_curve_4,415,0.12711188197135925,0.9523809552192688
l_curve_4,416,0.1264324188232422,0.9523809552192688
l_curve_4,417,0.1259257197380066,0.9523809552192688
l_curve_4,418,0.12530551850795746,0.9523809552192688
l_curve_4,419,0.1247539073228836,0.9523809552192688
l_curve_4,420,0.12418738752603531,0.9523809552192688
l_curve_4,421,0.12374802678823471,0.9523809552192688
l_curve_4,422,0.12334366142749786,0.9523809552192688
l_curve_4,423,0.12296026200056076,0.9523809552192688
l_curve_4,424,0.12226726859807968,0.9523809552192688
l_curve_4,425,0.1214640811085701,0.9523809552192688
l_curve_4,426,0.12081776559352875,0.9523809552192688
l_curve_4,427,0.12014526128768921,0.9523809552192688
l_curve_4,428,0.11962422728538513,0.9523809552192688
l_curve_4,429,0.1190066933631897,1.0
l_curve_4,430,0.11837044358253479,1.0
l_curve_4,431,0.11786150932312012,1.0
l_curve_4,432,0.11736370623111725,1.0
l_curve_4,433,0.11689741164445877,1.0
l_curve_4,434,0.1163121834397316,1.0
l_curve_4,435,0.11593205481767654,1.0
l_curve_4,436,0.11538802832365036,1.0
l_curve_4,437,0.11481217294931412,1.0
l_curve_4,438,0.11427159607410431,1.0
l_curve_4,439,0.11371370404958725,1.0
l_curve_4,440,0.11318739503622055,1.0
l_curve_4,441,0.11268041282892227,1.0
l_curve_4,442,0.11211729049682617,1.0
l_curve_4,443,0.11151266098022461,1.0
l_curve_4,444,0.11088548600673676,1.0
l_curve_4,445,0.11038307845592499,1.0
l_curve_4,446,0.10977496206760406,1.0
l_curve_4,447,0.1092187911272049,1.0
l_curve_4,448,0.10863906145095825,1.0
l_curve_4,449,0.10805843770503998,1.0
l_curve_4,450,0.10753494501113892,1.0
l_curve_4,451,0.10711228102445602,1.0
l_curve_4,452,0.10661307722330093,1.0
l_curve_4,453,0.10590549558401108,1.0
l_curve_4,454,0.1052502766251564,1.0
l_curve_4,455,0.10483726114034653,1.0
l_curve_4,456,0.10442937165498734,1.0
l_curve_4,457,0.10390747338533401,1.0
l_curve_4,458,0.10345436632633209,1.0
l_curve_4,459,0.10308092087507248,1.0
l_curve_4,460,0.10271769762039185,1.0
l_curve_4,461,0.10211744904518127,1.0
l_curve_4,462,0.10154593735933304,1.0
l_curve_4,463,0.10093963891267776,1.0
l_curve_4,464,0.10041379928588867,1.0
l_curve_4,465,0.0999016985297203,1.0
l_curve_4,466,0.09937988966703415,1.0
l_curve_4,467,0.09883619844913483,1.0
l_curve_4,468,0.09847098588943481,1.0
l_curve_4,469,0.09814902395009995,1.0
l_curve_4,470,0.09762215614318848,1.0
l_curve_4,471,0.0970880314707756,1.0
l_curve_4,472,0.09657248109579086,1.0
l_curve_4,473,0.09601068496704102,1.0
l_curve_4,474,0.09553681313991547,1.0
l_curve_4,475,0.09519391506910324,1.0
l_curve_4,476,0.09488526731729507,1.0
l_curve_4,477,0.09444798529148102,1.0
l_curve_4,478,0.09395097196102142,1.0
l_curve_4,479,0.09346989542245865,1.0
l_curve_4,480,0.09295500814914703,1.0
l_curve_4,481,0.0925212949514389,1.0
l_curve_4,482,0.09213946759700775,1.0
l_curve_4,483,0.09172336012125015,1.0
l_curve_4,484,0.09118897467851639,1.0
l_curve_4,485,0.09072843939065933,1.0
l_curve_4,486,0.09032139182090759,1.0
l_curve_4,487,0.09001471847295761,1.0
l_curve_4,488,0.0895107090473175,1.0
l_curve_4,489,0.08897005766630173,1.0
l_curve_4,490,0.08847533166408539,1.0
l_curve_4,491,0.08798248320817947,1.0
l_curve_4,492,0.08761953562498093,1.0
l_curve_4,493,0.08725693076848984,1.0
l_curve_4,494,0.08684216439723969,1.0
l_curve_4,495,0.08639266341924667,1.0
l_curve_4,496,0.08602916449308395,1.0
l_curve_4,497,0.08563152700662613,1.0
l_curve_4,498,0.08529432862997055,1.0
l_curve_4,499,0.084983691573143,1.0
l_curve_4,500,0.08450395613908768,1.0
l_curve_4,501,0.08409693837165833,1.0
l_curve_4,502,0.08350791037082672,1.0
l_curve_4,503,0.08295678347349167,1.0
l_curve_4,504,0.08253470808267593,1.0
l_curve_4,505,0.0821872353553772,1.0
l_curve_4,506,0.08179410547018051,1.0
l_curve_4,507,0.08135644346475601,1.0
l_curve_4,508,0.08090333640575409,1.0
l_curve_4,509,0.08056066930294037,1.0
l_curve_4,510,0.08030098676681519,1.0
l_curve_4,511,0.07992492616176605,1.0
l_curve_4,512,0.0795581191778183,1.0
l_curve_4,513,0.0792732685804367,1.0
l_curve_4,514,0.07884763181209564,1.0
l_curve_4,515,0.07843782007694244,1.0
l_curve_4,516,0.07801483571529388,1.0
l_curve_4,517,0.07763466984033585,1.0
l_curve_4,518,0.0773305743932724,1.0
l_curve_4,519,0.07704836130142212,1.0
l_curve_4,520,0.07667714357376099,1.0
l_curve_4,521,0.07629392296075821,1.0
l_curve_4,522,0.07601436972618103,1.0
l_curve_4,523,0.07564271986484528,1.0
l_curve_4,524,0.07514164596796036,1.0
l_curve_4,525,0.07470192015171051,1.0
l_curve_4,526,0.0742693841457367,1.0
l_curve_4,527,0.0738767459988594,1.0
l_curve_4,528,0.07352367788553238,1.0
l_curve_4,529,0.0731559619307518,1.0
l_curve_4,530,0.07279697060585022,1.0
l_curve_4,531,0.07243340462446213,1.0
l_curve_4,532,0.07207082211971283,1.0
l_curve_4,533,0.07173387706279755,1.0
l_curve_4,534,0.07135368883609772,1.0
l_curve_4,535,0.07093509286642075,1.0
l_curve_4,536,0.07063604891300201,1.0
l_curve_4,537,0.07032831758260727,1.0
l_curve_4,538,0.07004329562187195,1.0
l_curve_4,539,0.06974707543849945,1.0
l_curve_4,540,0.06936202943325043,1.0
l_curve_4,541,0.06908868253231049,1.0
l_curve_4,542,0.0687900185585022,1.0
l_curve_4,543,0.06847964227199554,1.0
l_curve_4,544,0.06811591237783432,1.0
l_curve_4,545,0.06780456006526947,1.0
l_curve_4,546,0.06747967004776001,1.0
l_curve_4,547,0.06715124845504761,1.0
l_curve_4,548,0.06679777055978775,1.0
l_curve_4,549,0.0664161965250969,1.0
l_curve_4,550,0.06613200902938843,1.0
l_curve_4,551,0.06588853150606155,1.0
l_curve_4,552,0.06557035446166992,1.0
l_curve_4,553,0.0652059018611908,1.0
l_curve_4,554,0.06483075022697449,1.0
l_curve_4,555,0.06452915072441101,1.0
l_curve_4,556,0.06425980478525162,1.0
l_curve_4,557,0.06399916857481003,1.0
l_curve_4,558,0.0636797696352005,1.0
l_curve_4,559,0.06345038115978241,1.0
l_curve_4,560,0.0631139725446701,1.0
l_curve_4,561,0.06276226043701172,1.0
l_curve_4,562,0.06237488612532616,1.0
l_curve_4,563,0.06196637451648712,1.0
l_curve_4,564,0.06167859211564064,1.0
l_curve_4,565,0.06137840077280998,1.0
l_curve_4,566,0.06110510230064392,1.0
l_curve_4,567,0.06089286506175995,1.0
l_curve_4,568,0.06059875339269638,1.0
l_curve_4,569,0.06026240810751915,1.0
l_curve_4,570,0.05995962768793106,1.0
l_curve_4,571,0.05968755856156349,1.0
l_curve_4,572,0.05946294963359833,1.0
l_curve_4,573,0.059159182012081146,1.0
l_curve_4,574,0.058836571872234344,1.0
l_curve_4,575,0.05855425074696541,1.0
l_curve_4,576,0.0582423098385334,1.0
l_curve_4,577,0.05789793282747269,1.0
l_curve_4,578,0.05763699486851692,1.0
l_curve_4,579,0.057400234043598175,1.0
l_curve_4,580,0.05708685517311096,1.0
l_curve_4,581,0.0568261556327343,1.0
l_curve_4,582,0.056568536907434464,1.0
l_curve_4,583,0.05629508197307587,1.0
l_curve_4,584,0.05613291263580322,1.0
l_curve_4,585,0.05595945194363594,1.0
l_curve_4,586,0.05565696582198143,1.0
l_curve_4,587,0.05534572899341583,1.0
l_curve_4,588,0.05509645491838455,1.0
l_curve_4,589,0.054842494428157806,1.0
l_curve_4,590,0.05454884096980095,1.0
l_curve_4,591,0.054204780608415604,1.0
l_curve_4,592,0.05397726222872734,1.0
l_curve_4,593,0.053747065365314484,1.0
l_curve_4,594,0.05353442206978798,1.0
l_curve_4,595,0.053308647125959396,1.0
l_curve_4,596,0.052981290966272354,1.0
l_curve_4,597,0.052706629037857056,1.0
l_curve_4,598,0.052448488771915436,1.0
l_curve_4,599,0.05218764767050743,1.0
l_curve_4,600,0.05190786346793175,1.0
l_curve_4,601,0.05161084607243538,1.0
l_curve_4,602,0.051400575786828995,1.0
l_curve_4,603,0.051207173615694046,1.0
l_curve_4,604,0.050959739834070206,1.0
l_curve_4,605,0.05070587620139122,1.0
l_curve_4,606,0.050445545464754105,1.0
l_curve_4,607,0.050175778567790985,1.0
l_curve_4,608,0.049904316663742065,1.0
l_curve_4,609,0.049608130007982254,1.0
l_curve_4,610,0.04935888573527336,1.0
l_curve_4,611,0.049198321998119354,1.0
l_curve_4,612,0.0490218922495842,1.0
l_curve_4,613,0.04874812811613083,1.0
l_curve_4,614,0.04855366051197052,1.0
l_curve_4,615,0.048313889652490616,1.0
l_curve_4,616,0.048069801181554794,1.0
l_curve_4,617,0.047800756990909576,1.0
l_curve_4,618,0.04749985784292221,1.0
l_curve_4,619,0.047245293855667114,1.0
l_curve_4,620,0.04708473011851311,1.0
l_curve_4,621,0.04685167968273163,1.0
l_curve_4,622,0.04662701115012169,1.0
l_curve_4,623,0.046391554176807404,1.0
l_curve_4,624,0.04609369486570358,1.0
l_curve_4,625,0.04584439471364021,1.0
l_curve_4,626,0.0457032136619091,1.0
l_curve_4,627,0.04553958773612976,1.0
l_curve_4,628,0.04535853490233421,1.0
l_curve_4,629,0.04516885057091713,1.0
l_curve_4,630,0.04497310519218445,1.0
l_curve_4,631,0.04478312283754349,1.0
l_curve_4,632,0.04453824833035469,1.0
l_curve_4,633,0.044357575476169586,1.0
l_curve_4,634,0.044206373393535614,1.0
l_curve_4,635,0.044008344411849976,1.0
l_curve_4,636,0.04379456862807274,1.0
l_curve_4,637,0.04353566840291023,1.0
l_curve_4,638,0.043328527361154556,1.0
l_curve_4,639,0.0431026890873909,1.0
l_curve_4,640,0.042851220816373825,1.0
l_curve_4,641,0.04260846972465515,1.0
l_curve_4,642,0.042400725185871124,1.0
l_curve_4,643,0.04222213476896286,1.0
l_curve_4,644,0.04207863658666611,1.0
l_curve_4,645,0.041916754096746445,1.0
l_curve_4,646,0.041717030107975006,1.0
l_curve_4,647,0.04152042046189308,1.0
l_curve_4,648,0.0413263700902462,1.0
l_curve_4,649,0.04112650826573372,1.0
l_curve_4,650,0.04091951251029968,1.0
l_curve_4,651,0.04070242494344711,1.0
l_curve_4,652,0.04055391997098923,1.0
l_curve_4,653,0.04039015248417854,1.0
l_curve_4,654,0.04017133265733719,1.0
l_curve_4,655,0.039997294545173645,1.0
l_curve_4,656,0.039776723831892014,1.0
l_curve_4,657,0.039589960128068924,1.0
l_curve_4,658,0.03940833359956741,1.0
l_curve_4,659,0.03924422711133957,1.0
l_curve_4,660,0.03908585384488106,1.0
l_curve_4,661,0.03890326991677284,1.0
l_curve_4,662,0.03874359279870987,1.0
l_curve_4,663,0.03856024146080017,1.0
l_curve_4,664,0.038368094712495804,1.0
l_curve_4,665,0.03818194195628166,1.0
l_curve_4,666,0.038014817982912064,1.0
l_curve_4,667,0.037782032042741776,1.0
l_curve_4,668,0.03756872937083244,1.0
l_curve_4,669,0.03739813342690468,1.0
l_curve_4,670,0.03723489120602608,1.0
l_curve_4,671,0.037073295563459396,1.0
l_curve_4,672,0.036874208599328995,1.0
l_curve_4,673,0.03671838715672493,1.0
l_curve_4,674,0.03654785826802254,1.0
l_curve_4,675,0.03637346625328064,1.0
l_curve_4,676,0.03619292750954628,1.0
l_curve_4,677,0.03601209446787834,1.0
l_curve_4,678,0.0358550027012825,1.0
l_curve_4,679,0.03571419417858124,1.0
l_curve_4,680,0.03560963273048401,1.0
l_curve_4,681,0.03545747324824333,1.0
l_curve_4,682,0.0352659747004509,1.0
l_curve_4,683,0.0351158007979393,1.0
l_curve_4,684,0.034990422427654266,1.0
l_curve_4,685,0.03479320555925369,1.0
l_curve_4,686,0.03461321070790291,1.0
l_curve_4,687,0.034435611218214035,1.0
l_curve_4,688,0.034260012209415436,1.0
l_curve_4,689,0.034093305468559265,1.0
l_curve_4,690,0.03390469029545784,1.0
l_curve_4,691,0.03371230140328407,1.0
l_curve_4,692,0.033561110496520996,1.0
l_curve_4,693,0.03340908885002136,1.0
l_curve_4,694,0.03327871114015579,1.0
l_curve_4,695,0.03317715600132942,1.0
l_curve_4,696,0.03303338214755058,1.0
l_curve_4,697,0.032855074852705,1.0
l_curve_4,698,0.03268187493085861,1.0
l_curve_4,699,0.032485149800777435,1.0
l_curve_4,700,0.032351043075323105,1.0
l_curve_4,701,0.03221495822072029,1.0
l_curve_4,702,0.03204396367073059,1.0
l_curve_4,703,0.03187255188822746,1.0
l_curve_4,704,0.03171709179878235,1.0
l_curve_4,705,0.03158692643046379,1.0
l_curve_4,706,0.031507473438978195,1.0
l_curve_4,707,0.031386565417051315,1.0
l_curve_4,708,0.03122181072831154,1.0
l_curve_4,709,0.031067077070474625,1.0
l_curve_4,710,0.030915668234229088,1.0
l_curve_4,711,0.030776306986808777,1.0
l_curve_4,712,0.030661026015877724,1.0
l_curve_4,713,0.030530614778399467,1.0
l_curve_4,714,0.030391134321689606,1.0
l_curve_4,715,0.03022035025060177,1.0
l_curve_4,716,0.03009110316634178,1.0
l_curve_4,717,0.0299924835562706,1.0
l_curve_4,718,0.029831647872924805,1.0
l_curve_4,719,0.02966129221022129,1.0
l_curve_4,720,0.029504265636205673,1.0
l_curve_4,721,0.029328269883990288,1.0
l_curve_4,722,0.02918430231511593,1.0
l_curve_4,723,0.029053324833512306,1.0
l_curve_4,724,0.02893286570906639,1.0
l_curve_4,725,0.028820980340242386,1.0
l_curve_4,726,0.02869454398751259,1.0
l_curve_4,727,0.02855137176811695,1.0
l_curve_4,728,0.028435533866286278,1.0
l_curve_4,729,0.02829008921980858,1.0
l_curve_4,730,0.02817852795124054,1.0
l_curve_4,731,0.02808806486427784,1.0
l_curve_4,732,0.027971843257546425,1.0
l_curve_4,733,0.02783080004155636,1.0
l_curve_4,734,0.0276775024831295,1.0
l_curve_4,735,0.027572864666581154,1.0
l_curve_4,736,0.027426350861787796,1.0
l_curve_4,737,0.02728908881545067,1.0
l_curve_4,738,0.02716100588440895,1.0
l_curve_4,739,0.027052586898207664,1.0
l_curve_4,740,0.026948533952236176,1.0
l_curve_4,741,0.026806607842445374,1.0
l_curve_4,742,0.026689793914556503,1.0
l_curve_4,743,0.0265585295855999,1.0
l_curve_4,744,0.02645088918507099,1.0
l_curve_4,745,0.026300901547074318,1.0
l_curve_4,746,0.02620179019868374,1.0
l_curve_4,747,0.02605419233441353,1.0
l_curve_4,748,0.025907402858138084,1.0
l_curve_4,749,0.02577468380331993,1.0
l_curve_4,750,0.025648418813943863,1.0
l_curve_4,751,0.025540011003613472,1.0
l_curve_4,752,0.02544592134654522,1.0
l_curve_4,753,0.025317182764410973,1.0
l_curve_4,754,0.025197912007570267,1.0
l_curve_4,755,0.025074943900108337,1.0
l_curve_4,756,0.024977484717965126,1.0
l_curve_4,757,0.02487945556640625,1.0
l_curve_4,758,0.024772536009550095,1.0
l_curve_4,759,0.024621132761240005,1.0
l_curve_4,760,0.024487152695655823,1.0
l_curve_4,761,0.024390969425439835,1.0
l_curve_4,762,0.024330969899892807,1.0
l_curve_4,763,0.024205468595027924,1.0
l_curve_4,764,0.024060754105448723,1.0
l_curve_4,765,0.023980453610420227,1.0
l_curve_4,766,0.023887792602181435,1.0
l_curve_4,767,0.02378295361995697,1.0
l_curve_4,768,0.023675641044974327,1.0
l_curve_4,769,0.0235768910497427,1.0
l_curve_4,770,0.023460637778043747,1.0
l_curve_4,771,0.023318985477089882,1.0
l_curve_4,772,0.023210128769278526,1.0
l_curve_4,773,0.023083968088030815,1.0
l_curve_4,774,0.022987261414527893,1.0
l_curve_4,775,0.022867610678076744,1.0
l_curve_4,776,0.022780563682317734,1.0
l_curve_4,777,0.02271043322980404,1.0
l_curve_4,778,0.022606592625379562,1.0
l_curve_4,779,0.022502828389406204,1.0
l_curve_4,780,0.022389153018593788,1.0
l_curve_4,781,0.022286318242549896,1.0
l_curve_4,782,0.022174157202243805,1.0
l_curve_4,783,0.022070804610848427,1.0
l_curve_4,784,0.02198520302772522,1.0
l_curve_4,785,0.021878864616155624,1.0
l_curve_4,786,0.021770985797047615,1.0
l_curve_4,787,0.02168942056596279,1.0
l_curve_4,788,0.021570855751633644,1.0
l_curve_4,789,0.021472761407494545,1.0
l_curve_4,790,0.021391846239566803,1.0
l_curve_4,791,0.021324390545487404,1.0
l_curve_4,792,0.021232441067695618,1.0
l_curve_4,793,0.021138813346624374,1.0
l_curve_4,794,0.021060997620224953,1.0
l_curve_4,795,0.020950015634298325,1.0
l_curve_4,796,0.020869897678494453,1.0
l_curve_4,797,0.020762808620929718,1.0
l_curve_4,798,0.020658982917666435,1.0
l_curve_4,799,0.020564163103699684,1.0
l_curve_4,800,0.02047998085618019,1.0
l_curve_4,801,0.02037997543811798,1.0
l_curve_4,802,0.020277155563235283,1.0
l_curve_4,803,0.020198719576001167,1.0
l_curve_4,804,0.02009587176144123,1.0
l_curve_4,805,0.020014481619000435,1.0
l_curve_4,806,0.019930515438318253,1.0
l_curve_4,807,0.01984596997499466,1.0
l_curve_4,808,0.01976153627038002,1.0
l_curve_4,809,0.019675569608807564,1.0
l_curve_4,810,0.01958785206079483,1.0
l_curve_4,811,0.019476192072033882,1.0
l_curve_4,812,0.01939207687973976,1.0
l_curve_4,813,0.01930767484009266,1.0
l_curve_4,814,0.01921330764889717,1.0
l_curve_4,815,0.019130093976855278,1.0
l_curve_4,816,0.019042769446969032,1.0
l_curve_4,817,0.01893751695752144,1.0
l_curve_4,818,0.018847456201910973,1.0
l_curve_4,819,0.018772544339299202,1.0
l_curve_4,820,0.01868358626961708,1.0
l_curve_4,821,0.01860710047185421,1.0
l_curve_4,822,0.01851133443415165,1.0
l_curve_4,823,0.018451590090990067,1.0
l_curve_4,824,0.018371863290667534,1.0
l_curve_4,825,0.018299033865332603,1.0
l_curve_4,826,0.01820182241499424,1.0
l_curve_4,827,0.018132051452994347,1.0
l_curve_4,828,0.018038000911474228,1.0
l_curve_4,829,0.017971932888031006,1.0
l_curve_4,830,0.01791333593428135,1.0
l_curve_4,831,0.017836233600974083,1.0
l_curve_4,832,0.01774180307984352,1.0
l_curve_4,833,0.017643053084611893,1.0
l_curve_4,834,0.017554406076669693,1.0
l_curve_4,835,0.01749754138290882,1.0
l_curve_4,836,0.01740311086177826,1.0
l_curve_4,837,0.017333291471004486,1.0
l_curve_4,838,0.01729350909590721,1.0
l_curve_4,839,0.01722899079322815,1.0
l_curve_4,840,0.01716471277177334,1.0
l_curve_4,841,0.017076686024665833,1.0
l_curve_4,842,0.01699206605553627,1.0
l_curve_4,843,0.016895541921257973,1.0
l_curve_4,844,0.016817927360534668,1.0
l_curve_4,845,0.016747863963246346,1.0
l_curve_4,846,0.01666412502527237,1.0
l_curve_4,847,0.01658361218869686,1.0
l_curve_4,848,0.016513913869857788,1.0
l_curve_4,849,0.016474252566695213,1.0
l_curve_4,850,0.016406288370490074,1.0
l_curve_4,851,0.016322992742061615,1.0
l_curve_4,852,0.01623564027249813,1.0
l_curve_4,853,0.01615196466445923,1.0
l_curve_4,854,0.016048356890678406,1.0
l_curve_4,855,0.01598474010825157,1.0
l_curve_4,856,0.01594126783311367,1.0
l_curve_4,857,0.015853937715291977,1.0
l_curve_4,858,0.015786200761795044,1.0
l_curve_4,859,0.015729323029518127,1.0
l_curve_4,860,0.01565432734787464,1.0
l_curve_4,861,0.015576795674860477,1.0
l_curve_4,862,0.01548519916832447,1.0
l_curve_4,863,0.015397136099636555,1.0
l_curve_4,864,0.015313251875340939,1.0
l_curve_4,865,0.015249628573656082,1.0
l_curve_4,866,0.015186632983386517,1.0
l_curve_4,867,0.01513808686286211,1.0
l_curve_4,868,0.015066691674292088,1.0
l_curve_4,869,0.01497744396328926,1.0
l_curve_4,870,0.014909128658473492,1.0
l_curve_4,871,0.014881361275911331,1.0
l_curve_4,872,0.01483195275068283,1.0
l_curve_4,873,0.014754544012248516,1.0
l_curve_4,874,0.014696900732815266,1.0
l_curve_4,875,0.014661173336207867,1.0
l_curve_4,876,0.014621732756495476,1.0
l_curve_4,877,0.014543280936777592,1.0
l_curve_4,878,0.014457573182880878,1.0
l_curve_4,879,0.014370332472026348,1.0
l_curve_4,880,0.014308623038232327,1.0
l_curve_4,881,0.014253366738557816,1.0
l_curve_4,882,0.014219744130969048,1.0
l_curve_4,883,0.014169471338391304,1.0
l_curve_4,884,0.014109110459685326,1.0
l_curve_4,885,0.014045198448002338,1.0
l_curve_4,886,0.01398342102766037,1.0
l_curve_4,887,0.013909389264881611,1.0
l_curve_4,888,0.013841146603226662,1.0
l_curve_4,889,0.013769230805337429,1.0
l_curve_4,890,0.013703254982829094,1.0
l_curve_4,891,0.01364784874022007,1.0
l_curve_4,892,0.013589685782790184,1.0
l_curve_4,893,0.01353366207331419,1.0
l_curve_4,894,0.013468141667544842,1.0
l_curve_4,895,0.013400592841207981,1.0
l_curve_4,896,0.01334872655570507,1.0
l_curve_4,897,0.013321811333298683,1.0
l_curve_4,898,0.013289322145283222,1.0
l_curve_4,899,0.013235370628535748,1.0
l_curve_4,900,0.01316140964627266,1.0
l_curve_4,901,0.013096367008984089,1.0
l_curve_4,902,0.013037903234362602,1.0
l_curve_4,903,0.012964947149157524,1.0
l_curve_4,904,0.012896329164505005,1.0
l_curve_4,905,0.012835131026804447,1.0
l_curve_4,906,0.012759340927004814,1.0
l_curve_4,907,0.012697361409664154,1.0
l_curve_4,908,0.012663222849369049,1.0
l_curve_4,909,0.012612760066986084,1.0
l_curve_4,910,0.012570952996611595,1.0
l_curve_4,911,0.01252847071737051,1.0
l_curve_4,912,0.012461564503610134,1.0
l_curve_4,913,0.012413331307470798,1.0
l_curve_4,914,0.012353016063570976,1.0
l_curve_4,915,0.012277563102543354,1.0
l_curve_4,916,0.012207172811031342,1.0
l_curve_4,917,0.012133633717894554,1.0
l_curve_4,918,0.01209582295268774,1.0
l_curve_4,919,0.012056789360940456,1.0
l_curve_4,920,0.0120211998000741,1.0
l_curve_4,921,0.011956917122006416,1.0
l_curve_4,922,0.011912565678358078,1.0
l_curve_4,923,0.011869408190250397,1.0
l_curve_4,924,0.011829511262476444,1.0
l_curve_4,925,0.011774120852351189,1.0
l_curve_4,926,0.01173488050699234,1.0
l_curve_4,927,0.011679965071380138,1.0
l_curve_4,928,0.011623135767877102,1.0
l_curve_4,929,0.011580279096961021,1.0
l_curve_4,930,0.011531058698892593,1.0
l_curve_4,931,0.011465703137218952,1.0
l_curve_4,932,0.011421269737184048,1.0
l_curve_4,933,0.011373618617653847,1.0
l_curve_4,934,0.011332584545016289,1.0
l_curve_4,935,0.011278137564659119,1.0
l_curve_4,936,0.011219322681427002,1.0
l_curve_4,937,0.01117799710482359,1.0
l_curve_4,938,0.011126141995191574,1.0
l_curve_4,939,0.011078638955950737,1.0
l_curve_4,940,0.011032169684767723,1.0
l_curve_4,941,0.010982595384120941,1.0
l_curve_4,942,0.010931098833680153,1.0
l_curve_4,943,0.010894437320530415,1.0
l_curve_4,944,0.010865829885005951,1.0
l_curve_4,945,0.010840924456715584,1.0
l_curve_4,946,0.010781848803162575,1.0
l_curve_4,947,0.010724370367825031,1.0
l_curve_4,948,0.010657817125320435,1.0
l_curve_4,949,0.010633325204253197,1.0
l_curve_4,950,0.010603159666061401,1.0
l_curve_4,951,0.010557982139289379,1.0
l_curve_4,952,0.010506988503038883,1.0
l_curve_4,953,0.010462412610650063,1.0
l_curve_4,954,0.010411282069981098,1.0
l_curve_4,955,0.010364936664700508,1.0
l_curve_4,956,0.010321677662432194,1.0
l_curve_4,957,0.010258796624839306,1.0
l_curve_4,958,0.010209320113062859,1.0
l_curve_4,959,0.010165014304220676,1.0
l_curve_4,960,0.010133088566362858,1.0
l_curve_4,961,0.010086270049214363,1.0
l_curve_4,962,0.010036246851086617,1.0
l_curve_4,963,0.009979965165257454,1.0
l_curve_4,964,0.009925351478159428,1.0
l_curve_4,965,0.009864277206361294,1.0
l_curve_4,966,0.009825621731579304,1.0
l_curve_4,967,0.009783457033336163,1.0
l_curve_4,968,0.009753862395882607,1.0
l_curve_4,969,0.009715353138744831,1.0
l_curve_4,970,0.00966575462371111,1.0
l_curve_4,971,0.009607577696442604,1.0
l_curve_4,972,0.009577612392604351,1.0
l_curve_4,973,0.009568644687533379,1.0
l_curve_4,974,0.009533800184726715,1.0
l_curve_4,975,0.009498734958469868,1.0
l_curve_4,976,0.009469961747527122,1.0
l_curve_4,977,0.009438644163310528,1.0
l_curve_4,978,0.00936809927225113,1.0
l_curve_4,979,0.00933104194700718,1.0
l_curve_4,980,0.009311525151133537,1.0
l_curve_4,981,0.009299459867179394,1.0
l_curve_4,982,0.009254994802176952,1.0
l_curve_4,983,0.009217304177582264,1.0
l_curve_4,984,0.009160284884274006,1.0
l_curve_4,985,0.009109141305088997,1.0
l_curve_4,986,0.00906465109437704,1.0
l_curve_4,987,0.009039906784892082,1.0
l_curve_4,988,0.009015182964503765,1.0
l_curve_4,989,0.008973909541964531,1.0
l_curve_4,990,0.008915540762245655,1.0
l_curve_4,991,0.008870492689311504,1.0
l_curve_4,992,0.008817551657557487,1.0
l_curve_4,993,0.008788823150098324,1.0
l_curve_4,994,0.008759061805903912,1.0
l_curve_4,995,0.008730567060410976,1.0
l_curve_4,996,0.008703645318746567,1.0
l_curve_4,997,0.008664862252771854,1.0
l_curve_4,998,0.008611651137471199,1.0
l_curve_4,999,0.00857516098767519,1.0
l_curve_4,1000,0.008546777069568634,1.0
l_curve_4,1000,0.008546777069568634,1.0
