client,round,loss,accuracy
l_curve_2,1,0.8061627745628357,0.5
l_curve_2,2,0.8004819750785828,0.5
l_curve_2,3,0.7947178483009338,0.5
l_curve_2,4,0.7895401120185852,0.5
l_curve_2,5,0.7843632102012634,0.5
l_curve_2,6,0.7793645858764648,0.5
l_curve_2,7,0.7745883464813232,0.5
l_curve_2,8,0.7700486779212952,0.5
l_curve_2,9,0.76556795835495,0.5
l_curve_2,10,0.7614520192146301,0.5
l_curve_2,11,0.7573783993721008,0.5
l_curve_2,12,0.7534210085868835,0.5
l_curve_2,13,0.7497029304504395,0.5
l_curve_2,14,0.7461506724357605,0.5
l_curve_2,15,0.7427268624305725,0.5
l_curve_2,16,0.7393801808357239,0.5
l_curve_2,17,0.7363090515136719,0.4583333432674408
l_curve_2,18,0.733354389667511,0.4583333432674408
l_curve_2,19,0.7304580807685852,0.4583333432674408
l_curve_2,20,0.7277011871337891,0.4583333432674408
l_curve_2,21,0.7250685691833496,0.4583333432674408
l_curve_2,22,0.7226452827453613,0.4583333432674408
l_curve_2,23,0.7202014923095703,0.4583333432674408
l_curve_2,24,0.7177850604057312,0.4583333432674408
l_curve_2,25,0.715548038482666,0.4583333432674408
l_curve_2,26,0.7133967280387878,0.4583333432674408
l_curve_2,27,0.7112109065055847,0.4583333432674408
l_curve_2,28,0.709136426448822,0.4583333432674408
l_curve_2,29,0.7072569727897644,0.4583333432674408
l_curve_2,30,0.7053050398826599,0.4583333432674408
l_curve_2,31,0.7035436630249023,0.4583333432674408
l_curve_2,32,0.7017848491668701,0.5
l_curve_2,33,0.7001304626464844,0.5
l_curve_2,34,0.6985118389129639,0.5
l_curve_2,35,0.6968276500701904,0.5
l_curve_2,36,0.6952895522117615,0.5
l_curve_2,37,0.6937758326530457,0.5
l_curve_2,38,0.6922517418861389,0.5
l_curve_2,39,0.690803587436676,0.5
l_curve_2,40,0.6893525123596191,0.5
l_curve_2,41,0.6879458427429199,0.5
l_curve_2,42,0.6865431666374207,0.5
l_curve_2,43,0.6851779818534851,0.5
l_curve_2,44,0.6837955117225647,0.5
l_curve_2,45,0.6825213432312012,0.5
l_curve_2,46,0.6813507080078125,0.5
l_curve_2,47,0.6801044344902039,0.5
l_curve_2,48,0.6789377331733704,0.5
l_curve_2,49,0.6777113080024719,0.5
l_curve_2,50,0.6765152812004089,0.5
l_curve_2,51,0.6752996444702148,0.5
l_curve_2,52,0.6741830706596375,0.5
l_curve_2,53,0.6730100512504578,0.5
l_curve_2,54,0.6718495488166809,0.5
l_curve_2,55,0.6707380414009094,0.5
l_curve_2,56,0.6695805191993713,0.5
l_curve_2,57,0.6685048937797546,0.5
l_curve_2,58,0.6673728823661804,0.5
l_curve_2,59,0.6662543416023254,0.5
l_curve_2,60,0.6651538610458374,0.5
l_curve_2,61,0.664107084274292,0.5
l_curve_2,62,0.6630292534828186,0.5
l_curve_2,63,0.6620123982429504,0.5
l_curve_2,64,0.6609025001525879,0.5
l_curve_2,65,0.6598593592643738,0.5
l_curve_2,66,0.6588342189788818,0.5
l_curve_2,67,0.6578401923179626,0.5
l_curve_2,68,0.6567701697349548,0.5
l_curve_2,69,0.6558048129081726,0.5
l_curve_2,70,0.6548319458961487,0.5
l_curve_2,71,0.6537985801696777,0.5
l_curve_2,72,0.6527937054634094,0.5
l_curve_2,73,0.6517043113708496,0.5
l_curve_2,74,0.6506538987159729,0.5
l_curve_2,75,0.6496313810348511,0.5
l_curve_2,76,0.64869225025177,0.5
l_curve_2,77,0.6476199626922607,0.5
l_curve_2,78,0.6465888619422913,0.5
l_curve_2,79,0.6456301808357239,0.5
l_curve_2,80,0.6446892023086548,0.5
l_curve_2,81,0.6436464190483093,0.5
l_curve_2,82,0.6425212025642395,0.5
l_curve_2,83,0.641498327255249,0.5
l_curve_2,84,0.6404504776000977,0.5
l_curve_2,85,0.6393752098083496,0.5
l_curve_2,86,0.6383764147758484,0.5
l_curve_2,87,0.6373216509819031,0.5
l_curve_2,88,0.6363256573677063,0.5
l_curve_2,89,0.6353345513343811,0.5
l_curve_2,90,0.6343927979469299,0.5
l_curve_2,91,0.6332934498786926,0.5
l_curve_2,92,0.632229745388031,0.5
l_curve_2,93,0.6312839388847351,0.5
l_curve_2,94,0.6302226185798645,0.5
l_curve_2,95,0.6291105151176453,0.5
l_curve_2,96,0.6280574202537537,0.5
l_curve_2,97,0.6270046830177307,0.5
l_curve_2,98,0.6258794665336609,0.5
l_curve_2,99,0.6248829960823059,0.5
l_curve_2,100,0.6238856315612793,0.5
l_curve_2,101,0.6228694915771484,0.5
l_curve_2,102,0.6218315362930298,0.5
l_curve_2,103,0.620734453201294,0.5
l_curve_2,104,0.6196298599243164,0.5
l_curve_2,105,0.6185760498046875,0.5
l_curve_2,106,0.6174836158752441,0.5
l_curve_2,107,0.6164233088493347,0.5
l_curve_2,108,0.6153294444084167,0.5
l_curve_2,109,0.6142802238464355,0.5
l_curve_2,110,0.6131425499916077,0.5
l_curve_2,111,0.6120722889900208,0.5
l_curve_2,112,0.6110053062438965,0.5
l_curve_2,113,0.609855055809021,0.5
l_curve_2,114,0.6087554097175598,0.5
l_curve_2,115,0.6076487898826599,0.5
l_curve_2,116,0.6065200567245483,0.5
l_curve_2,117,0.6052820682525635,0.5
l_curve_2,118,0.604172945022583,0.5
l_curve_2,119,0.6030641198158264,0.5
l_curve_2,120,0.601985514163971,0.5
l_curve_2,121,0.6008135080337524,0.5
l_curve_2,122,0.5996633172035217,0.5
l_curve_2,123,0.598555862903595,0.5
l_curve_2,124,0.5974903106689453,0.5
l_curve_2,125,0.5963366031646729,0.5
l_curve_2,126,0.5951250195503235,0.5
l_curve_2,127,0.5939783453941345,0.5
l_curve_2,128,0.5928237438201904,0.5
l_curve_2,129,0.5917074680328369,0.5
l_curve_2,130,0.590543270111084,0.5
l_curve_2,131,0.5893853306770325,0.5
l_curve_2,132,0.5882601141929626,0.5
l_curve_2,133,0.5871332287788391,0.5
l_curve_2,134,0.5859237909317017,0.5
l_curve_2,135,0.5847166180610657,0.5
l_curve_2,136,0.5834460258483887,0.5
l_curve_2,137,0.5822734236717224,0.5
l_curve_2,138,0.5810558199882507,0.5
l_curve_2,139,0.5798391699790955,0.5416666865348816
l_curve_2,140,0.5786055326461792,0.5416666865348816
l_curve_2,141,0.5774127840995789,0.5416666865348816
l_curve_2,142,0.5761310458183289,0.5416666865348816
l_curve_2,143,0.5749163031578064,0.5416666865348816
l_curve_2,144,0.573688268661499,0.5416666865348816
l_curve_2,145,0.5725268721580505,0.5416666865348816
l_curve_2,146,0.5712420344352722,0.5416666865348816
l_curve_2,147,0.5699860453605652,0.5416666865348816
l_curve_2,148,0.5687717199325562,0.5416666865348816
l_curve_2,149,0.567450761795044,0.5416666865348816
l_curve_2,150,0.5661432147026062,0.5416666865348816
l_curve_2,151,0.5648565888404846,0.5416666865348816
l_curve_2,152,0.5636283755302429,0.5416666865348816
l_curve_2,153,0.5623313784599304,0.5416666865348816
l_curve_2,154,0.5610038042068481,0.5416666865348816
l_curve_2,155,0.5597079396247864,0.5416666865348816
l_curve_2,156,0.5584554672241211,0.5416666865348816
l_curve_2,157,0.5571227669715881,0.5416666865348816
l_curve_2,158,0.5557738542556763,0.5416666865348816
l_curve_2,159,0.5544671416282654,0.5416666865348816
l_curve_2,160,0.553076446056366,0.5416666865348816
l_curve_2,161,0.5517525672912598,0.5416666865348816
l_curve_2,162,0.5503845810890198,0.5416666865348816
l_curve_2,163,0.5490431189537048,0.5416666865348816
l_curve_2,164,0.5476517081260681,0.5416666865348816
l_curve_2,165,0.5463114380836487,0.5416666865348816
l_curve_2,166,0.5449018478393555,0.5416666865348816
l_curve_2,167,0.5435689091682434,0.5416666865348816
l_curve_2,168,0.5421246886253357,0.5416666865348816
l_curve_2,169,0.5406656861305237,0.5416666865348816
l_curve_2,170,0.5393568873405457,0.5416666865348816
l_curve_2,171,0.5379237532615662,0.5416666865348816
l_curve_2,172,0.5365910530090332,0.5416666865348816
l_curve_2,173,0.5351101756095886,0.5416666865348816
l_curve_2,174,0.5337613821029663,0.5416666865348816
l_curve_2,175,0.5323219299316406,0.5416666865348816
l_curve_2,176,0.5308817625045776,0.5416666865348816
l_curve_2,177,0.5294521450996399,0.5416666865348816
l_curve_2,178,0.5280649662017822,0.5416666865348816
l_curve_2,179,0.5265868306159973,0.5416666865348816
l_curve_2,180,0.5251055359840393,0.5416666865348816
l_curve_2,181,0.5236303806304932,0.5416666865348816
l_curve_2,182,0.522149920463562,0.5416666865348816
l_curve_2,183,0.5207040905952454,0.5833333134651184
l_curve_2,184,0.5192606449127197,0.5833333134651184
l_curve_2,185,0.5178036689758301,0.5833333134651184
l_curve_2,186,0.5163390040397644,0.5833333134651184
l_curve_2,187,0.5148565769195557,0.5833333134651184
l_curve_2,188,0.5134559273719788,0.5833333134651184
l_curve_2,189,0.5120367407798767,0.5833333134651184
l_curve_2,190,0.510569155216217,0.5833333134651184
l_curve_2,191,0.5091108679771423,0.5833333134651184
l_curve_2,192,0.5076207518577576,0.5833333134651184
l_curve_2,193,0.5061133503913879,0.5833333134651184
l_curve_2,194,0.5045948624610901,0.5833333134651184
l_curve_2,195,0.5030941367149353,0.5833333134651184
l_curve_2,196,0.5016305446624756,0.5833333134651184
l_curve_2,197,0.5001624226570129,0.5833333134651184
l_curve_2,198,0.4986811578273773,0.5833333134651184
l_curve_2,199,0.4972269535064697,0.5833333134651184
l_curve_2,200,0.4957616329193115,0.625
l_curve_2,201,0.4943266808986664,0.625
l_curve_2,202,0.49281278252601624,0.625
l_curve_2,203,0.4913734197616577,0.625
l_curve_2,204,0.489891916513443,0.625
l_curve_2,205,0.48841166496276855,0.625
l_curve_2,206,0.48693767189979553,0.625
l_curve_2,207,0.48542866110801697,0.625
l_curve_2,208,0.48398280143737793,0.6666666865348816
l_curve_2,209,0.4824927747249603,0.7083333134651184
l_curve_2,210,0.4810551702976227,0.7083333134651184
l_curve_2,211,0.4796064794063568,0.7083333134651184
l_curve_2,212,0.47811079025268555,0.7083333134651184
l_curve_2,213,0.476633757352829,0.7083333134651184
l_curve_2,214,0.4752073585987091,0.7083333134651184
l_curve_2,215,0.4737730920314789,0.7083333134651184
l_curve_2,216,0.47230640053749084,0.7083333134651184
l_curve_2,217,0.47086426615715027,0.7083333134651184
l_curve_2,218,0.46939241886138916,0.7083333134651184
l_curve_2,219,0.46794453263282776,0.7083333134651184
l_curve_2,220,0.46648523211479187,0.7083333134651184
l_curve_2,221,0.46507811546325684,0.7083333134651184
l_curve_2,222,0.4636930525302887,0.7083333134651184
l_curve_2,223,0.4622877538204193,0.7083333134651184
l_curve_2,224,0.46084046363830566,0.7083333134651184
l_curve_2,225,0.45942798256874084,0.7083333134651184
l_curve_2,226,0.45805224776268005,0.75
l_curve_2,227,0.456658273935318,0.75
l_curve_2,228,0.455201655626297,0.75
l_curve_2,229,0.4538320004940033,0.75
l_curve_2,230,0.4524395167827606,0.75
l_curve_2,231,0.4510968029499054,0.75
l_curve_2,232,0.4497198164463043,0.75
l_curve_2,233,0.4483560621738434,0.75
l_curve_2,234,0.4470329284667969,0.75
l_curve_2,235,0.44565343856811523,0.75
l_curve_2,236,0.44430801272392273,0.75
l_curve_2,237,0.4429882764816284,0.75
l_curve_2,238,0.4416106045246124,0.75
l_curve_2,239,0.4402904510498047,0.75
l_curve_2,240,0.4389991760253906,0.75
l_curve_2,241,0.43766069412231445,0.75
l_curve_2,242,0.4363418519496918,0.75
l_curve_2,243,0.4350363314151764,0.75
l_curve_2,244,0.43374595046043396,0.75
l_curve_2,245,0.4324236810207367,0.7916666865348816
l_curve_2,246,0.4311337172985077,0.7916666865348816
l_curve_2,247,0.4299236834049225,0.7916666865348816
l_curve_2,248,0.42863544821739197,0.8333333134651184
l_curve_2,249,0.4273315966129303,0.8333333134651184
l_curve_2,250,0.42607077956199646,0.8333333134651184
l_curve_2,251,0.42481985688209534,0.8333333134651184
l_curve_2,252,0.42360472679138184,0.8333333134651184
l_curve_2,253,0.42237821221351624,0.8333333134651184
l_curve_2,254,0.4211571216583252,0.8333333134651184
l_curve_2,255,0.41991090774536133,0.8333333134651184
l_curve_2,256,0.4186899662017822,0.8333333134651184
l_curve_2,257,0.4174460470676422,0.8333333134651184
l_curve_2,258,0.41624394059181213,0.8333333134651184
l_curve_2,259,0.41503095626831055,0.8333333134651184
l_curve_2,260,0.4138466417789459,0.8333333134651184
l_curve_2,261,0.41264235973358154,0.8333333134651184
l_curve_2,262,0.4114934206008911,0.8333333134651184
l_curve_2,263,0.4103059470653534,0.8333333134651184
l_curve_2,264,0.40910640358924866,0.8333333134651184
l_curve_2,265,0.408002108335495,0.8333333134651184
l_curve_2,266,0.4068416357040405,0.8333333134651184
l_curve_2,267,0.4056830406188965,0.8333333134651184
l_curve_2,268,0.4044777452945709,0.8333333134651184
l_curve_2,269,0.4033077657222748,0.8333333134651184
l_curve_2,270,0.4021879732608795,0.8333333134651184
l_curve_2,271,0.4010810852050781,0.8333333134651184
l_curve_2,272,0.3999733030796051,0.8333333134651184
l_curve_2,273,0.39889705181121826,0.8333333134651184
l_curve_2,274,0.3978078365325928,0.8333333134651184
l_curve_2,275,0.396668940782547,0.8333333134651184
l_curve_2,276,0.3956073522567749,0.8333333134651184
l_curve_2,277,0.3945188820362091,0.8333333134651184
l_curve_2,278,0.39346814155578613,0.8333333134651184
l_curve_2,279,0.39240142703056335,0.8333333134651184
l_curve_2,280,0.3913287818431854,0.8333333134651184
l_curve_2,281,0.3902513086795807,0.8333333134651184
l_curve_2,282,0.3892066478729248,0.8333333134651184
l_curve_2,283,0.38813114166259766,0.8333333134651184
l_curve_2,284,0.38707566261291504,0.8333333134651184
l_curve_2,285,0.38607630133628845,0.8333333134651184
l_curve_2,286,0.38502010703086853,0.8333333134651184
l_curve_2,287,0.38399267196655273,0.8333333134651184
l_curve_2,288,0.3829940855503082,0.8333333134651184
l_curve_2,289,0.3819907605648041,0.8333333134651184
l_curve_2,290,0.3809865415096283,0.8333333134651184
l_curve_2,291,0.3799994885921478,0.8333333134651184
l_curve_2,292,0.37902748584747314,0.8333333134651184
l_curve_2,293,0.3780380189418793,0.8333333134651184
l_curve_2,294,0.37705138325691223,0.8333333134651184
l_curve_2,295,0.3760680854320526,0.8333333134651184
l_curve_2,296,0.3750969469547272,0.8333333134651184
l_curve_2,297,0.3741048574447632,0.8333333134651184
l_curve_2,298,0.3731670081615448,0.8333333134651184
l_curve_2,299,0.3722279965877533,0.8333333134651184
l_curve_2,300,0.3713216781616211,0.8333333134651184
l_curve_2,301,0.3703496754169464,0.8333333134651184
l_curve_2,302,0.36940011382102966,0.8333333134651184
l_curve_2,303,0.368468314409256,0.8333333134651184
l_curve_2,304,0.3675571382045746,0.8333333134651184
l_curve_2,305,0.36667194962501526,0.8333333134651184
l_curve_2,306,0.365757554769516,0.8333333134651184
l_curve_2,307,0.36485743522644043,0.8333333134651184
l_curve_2,308,0.3639545440673828,0.8333333134651184
l_curve_2,309,0.3630809783935547,0.8333333134651184
l_curve_2,310,0.36218252778053284,0.8333333134651184
l_curve_2,311,0.3613041639328003,0.8333333134651184
l_curve_2,312,0.36041831970214844,0.8333333134651184
l_curve_2,313,0.359523743391037,0.8333333134651184
l_curve_2,314,0.358649879693985,0.8333333134651184
l_curve_2,315,0.3578026294708252,0.8333333134651184
l_curve_2,316,0.35694658756256104,0.8333333134651184
l_curve_2,317,0.3560938835144043,0.8333333134651184
l_curve_2,318,0.3552520275115967,0.8333333134651184
l_curve_2,319,0.3544248640537262,0.8333333134651184
l_curve_2,320,0.35361790657043457,0.8333333134651184
l_curve_2,321,0.3527510464191437,0.8333333134651184
l_curve_2,322,0.3519379198551178,0.8333333134651184
l_curve_2,323,0.35113680362701416,0.8333333134651184
l_curve_2,324,0.35031795501708984,0.8333333134651184
l_curve_2,325,0.3494792878627777,0.8333333134651184
l_curve_2,326,0.34866175055503845,0.8333333134651184
l_curve_2,327,0.34786084294319153,0.8333333134651184
l_curve_2,328,0.3470492362976074,0.8333333134651184
l_curve_2,329,0.34627506136894226,0.8333333134651184
l_curve_2,330,0.3454670011997223,0.8333333134651184
l_curve_2,331,0.3446896970272064,0.8333333134651184
l_curve_2,332,0.34389588236808777,0.8333333134651184
l_curve_2,333,0.343148797750473,0.8333333134651184
l_curve_2,334,0.34238553047180176,0.8333333134651184
l_curve_2,335,0.3416081964969635,0.8333333134651184
l_curve_2,336,0.34085777401924133,0.8333333134651184
l_curve_2,337,0.3400983512401581,0.8333333134651184
l_curve_2,338,0.3393400013446808,0.8333333134651184
l_curve_2,339,0.3386046588420868,0.8333333134651184
l_curve_2,340,0.3378373384475708,0.8333333134651184
l_curve_2,341,0.3371005356311798,0.8333333134651184
l_curve_2,342,0.3363727629184723,0.8333333134651184
l_curve_2,343,0.33565130829811096,0.8333333134651184
l_curve_2,344,0.3349326550960541,0.8333333134651184
l_curve_2,345,0.33419322967529297,0.8333333134651184
l_curve_2,346,0.33347687125205994,0.8333333134651184
l_curve_2,347,0.33276039361953735,0.8333333134651184
l_curve_2,348,0.33206287026405334,0.8333333134651184
l_curve_2,349,0.3313589096069336,0.8333333134651184
l_curve_2,350,0.3306538462638855,0.8333333134651184
l_curve_2,351,0.32994896173477173,0.8333333134651184
l_curve_2,352,0.3292829096317291,0.8333333134651184
l_curve_2,353,0.328596830368042,0.8333333134651184
l_curve_2,354,0.32790693640708923,0.8333333134651184
l_curve_2,355,0.327191025018692,0.8333333134651184
l_curve_2,356,0.32651838660240173,0.8333333134651184
l_curve_2,357,0.3258608281612396,0.8333333134651184
l_curve_2,358,0.32522067427635193,0.8333333134651184
l_curve_2,359,0.32456016540527344,0.8333333134651184
l_curve_2,360,0.3238968551158905,0.8333333134651184
l_curve_2,361,0.3232519030570984,0.8333333134651184
l_curve_2,362,0.32259121537208557,0.8333333134651184
l_curve_2,363,0.32194697856903076,0.8333333134651184
l_curve_2,364,0.32131823897361755,0.8333333134651184
l_curve_2,365,0.3206861913204193,0.8333333134651184
l_curve_2,366,0.3200264275074005,0.8333333134651184
l_curve_2,367,0.3193979561328888,0.8333333134651184
l_curve_2,368,0.3187824487686157,0.8333333134651184
l_curve_2,369,0.3181574046611786,0.8333333134651184
l_curve_2,370,0.3175434470176697,0.8333333134651184
l_curve_2,371,0.31693387031555176,0.8333333134651184
l_curve_2,372,0.3163417875766754,0.8333333134651184
l_curve_2,373,0.31574422121047974,0.8333333134651184
l_curve_2,374,0.3151402175426483,0.8333333134651184
l_curve_2,375,0.31453737616539,0.8333333134651184
l_curve_2,376,0.31393325328826904,0.8333333134651184
l_curve_2,377,0.3133212625980377,0.8333333134651184
l_curve_2,378,0.312725305557251,0.8333333134651184
l_curve_2,379,0.31214678287506104,0.8333333134651184
l_curve_2,380,0.31156066060066223,0.8333333134651184
l_curve_2,381,0.3109942078590393,0.8333333134651184
l_curve_2,382,0.3104189932346344,0.8333333134651184
l_curve_2,383,0.3098418414592743,0.8333333134651184
l_curve_2,384,0.3092555105686188,0.8333333134651184
l_curve_2,385,0.30868974328041077,0.8333333134651184
l_curve_2,386,0.3081127107143402,0.8333333134651184
l_curve_2,387,0.3075462579727173,0.8333333134651184
l_curve_2,388,0.3069852590560913,0.8333333134651184
l_curve_2,389,0.30643701553344727,0.8333333134651184
l_curve_2,390,0.3058857023715973,0.8333333134651184
l_curve_2,391,0.30533793568611145,0.8333333134651184
l_curve_2,392,0.3048066794872284,0.8333333134651184
l_curve_2,393,0.304269403219223,0.8333333134651184
l_curve_2,394,0.3037387430667877,0.8333333134651184
l_curve_2,395,0.3032185733318329,0.8333333134651184
l_curve_2,396,0.3026944398880005,0.8333333134651184
l_curve_2,397,0.3021654188632965,0.8333333134651184
l_curve_2,398,0.30163541436195374,0.8333333134651184
l_curve_2,399,0.301120400428772,0.8333333134651184
l_curve_2,400,0.3006105124950409,0.8333333134651184
l_curve_2,401,0.3000905215740204,0.8333333134651184
l_curve_2,402,0.29958733916282654,0.8333333134651184
l_curve_2,403,0.2990861237049103,0.8333333134651184
l_curve_2,404,0.2985757887363434,0.8333333134651184
l_curve_2,405,0.29809704422950745,0.8333333134651184
l_curve_2,406,0.29758939146995544,0.875
l_curve_2,407,0.2971057891845703,0.875
l_curve_2,408,0.2966162860393524,0.875
l_curve_2,409,0.2961139678955078,0.875
l_curve_2,410,0.2956325113773346,0.875
l_curve_2,411,0.2951565682888031,0.875
l_curve_2,412,0.29467886686325073,0.875
l_curve_2,413,0.29422083497047424,0.875
l_curve_2,414,0.29376235604286194,0.875
l_curve_2,415,0.29328015446662903,0.875
l_curve_2,416,0.2928045094013214,0.875
l_curve_2,417,0.2923552691936493,0.875
l_curve_2,418,0.29189491271972656,0.875
l_curve_2,419,0.2914462983608246,0.875
l_curve_2,420,0.29099634289741516,0.875
l_curve_2,421,0.29053306579589844,0.875
l_curve_2,422,0.29008424282073975,0.875
l_curve_2,423,0.2896425426006317,0.875
l_curve_2,424,0.28920477628707886,0.875
l_curve_2,425,0.28876635432243347,0.875
l_curve_2,426,0.2883407771587372,0.875
l_curve_2,427,0.2878967523574829,0.875
l_curve_2,428,0.28747543692588806,0.875
l_curve_2,429,0.28704115748405457,0.875
l_curve_2,430,0.2866255044937134,0.875
l_curve_2,431,0.2862117290496826,0.875
l_curve_2,432,0.2857911288738251,0.875
l_curve_2,433,0.28537502884864807,0.875
l_curve_2,434,0.28496938943862915,0.875
l_curve_2,435,0.28456205129623413,0.875
l_curve_2,436,0.2841607928276062,0.875
l_curve_2,437,0.28374895453453064,0.875
l_curve_2,438,0.2833346426486969,0.875
l_curve_2,439,0.2829354703426361,0.875
l_curve_2,440,0.2825469374656677,0.875
l_curve_2,441,0.2821680009365082,0.875
l_curve_2,442,0.281777024269104,0.875
l_curve_2,443,0.281381756067276,0.875
l_curve_2,444,0.2809995114803314,0.875
l_curve_2,445,0.2806299030780792,0.875
l_curve_2,446,0.2802506387233734,0.875
l_curve_2,447,0.2798687517642975,0.875
l_curve_2,448,0.27950188517570496,0.875
l_curve_2,449,0.2791292071342468,0.875
l_curve_2,450,0.27876415848731995,0.875
l_curve_2,451,0.2783922851085663,0.875
l_curve_2,452,0.2780269682407379,0.875
l_curve_2,453,0.2776709496974945,0.875
l_curve_2,454,0.27731937170028687,0.875
l_curve_2,455,0.2769638001918793,0.875
l_curve_2,456,0.2766014635562897,0.875
l_curve_2,457,0.2762506902217865,0.875
l_curve_2,458,0.2759092152118683,0.875
l_curve_2,459,0.27556395530700684,0.875
l_curve_2,460,0.2752228081226349,0.875
l_curve_2,461,0.27488067746162415,0.875
l_curve_2,462,0.2745514214038849,0.875
l_curve_2,463,0.2742137610912323,0.875
l_curve_2,464,0.27388834953308105,0.875
l_curve_2,465,0.273552268743515,0.875
l_curve_2,466,0.2732298970222473,0.875
l_curve_2,467,0.27291131019592285,0.875
l_curve_2,468,0.27258357405662537,0.875
l_curve_2,469,0.27226731181144714,0.875
l_curve_2,470,0.2719556391239166,0.875
l_curve_2,471,0.2716292142868042,0.875
l_curve_2,472,0.271302729845047,0.875
l_curve_2,473,0.2709898054599762,0.875
l_curve_2,474,0.27068206667900085,0.875
l_curve_2,475,0.2703739404678345,0.875
l_curve_2,476,0.2700693905353546,0.875
l_curve_2,477,0.26977428793907166,0.875
l_curve_2,478,0.2694735825061798,0.875
l_curve_2,479,0.26917949318885803,0.875
l_curve_2,480,0.26887428760528564,0.875
l_curve_2,481,0.26857587695121765,0.875
l_curve_2,482,0.2682870626449585,0.875
l_curve_2,483,0.26799800992012024,0.875
l_curve_2,484,0.2677101194858551,0.875
l_curve_2,485,0.26742419600486755,0.875
l_curve_2,486,0.26714658737182617,0.875
l_curve_2,487,0.2668631970882416,0.875
l_curve_2,488,0.266583114862442,0.875
l_curve_2,489,0.2663043737411499,0.875
l_curve_2,490,0.26603201031684875,0.875
l_curve_2,491,0.26575741171836853,0.875
l_curve_2,492,0.26548388600349426,0.875
l_curve_2,493,0.2652260959148407,0.875
l_curve_2,494,0.2649523913860321,0.875
l_curve_2,495,0.2646740972995758,0.875
l_curve_2,496,0.2644102871417999,0.875
l_curve_2,497,0.2641565799713135,0.875
l_curve_2,498,0.2638804614543915,0.9166666865348816
l_curve_2,499,0.2636333405971527,0.9166666865348816
l_curve_2,500,0.2633804976940155,0.9166666865348816
l_curve_2,501,0.26312509179115295,0.9166666865348816
l_curve_2,502,0.26286259293556213,0.9166666865348816
l_curve_2,503,0.2626105844974518,0.9166666865348816
l_curve_2,504,0.2623617947101593,0.9166666865348816
l_curve_2,505,0.26211997866630554,0.9166666865348816
l_curve_2,506,0.26187729835510254,0.9166666865348816
l_curve_2,507,0.26162728667259216,0.9166666865348816
l_curve_2,508,0.2613844871520996,0.9166666865348816
l_curve_2,509,0.2611411511898041,0.9166666865348816
l_curve_2,510,0.26090654730796814,0.9166666865348816
l_curve_2,511,0.2606760263442993,0.9166666865348816
l_curve_2,512,0.260433167219162,0.9166666865348816
l_curve_2,513,0.2601982653141022,0.9166666865348816
l_curve_2,514,0.25997257232666016,0.9166666865348816
l_curve_2,515,0.2597368657588959,0.9166666865348816
l_curve_2,516,0.2595081329345703,0.9166666865348816
l_curve_2,517,0.2592832148075104,0.9166666865348816
l_curve_2,518,0.2590638995170593,0.9166666865348816
l_curve_2,519,0.2588443160057068,0.9166666865348816
l_curve_2,520,0.25863054394721985,0.9166666865348816
l_curve_2,521,0.2584078013896942,0.9166666865348816
l_curve_2,522,0.25818952918052673,0.9166666865348816
l_curve_2,523,0.2579662799835205,0.9166666865348816
l_curve_2,524,0.2577562630176544,0.9166666865348816
l_curve_2,525,0.25753501057624817,0.9166666865348816
l_curve_2,526,0.25731924176216125,0.9166666865348816
l_curve_2,527,0.2571084797382355,0.9166666865348816
l_curve_2,528,0.25690212845802307,0.9166666865348816
l_curve_2,529,0.25668811798095703,0.9166666865348816
l_curve_2,530,0.2564772069454193,0.9166666865348816
l_curve_2,531,0.2562766373157501,0.9166666865348816
l_curve_2,532,0.25607192516326904,0.9166666865348816
l_curve_2,533,0.25586941838264465,0.9166666865348816
l_curve_2,534,0.2556665241718292,0.9166666865348816
l_curve_2,535,0.2554651200771332,0.9166666865348816
l_curve_2,536,0.2552700340747833,0.9166666865348816
l_curve_2,537,0.25506362318992615,0.9166666865348816
l_curve_2,538,0.254873663187027,0.9166666865348816
l_curve_2,539,0.25467944145202637,0.9166666865348816
l_curve_2,540,0.25448766350746155,0.9166666865348816
l_curve_2,541,0.2542869746685028,0.9166666865348816
l_curve_2,542,0.25409331917762756,0.9166666865348816
l_curve_2,543,0.25390228629112244,0.9166666865348816
l_curve_2,544,0.2537166476249695,0.9166666865348816
l_curve_2,545,0.2535306215286255,0.9166666865348816
l_curve_2,546,0.2533441483974457,0.9166666865348816
l_curve_2,547,0.25316277146339417,0.9166666865348816
l_curve_2,548,0.25297728180885315,0.9166666865348816
l_curve_2,549,0.2527925670146942,0.9166666865348816
l_curve_2,550,0.2526150941848755,0.9166666865348816
l_curve_2,551,0.2524362802505493,0.9166666865348816
l_curve_2,552,0.25225698947906494,0.9166666865348816
l_curve_2,553,0.2520819306373596,0.9166666865348816
l_curve_2,554,0.25190305709838867,0.9166666865348816
l_curve_2,555,0.25172361731529236,0.9166666865348816
l_curve_2,556,0.2515502870082855,0.9166666865348816
l_curve_2,557,0.25137946009635925,0.9166666865348816
l_curve_2,558,0.2512081563472748,0.9166666865348816
l_curve_2,559,0.2510378062725067,0.9166666865348816
l_curve_2,560,0.25087398290634155,0.9166666865348816
l_curve_2,561,0.2507033050060272,0.9166666865348816
l_curve_2,562,0.2505359351634979,0.9166666865348816
l_curve_2,563,0.25037115812301636,0.9166666865348816
l_curve_2,564,0.2502068281173706,0.9166666865348816
l_curve_2,565,0.25004029273986816,0.9166666865348816
l_curve_2,566,0.24987447261810303,0.9166666865348816
l_curve_2,567,0.24971258640289307,0.9166666865348816
l_curve_2,568,0.24955256283283234,0.9166666865348816
l_curve_2,569,0.2493922859430313,0.9166666865348816
l_curve_2,570,0.2492387890815735,0.9166666865348816
l_curve_2,571,0.24908314645290375,0.9166666865348816
l_curve_2,572,0.2489250749349594,0.9166666865348816
l_curve_2,573,0.2487768679857254,0.9166666865348816
l_curve_2,574,0.2486199289560318,0.9166666865348816
l_curve_2,575,0.24846549332141876,0.9166666865348816
l_curve_2,576,0.2483108788728714,0.9166666865348816
l_curve_2,577,0.2481575459241867,0.9166666865348816
l_curve_2,578,0.24801428616046906,0.9166666865348816
l_curve_2,579,0.24786770343780518,0.9166666865348816
l_curve_2,580,0.2477140873670578,0.9166666865348816
l_curve_2,581,0.2475670725107193,0.9166666865348816
l_curve_2,582,0.24741147458553314,0.9166666865348816
l_curve_2,583,0.24726863205432892,0.9166666865348816
l_curve_2,584,0.24712693691253662,0.9166666865348816
l_curve_2,585,0.2469845563173294,0.9166666865348816
l_curve_2,586,0.24684302508831024,0.9166666865348816
l_curve_2,587,0.24669522047042847,0.9166666865348816
l_curve_2,588,0.24656063318252563,0.9166666865348816
l_curve_2,589,0.246415376663208,0.9166666865348816
l_curve_2,590,0.24627912044525146,0.9166666865348816
l_curve_2,591,0.24614042043685913,0.9166666865348816
l_curve_2,592,0.24600069224834442,0.9166666865348816
l_curve_2,593,0.24586011469364166,0.9166666865348816
l_curve_2,594,0.2457256317138672,0.9166666865348816
l_curve_2,595,0.24558879435062408,0.9166666865348816
l_curve_2,596,0.24545234441757202,0.9166666865348816
l_curve_2,597,0.24532772600650787,0.9166666865348816
l_curve_2,598,0.2451932430267334,0.9166666865348816
l_curve_2,599,0.2450604885816574,0.9166666865348816
l_curve_2,600,0.24492454528808594,0.9166666865348816
l_curve_2,601,0.24479126930236816,0.9166666865348816
l_curve_2,602,0.24466241896152496,0.9166666865348816
l_curve_2,603,0.24453072249889374,0.9166666865348816
l_curve_2,604,0.24440038204193115,0.9166666865348816
l_curve_2,605,0.24427403509616852,0.9166666865348816
l_curve_2,606,0.2441508173942566,0.9166666865348816
l_curve_2,607,0.2440260648727417,0.9166666865348816
l_curve_2,608,0.2438979595899582,0.9166666865348816
l_curve_2,609,0.24377202987670898,0.9166666865348816
l_curve_2,610,0.24364788830280304,0.9166666865348816
l_curve_2,611,0.2435259371995926,0.9166666865348816
l_curve_2,612,0.24340249598026276,0.9166666865348816
l_curve_2,613,0.2432793527841568,0.9166666865348816
l_curve_2,614,0.24315547943115234,0.9166666865348816
l_curve_2,615,0.24303849041461945,0.9166666865348816
l_curve_2,616,0.2429182082414627,0.9166666865348816
l_curve_2,617,0.24279725551605225,0.9166666865348816
l_curve_2,618,0.24267612397670746,0.9166666865348816
l_curve_2,619,0.2425563484430313,0.9166666865348816
l_curve_2,620,0.24244005978107452,0.9166666865348816
l_curve_2,621,0.24231934547424316,0.9166666865348816
l_curve_2,622,0.2422066181898117,0.9166666865348816
l_curve_2,623,0.2420947551727295,0.9166666865348816
l_curve_2,624,0.24197489023208618,0.9166666865348816
l_curve_2,625,0.2418583482503891,0.9166666865348816
l_curve_2,626,0.2417408972978592,0.9166666865348816
l_curve_2,627,0.2416297346353531,0.9166666865348816
l_curve_2,628,0.24152524769306183,0.9166666865348816
l_curve_2,629,0.2414139360189438,0.9166666865348816
l_curve_2,630,0.2413010597229004,0.9166666865348816
l_curve_2,631,0.24119031429290771,0.9166666865348816
l_curve_2,632,0.2410898357629776,0.9166666865348816
l_curve_2,633,0.24096882343292236,0.9166666865348816
l_curve_2,634,0.24085748195648193,0.9166666865348816
l_curve_2,635,0.240748330950737,0.9166666865348816
l_curve_2,636,0.24064044654369354,0.9166666865348816
l_curve_2,637,0.2405284196138382,0.9166666865348816
l_curve_2,638,0.2404225915670395,0.9166666865348816
l_curve_2,639,0.24032242596149445,0.9166666865348816
l_curve_2,640,0.24021512269973755,0.9166666865348816
l_curve_2,641,0.24010825157165527,0.9166666865348816
l_curve_2,642,0.24001361429691315,0.9166666865348816
l_curve_2,643,0.23990948498249054,0.9166666865348816
l_curve_2,644,0.23980160057544708,0.9166666865348816
l_curve_2,645,0.23969130218029022,0.9166666865348816
l_curve_2,646,0.23958992958068848,0.9166666865348816
l_curve_2,647,0.23949038982391357,0.9166666865348816
l_curve_2,648,0.23939593136310577,0.9166666865348816
l_curve_2,649,0.23929280042648315,0.9166666865348816
l_curve_2,650,0.23918907344341278,0.9166666865348816
l_curve_2,651,0.23908893764019012,0.9166666865348816
l_curve_2,652,0.23898355662822723,0.9166666865348816
l_curve_2,653,0.23888583481311798,0.9166666865348816
l_curve_2,654,0.2387913465499878,0.9166666865348816
l_curve_2,655,0.23869168758392334,0.9166666865348816
l_curve_2,656,0.2385995239019394,0.9166666865348816
l_curve_2,657,0.23850040137767792,0.9166666865348816
l_curve_2,658,0.23840157687664032,0.9166666865348816
l_curve_2,659,0.2383052110671997,0.9166666865348816
l_curve_2,660,0.2382076531648636,0.9166666865348816
l_curve_2,661,0.23810793459415436,0.9166666865348816
l_curve_2,662,0.23801366984844208,0.9166666865348816
l_curve_2,663,0.2379203885793686,0.9166666865348816
l_curve_2,664,0.2378293126821518,0.9166666865348816
l_curve_2,665,0.23774778842926025,0.9166666865348816
l_curve_2,666,0.23765315115451813,0.9166666865348816
l_curve_2,667,0.23756377398967743,0.9166666865348816
l_curve_2,668,0.2374710589647293,0.9166666865348816
l_curve_2,669,0.23738163709640503,0.9166666865348816
l_curve_2,670,0.23728513717651367,0.9166666865348816
l_curve_2,671,0.23719839751720428,0.9166666865348816
l_curve_2,672,0.23711319267749786,0.9166666865348816
l_curve_2,673,0.23701651394367218,0.9166666865348816
l_curve_2,674,0.23692865669727325,0.9166666865348816
l_curve_2,675,0.236829474568367,0.9166666865348816
l_curve_2,676,0.23675139248371124,0.9166666865348816
l_curve_2,677,0.23665879666805267,0.9166666865348816
l_curve_2,678,0.23657357692718506,0.9166666865348816
l_curve_2,679,0.23648680746555328,0.9166666865348816
l_curve_2,680,0.23640646040439606,0.9166666865348816
l_curve_2,681,0.23632074892520905,0.9166666865348816
l_curve_2,682,0.23623578250408173,0.9166666865348816
l_curve_2,683,0.23614490032196045,0.9166666865348816
l_curve_2,684,0.23605315387248993,0.9166666865348816
l_curve_2,685,0.23596584796905518,0.9166666865348816
l_curve_2,686,0.23588109016418457,0.9166666865348816
l_curve_2,687,0.235789954662323,0.9166666865348816
l_curve_2,688,0.2357047200202942,0.9166666865348816
l_curve_2,689,0.23562222719192505,0.9166666865348816
l_curve_2,690,0.23554109036922455,0.9166666865348816
l_curve_2,691,0.23545563220977783,0.9166666865348816
l_curve_2,692,0.23537306487560272,0.9166666865348816
l_curve_2,693,0.23528915643692017,0.9166666865348816
l_curve_2,694,0.23521260917186737,0.9166666865348816
l_curve_2,695,0.23513297736644745,0.9166666865348816
l_curve_2,696,0.23506468534469604,0.9166666865348816
l_curve_2,697,0.23498113453388214,0.9166666865348816
l_curve_2,698,0.23489992320537567,0.9166666865348816
l_curve_2,699,0.23481887578964233,0.9166666865348816
l_curve_2,700,0.23473386466503143,0.9166666865348816
l_curve_2,701,0.23465697467327118,0.9166666865348816
l_curve_2,702,0.2345743626356125,0.9166666865348816
l_curve_2,703,0.23449482023715973,0.9166666865348816
l_curve_2,704,0.2344144582748413,0.9166666865348816
l_curve_2,705,0.23433040082454681,0.9166666865348816
l_curve_2,706,0.23425805568695068,0.9166666865348816
l_curve_2,707,0.23417747020721436,0.9166666865348816
l_curve_2,708,0.23410578072071075,0.9166666865348816
l_curve_2,709,0.2340245097875595,0.9166666865348816
l_curve_2,710,0.23394887149333954,0.9166666865348816
l_curve_2,711,0.2338760495185852,0.9166666865348816
l_curve_2,712,0.23380081355571747,0.9166666865348816
l_curve_2,713,0.2337290644645691,0.9166666865348816
l_curve_2,714,0.23365545272827148,0.9166666865348816
l_curve_2,715,0.23357903957366943,0.9166666865348816
l_curve_2,716,0.23350608348846436,0.9166666865348816
l_curve_2,717,0.23343391716480255,0.9166666865348816
l_curve_2,718,0.23336203396320343,0.9166666865348816
l_curve_2,719,0.23328857123851776,0.9166666865348816
l_curve_2,720,0.23321354389190674,0.9166666865348816
l_curve_2,721,0.23313896358013153,0.9166666865348816
l_curve_2,722,0.23306433856487274,0.9166666865348816
l_curve_2,723,0.23298902809619904,0.9166666865348816
l_curve_2,724,0.2329133301973343,0.9166666865348816
l_curve_2,725,0.2328338623046875,0.9166666865348816
l_curve_2,726,0.23276108503341675,0.9166666865348816
l_curve_2,727,0.23269450664520264,0.9166666865348816
l_curve_2,728,0.2326243370771408,0.9166666865348816
l_curve_2,729,0.23254531621932983,0.9166666865348816
l_curve_2,730,0.23247118294239044,0.9166666865348816
l_curve_2,731,0.2324007749557495,0.9166666865348816
l_curve_2,732,0.2323322743177414,0.9166666865348816
l_curve_2,733,0.23226194083690643,0.9166666865348816
l_curve_2,734,0.23219513893127441,0.9166666865348816
l_curve_2,735,0.23213313519954681,0.9166666865348816
l_curve_2,736,0.23205862939357758,0.9166666865348816
l_curve_2,737,0.2319929599761963,0.9166666865348816
l_curve_2,738,0.2319215089082718,0.9166666865348816
l_curve_2,739,0.23185686767101288,0.9166666865348816
l_curve_2,740,0.2317873239517212,0.9166666865348816
l_curve_2,741,0.23172186315059662,0.9166666865348816
l_curve_2,742,0.23165373504161835,0.9166666865348816
l_curve_2,743,0.23158179223537445,0.9166666865348816
l_curve_2,744,0.23151825368404388,0.9166666865348816
l_curve_2,745,0.23145024478435516,0.9166666865348816
l_curve_2,746,0.23138880729675293,0.9166666865348816
l_curve_2,747,0.23132117092609406,0.9166666865348816
l_curve_2,748,0.23125781118869781,0.9166666865348816
l_curve_2,749,0.23119692504405975,0.9166666865348816
l_curve_2,750,0.23112334311008453,0.9166666865348816
l_curve_2,751,0.23105348646640778,0.9166666865348816
l_curve_2,752,0.23098348081111908,0.9166666865348816
l_curve_2,753,0.23092184960842133,0.9166666865348816
l_curve_2,754,0.23085112869739532,0.9166666865348816
l_curve_2,755,0.2307785004377365,0.9166666865348816
l_curve_2,756,0.23071229457855225,0.9166666865348816
l_curve_2,757,0.23065085709095,0.9166666865348816
l_curve_2,758,0.23059415817260742,0.9166666865348816
l_curve_2,759,0.23053282499313354,0.9166666865348816
l_curve_2,760,0.23047113418579102,0.9166666865348816
l_curve_2,761,0.2304094433784485,0.9166666865348816
l_curve_2,762,0.23034410178661346,0.9166666865348816
l_curve_2,763,0.23027603328227997,0.9166666865348816
l_curve_2,764,0.2302129715681076,0.9166666865348816
l_curve_2,765,0.23014724254608154,0.9166666865348816
l_curve_2,766,0.23008258640766144,0.9166666865348816
l_curve_2,767,0.2300206869840622,0.9166666865348816
l_curve_2,768,0.2299485206604004,0.9166666865348816
l_curve_2,769,0.2298935055732727,0.9166666865348816
l_curve_2,770,0.22982783615589142,0.9166666865348816
l_curve_2,771,0.2297651320695877,0.9166666865348816
l_curve_2,772,0.2297050952911377,0.9166666865348816
l_curve_2,773,0.2296481877565384,0.9166666865348816
l_curve_2,774,0.22958706319332123,0.9166666865348816
l_curve_2,775,0.22953462600708008,0.9166666865348816
l_curve_2,776,0.22946596145629883,0.9166666865348816
l_curve_2,777,0.2294132560491562,0.9166666865348816
l_curve_2,778,0.22935962677001953,0.9166666865348816
l_curve_2,779,0.22929786145687103,0.9166666865348816
l_curve_2,780,0.22923479974269867,0.9166666865348816
l_curve_2,781,0.22916682064533234,0.9166666865348816
l_curve_2,782,0.2291010618209839,0.9166666865348816
l_curve_2,783,0.22903738915920258,0.9166666865348816
l_curve_2,784,0.22898368537425995,0.9166666865348816
l_curve_2,785,0.2289225459098816,0.9166666865348816
l_curve_2,786,0.228867769241333,0.9166666865348816
l_curve_2,787,0.2288133054971695,0.9166666865348816
l_curve_2,788,0.22874952852725983,0.9166666865348816
l_curve_2,789,0.2286791354417801,0.9166666865348816
l_curve_2,790,0.22861944139003754,0.9166666865348816
l_curve_2,791,0.22855572402477264,0.9166666865348816
l_curve_2,792,0.22849474847316742,0.9166666865348816
l_curve_2,793,0.228443905711174,0.9166666865348816
l_curve_2,794,0.22839684784412384,0.9166666865348816
l_curve_2,795,0.22833573818206787,0.9166666865348816
l_curve_2,796,0.2282838225364685,0.9166666865348816
l_curve_2,797,0.22821690142154694,0.9166666865348816
l_curve_2,798,0.22816605865955353,0.9166666865348816
l_curve_2,799,0.22810059785842896,0.9166666865348816
l_curve_2,800,0.2280399054288864,0.9166666865348816
l_curve_2,801,0.22798337042331696,0.9166666865348816
l_curve_2,802,0.22792267799377441,0.9166666865348816
l_curve_2,803,0.22786124050617218,0.9166666865348816
l_curve_2,804,0.2278119921684265,0.9166666865348816
l_curve_2,805,0.22776372730731964,0.9166666865348816
l_curve_2,806,0.22770297527313232,0.9166666865348816
l_curve_2,807,0.22764922678470612,0.9166666865348816
l_curve_2,808,0.22758960723876953,0.9166666865348816
l_curve_2,809,0.22753341495990753,0.9166666865348816
l_curve_2,810,0.22748009860515594,0.9166666865348816
l_curve_2,811,0.22743214666843414,0.9166666865348816
l_curve_2,812,0.22737745940685272,0.9166666865348816
l_curve_2,813,0.22732038795948029,0.9166666865348816
l_curve_2,814,0.22726450860500336,0.9166666865348816
l_curve_2,815,0.22720779478549957,0.9166666865348816
l_curve_2,816,0.2271484136581421,0.9166666865348816
l_curve_2,817,0.22709661722183228,0.9166666865348816
l_curve_2,818,0.22704584896564484,0.9166666865348816
l_curve_2,819,0.22699324786663055,0.9166666865348816
l_curve_2,820,0.22693057358264923,0.9166666865348816
l_curve_2,821,0.22688710689544678,0.9166666865348816
l_curve_2,822,0.22683067619800568,0.9166666865348816
l_curve_2,823,0.22677814960479736,0.9166666865348816
l_curve_2,824,0.22672004997730255,0.9166666865348816
l_curve_2,825,0.22666583955287933,0.9166666865348816
l_curve_2,826,0.22660596668720245,0.9166666865348816
l_curve_2,827,0.2265499383211136,0.9166666865348816
l_curve_2,828,0.2264971286058426,0.9166666865348816
l_curve_2,829,0.22644545137882233,0.9166666865348816
l_curve_2,830,0.2263912558555603,0.9166666865348816
l_curve_2,831,0.2263423204421997,0.9166666865348816
l_curve_2,832,0.22629104554653168,0.9166666865348816
l_curve_2,833,0.2262333184480667,0.9166666865348816
l_curve_2,834,0.22617654502391815,0.9166666865348816
l_curve_2,835,0.22612810134887695,0.9166666865348816
l_curve_2,836,0.22606788575649261,0.9166666865348816
l_curve_2,837,0.22600798308849335,0.9166666865348816
l_curve_2,838,0.22595901787281036,0.9166666865348816
l_curve_2,839,0.2259053736925125,0.9166666865348816
l_curve_2,840,0.22586315870285034,0.9166666865348816
l_curve_2,841,0.2257988601922989,0.9166666865348816
l_curve_2,842,0.2257457971572876,0.9166666865348816
l_curve_2,843,0.22568105161190033,0.9166666865348816
l_curve_2,844,0.2256333827972412,0.9166666865348816
l_curve_2,845,0.225580096244812,0.9166666865348816
l_curve_2,846,0.2255355566740036,0.9166666865348816
l_curve_2,847,0.2254830151796341,0.9166666865348816
l_curve_2,848,0.22542919218540192,0.9166666865348816
l_curve_2,849,0.2253754585981369,0.9166666865348816
l_curve_2,850,0.22531889379024506,0.9166666865348816
l_curve_2,851,0.22526471316814423,0.9166666865348816
l_curve_2,852,0.2252139300107956,0.9166666865348816
l_curve_2,853,0.22515706717967987,0.9166666865348816
l_curve_2,854,0.2251160889863968,0.9166666865348816
l_curve_2,855,0.2250586301088333,0.9166666865348816
l_curve_2,856,0.2250065803527832,0.9166666865348816
l_curve_2,857,0.22495102882385254,0.9166666865348816
l_curve_2,858,0.22489406168460846,0.9166666865348816
l_curve_2,859,0.22484232485294342,0.9166666865348816
l_curve_2,860,0.22478969395160675,0.9166666865348816
l_curve_2,861,0.22474490106105804,0.9166666865348816
l_curve_2,862,0.2246934324502945,0.9166666865348816
l_curve_2,863,0.224638894200325,0.9166666865348816
l_curve_2,864,0.2246004343032837,0.9166666865348816
l_curve_2,865,0.2245381474494934,0.9166666865348816
l_curve_2,866,0.22448988258838654,0.9166666865348816
l_curve_2,867,0.22443850338459015,0.9583333134651184
l_curve_2,868,0.22438926994800568,0.9583333134651184
l_curve_2,869,0.22433428466320038,0.9583333134651184
l_curve_2,870,0.22428028285503387,0.9583333134651184
l_curve_2,871,0.224232479929924,0.9583333134651184
l_curve_2,872,0.22418910264968872,0.9583333134651184
l_curve_2,873,0.22413359582424164,0.9583333134651184
l_curve_2,874,0.22408701479434967,0.9583333134651184
l_curve_2,875,0.22403450310230255,0.9583333134651184
l_curve_2,876,0.2239781618118286,0.9583333134651184
l_curve_2,877,0.22393381595611572,0.9583333134651184
l_curve_2,878,0.22388248145580292,0.9583333134651184
l_curve_2,879,0.22382618486881256,0.9583333134651184
l_curve_2,880,0.2237822562456131,0.9583333134651184
l_curve_2,881,0.22372327744960785,0.9583333134651184
l_curve_2,882,0.22367613017559052,0.9583333134651184
l_curve_2,883,0.22362685203552246,0.9583333134651184
l_curve_2,884,0.22358042001724243,0.9583333134651184
l_curve_2,885,0.2235255241394043,0.9583333134651184
l_curve_2,886,0.22346918284893036,0.9583333134651184
l_curve_2,887,0.2234228253364563,0.9583333134651184
l_curve_2,888,0.22337011992931366,0.9583333134651184
l_curve_2,889,0.22332394123077393,0.9583333134651184
l_curve_2,890,0.2232697755098343,0.9583333134651184
l_curve_2,891,0.22321756184101105,0.9583333134651184
l_curve_2,892,0.22316642105579376,0.9583333134651184
l_curve_2,893,0.22311824560165405,0.9583333134651184
l_curve_2,894,0.2230609655380249,0.9583333134651184
l_curve_2,895,0.22301308810710907,0.9583333134651184
l_curve_2,896,0.22295987606048584,0.9583333134651184
l_curve_2,897,0.22291171550750732,0.9583333134651184
l_curve_2,898,0.22285579144954681,0.9583333134651184
l_curve_2,899,0.22279758751392365,0.9583333134651184
l_curve_2,900,0.2227557897567749,0.9583333134651184
l_curve_2,901,0.22271348536014557,0.9583333134651184
l_curve_2,902,0.2226642370223999,0.9583333134651184
l_curve_2,903,0.22261424362659454,0.9583333134651184
l_curve_2,904,0.22256290912628174,0.9583333134651184
l_curve_2,905,0.22251005470752716,0.9583333134651184
l_curve_2,906,0.22246189415454865,0.9583333134651184
l_curve_2,907,0.2224084585905075,0.9583333134651184
l_curve_2,908,0.22235803306102753,0.9583333134651184
l_curve_2,909,0.222312331199646,0.9583333134651184
l_curve_2,910,0.2222624570131302,0.9583333134651184
l_curve_2,911,0.22220627963542938,0.9583333134651184
l_curve_2,912,0.22215516865253448,0.9583333134651184
l_curve_2,913,0.22210288047790527,0.9583333134651184
l_curve_2,914,0.22204549610614777,0.9583333134651184
l_curve_2,915,0.22199709713459015,0.9583333134651184
l_curve_2,916,0.22194992005825043,0.9583333134651184
l_curve_2,917,0.2218991369009018,0.9583333134651184
l_curve_2,918,0.22185294330120087,0.9583333134651184
l_curve_2,919,0.22181232273578644,0.9583333134651184
l_curve_2,920,0.22176997363567352,0.9583333134651184
l_curve_2,921,0.22172890603542328,0.9583333134651184
l_curve_2,922,0.22166471183300018,0.9583333134651184
l_curve_2,923,0.22162137925624847,0.9583333134651184
l_curve_2,924,0.22156922519207,0.9583333134651184
l_curve_2,925,0.22151462733745575,0.9583333134651184
l_curve_2,926,0.2214593142271042,0.9583333134651184
l_curve_2,927,0.2214047759771347,0.9583333134651184
l_curve_2,928,0.221359983086586,0.9583333134651184
l_curve_2,929,0.22130338847637177,0.9583333134651184
l_curve_2,930,0.22125732898712158,0.9583333134651184
l_curve_2,931,0.22120697796344757,0.9583333134651184
l_curve_2,932,0.22115647792816162,0.9583333134651184
l_curve_2,933,0.22110138833522797,0.9583333134651184
l_curve_2,934,0.22104905545711517,0.9583333134651184
l_curve_2,935,0.22101204097270966,0.9583333134651184
l_curve_2,936,0.22095048427581787,0.9583333134651184
l_curve_2,937,0.22089993953704834,0.9583333134651184
l_curve_2,938,0.22085194289684296,0.9583333134651184
l_curve_2,939,0.22079156339168549,0.9583333134651184
l_curve_2,940,0.22073443233966827,0.9583333134651184
l_curve_2,941,0.22068572044372559,0.9583333134651184
l_curve_2,942,0.22063679993152618,0.9583333134651184
l_curve_2,943,0.22058701515197754,0.9583333134651184
l_curve_2,944,0.22053305804729462,0.9583333134651184
l_curve_2,945,0.22048413753509521,0.9583333134651184
l_curve_2,946,0.2204359620809555,0.9583333134651184
l_curve_2,947,0.2203894406557083,0.9583333134651184
l_curve_2,948,0.2203350067138672,0.9583333134651184
l_curve_2,949,0.22028493881225586,0.9583333134651184
l_curve_2,950,0.22022950649261475,0.9583333134651184
l_curve_2,951,0.2201889306306839,0.9583333134651184
l_curve_2,952,0.22013969719409943,0.9583333134651184
l_curve_2,953,0.2200794667005539,0.9583333134651184
l_curve_2,954,0.22002744674682617,0.9583333134651184
l_curve_2,955,0.21997827291488647,0.9583333134651184
l_curve_2,956,0.21992336213588715,0.9583333134651184
l_curve_2,957,0.2198704034090042,0.9583333134651184
l_curve_2,958,0.21982352435588837,0.9583333134651184
l_curve_2,959,0.21976836025714874,0.9583333134651184
l_curve_2,960,0.2197197824716568,0.9583333134651184
l_curve_2,961,0.2196735292673111,0.9583333134651184
l_curve_2,962,0.21961896121501923,0.9583333134651184
l_curve_2,963,0.219560906291008,0.9583333134651184
l_curve_2,964,0.2195095419883728,0.9583333134651184
l_curve_2,965,0.219465434551239,0.9583333134651184
l_curve_2,966,0.21941113471984863,0.9583333134651184
l_curve_2,967,0.21935975551605225,0.9583333134651184
l_curve_2,968,0.21930761635303497,0.9583333134651184
l_curve_2,969,0.21924658119678497,0.9583333134651184
l_curve_2,970,0.2192010134458542,0.9583333134651184
l_curve_2,971,0.2191382646560669,0.9583333134651184
l_curve_2,972,0.21909725666046143,0.9583333134651184
l_curve_2,973,0.21905352175235748,0.9583333134651184
l_curve_2,974,0.21901191771030426,0.9583333134651184
l_curve_2,975,0.2189585119485855,0.9583333134651184
l_curve_2,976,0.21890239417552948,0.9583333134651184
l_curve_2,977,0.21884369850158691,0.9583333134651184
l_curve_2,978,0.21878965198993683,0.9583333134651184
l_curve_2,979,0.21874243021011353,0.9583333134651184
l_curve_2,980,0.21869583427906036,0.9583333134651184
l_curve_2,981,0.2186405509710312,0.9583333134651184
l_curve_2,982,0.21857528388500214,0.9583333134651184
l_curve_2,983,0.2185257524251938,0.9583333134651184
l_curve_2,984,0.21846552193164825,0.9583333134651184
l_curve_2,985,0.2184184193611145,0.9583333134651184
l_curve_2,986,0.21835899353027344,0.9583333134651184
l_curve_2,987,0.2183118611574173,0.9583333134651184
l_curve_2,988,0.21826370060443878,0.9583333134651184
l_curve_2,989,0.21820276975631714,0.9583333134651184
l_curve_2,990,0.2181483507156372,0.9583333134651184
l_curve_2,991,0.21808390319347382,0.9583333134651184
l_curve_2,992,0.21804513037204742,0.9583333134651184
l_curve_2,993,0.21798723936080933,0.9583333134651184
l_curve_2,994,0.21793387830257416,0.9583333134651184
l_curve_2,995,0.21788059175014496,0.9583333134651184
l_curve_2,996,0.21781699359416962,0.9583333134651184
l_curve_2,997,0.2177600860595703,0.9583333134651184
l_curve_2,998,0.2177066057920456,0.9583333134651184
l_curve_2,999,0.21764414012432098,0.9583333134651184
l_curve_2,1000,0.2175852656364441,0.9583333134651184
l_curve_2,1000,0.2175852656364441,0.9583333134651184
